/*--------------------------------*- C++ -*----------------------------------*\
| =========                 |                                                 |
| \\      /  F ield         | OpenFOAM: The Open Source CFD Toolbox           |
|  \\    /   O peration     | Version:                                        |
|   \\  /    A nd           | Website:  www.openfoam.com                      |
|    \\/     M anipulation  |                                                 |
\*---------------------------------------------------------------------------*/
FoamFile
{
    version     2.0;
    format      ascii;
    class       volScalarField;
    location    "1879.0/aluminum";
    object      T;
}
// * * * * * * * * * * * * * * * * * * * * * * * * * * * * * * * * * * * * * //

dimensions      [0 0 0 1 0 0 0];


internalField   nonuniform List<scalar> 
372
(
307.012
307.023
307.043
307.073
307.005
307.015
307.035
307.065
306.99
307
307.019
307.05
306.968
306.977
306.993
307.023
307.112
307.16
307.216
307.285
307.106
307.153
307.205
307.263
307.095
307.143
307.191
307.237
307.084
307.135
307.18
307.217
307.359
307.427
307.519
307.314
307.352
307.387
307.268
307.288
307.303
307.233
307.243
307.249
307.611
307.627
307.611
307.401
307.403
307.401
307.307
307.308
307.307
307.251
307.251
307.251
307.519
307.427
307.359
307.387
307.352
307.314
307.303
307.288
307.268
307.249
307.243
307.233
307.285
307.216
307.16
307.112
307.263
307.205
307.153
307.106
307.237
307.191
307.143
307.095
307.217
307.18
307.135
307.084
307.073
307.043
307.023
307.012
307.065
307.035
307.015
307.005
307.05
307.019
307
306.99
307.023
306.993
306.977
306.969
306.942
306.947
306.957
306.967
306.912
306.915
306.92
306.925
306.882
306.884
306.887
306.889
306.853
306.855
306.856
306.857
306.826
306.827
306.828
306.828
306.8
306.801
306.802
306.802
306.777
306.778
306.778
306.778
306.756
306.757
306.757
306.757
306.737
306.738
306.738
306.738
306.72
306.721
306.721
306.721
306.706
306.706
306.707
306.707
306.694
306.694
306.695
306.695
306.684
306.684
306.685
306.685
306.676
306.677
306.677
306.677
306.671
306.671
306.672
306.672
306.668
306.668
306.669
306.669
307.206
307.208
307.21
307.175
307.176
307.176
307.146
307.146
307.146
307.117
307.117
307.117
307.091
307.091
307.091
307.067
307.067
307.067
307.045
307.045
307.045
307.026
307.026
307.026
307.008
307.008
307.008
306.992
306.992
306.992
306.979
306.979
306.979
306.968
306.968
306.968
306.958
306.959
306.959
306.951
306.951
306.951
306.946
306.947
306.947
306.944
306.944
306.944
307.21
307.211
307.21
307.177
307.177
307.177
307.146
307.146
307.146
307.117
307.117
307.117
307.091
307.091
307.091
307.067
307.067
307.067
307.045
307.045
307.045
307.026
307.026
307.026
307.008
307.008
307.008
306.992
306.992
306.992
306.979
306.979
306.979
306.968
306.968
306.968
306.959
306.959
306.959
306.951
306.951
306.951
306.947
306.947
306.947
306.944
306.944
306.944
307.21
307.208
307.206
307.176
307.176
307.175
307.146
307.146
307.146
307.117
307.117
307.117
307.091
307.091
307.091
307.067
307.067
307.067
307.045
307.045
307.045
307.026
307.026
307.026
307.008
307.008
307.008
306.992
306.992
306.992
306.979
306.979
306.979
306.968
306.968
306.968
306.959
306.958
306.958
306.951
306.951
306.951
306.947
306.947
306.946
306.944
306.944
306.944
306.968
306.957
306.947
306.942
306.925
306.921
306.916
306.912
306.889
306.887
306.884
306.883
306.857
306.856
306.855
306.854
306.828
306.828
306.827
306.826
306.802
306.802
306.801
306.801
306.779
306.778
306.778
306.777
306.757
306.757
306.757
306.756
306.738
306.738
306.738
306.737
306.722
306.722
306.721
306.721
306.707
306.707
306.707
306.706
306.695
306.695
306.695
306.694
306.685
306.685
306.685
306.684
306.678
306.678
306.678
306.677
306.673
306.673
306.672
306.672
306.67
306.67
306.67
306.669
)
;

boundaryField
{
    base_hotspot
    {
        type            fixedGradient;
        gradient        uniform 203.252;
    }
    base_adiabatic
    {
        type            zeroGradient;
    }
    front
    {
        type            empty;
    }
    back
    {
        type            empty;
    }
    aluminum_to_air
    {
        type            compressible::turbulentTemperatureCoupledBaffleMixed;
        refValue        nonuniform List<scalar> 
129
(
294.32
294.289
294.303
294.333
307.021
307.087
307.141
307.188
307.188
307.142
307.087
307.022
294.362
294.317
294.335
294.376
294.37
307.021
294.409
306.957
294.45
306.914
294.495
306.88
294.543
306.85
294.593
306.823
294.646
306.798
294.702
306.772
294.761
306.744
294.824
306.709
294.89
306.658
294.959
306.579
295.032
306.453
295.109
306.263
295.18
306.006
296.125
295.318
297.004
297.881
305.526
298.651
307.188
307.146
307.112
307.082
307.055
307.03
307.006
306.982
306.957
306.927
306.888
306.829
306.741
306.61
306.363
305.669
299.548
299.541
299.521
299.507
299.498
299.488
307.188
307.146
307.113
307.083
307.056
307.031
307.007
306.982
306.952
306.908
306.833
306.717
306.579
306.466
306.382
299.465
299.438
305.956
299.421
307.022
306.957
306.914
306.88
306.851
306.824
306.799
306.771
306.735
306.673
306.572
306.435
306.306
306.199
306.021
305.557
294.423
294.469
294.511
294.549
294.583
294.613
294.64
294.663
294.684
294.702
294.718
294.73
294.739
294.744
294.737
303.638
304.555
302.084
298.644
294.772
)
;
        refGradient     uniform 0;
        valueFraction   nonuniform List<scalar> 
129
(
2.89995e-05
2.89995e-05
2.89995e-05
2.89995e-05
0.000144981
0.000144981
0.000144981
0.000144981
0.000144981
0.000144981
0.000144981
0.000144981
2.89995e-05
2.89995e-05
2.89995e-05
2.89995e-05
2.89995e-05
0.000144981
2.89995e-05
0.000144981
2.89995e-05
0.000144981
2.89995e-05
0.000144981
2.89995e-05
0.000144981
2.89995e-05
0.000144981
2.89995e-05
0.000144981
2.89995e-05
0.000144981
2.89995e-05
0.000144981
2.89995e-05
0.000144981
2.89995e-05
0.000144981
2.89995e-05
0.000144981
2.89995e-05
0.000144981
2.89995e-05
0.000144981
2.89995e-05
0.000144981
3.62491e-05
2.89995e-05
3.62491e-05
3.62491e-05
0.000144981
3.62491e-05
8.21599e-05
8.21599e-05
8.21599e-05
8.21599e-05
8.21599e-05
8.21599e-05
8.21599e-05
8.21599e-05
8.21599e-05
8.21599e-05
8.21599e-05
8.21599e-05
8.21599e-05
8.21599e-05
8.21599e-05
8.21599e-05
3.62491e-05
3.62491e-05
3.62491e-05
3.62491e-05
3.62491e-05
3.62491e-05
8.21599e-05
8.21599e-05
8.21599e-05
8.21599e-05
8.21599e-05
8.21599e-05
8.21599e-05
8.21599e-05
8.21599e-05
8.21599e-05
8.21599e-05
8.21599e-05
8.21599e-05
8.21599e-05
8.21599e-05
3.62491e-05
3.62491e-05
8.21599e-05
3.62491e-05
0.000144981
0.000144981
0.000144981
0.000144981
0.000144981
0.000144981
0.000144981
0.000144981
0.000144981
0.000144981
0.000144981
0.000144981
0.000144981
0.000144981
0.000144981
0.000144981
2.89995e-05
2.89995e-05
2.89995e-05
2.89995e-05
2.89995e-05
2.89995e-05
2.89995e-05
2.89995e-05
2.89995e-05
2.89995e-05
2.89995e-05
2.89995e-05
2.89995e-05
2.89995e-05
2.89995e-05
3.62491e-05
3.62491e-05
3.62491e-05
3.62491e-05
2.89995e-05
)
;
        value           nonuniform List<scalar> 
129
(
307.012
307.004
306.989
306.968
307.083
307.135
307.18
307.217
307.217
307.18
307.135
307.083
307.012
307.004
306.989
306.968
306.941
306.967
306.911
306.925
306.882
306.889
306.853
306.857
306.825
306.828
306.8
306.802
306.776
306.778
306.755
306.757
306.736
306.738
306.72
306.721
306.705
306.707
306.693
306.694
306.683
306.684
306.676
306.677
306.67
306.671
306.667
306.667
306.668
306.668
306.668
306.668
307.206
307.175
307.145
307.117
307.091
307.067
307.045
307.025
307.008
306.992
306.979
306.967
306.958
306.951
306.946
306.943
306.943
306.943
306.943
306.943
306.943
306.943
307.206
307.175
307.145
307.117
307.091
307.067
307.045
307.025
307.008
306.992
306.979
306.967
306.958
306.951
306.946
306.943
306.943
306.943
306.943
306.967
306.925
306.889
306.857
306.828
306.802
306.778
306.757
306.738
306.721
306.707
306.695
306.685
306.677
306.672
306.67
306.941
306.912
306.882
306.853
306.825
306.8
306.777
306.756
306.737
306.72
306.706
306.694
306.684
306.676
306.671
306.67
306.67
306.669
306.668
306.668
)
;
        Tnbr            T;
        thicknessLayers 0();
        kappaLayers     0();
        kappaMethod     solidThermo;
        kappa           none;
        alphaAni        none;
        alpha           none;
    }
}


// ************************************************************************* //
