/*--------------------------------*- C++ -*----------------------------------*\
| =========                 |                                                 |
| \\      /  F ield         | OpenFOAM: The Open Source CFD Toolbox           |
|  \\    /   O peration     | Version:                                        |
|   \\  /    A nd           | Website:  www.openfoam.com                      |
|    \\/     M anipulation  |                                                 |
\*---------------------------------------------------------------------------*/
FoamFile
{
    version     2.0;
    format      ascii;
    class       volScalarField;
    location    "1480/air";
    object      T;
}
// * * * * * * * * * * * * * * * * * * * * * * * * * * * * * * * * * * * * * //

dimensions      [0 0 0 1 0 0 0];


internalField   nonuniform List<scalar> 
2228
(
304.169
304.234
304.288
304.334
304.106
304.168
304.232
304.292
304.063
304.122
304.19
304.258
304.029
304.088
304.158
304.229
304
304.059
304.129
304.202
303.974
304.032
304.103
304.177
303.95
304.007
304.078
304.153
303.926
303.98
304.052
304.131
303.903
303.949
304.023
304.109
303.877
303.909
303.986
304.086
303.843
303.848
303.933
304.058
303.796
303.748
303.848
304.021
303.724
303.584
303.71
303.968
303.614
303.324
303.489
303.89
303.438
302.931
303.134
303.753
303.071
302.346
302.543
303.397
304.334
304.288
304.234
304.169
304.292
304.232
304.168
304.105
304.258
304.19
304.122
304.063
304.228
304.157
304.088
304.029
304.202
304.129
304.058
304
304.176
304.103
304.031
303.974
304.153
304.077
304.005
303.949
304.13
304.048
303.975
303.924
304.106
304.013
303.937
303.898
304.078
303.963
303.881
303.865
304.042
303.89
303.799
303.824
303.998
303.789
303.688
303.772
303.947
303.665
303.553
303.71
303.882
303.5
303.369
303.628
303.714
303.092
303.001
303.483
303.085
302.029
302.188
303.186
295.629
296.676
297.801
298.861
293.098
293.061
293.253
293.609
293.104
292.935
292.775
292.674
293.174
293.113
293.009
292.883
293.176
293.16
293.119
293.051
293.166
293.154
293.129
293.089
293.142
293.123
293.097
293.066
293.118
293.101
293.082
293.062
293.141
293.136
293.132
293.13
293.348
293.352
293.358
293.365
293.546
293.554
293.562
293.569
293.593
293.602
293.611
293.619
293.628
293.634
293.638
293.64
293.648
293.643
293.635
293.625
293.608
293.589
293.57
293.553
293.526
293.508
293.493
293.482
293.475
293.467
293.462
293.458
293.464
293.462
293.461
293.461
293.461
293.462
293.463
293.465
293.45
293.451
293.453
293.456
299.654
300.03
300.169
300.269
294.094
294.576
294.978
295.281
292.656
292.717
292.832
292.974
292.757
292.653
292.584
292.551
292.964
292.871
292.784
292.711
293.038
292.981
292.924
292.87
293.03
292.992
292.955
292.921
293.042
293.025
293.01
292.999
293.13
293.132
293.137
293.145
293.372
293.38
293.389
293.398
293.576
293.582
293.588
293.593
293.626
293.631
293.635
293.638
293.641
293.64
293.637
293.634
293.614
293.603
293.592
293.582
293.537
293.524
293.513
293.504
293.472
293.465
293.46
293.457
293.454
293.451
293.448
293.446
293.46
293.458
293.456
293.454
293.467
293.468
293.468
293.468
293.46
293.462
293.465
293.468
300.234
300.12
299.953
295.446
295.526
295.577
293.088
293.169
293.247
292.544
292.551
292.564
292.664
292.636
292.614
292.833
292.808
292.785
292.896
292.88
292.866
292.994
292.991
292.99
293.154
293.161
293.169
293.405
293.411
293.416
293.596
293.597
293.599
293.64
293.641
293.641
293.631
293.628
293.626
293.575
293.571
293.567
293.5
293.497
293.496
293.456
293.456
293.457
293.446
293.446
293.447
293.452
293.451
293.451
293.468
293.468
293.467
293.47
293.472
293.474
299.828
299.762
299.698
295.599
295.606
295.609
293.296
293.32
293.344
292.576
292.583
292.592
292.601
292.595
292.59
292.771
292.764
292.757
292.857
292.853
292.849
292.99
292.99
292.991
293.175
293.178
293.181
293.42
293.422
293.424
293.6
293.6
293.601
293.642
293.642
293.642
293.625
293.624
293.623
293.565
293.564
293.563
293.496
293.496
293.496
293.458
293.459
293.46
293.449
293.45
293.451
293.45
293.45
293.45
293.467
293.467
293.467
293.475
293.476
293.477
299.576
299.401
299.209
295.605
295.575
295.514
293.388
293.443
293.487
292.608
292.635
292.664
292.581
292.571
292.564
292.744
292.726
292.71
292.842
292.832
292.825
292.992
292.995
292.999
293.186
293.193
293.2
293.427
293.432
293.436
293.601
293.602
293.603
293.642
293.642
293.642
293.622
293.621
293.619
293.562
293.561
293.56
293.496
293.498
293.5
293.463
293.467
293.473
293.453
293.458
293.464
293.45
293.451
293.452
293.466
293.465
293.464
293.478
293.48
293.482
298.852
298.545
299.167
300.972
295.365
295.135
295.385
297.337
293.531
293.562
293.655
294.43
292.707
292.765
292.821
292.984
292.559
292.56
292.562
292.552
292.689
292.664
292.641
292.614
292.818
292.815
292.824
292.844
293.012
293.044
293.112
293.234
293.206
293.216
293.247
293.33
293.44
293.44
293.432
293.416
293.603
293.602
293.6
293.597
293.641
293.641
293.64
293.64
293.618
293.617
293.617
293.617
293.56
293.562
293.565
293.57
293.505
293.513
293.524
293.536
293.483
293.498
293.515
293.533
293.474
293.49
293.507
293.525
293.455
293.46
293.466
293.475
293.463
293.462
293.461
293.46
293.486
293.491
293.494
293.497
302.225
301.108
298.809
296.865
299.942
299.083
295.534
293.915
296.74
298.156
296.653
294.402
293.888
295.613
296.58
296.064
292.634
293.224
294.346
295.349
292.563
292.522
292.681
293.335
292.861
292.842
292.77
292.821
293.406
293.567
293.657
293.733
293.488
293.713
293.944
294.13
293.4
293.41
293.47
293.551
293.593
293.584
293.564
293.54
293.639
293.638
293.637
293.634
293.618
293.62
293.622
293.624
293.576
293.582
293.59
293.597
293.549
293.562
293.574
293.586
293.551
293.567
293.581
293.592
293.542
293.556
293.568
293.578
293.484
293.494
293.502
293.509
293.459
293.46
293.46
293.46
293.499
293.502
293.506
293.509
293.154
293.149
293.127
293.076
293.001
292.923
292.865
292.831
292.813
292.804
292.799
292.798
292.801
292.805
292.799
292.78
292.759
292.763
292.914
294.463
293.154
293.145
293.113
293.051
292.971
292.899
292.851
292.825
292.812
292.805
292.802
292.803
292.807
292.811
292.804
292.789
292.773
292.782
292.965
294.435
293.154
293.139
293.098
293.026
292.943
292.877
292.839
292.822
292.814
292.81
292.81
292.812
292.818
292.824
292.826
292.824
292.819
292.823
292.984
294.442
293.154
293.138
293.091
293.013
292.929
292.868
292.837
292.824
292.82
292.82
292.822
292.826
292.835
292.848
292.865
292.885
292.894
292.881
292.974
294.464
293.154
293.141
293.097
293.018
292.932
292.872
292.843
292.833
292.831
292.833
292.837
292.844
292.857
292.881
292.914
292.951
292.973
292.954
292.963
294.49
293.153
293.146
293.112
293.038
292.951
292.888
292.858
292.847
292.845
292.847
292.854
292.864
292.883
292.915
292.958
292.999
293.026
293.024
292.962
294.518
293.152
293.15
293.128
293.068
292.983
292.915
292.879
292.865
292.86
292.862
292.87
292.885
292.909
292.945
292.986
293.018
293.045
293.072
292.968
294.549
293.151
293.151
293.141
293.099
293.024
292.952
292.909
292.888
292.879
292.878
292.886
292.903
292.93
292.964
292.998
293.019
293.041
293.091
292.98
294.583
293.15
293.15
293.147
293.124
293.066
292.995
292.945
292.918
292.903
292.896
292.899
292.916
292.943
292.973
292.998
293.013
293.033
293.095
292.991
294.617
293.15
293.15
293.15
293.14
293.102
293.04
292.986
292.953
292.933
292.919
292.914
292.925
292.948
292.974
292.993
293.006
293.03
293.098
292.999
294.65
293.15
293.15
293.15
293.147
293.127
293.081
293.03
292.993
292.968
292.949
292.934
292.934
292.95
292.971
292.988
293.004
293.033
293.104
293.005
294.68
293.15
293.15
293.15
293.149
293.141
293.113
293.071
293.034
293.008
292.985
292.964
292.951
292.956
292.972
292.988
293.009
293.042
293.112
293.009
294.706
293.15
293.15
293.15
293.15
293.147
293.133
293.105
293.073
293.047
293.025
293.002
292.981
292.974
292.983
292.999
293.023
293.056
293.122
293.013
294.727
293.15
293.15
293.15
293.15
293.149
293.144
293.127
293.104
293.082
293.063
293.042
293.02
293.005
293.007
293.021
293.045
293.074
293.133
293.015
294.742
293.15
293.15
293.15
293.15
293.15
293.148
293.14
293.126
293.11
293.094
293.078
293.06
293.045
293.042
293.051
293.071
293.093
293.144
293.016
294.751
293.15
293.151
293.151
293.15
293.15
293.15
293.147
293.139
293.129
293.118
293.107
293.094
293.082
293.077
293.083
293.097
293.11
293.153
293.016
294.752
293.152
293.153
293.152
293.151
293.15
293.15
293.149
293.146
293.14
293.134
293.127
293.119
293.111
293.107
293.109
293.118
293.124
293.161
293.015
294.746
293.158
293.161
293.158
293.154
293.152
293.151
293.15
293.149
293.146
293.143
293.139
293.134
293.13
293.127
293.128
293.133
293.133
293.167
293.014
294.734
293.174
293.18
293.17
293.16
293.155
293.152
293.151
293.15
293.149
293.147
293.145
293.143
293.14
293.139
293.139
293.142
293.14
293.172
293.014
294.709
293.202
293.211
293.193
293.174
293.161
293.155
293.153
293.152
293.151
293.15
293.149
293.147
293.145
293.144
293.145
293.148
293.145
293.176
293.016
294.73
293.278
293.316
293.272
293.225
293.194
293.176
293.166
293.16
293.157
293.155
293.154
293.153
293.154
293.155
293.156
293.16
293.158
293.183
293.04
293.946
293.392
293.5
293.422
293.333
293.276
293.241
293.217
293.201
293.19
293.184
293.18
293.178
293.177
293.177
293.178
293.179
293.177
293.187
293.118
293.462
293.477
293.606
293.481
293.368
293.309
293.278
293.257
293.241
293.229
293.22
293.213
293.207
293.202
293.198
293.193
293.188
293.183
293.184
293.163
293.282
293.527
293.628
293.471
293.35
293.294
293.267
293.25
293.238
293.228
293.22
293.212
293.205
293.198
293.189
293.181
293.174
293.17
293.172
293.174
293.204
293.545
293.607
293.43
293.313
293.269
293.252
293.243
293.234
293.224
293.213
293.202
293.192
293.184
293.177
293.172
293.166
293.162
293.164
293.171
293.175
293.541
293.574
293.389
293.294
293.271
293.268
293.267
293.263
293.251
293.232
293.21
293.194
293.188
293.187
293.184
293.173
293.163
293.164
293.168
293.169
293.537
293.543
293.365
293.3
293.298
293.306
293.317
293.322
293.312
293.285
293.248
293.221
293.214
293.217
293.211
293.19
293.171
293.167
293.171
293.165
293.522
293.524
293.361
293.326
293.341
293.359
293.379
293.393
293.394
293.374
293.33
293.282
293.258
293.256
293.249
293.224
293.194
293.174
293.166
293.149
293.511
293.514
293.371
293.364
293.396
293.424
293.448
293.466
293.476
293.473
293.451
293.401
293.341
293.311
293.3
293.279
293.25
293.219
293.188
293.158
293.502
293.512
293.39
293.405
293.456
293.493
293.52
293.539
293.554
293.563
293.562
293.543
293.493
293.421
293.366
293.347
293.333
293.333
293.335
293.339
293.488
293.517
293.413
293.446
293.511
293.554
293.585
293.609
293.627
293.643
293.655
293.657
293.637
293.581
293.495
293.423
293.405
293.426
293.471
293.518
293.462
293.524
293.438
293.481
293.551
293.598
293.633
293.661
293.681
293.699
293.705
293.698
293.695
293.684
293.632
293.55
293.487
293.475
293.512
293.563
293.438
293.53
293.466
293.503
293.573
293.619
293.659
293.691
293.711
293.717
293.688
293.663
293.659
293.675
293.684
293.648
293.589
293.554
293.563
293.604
293.428
293.531
293.492
293.513
293.576
293.624
293.672
293.707
293.72
293.693
293.632
293.629
293.639
293.645
293.669
293.68
293.654
293.624
293.621
293.648
293.456
293.537
293.517
293.521
293.571
293.626
293.684
293.717
293.709
293.643
293.603
293.649
293.676
293.668
293.666
293.683
293.682
293.664
293.66
293.655
293.499
293.551
293.541
293.538
293.573
293.634
293.693
293.721
293.684
293.604
293.611
293.686
293.714
293.694
293.675
293.689
293.695
293.685
293.672
293.599
293.533
293.574
293.566
293.562
293.588
293.649
293.697
293.719
293.662
293.587
293.613
293.698
293.726
293.709
293.698
293.703
293.706
293.69
293.632
293.524
293.556
293.607
293.59
293.59
293.613
293.661
293.689
293.714
293.655
293.578
293.589
293.68
293.725
293.721
293.715
293.712
293.698
293.654
293.572
293.488
293.567
293.653
293.626
293.628
293.647
293.641
293.649
293.712
293.672
293.571
293.541
293.62
293.682
293.703
293.702
293.69
293.663
293.613
293.542
293.477
293.508
293.606
293.587
293.574
293.563
293.519
293.526
293.579
293.571
293.514
293.471
293.491
293.531
293.558
293.57
293.567
293.558
293.533
293.495
293.457
294.162
292.597
292.892
292.886
292.889
292.911
292.961
293.014
293.044
293.055
293.058
293.068
293.094
293.126
293.144
293.149
293.15
293.15
293.15
293.15
294.1
292.663
292.909
292.894
292.898
292.917
292.966
293.017
293.046
293.057
293.061
293.076
293.106
293.134
293.147
293.15
293.15
293.15
293.15
293.15
294.097
292.768
292.935
292.909
292.914
292.928
292.975
293.024
293.05
293.06
293.068
293.09
293.122
293.143
293.149
293.15
293.15
293.15
293.15
293.15
294.126
292.855
292.965
292.931
292.935
292.944
292.987
293.033
293.056
293.065
293.078
293.107
293.135
293.148
293.15
293.15
293.15
293.15
293.15
293.15
294.167
292.916
292.994
292.958
292.958
292.962
293.001
293.043
293.062
293.072
293.093
293.122
293.144
293.15
293.15
293.15
293.15
293.15
293.15
293.15
294.211
292.96
293.023
292.986
292.982
292.982
293.016
293.052
293.069
293.083
293.107
293.134
293.148
293.15
293.15
293.15
293.15
293.15
293.15
293.15
294.255
292.994
293.05
293.014
293.003
293.002
293.031
293.061
293.077
293.095
293.121
293.142
293.15
293.15
293.15
293.15
293.15
293.15
293.15
293.15
294.298
293.022
293.075
293.038
293.022
293.02
293.045
293.07
293.087
293.107
293.131
293.147
293.151
293.15
293.15
293.15
293.15
293.15
293.15
293.15
294.34
293.045
293.096
293.057
293.039
293.037
293.057
293.079
293.097
293.118
293.139
293.149
293.15
293.15
293.15
293.15
293.15
293.15
293.15
293.15
294.38
293.064
293.114
293.074
293.054
293.051
293.067
293.087
293.107
293.128
293.144
293.15
293.15
293.15
293.15
293.15
293.15
293.15
293.15
293.15
294.418
293.08
293.13
293.087
293.066
293.063
293.077
293.096
293.116
293.135
293.148
293.151
293.15
293.15
293.15
293.15
293.15
293.15
293.15
293.15
294.454
293.093
293.143
293.099
293.077
293.073
293.085
293.104
293.124
293.141
293.149
293.15
293.15
293.15
293.15
293.15
293.15
293.15
293.15
293.15
294.488
293.104
293.155
293.109
293.087
293.082
293.092
293.111
293.13
293.144
293.15
293.15
293.15
293.15
293.15
293.15
293.15
293.15
293.15
293.15
294.52
293.114
293.166
293.118
293.095
293.089
293.099
293.118
293.136
293.147
293.15
293.15
293.15
293.15
293.15
293.15
293.15
293.15
293.15
293.15
294.55
293.122
293.177
293.126
293.103
293.095
293.105
293.123
293.14
293.148
293.151
293.15
293.151
293.152
293.152
293.151
293.15
293.15
293.15
293.15
294.578
293.129
293.187
293.134
293.11
293.101
293.11
293.128
293.143
293.149
293.151
293.151
293.154
293.157
293.158
293.155
293.151
293.149
293.15
293.15
294.603
293.136
293.198
293.142
293.116
293.106
293.114
293.132
293.145
293.15
293.151
293.154
293.162
293.17
293.173
293.166
293.156
293.15
293.149
293.15
294.626
293.143
293.209
293.15
293.123
293.111
293.118
293.135
293.146
293.151
293.153
293.161
293.177
293.195
293.203
293.191
293.169
293.153
293.149
293.15
294.64
293.152
293.22
293.158
293.129
293.115
293.121
293.137
293.147
293.151
293.157
293.173
293.204
293.237
293.252
293.236
293.198
293.163
293.149
293.15
294.69
293.163
293.23
293.167
293.135
293.118
293.124
293.138
293.148
293.152
293.163
293.194
293.244
293.295
293.317
293.296
293.246
293.187
293.153
293.149
294.118
293.192
293.257
293.191
293.151
293.126
293.127
293.14
293.15
293.167
293.211
293.295
293.399
293.474
293.491
293.454
293.379
293.28
293.186
293.146
293.754
293.266
293.286
293.23
293.179
293.14
293.13
293.143
293.169
293.227
293.341
293.494
293.617
293.664
293.65
293.606
293.532
293.419
293.281
293.161
293.539
293.374
293.318
293.264
293.214
293.162
293.139
293.154
293.205
293.314
293.487
293.656
293.74
293.744
293.731
293.712
293.648
293.522
293.351
293.188
294.043
293.452
293.464
293.34
293.255
293.202
293.161
293.175
293.251
293.405
293.609
293.757
293.796
293.8
293.832
293.857
293.817
293.678
293.446
293.204
294.736
293.723
293.791
293.624
293.364
293.26
293.205
293.207
293.301
293.487
293.697
293.813
293.827
293.853
293.931
293.999
293.998
293.877
293.602
293.235
294.492
294.274
294.29
294.292
293.69
293.346
293.27
293.255
293.353
293.553
293.758
293.846
293.847
293.882
293.976
294.067
294.106
294.039
293.779
293.308
294.105
294.737
294.969
294.916
294.27
293.535
293.342
293.318
293.405
293.605
293.799
293.871
293.861
293.883
293.96
294.049
294.114
294.114
293.93
293.421
294.466
295.182
295.316
294.996
294.425
293.779
293.417
293.388
293.461
293.644
293.828
293.895
293.878
293.873
293.915
293.985
294.057
294.107
294.027
293.555
294.461
294.824
294.545
294.172
294.036
293.829
293.522
293.447
293.521
293.675
293.845
293.921
293.908
293.877
293.876
293.928
293.992
294.058
294.064
293.679
293.669
293.76
293.499
293.351
293.558
293.744
293.626
293.502
293.567
293.704
293.852
293.939
293.949
293.919
293.887
293.912
293.959
294.008
294.057
293.761
293.474
293.423
293.381
293.244
293.327
293.624
293.705
293.599
293.592
293.709
293.845
293.939
293.979
293.975
293.949
293.945
293.962
293.98
294.031
293.811
293.613
293.571
293.519
293.395
293.297
293.52
293.736
293.744
293.669
293.693
293.801
293.895
293.959
293.991
293.994
293.988
293.983
293.974
294.007
293.851
293.633
293.637
293.568
293.486
293.35
293.449
293.701
293.853
293.845
293.78
293.779
293.822
293.877
293.928
293.965
293.986
293.991
293.972
293.988
293.888
293.618
293.637
293.572
293.478
293.434
293.438
293.63
293.853
293.985
293.994
293.939
293.884
293.852
293.852
293.883
293.93
293.967
293.961
293.969
293.918
293.612
293.627
293.561
293.477
293.5
293.489
293.592
293.786
293.989
294.136
294.191
294.154
294.043
293.913
293.849
293.871
293.927
293.938
293.947
293.926
293.608
293.612
293.556
293.49
293.488
293.524
293.595
293.73
293.916
294.128
294.316
294.403
294.316
294.089
293.896
293.848
293.893
293.907
293.921
293.92
293.591
293.596
293.558
293.5
293.447
293.449
293.526
293.651
293.819
294.047
294.315
294.509
294.454
294.175
293.919
293.837
293.865
293.873
293.894
293.925
293.521
293.527
293.496
293.44
293.381
293.363
293.431
293.578
293.769
294.022
294.321
294.507
294.393
294.089
293.867
293.812
293.832
293.836
293.867
293.914
293.461
293.459
293.447
293.434
293.435
293.466
293.545
293.681
293.867
294.095
294.304
294.335
294.138
293.903
293.791
293.779
293.794
293.802
293.841
293.888
293.514
293.523
293.538
293.562
293.589
293.629
293.688
293.764
293.859
293.96
294.003
293.94
293.829
293.76
293.743
293.751
293.76
293.777
293.808
293.817
)
;

boundaryField
{
    left_open
    {
        type            inletOutlet;
        inletValue      uniform 293.15;
        value           nonuniform List<scalar> 
40
(
293.154
293.154
293.154
293.154
293.154
293.153
293.152
293.151
293.15
293.15
293.15
293.15
293.15
293.15
293.15
293.15
293.15
293.15
293.15
293.15
293.15
293.39
293.15
293.15
293.15
293.54
293.15
293.522
293.15
293.502
293.487
293.15
293.439
293.15
293.457
293.15
293.15
293.555
293.15
293.51
)
;
    }
    right_open
    {
        type            inletOutlet;
        inletValue      uniform 293.15;
        value           nonuniform List<scalar> 
40
(
293.15
293.15
293.15
293.15
293.15
293.15
293.15
293.15
293.15
293.15
293.15
293.15
293.15
293.15
293.15
293.15
293.15
293.15
293.15
293.15
293.15
293.15
293.15
293.15
293.15
293.15
293.15
293.15
293.15
293.15
293.15
293.15
293.881
293.15
293.926
293.15
293.927
293.916
293.89
293.817
)
;
    }
    base_side
    {
        type            zeroGradient;
    }
    top
    {
        type            inletOutlet;
        inletValue      uniform 293.15;
        value           nonuniform List<scalar> 
65
(
293.15
293.605
293.15
293.573
293.563
293.15
293.524
293.15
293.57
293.15
293.472
293.491
293.15
293.555
293.568
293.15
293.557
293.15
293.497
293.458
293.45
293.45
293.452
293.455
293.458
293.461
293.464
293.466
293.468
293.47
293.472
293.473
293.474
293.474
293.476
293.478
293.15
293.15
293.488
293.492
293.496
293.15
293.15
293.504
293.507
293.514
293.522
293.537
293.559
293.15
293.624
293.681
293.756
293.847
293.949
293.983
293.914
293.811
293.754
293.742
293.752
293.761
293.778
293.809
293.817
)
;
    }
    front
    {
        type            empty;
    }
    back
    {
        type            empty;
    }
    air_to_aluminum
    {
        type            compressible::turbulentTemperatureCoupledBaffleMixed;
        refValue        nonuniform List<scalar> 
129
(
304.16
304.153
304.138
304.117
304.231
304.282
304.327
304.364
304.363
304.327
304.282
304.231
304.16
304.153
304.138
304.117
304.09
304.116
304.061
304.073
304.031
304.038
304.003
304.006
303.976
303.978
303.95
303.952
303.927
303.928
303.906
303.907
303.888
303.889
303.871
303.872
303.857
303.858
303.845
303.846
303.835
303.836
303.828
303.829
303.823
303.824
303.82
303.82
303.821
303.821
303.821
303.821
304.352
304.321
304.291
304.262
304.236
304.212
304.19
304.17
304.152
304.137
304.123
304.112
304.103
304.096
304.091
304.089
304.089
304.089
304.089
304.089
304.089
304.089
304.352
304.321
304.291
304.262
304.236
304.212
304.19
304.17
304.152
304.137
304.123
304.112
304.103
304.096
304.091
304.089
304.089
304.089
304.089
304.115
304.073
304.038
304.006
303.978
303.952
303.928
303.907
303.889
303.872
303.858
303.846
303.837
303.83
303.825
303.822
304.09
304.061
304.031
304.003
303.976
303.95
303.927
303.906
303.888
303.871
303.857
303.846
303.836
303.829
303.824
303.822
303.822
303.822
303.821
303.821
)
;
        refGradient     uniform 0;
        valueFraction   nonuniform List<scalar> 
129
(
0.999971
0.999971
0.999971
0.999971
0.999855
0.999855
0.999855
0.999855
0.999855
0.999855
0.999855
0.999855
0.999971
0.999971
0.999971
0.999971
0.999971
0.999855
0.999971
0.999855
0.999971
0.999855
0.999971
0.999855
0.999971
0.999855
0.999971
0.999855
0.999971
0.999855
0.999971
0.999855
0.999971
0.999855
0.999971
0.999855
0.999971
0.999855
0.999971
0.999855
0.999971
0.999855
0.999971
0.999855
0.999971
0.999855
0.999964
0.999971
0.999964
0.999964
0.999855
0.999964
0.999918
0.999918
0.999918
0.999918
0.999918
0.999918
0.999918
0.999918
0.999918
0.999918
0.999918
0.999918
0.999918
0.999918
0.999918
0.999918
0.999964
0.999964
0.999964
0.999964
0.999964
0.999964
0.999918
0.999918
0.999918
0.999918
0.999918
0.999918
0.999918
0.999918
0.999918
0.999918
0.999918
0.999918
0.999918
0.999918
0.999918
0.999964
0.999964
0.999918
0.999964
0.999855
0.999855
0.999855
0.999855
0.999855
0.999855
0.999855
0.999855
0.999855
0.999855
0.999855
0.999855
0.999855
0.999855
0.999855
0.999855
0.999971
0.999971
0.999971
0.999971
0.999971
0.999971
0.999971
0.999971
0.999971
0.999971
0.999971
0.999971
0.999971
0.999971
0.999971
0.999964
0.999964
0.999964
0.999964
0.999971
)
;
        value           nonuniform List<scalar> 
129
(
304.16
304.153
304.138
304.116
304.231
304.282
304.327
304.364
304.363
304.327
304.282
304.231
304.16
304.152
304.138
304.116
304.09
304.116
304.061
304.073
304.031
304.038
304.002
304.006
303.975
303.978
303.95
303.952
303.927
303.928
303.906
303.907
303.887
303.889
303.871
303.872
303.857
303.858
303.845
303.846
303.835
303.836
303.828
303.829
303.823
303.824
303.82
303.82
303.82
303.821
303.821
303.821
304.352
304.321
304.291
304.262
304.236
304.212
304.19
304.17
304.152
304.137
304.123
304.112
304.103
304.096
304.091
304.089
304.089
304.089
304.089
304.089
304.089
304.089
304.352
304.321
304.291
304.262
304.236
304.212
304.19
304.17
304.152
304.137
304.123
304.112
304.103
304.096
304.091
304.089
304.089
304.089
304.088
304.115
304.073
304.038
304.006
303.978
303.952
303.928
303.907
303.889
303.872
303.858
303.846
303.837
303.83
303.825
303.822
304.09
304.061
304.031
304.002
303.975
303.95
303.927
303.906
303.888
303.871
303.857
303.845
303.836
303.829
303.824
303.822
303.822
303.821
303.821
303.821
)
;
        Tnbr            T;
        thicknessLayers 0();
        kappaLayers     0();
        kappaMethod     fluidThermo;
        kappa           none;
        alphaAni        none;
        alpha           none;
    }
}


// ************************************************************************* //
