/*--------------------------------*- C++ -*----------------------------------*\
| =========                 |                                                 |
| \\      /  F ield         | OpenFOAM: The Open Source CFD Toolbox           |
|  \\    /   O peration     | Version:                                        |
|   \\  /    A nd           | Website:  www.openfoam.com                      |
|    \\/     M anipulation  |                                                 |
\*---------------------------------------------------------------------------*/
FoamFile
{
    version     2.0;
    format      ascii;
    class       volScalarField;
    location    "1869.5/aluminum";
    object      T;
}
// * * * * * * * * * * * * * * * * * * * * * * * * * * * * * * * * * * * * * //

dimensions      [0 0 0 1 0 0 0];


internalField   nonuniform List<scalar> 
372
(
306.945
306.955
306.975
307.005
306.938
306.948
306.968
306.998
306.923
306.932
306.952
306.983
306.901
306.909
306.926
306.956
307.045
307.092
307.149
307.218
307.038
307.086
307.138
307.196
307.028
307.076
307.123
307.169
307.016
307.068
307.113
307.15
307.291
307.359
307.452
307.247
307.285
307.32
307.201
307.221
307.236
307.166
307.175
307.182
307.544
307.56
307.544
307.333
307.336
307.333
307.24
307.241
307.24
307.183
307.184
307.183
307.452
307.359
307.291
307.32
307.285
307.247
307.236
307.221
307.201
307.182
307.175
307.166
307.218
307.149
307.092
307.045
307.196
307.138
307.086
307.038
307.169
307.123
307.076
307.028
307.15
307.113
307.068
307.016
307.005
306.975
306.955
306.945
306.998
306.968
306.948
306.938
306.983
306.952
306.932
306.923
306.956
306.926
306.909
306.901
306.874
306.88
306.889
306.9
306.845
306.848
306.853
306.858
306.815
306.817
306.82
306.822
306.786
306.787
306.789
306.79
306.759
306.76
306.76
306.761
306.733
306.734
306.735
306.735
306.71
306.71
306.711
306.711
306.689
306.689
306.69
306.69
306.67
306.67
306.671
306.671
306.653
306.654
306.654
306.654
306.639
306.639
306.639
306.639
306.627
306.627
306.627
306.627
306.617
306.617
306.617
306.617
306.609
306.61
306.61
306.61
306.604
306.604
306.605
306.605
306.601
306.602
306.602
306.602
307.139
307.141
307.143
307.108
307.109
307.109
307.078
307.078
307.078
307.05
307.05
307.05
307.024
307.024
307.024
307
307
307
306.978
306.978
306.978
306.958
306.958
306.958
306.94
306.94
306.94
306.925
306.925
306.925
306.911
306.911
306.911
306.9
306.9
306.9
306.89
306.89
306.891
306.883
306.883
306.884
306.879
306.879
306.879
306.876
306.876
306.876
307.143
307.143
307.143
307.109
307.109
307.109
307.078
307.078
307.078
307.05
307.05
307.05
307.024
307.024
307.024
307
307
307
306.978
306.978
306.978
306.958
306.958
306.958
306.94
306.94
306.94
306.925
306.925
306.925
306.911
306.911
306.911
306.9
306.9
306.9
306.891
306.891
306.891
306.884
306.884
306.884
306.879
306.879
306.879
306.876
306.876
306.876
307.143
307.141
307.139
307.109
307.109
307.108
307.078
307.078
307.078
307.05
307.05
307.05
307.024
307.024
307.024
307
307
307
306.978
306.978
306.978
306.958
306.958
306.958
306.94
306.94
306.94
306.925
306.925
306.925
306.911
306.911
306.911
306.9
306.9
306.9
306.891
306.891
306.891
306.884
306.884
306.884
306.879
306.879
306.879
306.876
306.876
306.876
306.9
306.889
306.88
306.874
306.858
306.853
306.848
306.845
306.822
306.82
306.817
306.815
306.79
306.789
306.787
306.786
306.761
306.761
306.76
306.759
306.735
306.735
306.734
306.733
306.711
306.711
306.711
306.71
306.69
306.69
306.689
306.689
306.671
306.671
306.67
306.67
306.654
306.654
306.654
306.653
306.64
306.64
306.639
306.639
306.628
306.627
306.627
306.627
306.618
306.618
306.617
306.617
306.61
306.61
306.61
306.609
306.605
306.605
306.604
306.604
306.602
306.602
306.601
306.601
)
;

boundaryField
{
    base_hotspot
    {
        type            fixedGradient;
        gradient        uniform 203.252;
    }
    base_adiabatic
    {
        type            zeroGradient;
    }
    front
    {
        type            empty;
    }
    back
    {
        type            empty;
    }
    aluminum_to_air
    {
        type            compressible::turbulentTemperatureCoupledBaffleMixed;
        refValue        nonuniform List<scalar> 
129
(
294.315
294.262
294.276
294.321
306.954
307.019
307.073
307.12
307.121
307.074
307.02
306.954
294.444
294.412
294.43
294.464
294.375
306.954
294.428
306.888
294.481
306.843
294.531
306.805
294.579
306.768
294.625
306.727
294.667
306.671
294.708
306.584
294.746
306.445
294.781
306.258
294.813
306.07
294.843
305.934
294.868
305.877
294.891
305.888
294.901
305.912
296.462
294.964
297.999
299.687
305.715
301.333
307.12
307.077
307.042
307.009
306.977
306.941
306.896
306.832
306.732
306.59
306.429
306.29
306.205
306.173
306.181
306.105
301.11
300.629
300.452
300.44
300.444
300.458
307.121
307.079
307.045
307.015
306.988
306.963
306.939
306.915
306.89
306.862
306.824
306.771
306.693
306.58
306.378
300.5
300.612
305.812
300.732
306.954
306.89
306.847
306.813
306.783
306.756
306.731
306.706
306.678
306.645
306.598
306.528
306.419
306.254
306.025
305.614
294.501
294.539
294.58
294.621
294.661
294.699
294.736
294.77
294.802
294.83
294.855
294.876
294.892
294.905
294.903
299.902
298.691
297.362
296.105
294.958
)
;
        refGradient     uniform 0;
        valueFraction   nonuniform List<scalar> 
129
(
2.89995e-05
2.89995e-05
2.89995e-05
2.89995e-05
0.000144981
0.000144981
0.000144981
0.000144981
0.000144981
0.000144981
0.000144981
0.000144981
2.89995e-05
2.89995e-05
2.89995e-05
2.89995e-05
2.89995e-05
0.000144981
2.89995e-05
0.000144981
2.89995e-05
0.000144981
2.89995e-05
0.000144981
2.89995e-05
0.000144981
2.89995e-05
0.000144981
2.89995e-05
0.000144981
2.89995e-05
0.000144981
2.89995e-05
0.000144981
2.89995e-05
0.000144981
2.89995e-05
0.000144981
2.89995e-05
0.000144981
2.89995e-05
0.000144981
2.89995e-05
0.000144981
2.89995e-05
0.000144981
3.62491e-05
2.89995e-05
3.62491e-05
3.62491e-05
0.000144981
3.62491e-05
8.21599e-05
8.21599e-05
8.21599e-05
8.21599e-05
8.21599e-05
8.21599e-05
8.21599e-05
8.21599e-05
8.21599e-05
8.21599e-05
8.21599e-05
8.21599e-05
8.21599e-05
8.21599e-05
8.21599e-05
8.21599e-05
3.62491e-05
3.62491e-05
3.62491e-05
3.62491e-05
3.62491e-05
3.62491e-05
8.21599e-05
8.21599e-05
8.21599e-05
8.21599e-05
8.21599e-05
8.21599e-05
8.21599e-05
8.21599e-05
8.21599e-05
8.21599e-05
8.21599e-05
8.21599e-05
8.21599e-05
8.21599e-05
8.21599e-05
3.62491e-05
3.62491e-05
8.21599e-05
3.62491e-05
0.000144981
0.000144981
0.000144981
0.000144981
0.000144981
0.000144981
0.000144981
0.000144981
0.000144981
0.000144981
0.000144981
0.000144981
0.000144981
0.000144981
0.000144981
0.000144981
2.89995e-05
2.89995e-05
2.89995e-05
2.89995e-05
2.89995e-05
2.89995e-05
2.89995e-05
2.89995e-05
2.89995e-05
2.89995e-05
2.89995e-05
2.89995e-05
2.89995e-05
2.89995e-05
2.89995e-05
3.62491e-05
3.62491e-05
3.62491e-05
3.62491e-05
2.89995e-05
)
;
        value           nonuniform List<scalar> 
129
(
306.944
306.937
306.922
306.9
307.016
307.067
307.113
307.15
307.15
307.113
307.067
307.016
306.944
306.937
306.922
306.9
306.874
306.9
306.844
306.857
306.814
306.821
306.785
306.789
306.758
306.761
306.733
306.734
306.709
306.711
306.688
306.689
306.669
306.67
306.652
306.654
306.638
306.639
306.626
306.627
306.616
306.617
306.609
306.609
306.603
306.604
306.6
306.6
306.601
306.601
306.601
306.601
307.138
307.108
307.078
307.05
307.023
306.999
306.977
306.958
306.94
306.924
306.911
306.899
306.89
306.883
306.878
306.876
306.875
306.875
306.875
306.876
306.876
306.876
307.138
307.108
307.078
307.05
307.023
306.999
306.977
306.958
306.94
306.924
306.911
306.899
306.89
306.883
306.878
306.876
306.875
306.875
306.875
306.9
306.857
306.821
306.789
306.761
306.735
306.711
306.69
306.671
306.654
306.639
306.627
306.617
306.61
306.604
306.601
306.874
306.844
306.814
306.785
306.758
306.733
306.709
306.688
306.669
306.653
306.638
306.626
306.616
306.609
306.603
306.601
306.601
306.601
306.6
306.6
)
;
        Tnbr            T;
        thicknessLayers 0();
        kappaLayers     0();
        kappaMethod     solidThermo;
        kappa           none;
        alphaAni        none;
        alpha           none;
    }
}


// ************************************************************************* //
