/*--------------------------------*- C++ -*----------------------------------*\
| =========                 |                                                 |
| \\      /  F ield         | OpenFOAM: The Open Source CFD Toolbox           |
|  \\    /   O peration     | Version:                                        |
|   \\  /    A nd           | Website:  www.openfoam.com                      |
|    \\/     M anipulation  |                                                 |
\*---------------------------------------------------------------------------*/
FoamFile
{
    version     2.0;
    format      ascii;
    class       volScalarField;
    location    "1872.5/air";
    object      rho;
}
// * * * * * * * * * * * * * * * * * * * * * * * * * * * * * * * * * * * * * //

dimensions      [1 -3 0 0 0 0 0];


internalField   nonuniform List<scalar> 
2228
(
1.15008
1.14983
1.14963
1.14945
1.15032
1.15009
1.14985
1.14961
1.15049
1.15028
1.15002
1.14974
1.15063
1.15045
1.15018
1.14987
1.15077
1.15063
1.15034
1.14999
1.15091
1.15083
1.15053
1.15011
1.15105
1.15106
1.15074
1.15025
1.1512
1.15131
1.15099
1.15038
1.15134
1.15155
1.15123
1.15052
1.15146
1.15176
1.15145
1.15065
1.15157
1.15194
1.15163
1.15075
1.15168
1.15214
1.15182
1.15085
1.15185
1.15254
1.15213
1.15097
1.15224
1.15352
1.15288
1.15122
1.15317
1.15584
1.15471
1.15179
1.15583
1.16033
1.15856
1.15319
1.14945
1.14962
1.14983
1.15007
1.14961
1.14983
1.15008
1.15031
1.14973
1.14999
1.15025
1.15047
1.14984
1.15011
1.15038
1.1506
1.14994
1.15022
1.15049
1.15071
1.15004
1.15032
1.15059
1.15081
1.15013
1.15042
1.15069
1.1509
1.15021
1.15053
1.15081
1.151
1.1503
1.15066
1.15095
1.1511
1.1504
1.15083
1.15113
1.15121
1.15052
1.15108
1.15142
1.15136
1.15069
1.15148
1.15189
1.15157
1.15094
1.15216
1.1527
1.15189
1.15133
1.15338
1.15414
1.15243
1.152
1.1556
1.15652
1.15331
1.15346
1.15935
1.16008
1.15519
1.19322
1.18886
1.18422
1.17981
1.2051
1.20579
1.20522
1.2036
1.20453
1.20591
1.20719
1.20788
1.20366
1.20447
1.20568
1.20693
1.20335
1.20365
1.20426
1.20513
1.20334
1.20346
1.20372
1.20413
1.20336
1.20343
1.2034
1.20314
1.20328
1.20313
1.20236
1.20075
1.20317
1.2029
1.20164
1.19886
1.20304
1.20297
1.20233
1.20015
1.20277
1.20284
1.20281
1.20225
1.20246
1.20255
1.20266
1.20276
1.20219
1.20226
1.20235
1.2025
1.20172
1.20166
1.20163
1.20159
1.20083
1.20069
1.2006
1.20049
1.20022
1.20027
1.20035
1.20049
1.20008
1.2005
1.20092
1.20126
1.19992
1.2004
1.20096
1.20148
1.19969
1.19991
1.20024
1.20059
1.19967
1.19964
1.1997
1.19973
1.17688
1.17576
1.17343
1.16685
1.20109
1.19852
1.19516
1.1868
1.20767
1.20645
1.20322
1.19401
1.20783
1.20783
1.20497
1.19509
1.20616
1.20681
1.20436
1.19411
1.20468
1.20483
1.20168
1.19171
1.20258
1.2009
1.19601
1.18893
1.19881
1.19579
1.19178
1.18953
1.19569
1.19285
1.19124
1.19278
1.19652
1.19317
1.19166
1.19332
1.20043
1.19758
1.19503
1.1943
1.20262
1.20177
1.19996
1.19792
1.20269
1.20262
1.20155
1.19944
1.20147
1.20103
1.20005
1.19877
1.20034
1.20013
1.19995
1.19996
1.20066
1.20089
1.20116
1.20147
1.20149
1.20159
1.20155
1.20141
1.20183
1.20196
1.20187
1.20161
1.2009
1.20112
1.20124
1.20126
1.19979
1.19989
1.2
1.2001
1.16136
1.15799
1.15599
1.17658
1.16903
1.16508
1.18218
1.17434
1.17258
1.18329
1.17811
1.1799
1.18407
1.18216
1.18636
1.18527
1.18593
1.19074
1.18708
1.18932
1.19349
1.19134
1.19422
1.19752
1.19658
1.19953
1.20195
1.19652
1.19925
1.20157
1.19502
1.19636
1.19802
1.19672
1.19643
1.19673
1.19777
1.19694
1.19666
1.19801
1.19778
1.19791
1.20019
1.2005
1.20092
1.2017
1.20182
1.2019
1.20124
1.20109
1.20093
1.20136
1.20116
1.20095
1.20124
1.20119
1.20113
1.20016
1.20018
1.20019
1.15573
1.15588
1.15631
1.16614
1.16742
1.1693
1.17587
1.17825
1.18106
1.18467
1.18748
1.19038
1.1913
1.19389
1.19634
1.19481
1.19682
1.19863
1.19635
1.19773
1.19896
1.19947
1.2004
1.20123
1.20306
1.20352
1.20389
1.20263
1.20302
1.2033
1.19908
1.19961
1.20008
1.19715
1.19745
1.19778
1.19677
1.1969
1.19709
1.19823
1.19844
1.19869
1.20126
1.20144
1.20162
1.20194
1.20195
1.20195
1.20082
1.20076
1.2007
1.20082
1.20075
1.20069
1.20109
1.20106
1.20104
1.20021
1.20022
1.20023
1.1577
1.16116
1.16479
1.17381
1.1814
1.18731
1.18667
1.19419
1.19917
1.19551
1.20129
1.20474
1.20035
1.20433
1.20653
1.20153
1.2042
1.20569
1.20104
1.20306
1.20437
1.20265
1.20403
1.20484
1.20439
1.20466
1.20472
1.20365
1.20377
1.20384
1.20083
1.20156
1.20202
1.19841
1.19924
1.19993
1.19754
1.19834
1.19921
1.19923
1.2001
1.20095
1.20193
1.20231
1.20256
1.20192
1.20186
1.20179
1.20059
1.20043
1.20028
1.20057
1.2004
1.20025
1.20099
1.20092
1.20085
1.20024
1.20027
1.20029
1.16884
1.17284
1.17301
1.17329
1.19207
1.19501
1.19673
1.19891
1.20284
1.2051
1.20648
1.20748
1.20714
1.20839
1.20887
1.2089
1.20795
1.20853
1.20866
1.2086
1.20679
1.20737
1.20766
1.20781
1.2055
1.20627
1.2066
1.20671
1.20537
1.20554
1.20558
1.20561
1.20475
1.2048
1.20482
1.20481
1.20403
1.20427
1.20439
1.2044
1.20252
1.20323
1.20381
1.20411
1.2008
1.20198
1.20299
1.20361
1.20047
1.20191
1.2029
1.20338
1.20196
1.20272
1.203
1.20302
1.20272
1.20271
1.2026
1.20247
1.20169
1.2016
1.20157
1.20157
1.20012
1.19995
1.19983
1.19973
1.20007
1.19988
1.19974
1.19963
1.20076
1.20065
1.20055
1.20047
1.20031
1.20038
1.20041
1.2004
1.17627
1.18094
1.18639
1.19177
1.20153
1.20372
1.20509
1.205
1.20797
1.20781
1.20695
1.20553
1.20857
1.20795
1.20706
1.20603
1.20843
1.20814
1.20767
1.20702
1.20786
1.20783
1.20766
1.20728
1.20674
1.20673
1.20661
1.20636
1.20562
1.20556
1.20543
1.20525
1.20477
1.20471
1.20463
1.20454
1.20438
1.20434
1.20431
1.20428
1.2042
1.20421
1.20418
1.20415
1.20388
1.20395
1.20393
1.20387
1.20353
1.20351
1.20344
1.20335
1.20294
1.20284
1.20273
1.20264
1.20235
1.20225
1.20217
1.2021
1.2016
1.20161
1.20162
1.20161
1.19961
1.19949
1.19941
1.19946
1.19955
1.19949
1.19946
1.19946
1.2004
1.20034
1.2003
1.20026
1.20043
1.2005
1.20058
1.20068
1.20432
1.20432
1.20432
1.20432
1.20432
1.20432
1.20437
1.20475
1.20529
1.20551
1.20552
1.20547
1.2054
1.20532
1.2052
1.20515
1.20532
1.20582
1.20715
1.1996
1.20432
1.20432
1.20432
1.20432
1.20432
1.20431
1.20435
1.20468
1.20524
1.2055
1.2055
1.20545
1.20538
1.2053
1.20519
1.20514
1.2053
1.20572
1.20665
1.19982
1.20431
1.20431
1.20431
1.20431
1.20432
1.20431
1.20433
1.20457
1.20514
1.20545
1.20547
1.20541
1.20534
1.20526
1.20515
1.20511
1.20522
1.20542
1.20607
1.19977
1.20431
1.20431
1.20431
1.20431
1.20431
1.20431
1.20431
1.20446
1.20497
1.20538
1.20542
1.20536
1.20528
1.2052
1.20511
1.20505
1.20512
1.20508
1.20568
1.19961
1.20431
1.20431
1.20431
1.20431
1.20431
1.20431
1.20431
1.20438
1.20479
1.20527
1.20537
1.20531
1.20522
1.20514
1.20504
1.20498
1.205
1.20485
1.20544
1.19941
1.20431
1.20431
1.20431
1.20431
1.20431
1.20431
1.20431
1.20433
1.20462
1.20512
1.20531
1.20526
1.20516
1.20507
1.20497
1.20488
1.20486
1.20466
1.20528
1.1992
1.20431
1.20431
1.20431
1.20431
1.20431
1.20431
1.20431
1.20431
1.20449
1.20495
1.20524
1.20521
1.20511
1.205
1.20489
1.20477
1.20471
1.2045
1.20518
1.199
1.20431
1.20431
1.20431
1.20431
1.20431
1.20431
1.20431
1.2043
1.2044
1.20478
1.20514
1.20517
1.20507
1.20494
1.20482
1.20468
1.20458
1.20437
1.20512
1.19879
1.20431
1.20431
1.20431
1.20431
1.20431
1.20431
1.20431
1.2043
1.20434
1.20464
1.20502
1.20513
1.20504
1.2049
1.20476
1.20462
1.20451
1.20429
1.20509
1.1986
1.20431
1.20431
1.20431
1.20431
1.20431
1.20431
1.20431
1.2043
1.20431
1.20452
1.20489
1.20508
1.20501
1.20487
1.20472
1.20459
1.2045
1.20426
1.20507
1.19841
1.20431
1.20431
1.20431
1.20431
1.20431
1.20431
1.20431
1.20431
1.2043
1.20443
1.20477
1.20501
1.205
1.20486
1.20471
1.20459
1.20452
1.20426
1.20505
1.19823
1.20431
1.20431
1.20431
1.20431
1.20431
1.20431
1.20431
1.20431
1.2043
1.20437
1.20465
1.20492
1.20498
1.20486
1.20471
1.20461
1.20456
1.2043
1.20505
1.19805
1.20431
1.20431
1.20431
1.20431
1.20431
1.20431
1.20431
1.20431
1.2043
1.20433
1.20455
1.20483
1.20494
1.20487
1.20473
1.20465
1.2046
1.20434
1.20504
1.19788
1.20431
1.20431
1.20431
1.20431
1.20431
1.20431
1.20431
1.20431
1.2043
1.20431
1.20447
1.20473
1.20489
1.20487
1.20476
1.20468
1.20463
1.20438
1.20502
1.19771
1.20431
1.20431
1.20431
1.20431
1.20431
1.20431
1.20431
1.20431
1.2043
1.2043
1.20441
1.20464
1.20483
1.20487
1.20479
1.20471
1.20465
1.20442
1.20501
1.19756
1.20431
1.20431
1.20431
1.2043
1.2043
1.2043
1.2043
1.20431
1.2043
1.2043
1.20436
1.20455
1.20475
1.20484
1.2048
1.20473
1.20466
1.20444
1.20498
1.19742
1.2043
1.20431
1.2043
1.2043
1.20429
1.20429
1.2043
1.2043
1.20431
1.20429
1.20433
1.20448
1.20468
1.20479
1.20479
1.20473
1.20465
1.20446
1.20496
1.19729
1.2043
1.20431
1.2043
1.20428
1.20426
1.20427
1.20428
1.2043
1.2043
1.2043
1.20432
1.20443
1.2046
1.20474
1.20477
1.20471
1.20464
1.20447
1.20493
1.19717
1.2043
1.20431
1.20428
1.20423
1.2042
1.20421
1.20425
1.20428
1.2043
1.2043
1.2043
1.20439
1.20453
1.20467
1.20472
1.20468
1.20462
1.20447
1.20489
1.19711
1.20431
1.2043
1.20424
1.20413
1.20406
1.20408
1.20417
1.20425
1.2043
1.2043
1.2043
1.20435
1.20447
1.20461
1.20467
1.20465
1.20459
1.20446
1.20484
1.1968
1.20431
1.20424
1.204
1.2037
1.2035
1.2035
1.2037
1.20398
1.20419
1.20429
1.20431
1.20432
1.20438
1.20447
1.20454
1.20455
1.20453
1.20445
1.20471
1.20045
1.20429
1.20395
1.20348
1.20305
1.20274
1.2026
1.20273
1.20316
1.20367
1.20405
1.20424
1.2043
1.20433
1.20436
1.2044
1.20443
1.20444
1.20441
1.20442
1.20241
1.2042
1.20368
1.2031
1.20265
1.20238
1.20221
1.20216
1.2024
1.20296
1.20358
1.204
1.20421
1.20428
1.20432
1.20434
1.20436
1.20438
1.20435
1.20425
1.20307
1.20412
1.2033
1.20253
1.20204
1.20184
1.20183
1.20184
1.20194
1.20235
1.20301
1.20363
1.204
1.20418
1.20426
1.20429
1.20431
1.20433
1.20427
1.20412
1.20332
1.20393
1.20266
1.20176
1.20135
1.20126
1.20139
1.20156
1.20167
1.20194
1.20252
1.20321
1.20373
1.20402
1.20416
1.20422
1.20426
1.20425
1.20413
1.20395
1.2034
1.20354
1.20197
1.2012
1.20098
1.20099
1.20114
1.20136
1.20149
1.20168
1.20216
1.20284
1.20344
1.20382
1.20402
1.20412
1.20415
1.20408
1.20391
1.20374
1.20339
1.20308
1.20148
1.20102
1.20099
1.20101
1.20109
1.20125
1.20137
1.20152
1.20191
1.20255
1.20318
1.20361
1.20386
1.20397
1.20396
1.20383
1.20366
1.20353
1.20335
1.20269
1.20124
1.20108
1.20115
1.20111
1.20111
1.2012
1.20129
1.20141
1.20175
1.20234
1.20295
1.20342
1.20368
1.20376
1.20369
1.20354
1.2034
1.20333
1.20328
1.20243
1.20117
1.2012
1.2013
1.20126
1.2012
1.20122
1.20127
1.20137
1.20167
1.20219
1.20278
1.20324
1.20349
1.20352
1.20342
1.20328
1.20315
1.20309
1.20316
1.20226
1.20118
1.20129
1.20142
1.20142
1.20136
1.20132
1.20132
1.20139
1.20164
1.20212
1.20267
1.2031
1.20329
1.20328
1.20318
1.20303
1.20286
1.20277
1.20292
1.20217
1.2012
1.20136
1.2015
1.20153
1.20151
1.20145
1.20142
1.20146
1.20168
1.20212
1.20263
1.203
1.20311
1.20305
1.20293
1.20275
1.20255
1.20245
1.2026
1.20208
1.20122
1.20142
1.20156
1.20159
1.20159
1.20156
1.20153
1.20158
1.2018
1.2022
1.20266
1.2029
1.20291
1.20279
1.20262
1.20243
1.20226
1.20218
1.20231
1.20195
1.20124
1.20145
1.20161
1.20164
1.20165
1.20165
1.20167
1.20176
1.202
1.20236
1.20267
1.20274
1.20262
1.20243
1.20226
1.20213
1.20203
1.20202
1.2021
1.20196
1.20127
1.20146
1.20165
1.20172
1.20176
1.20181
1.20188
1.20202
1.20224
1.20248
1.20253
1.20239
1.2022
1.20205
1.20195
1.20191
1.20187
1.20192
1.20185
1.20196
1.20132
1.20144
1.20165
1.20179
1.20189
1.20198
1.20209
1.20221
1.20231
1.20229
1.20212
1.20195
1.20183
1.20176
1.20174
1.20169
1.20164
1.20175
1.20134
1.20198
1.20138
1.20142
1.2016
1.20175
1.20189
1.202
1.20207
1.20209
1.202
1.20183
1.20168
1.20157
1.20152
1.20148
1.20131
1.20102
1.20087
1.20138
1.20075
1.20197
1.20142
1.20145
1.20155
1.20165
1.20176
1.20182
1.20183
1.20175
1.20161
1.20139
1.20118
1.20112
1.20118
1.20097
1.20028
1.19972
1.19999
1.20086
1.20047
1.20189
1.20138
1.20146
1.20157
1.20162
1.20165
1.20166
1.20161
1.20148
1.20117
1.2008
1.20068
1.20084
1.20091
1.2007
1.20027
1.19976
1.19964
1.20034
1.20052
1.20192
1.20134
1.20122
1.20127
1.20134
1.2014
1.20148
1.20149
1.20129
1.20092
1.2007
1.20071
1.20089
1.20114
1.20133
1.20119
1.20055
1.19983
1.19978
1.2001
1.20222
1.20198
1.20188
1.20195
1.20198
1.202
1.20205
1.2021
1.20206
1.20198
1.20201
1.2019
1.20178
1.20175
1.20184
1.20192
1.20172
1.20097
1.2002
1.19972
1.19907
1.20692
1.20659
1.20624
1.20603
1.2059
1.2058
1.20571
1.20563
1.20554
1.20545
1.20535
1.20523
1.20511
1.205
1.20491
1.20483
1.20474
1.20466
1.20452
1.1992
1.20641
1.20643
1.20615
1.20596
1.20584
1.20575
1.20567
1.20559
1.20552
1.20544
1.20536
1.20525
1.20514
1.20504
1.20494
1.20485
1.20477
1.20469
1.20455
1.19913
1.20592
1.20596
1.20588
1.20581
1.20573
1.20564
1.20557
1.20551
1.20545
1.20539
1.20533
1.20526
1.20518
1.20508
1.20498
1.20489
1.2048
1.20472
1.20458
1.19898
1.20565
1.20536
1.2055
1.20558
1.20555
1.20548
1.20542
1.20537
1.20533
1.2053
1.20527
1.20523
1.20518
1.2051
1.20501
1.20491
1.20482
1.20474
1.2046
1.19881
1.20547
1.20483
1.20516
1.20532
1.20533
1.20528
1.20523
1.20519
1.20517
1.20516
1.20517
1.20516
1.20514
1.20509
1.20501
1.20492
1.20482
1.20474
1.20459
1.19865
1.20531
1.20455
1.20491
1.20507
1.20509
1.20506
1.20503
1.20501
1.20501
1.20502
1.20504
1.20507
1.20508
1.20505
1.20499
1.2049
1.2048
1.2047
1.20456
1.19848
1.20521
1.20442
1.20473
1.20486
1.20488
1.20487
1.20485
1.20484
1.20485
1.20488
1.20492
1.20496
1.20499
1.20499
1.20494
1.20486
1.20476
1.20465
1.20451
1.19831
1.20514
1.20435
1.2046
1.20469
1.20472
1.20471
1.20471
1.20471
1.20473
1.20476
1.20481
1.20486
1.2049
1.20491
1.20488
1.2048
1.2047
1.20459
1.20446
1.19815
1.20508
1.20431
1.20452
1.20457
1.20459
1.20459
1.20459
1.2046
1.20462
1.20466
1.20471
1.20476
1.20481
1.20483
1.2048
1.20473
1.20463
1.20452
1.20441
1.198
1.20505
1.20428
1.20446
1.20449
1.20451
1.20451
1.20451
1.20452
1.20454
1.20458
1.20462
1.20468
1.20473
1.20475
1.20472
1.20465
1.20455
1.20445
1.20437
1.19787
1.20502
1.20426
1.20443
1.20443
1.20445
1.20445
1.20445
1.20446
1.20448
1.20451
1.20455
1.2046
1.20465
1.20466
1.20464
1.20457
1.20448
1.2044
1.20434
1.19774
1.205
1.20425
1.2044
1.20439
1.2044
1.2044
1.20441
1.20441
1.20443
1.20446
1.20449
1.20454
1.20457
1.20459
1.20456
1.2045
1.20442
1.20436
1.20432
1.19763
1.20498
1.20423
1.20438
1.20437
1.20437
1.20437
1.20437
1.20438
1.20439
1.20441
1.20444
1.20448
1.20451
1.20452
1.20449
1.20444
1.20437
1.20433
1.20431
1.19753
1.20497
1.20422
1.20436
1.20434
1.20435
1.20435
1.20435
1.20435
1.20436
1.20438
1.2044
1.20443
1.20446
1.20446
1.20443
1.20438
1.20434
1.20432
1.20431
1.19745
1.20497
1.20422
1.20435
1.20433
1.20433
1.20433
1.20433
1.20434
1.20434
1.20435
1.20437
1.20439
1.20441
1.20441
1.20439
1.20435
1.20432
1.20431
1.20431
1.19738
1.20497
1.20421
1.20434
1.20432
1.20432
1.20432
1.20432
1.20432
1.20433
1.20434
1.20435
1.20436
1.20437
1.20437
1.20435
1.20433
1.20431
1.20431
1.20431
1.19733
1.20497
1.2042
1.20433
1.20431
1.20432
1.20432
1.20432
1.20432
1.20432
1.20432
1.20433
1.20434
1.20435
1.20434
1.20433
1.20431
1.20431
1.20431
1.20431
1.19728
1.20498
1.20419
1.20433
1.20431
1.20431
1.20431
1.20431
1.20431
1.20432
1.20432
1.20432
1.20433
1.20433
1.20433
1.20432
1.20431
1.2043
1.2043
1.2043
1.1973
1.20498
1.20419
1.20432
1.2043
1.20431
1.20431
1.20431
1.20431
1.20431
1.20431
1.20431
1.20432
1.20432
1.20431
1.20431
1.2043
1.2043
1.2043
1.2043
1.19709
1.20496
1.20418
1.20432
1.2043
1.2043
1.2043
1.20431
1.20431
1.20431
1.20431
1.20431
1.20431
1.20431
1.20431
1.2043
1.2043
1.2043
1.2043
1.20431
1.20054
1.20483
1.20418
1.20429
1.20427
1.20427
1.20427
1.20428
1.20428
1.20429
1.20429
1.20429
1.2043
1.2043
1.20429
1.20429
1.20428
1.20426
1.20426
1.20428
1.20243
1.20451
1.2042
1.20424
1.20422
1.2042
1.20418
1.20416
1.20417
1.20419
1.20423
1.20425
1.20425
1.20423
1.2042
1.20414
1.20404
1.20392
1.20388
1.20406
1.20306
1.2043
1.2042
1.20418
1.20412
1.20405
1.20396
1.20389
1.20385
1.2039
1.204
1.20411
1.20416
1.20413
1.20405
1.20389
1.20364
1.20338
1.20335
1.20377
1.20371
1.20411
1.2042
1.20411
1.20398
1.20379
1.20358
1.20339
1.20329
1.20333
1.20351
1.20379
1.20399
1.20406
1.204
1.20383
1.20347
1.20304
1.20297
1.20353
1.20465
1.20403
1.20417
1.20402
1.20375
1.2034
1.20305
1.20277
1.20265
1.2027
1.20291
1.20328
1.20366
1.20391
1.20398
1.20387
1.20351
1.20296
1.20271
1.20335
1.20521
1.20411
1.20411
1.20386
1.20341
1.2029
1.20247
1.20222
1.20217
1.20227
1.20252
1.20287
1.2033
1.20367
1.20387
1.20387
1.20358
1.20298
1.20258
1.20324
1.20501
1.20417
1.20403
1.20359
1.20296
1.20235
1.20196
1.20184
1.20189
1.20208
1.20237
1.20269
1.20308
1.20348
1.20373
1.20378
1.20356
1.20298
1.20249
1.20317
1.20455
1.20417
1.20387
1.20319
1.20241
1.20184
1.20159
1.20156
1.20169
1.20198
1.20234
1.20261
1.20297
1.20335
1.20359
1.20364
1.20343
1.2029
1.20239
1.2031
1.20431
1.20408
1.20354
1.20268
1.20191
1.20145
1.20122
1.20116
1.20136
1.20182
1.2023
1.20252
1.20284
1.2032
1.2034
1.20339
1.20318
1.20272
1.20226
1.20304
1.2042
1.20385
1.2031
1.20218
1.20148
1.20104
1.2007
1.20057
1.20083
1.2015
1.2022
1.20239
1.2026
1.2029
1.20304
1.20302
1.20285
1.20247
1.20212
1.20296
1.20401
1.20348
1.20262
1.20176
1.20111
1.20061
1.20019
1.20002
1.20025
1.20102
1.202
1.20226
1.20228
1.20244
1.20255
1.20258
1.20248
1.20219
1.202
1.20287
1.20364
1.20302
1.20219
1.20141
1.20083
1.20034
1.2
1.19981
1.19991
1.20056
1.20171
1.20219
1.20203
1.20205
1.20212
1.20218
1.20212
1.20193
1.20201
1.20276
1.20308
1.20252
1.20182
1.20116
1.20064
1.20032
1.20012
1.19997
1.19995
1.20035
1.2014
1.20213
1.20194
1.20189
1.20189
1.20189
1.20185
1.20186
1.2022
1.20263
1.20242
1.20204
1.20152
1.20099
1.20056
1.20036
1.20028
1.20021
1.20018
1.20042
1.20123
1.20206
1.20194
1.20188
1.20185
1.2018
1.20181
1.20188
1.20184
1.20253
1.20193
1.20164
1.2013
1.2009
1.20056
1.2004
1.20039
1.2004
1.20045
1.20067
1.20129
1.20202
1.20195
1.20186
1.20186
1.20183
1.20179
1.20159
1.20119
1.20239
1.20162
1.2016
1.20134
1.201
1.20069
1.20056
1.20056
1.20058
1.20073
1.20103
1.20151
1.20205
1.20196
1.2018
1.20176
1.2017
1.2015
1.20108
1.20086
1.20209
1.20002
1.20103
1.20153
1.20144
1.20115
1.20095
1.20083
1.20081
1.20108
1.20146
1.20182
1.20213
1.20196
1.20174
1.20158
1.20142
1.20115
1.20086
1.20082
1.20182
1.19954
1.20003
1.20086
1.20143
1.20151
1.20131
1.20106
1.20113
1.20158
1.20194
1.20208
1.20217
1.20196
1.20172
1.2015
1.20128
1.20105
1.20095
1.20096
1.20175
1.20012
1.20021
1.20067
1.20118
1.2014
1.20132
1.2013
1.20167
1.20217
1.2023
1.20212
1.20206
1.20187
1.20167
1.2015
1.20133
1.20119
1.20117
1.2013
1.20196
1.20096
1.20139
1.20164
1.20176
1.20179
1.20181
1.20207
1.20251
1.20263
1.20241
1.2022
1.20214
1.20201
1.20198
1.20198
1.20193
1.20194
1.20208
1.20219
1.20246
)
;

boundaryField
{
    left_open
    {
        type            calculated;
        value           nonuniform List<scalar> 
40
(
1.20432
1.20432
1.20431
1.20431
1.20431
1.20431
1.20431
1.20431
1.20431
1.20431
1.20431
1.20431
1.20431
1.20431
1.20431
1.20431
1.2043
1.2043
1.2043
1.2043
1.2043
1.2043
1.2043
1.20429
1.20429
1.20429
1.20428
1.20428
1.20428
1.20428
1.20427
1.20427
1.20196
1.20197
1.20197
1.20426
1.20426
1.2019
1.20193
1.20223
)
;
    }
    right_open
    {
        type            calculated;
        value           nonuniform List<scalar> 
40
(
1.20451
1.20454
1.20458
1.2046
1.20459
1.20456
1.20451
1.20446
1.20441
1.20437
1.20434
1.20432
1.20431
1.20431
1.20431
1.20431
1.2043
1.2043
1.2043
1.2043
1.2043
1.20407
1.20378
1.20354
1.20429
1.20429
1.20428
1.20428
1.20428
1.20297
1.20427
1.20427
1.20264
1.20254
1.20426
1.20212
1.20426
1.20425
1.20197
1.20247
)
;
    }
    base_side
    {
        type            calculated;
        value           nonuniform List<scalar> 
40
(
1.20432
1.20432
1.20432
1.20432
1.20432
1.20432
1.20437
1.20475
1.20529
1.20551
1.20552
1.20547
1.2054
1.20532
1.20521
1.20515
1.20532
1.20582
1.20715
1.19961
1.19907
1.20692
1.20659
1.20624
1.20603
1.2059
1.2058
1.20571
1.20563
1.20554
1.20545
1.20535
1.20523
1.20511
1.205
1.20491
1.20483
1.20474
1.20466
1.20452
)
;
    }
    top
    {
        type            calculated;
        value           nonuniform List<scalar> 
65
(
1.20223
1.20425
1.20188
1.20195
1.20198
1.20425
1.20205
1.20211
1.20425
1.20199
1.20203
1.20192
1.2018
1.20425
1.20183
1.20192
1.20425
1.20109
1.20425
1.19972
1.19967
1.19961
1.19966
1.19966
1.19972
1.19983
1.19996
1.20006
1.2001
1.20012
1.20015
1.20425
1.20018
1.20019
1.20021
1.20025
1.20027
1.2003
1.20425
1.20425
1.20039
1.20044
1.20425
1.20425
1.20075
1.20425
1.20425
1.20168
1.20177
1.20425
1.20182
1.20211
1.20254
1.20263
1.2024
1.2022
1.20214
1.20201
1.20199
1.20425
1.20194
1.20195
1.20209
1.2022
1.20247
)
;
    }
    front
    {
        type            empty;
    }
    back
    {
        type            empty;
    }
    air_to_aluminum
    {
        type            calculated;
        value           nonuniform List<scalar> 
129
(
1.15011
1.15014
1.1502
1.15028
1.14984
1.14965
1.14948
1.14934
1.14934
1.14948
1.14965
1.14984
1.15011
1.15014
1.1502
1.15028
1.15038
1.15028
1.15049
1.15044
1.1506
1.15057
1.1507
1.15069
1.15081
1.1508
1.1509
1.15089
1.15099
1.15098
1.15107
1.15106
1.15114
1.15113
1.1512
1.15119
1.15125
1.15125
1.1513
1.15129
1.15133
1.15133
1.15136
1.15136
1.15138
1.15138
1.15139
1.15139
1.15139
1.15139
1.15139
1.15139
1.14938
1.1495
1.14961
1.14971
1.14981
1.1499
1.14998
1.15006
1.15012
1.15018
1.15023
1.15027
1.1503
1.15033
1.15035
1.15036
1.15036
1.15036
1.15036
1.15036
1.15036
1.15036
1.14938
1.1495
1.14961
1.14971
1.14981
1.1499
1.14998
1.15006
1.15012
1.15018
1.15023
1.15027
1.1503
1.15033
1.15035
1.15036
1.15036
1.15036
1.15036
1.15028
1.15044
1.15057
1.15069
1.1508
1.15089
1.15098
1.15106
1.15113
1.15119
1.15125
1.15129
1.15133
1.15136
1.15138
1.15139
1.15038
1.15049
1.1506
1.1507
1.15081
1.1509
1.15099
1.15107
1.15114
1.1512
1.15125
1.1513
1.15133
1.15136
1.15138
1.15139
1.15139
1.15139
1.15139
1.15139
)
;
    }
}


// ************************************************************************* //
