/*--------------------------------*- C++ -*----------------------------------*\
| =========                 |                                                 |
| \\      /  F ield         | OpenFOAM: The Open Source CFD Toolbox           |
|  \\    /   O peration     | Version:                                        |
|   \\  /    A nd           | Website:  www.openfoam.com                      |
|    \\/     M anipulation  |                                                 |
\*---------------------------------------------------------------------------*/
FoamFile
{
    version     2.0;
    format      ascii;
    class       volScalarField;
    location    "1902.5/aluminum";
    object      T;
}
// * * * * * * * * * * * * * * * * * * * * * * * * * * * * * * * * * * * * * //

dimensions      [0 0 0 1 0 0 0];


internalField   nonuniform List<scalar> 
372
(
307.179
307.189
307.209
307.239
307.171
307.182
307.201
307.232
307.157
307.166
307.185
307.217
307.135
307.143
307.16
307.19
307.278
307.326
307.383
307.452
307.272
307.319
307.372
307.43
307.262
307.309
307.357
307.403
307.25
307.301
307.347
307.384
307.525
307.593
307.686
307.481
307.519
307.554
307.435
307.455
307.47
307.4
307.409
307.416
307.778
307.794
307.778
307.567
307.57
307.567
307.474
307.475
307.474
307.417
307.418
307.417
307.686
307.593
307.525
307.554
307.519
307.481
307.47
307.455
307.435
307.416
307.409
307.4
307.452
307.383
307.326
307.278
307.43
307.372
307.319
307.272
307.403
307.357
307.309
307.262
307.384
307.347
307.301
307.25
307.239
307.209
307.189
307.179
307.232
307.201
307.181
307.171
307.217
307.185
307.166
307.156
307.19
307.16
307.143
307.135
307.108
307.113
307.123
307.134
307.079
307.082
307.087
307.091
307.049
307.051
307.053
307.055
307.02
307.021
307.022
307.023
306.992
306.993
306.994
306.995
306.967
306.968
306.968
306.968
306.943
306.944
306.945
306.945
306.922
306.923
306.923
306.923
306.903
306.904
306.904
306.904
306.887
306.887
306.887
306.888
306.872
306.873
306.873
306.873
306.86
306.86
306.861
306.861
306.85
306.851
306.851
306.851
306.842
306.843
306.843
306.843
306.837
306.838
306.838
306.838
306.834
306.835
306.835
306.835
307.373
307.375
307.376
307.342
307.342
307.343
307.312
307.312
307.312
307.284
307.284
307.284
307.258
307.258
307.258
307.234
307.234
307.234
307.212
307.212
307.212
307.192
307.192
307.192
307.174
307.174
307.174
307.158
307.158
307.158
307.145
307.145
307.145
307.133
307.133
307.133
307.124
307.124
307.124
307.117
307.117
307.117
307.112
307.112
307.112
307.109
307.109
307.109
307.377
307.377
307.377
307.343
307.343
307.343
307.312
307.312
307.312
307.284
307.284
307.284
307.258
307.258
307.258
307.234
307.234
307.234
307.212
307.212
307.212
307.192
307.192
307.192
307.174
307.174
307.174
307.158
307.158
307.158
307.145
307.145
307.145
307.133
307.133
307.133
307.124
307.124
307.124
307.117
307.117
307.117
307.112
307.112
307.112
307.109
307.109
307.109
307.376
307.375
307.373
307.343
307.342
307.342
307.312
307.312
307.312
307.284
307.284
307.284
307.258
307.258
307.258
307.234
307.234
307.234
307.212
307.212
307.212
307.192
307.192
307.192
307.174
307.174
307.174
307.158
307.158
307.158
307.145
307.145
307.145
307.133
307.133
307.133
307.124
307.124
307.124
307.117
307.117
307.117
307.112
307.112
307.112
307.109
307.109
307.109
307.134
307.123
307.113
307.108
307.091
307.087
307.082
307.079
307.055
307.053
307.051
307.049
307.023
307.022
307.021
307.02
306.995
306.994
306.993
306.992
306.968
306.968
306.968
306.967
306.945
306.945
306.944
306.943
306.923
306.923
306.923
306.922
306.904
306.904
306.904
306.903
306.888
306.887
306.887
306.887
306.873
306.873
306.873
306.872
306.861
306.861
306.861
306.86
306.851
306.851
306.851
306.85
306.844
306.843
306.843
306.843
306.838
306.838
306.838
306.838
306.836
306.836
306.835
306.835
)
;

boundaryField
{
    base_hotspot
    {
        type            fixedGradient;
        gradient        uniform 203.252;
    }
    base_adiabatic
    {
        type            zeroGradient;
    }
    front
    {
        type            empty;
    }
    back
    {
        type            empty;
    }
    aluminum_to_air
    {
        type            compressible::turbulentTemperatureCoupledBaffleMixed;
        refValue        nonuniform List<scalar> 
129
(
294.567
294.534
294.543
294.568
307.188
307.254
307.308
307.354
307.354
307.308
307.253
307.188
294.326
294.241
294.224
294.247
294.598
307.188
294.631
307.124
294.667
307.081
294.706
307.046
294.746
307.017
294.785
306.989
294.823
306.963
294.858
306.937
294.89
306.907
294.918
306.871
294.942
306.819
294.962
306.742
294.976
306.625
294.987
306.455
294.982
306.226
296.11
295.038
297.349
298.686
305.812
299.95
307.354
307.313
307.279
307.249
307.222
307.196
307.172
307.147
307.121
307.09
307.049
306.991
306.909
306.799
306.609
306.076
301.126
300.913
300.666
300.505
300.422
300.341
307.354
307.312
307.278
307.247
307.218
307.189
307.157
307.113
307.044
306.925
306.751
306.573
306.462
306.434
306.407
300.189
299.992
305.686
299.812
307.188
307.123
307.08
307.044
307.012
306.98
306.943
306.891
306.805
306.663
306.469
306.285
306.171
306.115
306.032
305.816
294.288
294.334
294.382
294.428
294.472
294.514
294.554
294.591
294.626
294.66
294.691
294.721
294.748
294.775
294.792
304.623
302.453
299.715
297.373
294.858
)
;
        refGradient     uniform 0;
        valueFraction   nonuniform List<scalar> 
129
(
2.89995e-05
2.89995e-05
2.89995e-05
2.89995e-05
0.000144981
0.000144981
0.000144981
0.000144981
0.000144981
0.000144981
0.000144981
0.000144981
2.89995e-05
2.89995e-05
2.89995e-05
2.89995e-05
2.89995e-05
0.000144981
2.89995e-05
0.000144981
2.89995e-05
0.000144981
2.89995e-05
0.000144981
2.89995e-05
0.000144981
2.89995e-05
0.000144981
2.89995e-05
0.000144981
2.89995e-05
0.000144981
2.89995e-05
0.000144981
2.89995e-05
0.000144981
2.89995e-05
0.000144981
2.89995e-05
0.000144981
2.89995e-05
0.000144981
2.89995e-05
0.000144981
2.89995e-05
0.000144981
3.62491e-05
2.89995e-05
3.62491e-05
3.62491e-05
0.000144981
3.62491e-05
8.21599e-05
8.21599e-05
8.21599e-05
8.21599e-05
8.21599e-05
8.21599e-05
8.21599e-05
8.21599e-05
8.21599e-05
8.21599e-05
8.21599e-05
8.21599e-05
8.21599e-05
8.21599e-05
8.21599e-05
8.21599e-05
3.62491e-05
3.62491e-05
3.62491e-05
3.62491e-05
3.62491e-05
3.62491e-05
8.21599e-05
8.21599e-05
8.21599e-05
8.21599e-05
8.21599e-05
8.21599e-05
8.21599e-05
8.21599e-05
8.21599e-05
8.21599e-05
8.21599e-05
8.21599e-05
8.21599e-05
8.21599e-05
8.21599e-05
3.62491e-05
3.62491e-05
8.21599e-05
3.62491e-05
0.000144981
0.000144981
0.000144981
0.000144981
0.000144981
0.000144981
0.000144981
0.000144981
0.000144981
0.000144981
0.000144981
0.000144981
0.000144981
0.000144981
0.000144981
0.000144981
2.89995e-05
2.89995e-05
2.89995e-05
2.89995e-05
2.89995e-05
2.89995e-05
2.89995e-05
2.89995e-05
2.89995e-05
2.89995e-05
2.89995e-05
2.89995e-05
2.89995e-05
2.89995e-05
2.89995e-05
3.62491e-05
3.62491e-05
3.62491e-05
3.62491e-05
2.89995e-05
)
;
        value           nonuniform List<scalar> 
129
(
307.178
307.171
307.156
307.134
307.25
307.301
307.346
307.384
307.384
307.346
307.301
307.25
307.178
307.171
307.156
307.134
307.107
307.134
307.078
307.091
307.048
307.055
307.019
307.023
306.992
306.994
306.966
306.968
306.943
306.944
306.922
306.923
306.903
306.904
306.886
306.887
306.871
306.873
306.859
306.861
306.849
306.851
306.842
306.843
306.836
306.838
306.833
306.833
306.834
306.834
306.835
306.834
307.372
307.342
307.312
307.283
307.257
307.233
307.211
307.191
307.174
307.158
307.144
307.133
307.124
307.117
307.112
307.109
307.109
307.109
307.109
307.109
307.109
307.109
307.372
307.342
307.312
307.283
307.257
307.233
307.211
307.191
307.174
307.158
307.144
307.133
307.123
307.116
307.111
307.109
307.109
307.109
307.108
307.134
307.091
307.055
307.023
306.994
306.968
306.944
306.923
306.904
306.887
306.873
306.86
306.851
306.843
306.838
306.835
307.107
307.078
307.048
307.019
306.992
306.966
306.943
306.922
306.903
306.886
306.871
306.859
306.85
306.842
306.837
306.835
306.835
306.835
306.834
306.834
)
;
        Tnbr            T;
        thicknessLayers 0();
        kappaLayers     0();
        kappaMethod     solidThermo;
        kappa           none;
        alphaAni        none;
        alpha           none;
    }
}


// ************************************************************************* //
