/*--------------------------------*- C++ -*----------------------------------*\
| =========                 |                                                 |
| \\      /  F ield         | OpenFOAM: The Open Source CFD Toolbox           |
|  \\    /   O peration     | Version:                                        |
|   \\  /    A nd           | Website:  www.openfoam.com                      |
|    \\/     M anipulation  |                                                 |
\*---------------------------------------------------------------------------*/
FoamFile
{
    version     2.0;
    format      ascii;
    class       volScalarField;
    location    "1816.0/aluminum";
    object      T;
}
// * * * * * * * * * * * * * * * * * * * * * * * * * * * * * * * * * * * * * //

dimensions      [0 0 0 1 0 0 0];


internalField   nonuniform List<scalar> 
372
(
306.565
306.575
306.595
306.625
306.558
306.568
306.588
306.618
306.543
306.552
306.572
306.603
306.521
306.529
306.546
306.576
306.665
306.712
306.769
306.838
306.658
306.705
306.758
306.816
306.648
306.695
306.743
306.789
306.636
306.687
306.733
306.77
306.911
306.979
307.072
306.867
306.904
306.939
306.821
306.841
306.856
306.785
306.795
306.801
307.164
307.18
307.164
306.953
306.956
306.953
306.86
306.86
306.86
306.803
306.803
306.803
307.072
306.979
306.911
306.939
306.904
306.867
306.855
306.841
306.821
306.801
306.795
306.785
306.838
306.768
306.712
306.664
306.816
306.758
306.705
306.658
306.789
306.743
306.695
306.648
306.77
306.733
306.687
306.636
306.625
306.595
306.575
306.565
306.618
306.588
306.568
306.558
306.603
306.572
306.552
306.543
306.576
306.546
306.529
306.521
306.495
306.5
306.509
306.52
306.465
306.468
306.473
306.478
306.435
306.437
306.44
306.442
306.406
306.408
306.409
306.41
306.379
306.38
306.381
306.381
306.354
306.354
306.355
306.355
306.33
306.331
306.331
306.332
306.309
306.31
306.31
306.31
306.29
306.291
306.291
306.291
306.274
306.274
306.274
306.275
306.259
306.26
306.26
306.26
306.247
306.248
306.248
306.248
306.237
306.238
306.238
306.238
306.23
306.23
306.23
306.231
306.225
306.225
306.225
306.225
306.222
306.222
306.222
306.222
306.758
306.76
306.762
306.727
306.728
306.728
306.697
306.698
306.698
306.669
306.669
306.669
306.643
306.643
306.643
306.619
306.619
306.619
306.597
306.597
306.597
306.577
306.577
306.577
306.559
306.559
306.559
306.544
306.544
306.544
306.53
306.53
306.53
306.519
306.519
306.519
306.509
306.51
306.51
306.502
306.502
306.502
306.498
306.498
306.498
306.495
306.495
306.495
306.763
306.763
306.763
306.729
306.729
306.729
306.698
306.698
306.698
306.669
306.669
306.669
306.643
306.643
306.643
306.619
306.619
306.619
306.597
306.597
306.597
306.577
306.577
306.577
306.559
306.559
306.559
306.544
306.544
306.544
306.53
306.53
306.53
306.519
306.519
306.519
306.51
306.51
306.51
306.503
306.503
306.503
306.498
306.498
306.498
306.495
306.495
306.495
306.762
306.76
306.758
306.728
306.728
306.727
306.698
306.698
306.697
306.669
306.669
306.669
306.643
306.643
306.643
306.619
306.619
306.619
306.597
306.597
306.597
306.577
306.577
306.577
306.559
306.559
306.559
306.544
306.544
306.544
306.53
306.53
306.53
306.519
306.519
306.519
306.51
306.51
306.509
306.503
306.502
306.502
306.498
306.498
306.498
306.495
306.495
306.495
306.52
306.509
306.5
306.494
306.478
306.473
306.468
306.465
306.442
306.44
306.437
306.435
306.41
306.409
306.407
306.406
306.381
306.38
306.38
306.379
306.355
306.355
306.354
306.353
306.331
306.331
306.331
306.33
306.31
306.31
306.309
306.309
306.291
306.291
306.29
306.29
306.274
306.274
306.274
306.273
306.26
306.26
306.259
306.259
306.248
306.248
306.247
306.247
306.238
306.238
306.238
306.237
306.231
306.231
306.23
306.23
306.225
306.225
306.225
306.225
306.222
306.223
306.222
306.222
)
;

boundaryField
{
    base_hotspot
    {
        type            fixedGradient;
        gradient        uniform 203.252;
    }
    base_adiabatic
    {
        type            zeroGradient;
    }
    front
    {
        type            empty;
    }
    back
    {
        type            empty;
    }
    aluminum_to_air
    {
        type            compressible::turbulentTemperatureCoupledBaffleMixed;
        refValue        nonuniform List<scalar> 
129
(
294.49
294.489
294.534
294.593
306.574
306.64
306.694
306.74
306.739
306.692
306.638
306.573
294.243
294.183
294.189
294.226
294.655
306.574
294.718
306.51
294.781
306.467
294.846
306.433
294.914
306.403
294.984
306.376
295.058
306.35
295.134
306.323
295.211
306.292
295.288
306.254
295.364
306.199
295.437
306.119
295.503
306
295.559
305.829
295.589
305.591
296.13
295.672
297.04
297.954
305.087
298.788
306.74
306.698
306.664
306.635
306.607
306.582
306.557
306.532
306.505
306.473
306.429
306.368
306.28
306.156
305.969
305.507
300.783
301.061
301.356
301.567
301.68
301.795
306.739
306.696
306.66
306.628
306.597
306.567
306.539
306.51
306.481
306.448
306.407
306.347
306.249
306.094
305.911
302.017
302.352
305.768
302.716
306.573
306.507
306.462
306.425
306.391
306.359
306.329
306.299
306.267
306.232
306.187
306.118
306.006
305.796
305.27
304.065
294.272
294.319
294.364
294.405
294.444
294.48
294.515
294.55
294.585
294.62
294.658
294.697
294.737
294.779
294.813
300.926
301.837
301.791
299.137
294.895
)
;
        refGradient     uniform 0;
        valueFraction   nonuniform List<scalar> 
129
(
2.89995e-05
2.89995e-05
2.89995e-05
2.89995e-05
0.000144981
0.000144981
0.000144981
0.000144981
0.000144981
0.000144981
0.000144981
0.000144981
2.89995e-05
2.89995e-05
2.89995e-05
2.89995e-05
2.89995e-05
0.000144981
2.89995e-05
0.000144981
2.89995e-05
0.000144981
2.89995e-05
0.000144981
2.89995e-05
0.000144981
2.89995e-05
0.000144981
2.89995e-05
0.000144981
2.89995e-05
0.000144981
2.89995e-05
0.000144981
2.89995e-05
0.000144981
2.89995e-05
0.000144981
2.89995e-05
0.000144981
2.89995e-05
0.000144981
2.89995e-05
0.000144981
2.89995e-05
0.000144981
3.62491e-05
2.89995e-05
3.62491e-05
3.62491e-05
0.000144981
3.62491e-05
8.21599e-05
8.21599e-05
8.21599e-05
8.21599e-05
8.21599e-05
8.21599e-05
8.21599e-05
8.21599e-05
8.21599e-05
8.21599e-05
8.21599e-05
8.21599e-05
8.21599e-05
8.21599e-05
8.21599e-05
8.21599e-05
3.62491e-05
3.62491e-05
3.62491e-05
3.62491e-05
3.62491e-05
3.62491e-05
8.21599e-05
8.21599e-05
8.21599e-05
8.21599e-05
8.21599e-05
8.21599e-05
8.21599e-05
8.21599e-05
8.21599e-05
8.21599e-05
8.21599e-05
8.21599e-05
8.21599e-05
8.21599e-05
8.21599e-05
3.62491e-05
3.62491e-05
8.21599e-05
3.62491e-05
0.000144981
0.000144981
0.000144981
0.000144981
0.000144981
0.000144981
0.000144981
0.000144981
0.000144981
0.000144981
0.000144981
0.000144981
0.000144981
0.000144981
0.000144981
0.000144981
2.89995e-05
2.89995e-05
2.89995e-05
2.89995e-05
2.89995e-05
2.89995e-05
2.89995e-05
2.89995e-05
2.89995e-05
2.89995e-05
2.89995e-05
2.89995e-05
2.89995e-05
2.89995e-05
2.89995e-05
3.62491e-05
3.62491e-05
3.62491e-05
3.62491e-05
2.89995e-05
)
;
        value           nonuniform List<scalar> 
129
(
306.564
306.557
306.542
306.521
306.636
306.687
306.732
306.769
306.769
306.732
306.687
306.636
306.564
306.557
306.542
306.52
306.494
306.52
306.464
306.477
306.435
306.442
306.406
306.41
306.378
306.381
306.353
306.355
306.33
306.331
306.309
306.31
306.29
306.291
306.273
306.274
306.259
306.26
306.247
306.248
306.237
306.238
306.229
306.23
306.224
306.225
306.221
306.221
306.221
306.222
306.222
306.222
306.758
306.727
306.697
306.669
306.643
306.618
306.596
306.577
306.559
306.543
306.53
306.518
306.509
306.502
306.497
306.494
306.494
306.494
306.495
306.495
306.495
306.495
306.758
306.727
306.697
306.669
306.643
306.618
306.596
306.577
306.559
306.543
306.53
306.518
306.509
306.502
306.497
306.495
306.495
306.495
306.495
306.52
306.477
306.441
306.409
306.381
306.355
306.331
306.31
306.291
306.274
306.26
306.247
306.238
306.23
306.225
306.222
306.494
306.464
306.434
306.405
306.378
306.353
306.329
306.308
306.289
306.273
306.258
306.246
306.237
306.229
306.224
306.222
306.222
306.222
306.221
306.221
)
;
        Tnbr            T;
        thicknessLayers 0();
        kappaLayers     0();
        kappaMethod     solidThermo;
        kappa           none;
        alphaAni        none;
        alpha           none;
    }
}


// ************************************************************************* //
