/*--------------------------------*- C++ -*----------------------------------*\
| =========                 |                                                 |
| \\      /  F ield         | OpenFOAM: The Open Source CFD Toolbox           |
|  \\    /   O peration     | Version:                                        |
|   \\  /    A nd           | Website:  www.openfoam.com                      |
|    \\/     M anipulation  |                                                 |
\*---------------------------------------------------------------------------*/
FoamFile
{
    version     2.0;
    format      ascii;
    class       volScalarField;
    location    "1882.0/air";
    object      rho;
}
// * * * * * * * * * * * * * * * * * * * * * * * * * * * * * * * * * * * * * //

dimensions      [1 -3 0 0 0 0 0];


internalField   nonuniform List<scalar> 
2228
(
1.14982
1.14958
1.14937
1.1492
1.15006
1.14982
1.14958
1.14935
1.15022
1.15
1.14974
1.14948
1.15035
1.15013
1.14986
1.14959
1.15046
1.15024
1.14997
1.14969
1.15056
1.15034
1.15007
1.14978
1.15066
1.15045
1.15017
1.14987
1.15075
1.15058
1.15029
1.14996
1.15086
1.15074
1.15044
1.15006
1.151
1.151
1.15066
1.15018
1.1512
1.15141
1.15101
1.15033
1.15149
1.15208
1.15158
1.15055
1.15192
1.15315
1.15249
1.15086
1.15256
1.15487
1.15405
1.15132
1.15349
1.15763
1.15696
1.15215
1.15561
1.16211
1.16221
1.15444
1.1492
1.14937
1.14958
1.14982
1.14935
1.14958
1.14982
1.15006
1.14948
1.14974
1.15
1.15022
1.14959
1.14986
1.15013
1.15035
1.14969
1.14997
1.15024
1.15046
1.14979
1.15008
1.15036
1.15057
1.14989
1.15021
1.15049
1.15067
1.14999
1.15036
1.15066
1.15079
1.15012
1.15061
1.15092
1.15093
1.15031
1.1511
1.15148
1.15118
1.15071
1.15237
1.15285
1.15167
1.15157
1.15567
1.15593
1.15268
1.15318
1.16163
1.16084
1.15422
1.15569
1.16827
1.16542
1.15554
1.15871
1.17283
1.1684
1.15592
1.16099
1.17465
1.17176
1.1564
1.19296
1.18971
1.18657
1.18384
1.20454
1.20565
1.20594
1.20572
1.20453
1.20518
1.20576
1.20615
1.20433
1.20437
1.20445
1.20456
1.20434
1.20434
1.20433
1.20432
1.20431
1.20431
1.20431
1.2043
1.20428
1.20428
1.20428
1.20428
1.20424
1.20424
1.20424
1.20424
1.20407
1.20406
1.20405
1.20405
1.20359
1.20357
1.20356
1.20354
1.20308
1.20306
1.20304
1.20303
1.20271
1.20269
1.20267
1.20266
1.20224
1.20222
1.20221
1.20219
1.20162
1.20161
1.20159
1.20158
1.20093
1.20089
1.20086
1.20083
1.20026
1.20021
1.20014
1.20006
1.20016
1.20021
1.20027
1.20036
1.20093
1.20097
1.20101
1.20105
1.20102
1.20099
1.20095
1.20091
1.20129
1.20123
1.20119
1.20118
1.18162
1.18078
1.18062
1.17881
1.20502
1.20432
1.20374
1.20298
1.20641
1.20657
1.2066
1.20644
1.20471
1.20491
1.20517
1.20549
1.20433
1.20435
1.20441
1.20451
1.20429
1.20428
1.20427
1.20427
1.20428
1.20428
1.20427
1.20426
1.20424
1.20424
1.20424
1.20424
1.20404
1.20404
1.20403
1.20403
1.20353
1.20352
1.20351
1.20351
1.20301
1.203
1.20298
1.20297
1.20264
1.20262
1.2026
1.20259
1.20218
1.20217
1.20215
1.20214
1.20157
1.20155
1.20154
1.20152
1.20081
1.20079
1.20076
1.20074
1.20003
1.20006
1.20013
1.20024
1.20048
1.20062
1.20077
1.20092
1.20108
1.20109
1.20109
1.20105
1.20087
1.20081
1.20076
1.20069
1.20117
1.20115
1.20111
1.20105
1.1772
1.17575
1.17383
1.20204
1.20106
1.19959
1.2061
1.20567
1.205
1.20574
1.20588
1.20593
1.20464
1.20477
1.20492
1.20428
1.20429
1.20432
1.20425
1.20424
1.20424
1.20424
1.20423
1.20423
1.20402
1.20402
1.20402
1.2035
1.2035
1.2035
1.20296
1.20296
1.20295
1.20258
1.20257
1.20256
1.20213
1.20212
1.20211
1.20151
1.20151
1.2015
1.20073
1.20072
1.20071
1.20035
1.20044
1.20054
1.20102
1.20109
1.20114
1.20099
1.20094
1.20088
1.20064
1.2006
1.20057
1.20102
1.20103
1.20104
1.17221
1.17124
1.17018
1.19823
1.19739
1.19641
1.20433
1.20388
1.20336
1.20584
1.20575
1.2056
1.20505
1.20511
1.20518
1.20435
1.20437
1.2044
1.20423
1.20423
1.20423
1.20423
1.20422
1.20422
1.20402
1.20402
1.20402
1.2035
1.2035
1.2035
1.20295
1.20295
1.20295
1.20255
1.20255
1.20254
1.20211
1.2021
1.2021
1.20149
1.20149
1.20149
1.20071
1.2007
1.2007
1.20061
1.20065
1.20069
1.20116
1.20117
1.20118
1.20083
1.2008
1.20077
1.20054
1.20053
1.20052
1.20104
1.20104
1.20103
1.16792
1.16409
1.16034
1.19418
1.18971
1.18405
1.20215
1.19949
1.19563
1.20523
1.20417
1.20235
1.2053
1.20541
1.20534
1.20445
1.20456
1.2047
1.20423
1.20423
1.20425
1.20422
1.20421
1.20421
1.20402
1.20402
1.20402
1.2035
1.2035
1.20351
1.20294
1.20294
1.20294
1.20254
1.20253
1.20252
1.2021
1.20209
1.20208
1.20149
1.20148
1.20148
1.2007
1.2007
1.20072
1.20077
1.20089
1.20101
1.20118
1.20117
1.20113
1.20071
1.20062
1.20053
1.2005
1.20047
1.20044
1.20103
1.20102
1.20103
1.15964
1.17119
1.17993
1.17654
1.17463
1.17078
1.17574
1.18529
1.18765
1.17811
1.1751
1.17984
1.19821
1.19061
1.18438
1.18251
1.20471
1.20232
1.19872
1.1956
1.20493
1.20511
1.20491
1.20426
1.20431
1.20444
1.20462
1.20478
1.2042
1.2042
1.20421
1.20425
1.20402
1.20401
1.20401
1.20401
1.20351
1.20352
1.20353
1.20355
1.20294
1.20294
1.20295
1.20296
1.20251
1.2025
1.20249
1.20248
1.20207
1.20205
1.20204
1.20203
1.20147
1.20145
1.20143
1.20142
1.20077
1.2009
1.20108
1.20131
1.20116
1.20131
1.20137
1.20131
1.20103
1.20084
1.20059
1.2003
1.20039
1.20022
1.20007
1.19996
1.20042
1.20041
1.20042
1.20044
1.20106
1.2011
1.20116
1.20117
1.17275
1.17133
1.17898
1.18847
1.1898
1.1919
1.19878
1.20403
1.18747
1.19407
1.19956
1.20315
1.18472
1.18905
1.1936
1.19742
1.19416
1.19452
1.19601
1.19807
1.20349
1.20296
1.20283
1.2031
1.20485
1.20485
1.2048
1.20474
1.20429
1.20433
1.20435
1.20435
1.20401
1.20401
1.20402
1.20402
1.20356
1.20358
1.2036
1.20362
1.20297
1.20299
1.20302
1.20305
1.20248
1.20248
1.2025
1.20251
1.20202
1.20202
1.20201
1.20202
1.20142
1.20148
1.20161
1.20184
1.20154
1.2017
1.20173
1.2016
1.20111
1.20081
1.20046
1.20012
1.20002
1.19977
1.19958
1.19948
1.19989
1.19986
1.19987
1.19991
1.20048
1.20052
1.20056
1.2006
1.20124
1.20127
1.20125
1.20124
1.20432
1.20432
1.20432
1.20432
1.20432
1.20432
1.20442
1.20482
1.20521
1.20531
1.20528
1.20524
1.20521
1.20531
1.2057
1.20609
1.20622
1.20637
1.20642
1.19958
1.20432
1.20432
1.20432
1.20432
1.20432
1.20432
1.2044
1.20479
1.20519
1.20529
1.20526
1.20522
1.20521
1.20534
1.20575
1.20605
1.20608
1.2061
1.20593
1.19972
1.20431
1.20431
1.20431
1.20431
1.20431
1.20432
1.20437
1.20471
1.20513
1.20525
1.20522
1.20518
1.2052
1.20539
1.20578
1.20593
1.20579
1.20562
1.20552
1.19967
1.20431
1.20431
1.20431
1.20431
1.20431
1.20431
1.20434
1.20459
1.20502
1.2052
1.20518
1.20514
1.20518
1.20541
1.20575
1.20574
1.20543
1.20518
1.20534
1.19954
1.20431
1.20431
1.20431
1.20431
1.20431
1.20431
1.20432
1.20448
1.20488
1.20513
1.20513
1.2051
1.20517
1.20541
1.20568
1.20554
1.20512
1.20486
1.20524
1.1994
1.20431
1.20431
1.20431
1.20431
1.20431
1.20431
1.20431
1.20439
1.20472
1.20503
1.20508
1.20506
1.20514
1.20539
1.2056
1.20536
1.20491
1.20468
1.20514
1.19924
1.20431
1.20431
1.20431
1.20431
1.20431
1.20431
1.20431
1.20434
1.20458
1.20492
1.20503
1.20502
1.2051
1.20534
1.20551
1.20522
1.20478
1.20461
1.20505
1.19908
1.20431
1.20431
1.20431
1.20431
1.20431
1.20431
1.20431
1.20431
1.20447
1.20478
1.20497
1.20498
1.20505
1.20528
1.20542
1.20513
1.2047
1.2046
1.20496
1.1989
1.20431
1.20431
1.20431
1.20431
1.20431
1.20431
1.20431
1.2043
1.20439
1.20465
1.20489
1.20494
1.205
1.2052
1.20534
1.20505
1.20467
1.20461
1.2049
1.19871
1.20431
1.20431
1.20431
1.20431
1.20431
1.20431
1.20431
1.2043
1.20434
1.20454
1.2048
1.2049
1.20495
1.20511
1.20526
1.205
1.20465
1.20462
1.20484
1.19852
1.20431
1.20431
1.20431
1.20431
1.20431
1.20431
1.20431
1.2043
1.20431
1.20445
1.20469
1.20485
1.2049
1.20502
1.20518
1.20496
1.20465
1.20463
1.20479
1.19832
1.20431
1.20431
1.20431
1.20431
1.20431
1.20431
1.20431
1.20431
1.2043
1.20438
1.20459
1.20478
1.20486
1.20495
1.20509
1.20492
1.20466
1.20464
1.20475
1.19811
1.20431
1.20431
1.20431
1.20431
1.20431
1.20431
1.20431
1.20431
1.2043
1.20434
1.20451
1.20471
1.20481
1.20488
1.20501
1.20488
1.20467
1.20465
1.20472
1.19789
1.20431
1.20431
1.20431
1.20431
1.20431
1.20431
1.20431
1.20431
1.2043
1.20432
1.20444
1.20463
1.20476
1.20483
1.20493
1.20484
1.20468
1.20465
1.20469
1.19766
1.20431
1.20431
1.20431
1.20431
1.20431
1.20431
1.20431
1.20431
1.2043
1.2043
1.20438
1.20455
1.2047
1.20478
1.20486
1.2048
1.20469
1.20466
1.20467
1.19742
1.20431
1.20431
1.20431
1.20431
1.20431
1.20431
1.20431
1.20431
1.2043
1.2043
1.20434
1.20448
1.20464
1.20474
1.2048
1.20477
1.20469
1.20467
1.20466
1.19717
1.2043
1.2043
1.2043
1.2043
1.20431
1.20431
1.20431
1.20431
1.20431
1.2043
1.20432
1.20442
1.20457
1.20469
1.20476
1.20474
1.20469
1.20467
1.20465
1.19691
1.2043
1.2043
1.2043
1.2043
1.2043
1.2043
1.2043
1.20431
1.20431
1.2043
1.20431
1.20438
1.20451
1.20463
1.20472
1.20471
1.20469
1.20467
1.20465
1.19664
1.2043
1.2043
1.2043
1.2043
1.2043
1.2043
1.2043
1.2043
1.20431
1.2043
1.2043
1.20435
1.20445
1.20458
1.20467
1.20469
1.20469
1.20467
1.20465
1.19639
1.2043
1.2043
1.2043
1.2043
1.2043
1.2043
1.2043
1.2043
1.2043
1.2043
1.2043
1.20432
1.20441
1.20452
1.20463
1.20467
1.20469
1.20466
1.20466
1.19588
1.2043
1.2043
1.2043
1.2043
1.2043
1.2043
1.20431
1.20431
1.20431
1.20431
1.2043
1.2043
1.20434
1.20441
1.2045
1.20459
1.20465
1.20462
1.20464
1.19935
1.2043
1.20429
1.20423
1.20413
1.20406
1.20406
1.20412
1.20421
1.20428
1.20431
1.20432
1.20431
1.20431
1.20432
1.20437
1.20443
1.2045
1.20452
1.20448
1.20151
1.20426
1.20396
1.20357
1.20322
1.20304
1.20308
1.20332
1.20366
1.20398
1.20418
1.20428
1.20431
1.20431
1.2043
1.20431
1.20434
1.20438
1.2044
1.20443
1.2038
1.20395
1.20322
1.20264
1.20226
1.20207
1.20207
1.20231
1.20279
1.20337
1.20383
1.20412
1.20425
1.2043
1.20431
1.20431
1.20431
1.20432
1.20434
1.20435
1.20432
1.20367
1.20277
1.20219
1.20189
1.20177
1.20171
1.20176
1.20207
1.20268
1.20335
1.20383
1.20411
1.20424
1.20429
1.2043
1.20431
1.2043
1.20431
1.20431
1.20434
1.20352
1.20256
1.20202
1.20179
1.20169
1.20166
1.20161
1.2017
1.20216
1.20288
1.20352
1.20392
1.20412
1.20423
1.20428
1.20429
1.2043
1.2043
1.2043
1.20431
1.2034
1.20239
1.2019
1.20173
1.20164
1.20159
1.20158
1.20156
1.20184
1.20252
1.20325
1.20374
1.204
1.20413
1.20421
1.20425
1.20427
1.20428
1.20428
1.20428
1.20324
1.20218
1.20177
1.20166
1.20157
1.20149
1.20151
1.20151
1.20167
1.20227
1.20306
1.2036
1.20389
1.20404
1.20412
1.20417
1.20421
1.20422
1.20423
1.20424
1.20304
1.20193
1.20165
1.20162
1.20148
1.20137
1.20142
1.20147
1.20158
1.20214
1.20295
1.20353
1.20382
1.20396
1.20403
1.20409
1.20412
1.20413
1.20412
1.20409
1.20282
1.20169
1.20159
1.20157
1.20137
1.20127
1.20135
1.20145
1.20154
1.20207
1.20291
1.2035
1.20377
1.20389
1.20394
1.20395
1.20391
1.20385
1.20375
1.20365
1.2026
1.20151
1.20159
1.20152
1.20126
1.20121
1.20133
1.20143
1.20153
1.20208
1.20292
1.20349
1.20371
1.20378
1.20376
1.20367
1.20353
1.2034
1.20326
1.20315
1.20233
1.20139
1.2016
1.20145
1.2012
1.2012
1.20133
1.20142
1.20155
1.20213
1.20294
1.20344
1.20359
1.20358
1.20348
1.20334
1.20319
1.20304
1.2029
1.20278
1.20213
1.20133
1.2016
1.20141
1.20117
1.2012
1.20132
1.2014
1.2016
1.2022
1.20295
1.20331
1.20336
1.20328
1.20312
1.20293
1.20273
1.20254
1.20239
1.20229
1.20196
1.20128
1.20159
1.20141
1.20117
1.20119
1.2013
1.20142
1.20168
1.20226
1.20287
1.20306
1.20302
1.20286
1.20263
1.20234
1.20207
1.20188
1.20175
1.20167
1.20167
1.20122
1.20158
1.20146
1.20122
1.2012
1.20131
1.20147
1.20177
1.20226
1.20265
1.2027
1.20257
1.20231
1.20195
1.2016
1.2014
1.2013
1.20118
1.20103
1.20151
1.20113
1.20153
1.20154
1.20134
1.20127
1.20137
1.20155
1.20182
1.20216
1.20231
1.20224
1.20198
1.20161
1.20123
1.20105
1.20104
1.20094
1.20074
1.20041
1.20143
1.20102
1.20137
1.20156
1.20154
1.20146
1.20151
1.20166
1.20184
1.20199
1.20189
1.20157
1.20124
1.201
1.20089
1.20096
1.2009
1.20081
1.20064
1.20025
1.20148
1.20099
1.20116
1.20134
1.20147
1.20151
1.20154
1.20158
1.20155
1.20136
1.20094
1.20077
1.20086
1.20106
1.20104
1.20087
1.20097
1.20117
1.20109
1.20092
1.20172
1.20126
1.20128
1.20125
1.20125
1.20128
1.20128
1.20125
1.20117
1.20109
1.20108
1.20114
1.20119
1.20108
1.20095
1.2011
1.20139
1.20146
1.20132
1.20111
1.20229
1.20213
1.20222
1.20217
1.2021
1.20209
1.20205
1.20205
1.20202
1.20201
1.202
1.20196
1.20193
1.20186
1.20175
1.20183
1.20188
1.20196
1.20177
1.20143
1.19946
1.20748
1.20609
1.2058
1.2057
1.20561
1.20552
1.20545
1.20539
1.20532
1.20527
1.20522
1.20518
1.20514
1.20511
1.20508
1.20505
1.20502
1.20499
1.20492
1.19968
1.20699
1.20589
1.2057
1.20563
1.20555
1.20548
1.20542
1.20536
1.20531
1.20525
1.2052
1.20516
1.20512
1.20509
1.20506
1.20503
1.205
1.20498
1.20489
1.19964
1.20633
1.2055
1.2055
1.20548
1.20543
1.2054
1.20536
1.20532
1.20527
1.20521
1.20516
1.20512
1.20508
1.20505
1.20502
1.20499
1.20497
1.20494
1.20482
1.19948
1.20585
1.20512
1.20525
1.20526
1.20525
1.20526
1.20526
1.20524
1.2052
1.20515
1.2051
1.20506
1.20501
1.20498
1.20495
1.20493
1.20491
1.20488
1.20472
1.1993
1.20555
1.20481
1.20498
1.20501
1.20505
1.2051
1.20513
1.20514
1.20511
1.20507
1.20502
1.20498
1.20493
1.2049
1.20487
1.20485
1.20484
1.20479
1.20458
1.19911
1.20535
1.20457
1.20473
1.20477
1.20485
1.20493
1.20499
1.20502
1.20501
1.20498
1.20493
1.20488
1.20484
1.2048
1.20478
1.20477
1.20475
1.20469
1.20445
1.19895
1.20522
1.20439
1.20455
1.2046
1.20469
1.20478
1.20486
1.2049
1.20491
1.20488
1.20484
1.20479
1.20474
1.20471
1.20469
1.20467
1.20466
1.20458
1.20432
1.19879
1.20513
1.20428
1.20444
1.20448
1.20457
1.20466
1.20474
1.20479
1.2048
1.20478
1.20474
1.2047
1.20465
1.20462
1.20459
1.20458
1.20456
1.20446
1.20421
1.19866
1.20508
1.2042
1.20437
1.20441
1.20448
1.20456
1.20464
1.20469
1.2047
1.20469
1.20465
1.20461
1.20457
1.20453
1.20451
1.20449
1.20446
1.20434
1.20412
1.19853
1.20506
1.20417
1.20436
1.20436
1.20442
1.20449
1.20455
1.2046
1.20462
1.2046
1.20457
1.20453
1.20449
1.20445
1.20442
1.2044
1.20436
1.20421
1.20405
1.19842
1.2051
1.20419
1.2044
1.20432
1.20438
1.20444
1.20449
1.20453
1.20454
1.20453
1.2045
1.20446
1.20441
1.20436
1.20433
1.2043
1.20424
1.20409
1.20399
1.19832
1.2052
1.2043
1.20452
1.20429
1.20435
1.2044
1.20444
1.20447
1.20448
1.20447
1.20444
1.20439
1.20433
1.20427
1.20423
1.20419
1.20412
1.20398
1.20394
1.19824
1.20539
1.20454
1.20471
1.20427
1.20433
1.20437
1.2044
1.20443
1.20444
1.20442
1.20438
1.20432
1.20425
1.20418
1.20413
1.20408
1.204
1.20387
1.20388
1.19817
1.20564
1.20489
1.20495
1.20425
1.20431
1.20435
1.20437
1.20439
1.20439
1.20437
1.20433
1.20425
1.20416
1.20408
1.20402
1.20398
1.20388
1.20376
1.20383
1.19812
1.20593
1.20525
1.20515
1.20423
1.20429
1.20433
1.20435
1.20436
1.20436
1.20433
1.20427
1.20418
1.20408
1.20399
1.20393
1.20387
1.20377
1.20366
1.20378
1.19809
1.20618
1.20551
1.20527
1.20424
1.20428
1.20431
1.20433
1.20434
1.20432
1.20428
1.2042
1.2041
1.204
1.20392
1.20385
1.20379
1.20368
1.20358
1.20374
1.19808
1.20635
1.20558
1.2053
1.20429
1.20426
1.2043
1.20431
1.20431
1.20429
1.20423
1.20414
1.20403
1.20393
1.20385
1.20379
1.20372
1.2036
1.2035
1.2037
1.1981
1.20642
1.20549
1.20529
1.20441
1.20424
1.20428
1.20429
1.20428
1.20425
1.20418
1.20408
1.20397
1.20387
1.20381
1.20376
1.20367
1.20353
1.20343
1.20366
1.19819
1.20639
1.20531
1.20525
1.2046
1.20422
1.20426
1.20427
1.20426
1.20421
1.20413
1.20402
1.2039
1.20382
1.20377
1.20373
1.20365
1.20349
1.20338
1.20363
1.19805
1.20626
1.2051
1.20519
1.20481
1.20421
1.20424
1.20425
1.20423
1.20417
1.20407
1.20395
1.20384
1.20376
1.20374
1.20372
1.20364
1.20345
1.20334
1.2036
1.20153
1.20573
1.2046
1.2049
1.20504
1.2042
1.20418
1.20419
1.20414
1.20405
1.20392
1.20378
1.20366
1.20362
1.20364
1.20368
1.20364
1.20341
1.20327
1.20355
1.20339
1.20474
1.20387
1.20424
1.20481
1.20436
1.20406
1.20404
1.20395
1.20379
1.2036
1.20344
1.20336
1.20337
1.20346
1.20359
1.20362
1.20341
1.20321
1.20349
1.20241
1.20348
1.20325
1.20336
1.2042
1.20453
1.204
1.20386
1.20369
1.20344
1.20322
1.2031
1.2031
1.20315
1.20329
1.20346
1.20352
1.20336
1.2032
1.20342
1.20064
1.2021
1.20264
1.20254
1.20333
1.20403
1.20391
1.20364
1.20336
1.20305
1.20289
1.20287
1.20288
1.20295
1.20313
1.20331
1.20333
1.20321
1.20312
1.20331
1.20167
1.20215
1.20197
1.20184
1.2024
1.20347
1.20358
1.20331
1.20297
1.20273
1.20269
1.20268
1.20265
1.20275
1.20296
1.2031
1.20308
1.20297
1.20291
1.20315
1.20427
1.20318
1.20188
1.20135
1.20149
1.20292
1.20304
1.20287
1.20262
1.20253
1.2025
1.20242
1.20241
1.20256
1.20273
1.20282
1.20279
1.20268
1.20262
1.20295
1.2049
1.20387
1.20222
1.20118
1.2007
1.20222
1.20264
1.20251
1.20238
1.20234
1.20225
1.20216
1.2022
1.20231
1.20241
1.20249
1.20249
1.20241
1.20236
1.20275
1.20448
1.20409
1.20268
1.20131
1.20036
1.20142
1.20241
1.20227
1.2022
1.20213
1.202
1.20194
1.20194
1.20196
1.20201
1.20209
1.20216
1.20216
1.20217
1.20258
1.20412
1.20411
1.2031
1.2016
1.20024
1.20086
1.20223
1.20212
1.20203
1.20191
1.20177
1.20167
1.20157
1.20149
1.20149
1.2016
1.20176
1.2019
1.20202
1.20246
1.20371
1.20388
1.20333
1.20188
1.20019
1.20057
1.20203
1.20203
1.20187
1.20171
1.20154
1.20134
1.20112
1.20095
1.20092
1.20103
1.20128
1.20159
1.20186
1.20234
1.20316
1.20347
1.20331
1.20194
1.19997
1.20056
1.202
1.20197
1.20173
1.20153
1.2013
1.20102
1.20072
1.2005
1.20044
1.20052
1.20078
1.20121
1.20167
1.20222
1.20267
1.20304
1.20299
1.2013
1.19961
1.20097
1.20209
1.2019
1.20162
1.20139
1.20112
1.20079
1.20049
1.2003
1.20025
1.20029
1.20044
1.20083
1.20142
1.20208
1.20232
1.2024
1.20189
1.19996
1.20011
1.20175
1.20211
1.20179
1.20152
1.2013
1.20103
1.20071
1.20044
1.2003
1.20027
1.20032
1.20039
1.20061
1.20116
1.20192
1.20194
1.20102
1.20029
1.19967
1.20126
1.20192
1.2019
1.2017
1.20149
1.20128
1.20103
1.20076
1.20055
1.20043
1.20042
1.20048
1.20052
1.20059
1.201
1.20179
1.20071
1.19967
1.19975
1.20057
1.20134
1.20122
1.20136
1.20148
1.20147
1.20134
1.20114
1.20093
1.20076
1.20066
1.20065
1.2007
1.20071
1.20067
1.20094
1.20168
1.19962
1.19939
1.20022
1.20106
1.201
1.20099
1.20101
1.20111
1.20124
1.2013
1.20125
1.20114
1.20102
1.20095
1.20094
1.20098
1.20093
1.20079
1.20095
1.20166
1.19953
1.19989
1.20073
1.20095
1.2009
1.20096
1.20103
1.20104
1.20108
1.20115
1.20121
1.20122
1.20121
1.20121
1.20124
1.20125
1.20111
1.20089
1.20101
1.20162
1.20009
1.20044
1.20086
1.20084
1.2009
1.20103
1.2011
1.20112
1.20114
1.20118
1.20126
1.20135
1.20142
1.20149
1.20151
1.20142
1.20117
1.20095
1.20114
1.20166
1.20069
1.20082
1.20089
1.2009
1.20105
1.20131
1.20137
1.20124
1.2012
1.20125
1.20134
1.20143
1.2015
1.20151
1.20144
1.20128
1.20109
1.20109
1.20141
1.20178
1.20122
1.20123
1.20126
1.20132
1.20158
1.20184
1.20187
1.20173
1.20162
1.2016
1.20167
1.20173
1.20176
1.20174
1.20172
1.20174
1.2018
1.20194
1.20202
1.20204
)
;

boundaryField
{
    left_open
    {
        type            calculated;
        value           nonuniform List<scalar> 
40
(
1.20432
1.20432
1.20431
1.20431
1.20431
1.20431
1.20431
1.20431
1.20431
1.20431
1.20431
1.20431
1.20431
1.20431
1.20431
1.20431
1.2043
1.2043
1.2043
1.2043
1.2043
1.2043
1.2043
1.20429
1.20429
1.20429
1.20428
1.20325
1.20428
1.20428
1.20427
1.20427
1.20427
1.20426
1.20169
1.20153
1.20144
1.20425
1.20425
1.2023
)
;
    }
    right_open
    {
        type            calculated;
        value           nonuniform List<scalar> 
40
(
1.20492
1.20489
1.20482
1.20472
1.20459
1.20445
1.20432
1.20421
1.20413
1.20406
1.204
1.20394
1.20389
1.20384
1.20379
1.20374
1.2037
1.20366
1.20363
1.2036
1.2043
1.20349
1.20343
1.20332
1.20429
1.20296
1.20276
1.20259
1.20428
1.20236
1.20224
1.2021
1.20195
1.20426
1.20171
1.20426
1.20163
1.20167
1.20179
1.20205
)
;
    }
    base_side
    {
        type            calculated;
        value           nonuniform List<scalar> 
40
(
1.20432
1.20432
1.20432
1.20432
1.20432
1.20432
1.20442
1.20482
1.20521
1.20531
1.20528
1.20524
1.20521
1.20531
1.2057
1.20609
1.20622
1.20637
1.20642
1.19958
1.19946
1.20748
1.20609
1.2058
1.2057
1.20561
1.20552
1.20545
1.20539
1.20533
1.20527
1.20522
1.20518
1.20514
1.20511
1.20508
1.20505
1.20502
1.20499
1.20492
)
;
    }
    top
    {
        type            calculated;
        value           nonuniform List<scalar> 
65
(
1.2023
1.20213
1.20222
1.20218
1.20211
1.20425
1.20206
1.20425
1.20202
1.20203
1.20425
1.20425
1.20194
1.20425
1.20176
1.20425
1.20186
1.20196
1.20425
1.20147
1.20133
1.20127
1.2012
1.20425
1.20425
1.20425
1.20113
1.20109
1.20425
1.20425
1.20425
1.20425
1.20425
1.20425
1.20105
1.20105
1.20104
1.20108
1.20111
1.20425
1.20118
1.20125
1.20425
1.20127
1.20127
1.20124
1.20124
1.20425
1.20134
1.20425
1.20186
1.20187
1.20172
1.20162
1.2016
1.20425
1.20174
1.20176
1.20174
1.20172
1.20175
1.20181
1.20195
1.20203
1.20205
)
;
    }
    front
    {
        type            empty;
    }
    back
    {
        type            empty;
    }
    air_to_aluminum
    {
        type            calculated;
        value           nonuniform List<scalar> 
129
(
1.14986
1.14989
1.14994
1.15002
1.14959
1.1494
1.14923
1.14909
1.14909
1.14923
1.1494
1.14959
1.14986
1.14989
1.14994
1.15002
1.15012
1.15002
1.15023
1.15018
1.15034
1.15032
1.15045
1.15044
1.15055
1.15054
1.15065
1.15064
1.15074
1.15073
1.15082
1.15081
1.15089
1.15088
1.15095
1.15094
1.151
1.151
1.15105
1.15104
1.15108
1.15108
1.15111
1.15111
1.15113
1.15113
1.15114
1.15114
1.15114
1.15114
1.15114
1.15114
1.14913
1.14925
1.14936
1.14946
1.14956
1.14965
1.14973
1.1498
1.14987
1.14993
1.14998
1.15002
1.15005
1.15008
1.15009
1.1501
1.1501
1.1501
1.1501
1.1501
1.1501
1.1501
1.14913
1.14925
1.14936
1.14946
1.14956
1.14965
1.14973
1.1498
1.14987
1.14993
1.14998
1.15002
1.15005
1.15008
1.1501
1.1501
1.1501
1.15011
1.15011
1.15002
1.15018
1.15032
1.15044
1.15054
1.15064
1.15073
1.15081
1.15088
1.15094
1.15099
1.15104
1.15108
1.1511
1.15112
1.15113
1.15012
1.15023
1.15034
1.15045
1.15055
1.15065
1.15074
1.15081
1.15088
1.15095
1.151
1.15104
1.15108
1.15111
1.15113
1.15113
1.15113
1.15113
1.15114
1.15114
)
;
    }
}


// ************************************************************************* //
