/*--------------------------------*- C++ -*----------------------------------*\
| =========                 |                                                 |
| \\      /  F ield         | OpenFOAM: The Open Source CFD Toolbox           |
|  \\    /   O peration     | Version:                                        |
|   \\  /    A nd           | Website:  www.openfoam.com                      |
|    \\/     M anipulation  |                                                 |
\*---------------------------------------------------------------------------*/
FoamFile
{
    version     2.0;
    format      ascii;
    class       volVectorField;
    location    "240/air";
    object      U;
}
// * * * * * * * * * * * * * * * * * * * * * * * * * * * * * * * * * * * * * //

dimensions      [0 1 -1 0 0 0 0];


internalField   nonuniform List<vector> 
2228
(
(0.000286305 -0.00027982 0)
(0.000874874 -0.000128836 0)
(0.000892649 0.000134067 0)
(0.000299059 0.000282481 0)
(0.000219003 -0.000929175 0)
(0.000871728 -0.000560718 0)
(0.000946839 0.000505189 0)
(0.000269732 0.000957501 0)
(0.000121696 -0.00137227 0)
(0.00053892 -0.000881273 0)
(0.000602455 0.000785472 0)
(0.000153511 0.00145474 0)
(6.17663e-05 -0.0016208 0)
(0.000282492 -0.00106374 0)
(0.00031467 0.000955671 0)
(7.13333e-05 0.00173481 0)
(2.96753e-05 -0.00174295 0)
(0.00013262 -0.00114888 0)
(0.000142569 0.00104142 0)
(2.8289e-05 0.00186093 0)
(1.29312e-05 -0.00179758 0)
(5.42518e-05 -0.00118173 0)
(5.41817e-05 0.00107967 0)
(8.56397e-06 0.00190823 0)
(4.2866e-06 -0.00181811 0)
(1.58008e-05 -0.00119033 0)
(1.37536e-05 0.00109397 0)
(8.03494e-07 0.00192144 0)
(-5.29206e-07 -0.00182162 0)
(-2.99129e-06 -0.0011896 0)
(-2.39704e-06 0.00109606 0)
(-1.13238e-06 0.00192158 0)
(-4.28365e-06 -0.00181572 0)
(-1.42632e-05 -0.00118691 0)
(-7.62134e-06 0.00109086 0)
(-4.87755e-07 0.00191813 0)
(-9.23663e-06 -0.00180173 0)
(-2.76393e-05 -0.00118588 0)
(-1.02298e-05 0.00107913 0)
(1.4004e-06 0.00191497 0)
(-1.89391e-05 -0.00177414 0)
(-5.56601e-05 -0.00118851 0)
(-1.89034e-05 0.00105684 0)
(3.34324e-06 0.00191201 0)
(-3.89565e-05 -0.00171742 0)
(-0.000118866 -0.00119492 0)
(-4.84131e-05 0.00101202 0)
(3.11646e-06 0.00190401 0)
(-7.85355e-05 -0.00159237 0)
(-0.000248779 -0.00119728 0)
(-0.000125211 0.000918965 0)
(-4.46048e-06 0.00187227 0)
(-0.000156399 -0.00131593 0)
(-0.000480155 -0.00116514 0)
(-0.000289177 0.000734238 0)
(-3.50778e-05 0.00176786 0)
(-0.000275708 -0.000836682 0)
(-0.000780601 -0.00105977 0)
(-0.000549303 0.000415654 0)
(-0.000113603 0.00153731 0)
(-0.000115111 -0.000546748 0)
(-0.000703748 -0.000983692 0)
(-0.000581717 0.000276212 0)
(3.2764e-06 0.0014581 0)
(-0.000299088 0.000282504 0)
(-0.000892716 0.00013406 0)
(-0.000874904 -0.00012886 0)
(-0.000286307 -0.000279829 0)
(-0.000269763 0.000957594 0)
(-0.000946916 0.00050518 0)
(-0.000871748 -0.00056079 0)
(-0.000218999 -0.000929185 0)
(-0.00015354 0.00145489 0)
(-0.000602514 0.000785441 0)
(-0.000538897 -0.000881403 0)
(-0.000121676 -0.00137227 0)
(-7.13683e-05 0.00173502 0)
(-0.000314716 0.000955588 0)
(-0.000282388 -0.00106393 0)
(-6.17122e-05 -0.00162073 0)
(-2.83518e-05 0.0018612 0)
(-0.000142625 0.00104122 0)
(-0.000132367 -0.00114917 0)
(-2.95472e-05 -0.00174274 0)
(-8.7003e-06 0.00190862 0)
(-5.43266e-05 0.00107922 0)
(-5.37497e-05 -0.00118222 0)
(-1.2646e-05 -0.00179702 0)
(-1.1122e-06 0.00192208 0)
(-1.42362e-05 0.00109308 0)
(-1.49783e-05 -0.00119124 0)
(-3.69674e-06 -0.00181689 0)
(4.36205e-07 0.00192296 0)
(8.51559e-07 0.00109441 0)
(3.87469e-06 -0.00119149 0)
(1.58982e-06 -0.00181932 0)
(-1.15062e-06 0.00192129 0)
(2.99279e-06 0.00108853 0)
(1.37912e-05 -0.00119109 0)
(5.86129e-06 -0.00181187 0)
(-4.88194e-06 0.00192304 0)
(-2.67336e-06 0.00107722 0)
(2.13579e-05 -0.00119567 0)
(1.13577e-05 -0.00179663 0)
(-1.13421e-05 0.00193363 0)
(-1.54133e-05 0.00105908 0)
(3.16186e-05 -0.00121148 0)
(2.06564e-05 -0.00177189 0)
(-2.20771e-05 0.00195936 0)
(-3.66337e-05 0.0010284 0)
(4.99292e-05 -0.00124841 0)
(3.63713e-05 -0.00173272 0)
(-3.89384e-05 0.00200696 0)
(-6.84801e-05 0.00097328 0)
(8.33991e-05 -0.00131655 0)
(6.21206e-05 -0.00166086 0)
(-6.20259e-05 0.00208441 0)
(-0.000110384 0.000882262 0)
(0.000146535 -0.0014075 0)
(0.000114096 -0.00150309 0)
(-0.000102783 0.00223142 0)
(-0.000159839 0.000761374 0)
(0.000237114 -0.00153909 0)
(0.000194642 -0.00127507 0)
(-0.00036882 0.00257458 0)
(-0.0003391 0.000698994 0)
(6.46234e-05 -0.00202187 0)
(-6.0426e-05 -0.00141657 0)
(0.0192258 0.0231221 0)
(0.015961 0.0178371 0)
(0.010783 0.0118657 0)
(0.00752785 0.00659124 0)
(0.0180133 0.0170924 0)
(0.0190592 0.017157 0)
(0.0185281 0.015911 0)
(0.0173584 0.0139333 0)
(0.00916232 0.00973798 0)
(0.0108771 0.0118207 0)
(0.0118536 0.0136368 0)
(0.0121507 0.0149648 0)
(0.00377369 0.007044 0)
(0.0046027 0.00890236 0)
(0.00524597 0.0112726 0)
(0.0057513 0.0139966 0)
(0.00157145 0.0058833 0)
(0.00186833 0.00731852 0)
(0.00216099 0.00951679 0)
(0.00248788 0.0125446 0)
(0.00082135 0.00542564 0)
(0.000941114 0.00656845 0)
(0.00107737 0.00854019 0)
(0.00124096 0.0115594 0)
(0.000682278 0.00525172 0)
(0.000743533 0.00625815 0)
(0.000803302 0.00814336 0)
(0.000858016 0.0112183 0)
(0.000775442 0.00508419 0)
(0.000812198 0.00610274 0)
(0.000831384 0.00804123 0)
(0.000819193 0.0112782 0)
(0.000948304 0.00487391 0)
(0.000965976 0.00602536 0)
(0.000955729 0.0081099 0)
(0.000899977 0.0115562 0)
(0.00114807 0.00467284 0)
(0.0011459 0.00603281 0)
(0.00110642 0.00831337 0)
(0.00101675 0.0119718 0)
(0.00129197 0.00453201 0)
(0.00128535 0.00613284 0)
(0.00122977 0.00863142 0)
(0.0011222 0.01249 0)
(0.00125576 0.00436877 0)
(0.00127539 0.00620356 0)
(0.00123586 0.0089358 0)
(0.00114128 0.0130093 0)
(0.000996821 0.0041989 0)
(0.00106848 0.00620993 0)
(0.00108465 0.00917035 0)
(0.00103693 0.0134857 0)
(0.000734037 0.00368377 0)
(0.00079248 0.00579126 0)
(0.000831592 0.00899479 0)
(0.000817577 0.0136383 0)
(0.000662008 0.00409061 0)
(0.000629209 0.00607401 0)
(0.000612599 0.00929414 0)
(0.000561139 0.0141017 0)
(0.000738084 0.00363053 0)
(0.000487598 0.00546638 0)
(0.000272633 0.00873215 0)
(7.49537e-05 0.013779 0)
(-0.00127079 0.00729653 0)
(-0.00130308 0.00896919 0)
(-0.00146313 0.0119344 0)
(-0.00175696 0.0166445 0)
(-0.00600409 0.00141184 0)
(-0.00630027 0.00388255 0)
(-0.00683332 0.00795815 0)
(-0.00745659 0.0136946 0)
(-0.0318768 0.0100738 0)
(-0.03113 0.0142356 0)
(-0.0303592 0.0192579 0)
(-0.0291973 0.0249744 0)
(-0.045689 -0.00628093 0)
(-0.0427069 -0.00310538 0)
(-0.0405532 0.00203323 0)
(-0.0390001 0.00299934 0)
(0.00589304 0.00200619 0)
(0.00479917 -0.00107506 0)
(0.00398342 -0.00230793 0)
(0.00367509 -0.00171031 0)
(0.015744 0.0116091 0)
(0.0136163 0.00936204 0)
(0.0110344 0.0075449 0)
(0.00826959 0.00671502 0)
(0.0118228 0.0158333 0)
(0.0108325 0.0164184 0)
(0.00916263 0.0170275 0)
(0.00682093 0.0182966 0)
(0.00600999 0.0169104 0)
(0.00584802 0.0199549 0)
(0.00511857 0.0232919 0)
(0.00367068 0.0275066 0)
(0.00274769 0.0163995 0)
(0.00277504 0.0210903 0)
(0.00238702 0.0267744 0)
(0.00137736 0.033887 0)
(0.00136595 0.0158536 0)
(0.00133255 0.0216507 0)
(0.000979932 0.0292067 0)
(0.000119505 0.0387197 0)
(0.000862661 0.0158748 0)
(0.000733859 0.0225356 0)
(0.000346907 0.0315403 0)
(-0.00042 0.0427874 0)
(0.000745349 0.0163164 0)
(0.000554806 0.0237031 0)
(0.000166314 0.0337979 0)
(-0.000492716 0.0461707 0)
(0.000782773 0.0169479 0)
(0.00057212 0.0249068 0)
(0.000215221 0.0357646 0)
(-0.000314967 0.048819 0)
(0.000873193 0.0176462 0)
(0.000664487 0.0260046 0)
(0.000366712 0.0373435 0)
(-3.55113e-05 0.0507681 0)
(0.000965745 0.018372 0)
(0.000764424 0.0269711 0)
(0.000517988 0.0385628 0)
(0.000222088 0.0521463 0)
(0.000993445 0.0190733 0)
(0.000805156 0.0278178 0)
(0.00059449 0.0395088 0)
(0.000372193 0.0531172 0)
(0.000918594 0.0197501 0)
(0.000746336 0.0286123 0)
(0.00055367 0.0403229 0)
(0.000369425 0.053872 0)
(0.00072827 0.0202108 0)
(0.000571103 0.0292643 0)
(0.000384055 0.0410055 0)
(0.00021177 0.0544624 0)
(0.000443552 0.0209086 0)
(0.0002561 0.0301349 0)
(3.44426e-05 0.0418877 0)
(-0.000159584 0.0551933 0)
(-0.000146847 0.020931 0)
(-0.000408565 0.0304522 0)
(-0.000669616 0.0422881 0)
(-0.000856981 0.0553874 0)
(-0.00213086 0.0235332 0)
(-0.00251157 0.0328197 0)
(-0.00278913 0.0442316 0)
(-0.00283703 0.05654 0)
(-0.00799198 0.0212684 0)
(-0.0082177 0.0306581 0)
(-0.00790636 0.0413444 0)
(-0.0069472 0.0521252 0)
(-0.0273814 0.0313437 0)
(-0.0247687 0.0382154 0)
(-0.0213299 0.0455111 0)
(-0.0170217 0.0525422 0)
(-0.0365658 0.00320249 0)
(-0.0320242 0.000466373 0)
(-0.0252543 0.00228789 0)
(-0.0186328 0.00611776 0)
(0.00340088 -0.00156846 0)
(0.00301598 -0.00104984 0)
(0.00241998 -0.000134215 0)
(0.00604316 0.00737534 0)
(0.00429547 0.00887642 0)
(0.00235569 0.0111075 0)
(0.00453186 0.0206918 0)
(0.00264083 0.0234506 0)
(0.000590412 0.0266943 0)
(0.00193693 0.0322365 0)
(0.000437591 0.0363199 0)
(-0.00116823 0.040154 0)
(3.48981e-05 0.0407905 0)
(-0.00109556 0.0458113 0)
(-0.00225779 0.0496849 0)
(-0.000964472 0.0471282 0)
(-0.00181267 0.0525397 0)
(-0.00263674 0.056084 0)
(-0.00127606 0.0519775 0)
(-0.00190608 0.0574018 0)
(-0.0024906 0.0604897 0)
(-0.00115228 0.0556686 0)
(-0.00161593 0.0609565 0)
(-0.00203916 0.0636545 0)
(-0.00079881 0.0583987 0)
(-0.00113667 0.063562 0)
(-0.00145306 0.0660374 0)
(-0.000380142 0.0603624 0)
(-0.00062366 0.0654819 0)
(-0.000866287 0.0679195 0)
(-1.74436e-05 0.0617502 0)
(-0.00019229 0.0669092 0)
(-0.000382361 0.0694571 0)
(0.000203405 0.0627312 0)
(7.55734e-05 0.0679753 0)
(-7.49175e-05 0.070718 0)
(0.000240773 0.063477 0)
(0.000143067 0.0688077 0)
(2.34022e-05 0.0717602 0)
(9.98541e-05 0.0640268 0)
(1.99066e-05 0.069416 0)
(-7.41379e-05 0.072544 0)
(-0.00026278 0.064631 0)
(-0.000318464 0.0699974 0)
(-0.0003753 0.0732121 0)
(-0.000920784 0.0646076 0)
(-0.000919506 0.0698535 0)
(-0.000890888 0.0730403 0)
(-0.00263581 0.0650946 0)
(-0.0023437 0.0698815 0)
(-0.00197836 0.072759 0)
(-0.00579637 0.0593646 0)
(-0.00473744 0.0632637 0)
(-0.00352646 0.0655012 0)
(-0.0129618 0.056857 0)
(-0.0096835 0.0590576 0)
(-0.00628352 0.0600886 0)
(-0.0139692 0.00705616 0)
(-0.0103867 0.00746772 0)
(-0.00675576 0.00742199 0)
(0.00184305 0.000578068 0)
(0.00150491 0.000948164 0)
(0.00114046 0.00130296 0)
(0.000984806 0.0125967 0)
(0.000276296 0.0132743 0)
(-0.000440745 0.0138086 0)
(-0.000818917 0.0284192 0)
(-0.00154011 0.0290919 0)
(-0.00226037 0.0294918 0)
(-0.00224187 0.041687 0)
(-0.002786 0.0421651 0)
(-0.00332698 0.042295 0)
(-0.00298894 0.050788 0)
(-0.0033502 0.0509863 0)
(-0.00370763 0.0508019 0)
(-0.00312152 0.0566804 0)
(-0.00335616 0.0565915 0)
(-0.00358841 0.0561111 0)
(-0.00282182 0.060629 0)
(-0.00298199 0.0603001 0)
(-0.00314243 0.0595855 0)
(-0.00228078 0.0634656 0)
(-0.00239983 0.0629739 0)
(-0.00252254 0.0621079 0)
(-0.00164334 0.0656791 0)
(-0.00174039 0.0651099 0)
(-0.00184454 0.0641778 0)
(-0.00102544 0.0675419 0)
(-0.00110987 0.066973 0)
(-0.00120422 0.0660502 0)
(-0.00051881 0.0691775 0)
(-0.000593965 0.068669 0)
(-0.000680841 0.0678139 0)
(-0.000191818 0.0706098 0)
(-0.00025778 0.0701996 0)
(-0.000336265 0.0694497 0)
(-7.20993e-05 0.0718516 0)
(-0.000127113 0.0715552 0)
(-0.000194575 0.0709273 0)
(-0.000148685 0.0728237 0)
(-0.000192093 0.0726367 0)
(-0.000247091 0.0721288 0)
(-0.000406605 0.0736364 0)
(-0.000424499 0.0735392 0)
(-0.000452392 0.0731368 0)
(-0.000856547 0.0735379 0)
(-0.0008405 0.0734962 0)
(-0.000832725 0.073171 0)
(-0.00164213 0.0732129 0)
(-0.00145141 0.0731835 0)
(-0.00126747 0.0729137 0)
(-0.00271413 0.0657611 0)
(-0.00232223 0.0656853 0)
(-0.00193883 0.0654436 0)
(-0.00363227 0.0598743 0)
(-0.00211814 0.0597247 0)
(-0.000637155 0.0596661 0)
(-0.00388039 0.000739444 0)
(-0.00201575 -0.000454247 0)
(-0.000335359 0.00108178 0)
(0.000410052 0.00192442 0)
(-0.000742845 0.0023953 0)
(-0.00176052 0.00240595 0)
(-0.00183609 0.0144608 0)
(-0.0038768 0.0137845 0)
(-0.00567 0.0120528 0)
(-0.00360539 0.0295954 0)
(-0.00547821 0.0277823 0)
(-0.00718222 0.0251358 0)
(-0.00431156 0.0417493 0)
(-0.00562811 0.0389248 0)
(-0.00680961 0.0353867 0)
(-0.0043484 0.0496143 0)
(-0.00517511 0.0458452 0)
(-0.00588365 0.0413536 0)
(-0.00399958 0.0543641 0)
(-0.00451248 0.0497915 0)
(-0.00492909 0.0444609 0)
(-0.00342553 0.0574229 0)
(-0.00377466 0.0522614 0)
(-0.00405551 0.0463137 0)
(-0.00274363 0.0596962 0)
(-0.00302853 0.054176 0)
(-0.00327383 0.0478318 0)
(-0.0020396 0.0616783 0)
(-0.00231315 0.0560086 0)
(-0.00257232 0.0494475 0)
(-0.00138845 0.0636013 0)
(-0.00166852 0.057958 0)
(-0.00195515 0.0513198 0)
(-0.000855895 0.0655211 0)
(-0.00113964 0.0600416 0)
(-0.00144606 0.0534362 0)
(-0.000498432 0.0673777 0)
(-0.00077227 0.0621561 0)
(-0.00108061 0.0556677 0)
(-0.000336194 0.0691029 0)
(-0.000583927 0.0641919 0)
(-0.000872755 0.0578832 0)
(-0.000365 0.0705427 0)
(-0.000571091 0.0659507 0)
(-0.000822394 0.059854 0)
(-0.000520684 0.0717621 0)
(-0.00065572 0.0674841 0)
(-0.000836795 0.0616327 0)
(-0.000829118 0.071954 0)
(-0.000833564 0.0679454 0)
(-0.000894129 0.0623397 0)
(-0.000959277 0.0718478 0)
(-0.000590204 0.0682015 0)
(-0.000294806 0.0630221 0)
(-0.00115868 0.0645161 0)
(9.8208e-05 0.0613563 0)
(0.00118008 0.0568615 0)
(0.00188429 0.0594468 0)
(0.00510616 0.0575755 0)
(0.00815025 0.0545805 0)
(0.00230437 0.00838425 0)
(0.00573606 0.00866813 0)
(0.0097426 0.00558333 0)
(-0.00262178 0.00181944 0)
(-0.0030435 -0.00167936 0)
(-0.00410366 -0.00242084 0)
(-0.0054673 0.000577799 0)
(-0.00791944 0.00981258 0)
(-0.0109479 0.00900531 0)
(-0.0141272 0.0106585 0)
(-0.0169269 0.0134297 0)
(-0.00937793 0.0221715 0)
(-0.0119139 0.0204525 0)
(-0.0139513 0.0200677 0)
(-0.015322 0.0198397 0)
(-0.00822773 0.0311062 0)
(-0.00954715 0.0272239 0)
(-0.0102756 0.0242801 0)
(-0.0104794 0.0215034 0)
(-0.00665653 0.0355726 0)
(-0.00718511 0.0296068 0)
(-0.00728108 0.0248159 0)
(-0.00710558 0.0207493 0)
(-0.00534378 0.0374175 0)
(-0.00553279 0.0299568 0)
(-0.00546328 0.0241769 0)
(-0.00529348 0.019758 0)
(-0.00433015 0.0383756 0)
(-0.00444871 0.0299835 0)
(-0.0044213 0.023745 0)
(-0.0043606 0.0193314 0)
(-0.00353924 0.0392973 0)
(-0.00371888 0.030303 0)
(-0.00379818 0.0237847 0)
(-0.00384329 0.0193753 0)
(-0.00288785 0.0405108 0)
(-0.00317215 0.0310436 0)
(-0.00335933 0.0242298 0)
(-0.00348484 0.0197029 0)
(-0.00233302 0.0421076 0)
(-0.00271917 0.0321972 0)
(-0.0029962 0.0250071 0)
(-0.00318235 0.0202286 0)
(-0.00187214 0.0440478 0)
(-0.00233678 0.0337008 0)
(-0.00268169 0.0260579 0)
(-0.00291419 0.020918 0)
(-0.0015274 0.0461946 0)
(-0.00203687 0.0354351 0)
(-0.00242476 0.0272967 0)
(-0.00268904 0.0217204 0)
(-0.00130782 0.0484163 0)
(-0.00182476 0.0373022 0)
(-0.0022275 0.0286697 0)
(-0.00250453 0.0226208 0)
(-0.00121605 0.0504672 0)
(-0.00170174 0.0390725 0)
(-0.00208885 0.0299758 0)
(-0.00235644 0.0234428 0)
(-0.00114927 0.0524108 0)
(-0.00156551 0.0408485 0)
(-0.0019056 0.0313647 0)
(-0.00213566 0.0243799 0)
(-0.00105875 0.0533427 0)
(-0.00131629 0.0417197 0)
(-0.001543 0.0319042 0)
(-0.00169103 0.0244533 0)
(-6.83322e-05 0.0545561 0)
(-1.66256e-05 0.0432612 0)
(-6.91255e-05 0.0334577 0)
(-0.000104905 0.0258222 0)
(0.0024088 0.0494358 0)
(0.00355585 0.0391477 0)
(0.00419682 0.0296259 0)
(0.00447423 0.0217046 0)
(0.0118241 0.0496201 0)
(0.015686 0.0426057 0)
(0.0188403 0.0356952 0)
(0.0212657 0.0291206 0)
(0.0156519 0.00538979 0)
(0.0227463 0.00127018 0)
(0.0276745 0.00585913 0)
(0.0313811 0.00188547 0)
(-0.00723344 0.0060658 0)
(-0.01086 0.0121991 0)
(-0.0166833 0.0190107 0)
(-0.0204804 0.024985 0)
(-0.019155 0.016443 0)
(-0.0208923 0.0190282 0)
(-0.0219052 0.0206767 0)
(-0.0211857 0.02076 0)
(-0.0159811 0.0192218 0)
(-0.015925 0.0179837 0)
(-0.0150926 0.0161116 0)
(-0.0135442 0.0139094 0)
(-0.0102877 0.0186929 0)
(-0.00985842 0.0159554 0)
(-0.00927451 0.013508 0)
(-0.00856396 0.0115439 0)
(-0.00682251 0.0173109 0)
(-0.00657184 0.0145601 0)
(-0.0063998 0.0125238 0)
(-0.00627025 0.0111101 0)
(-0.0051446 0.0164727 0)
(-0.00508472 0.0141387 0)
(-0.00511309 0.0125515 0)
(-0.00519656 0.0114864 0)
(-0.00433782 0.0163202 0)
(-0.00437983 0.0143257 0)
(-0.00447639 0.0130207 0)
(-0.00460916 0.0121433 0)
(-0.00389628 0.0165115 0)
(-0.00397396 0.0146902 0)
(-0.00407471 0.0135272 0)
(-0.00419353 0.0127439 0)
(-0.00358022 0.0168303 0)
(-0.00366497 0.0150448 0)
(-0.00374769 0.0139231 0)
(-0.00383329 0.0131672 0)
(-0.00330619 0.0172133 0)
(-0.00339145 0.0153549 0)
(-0.00345404 0.0141942 0)
(-0.00350568 0.0134104 0)
(-0.00306021 0.0176526 0)
(-0.00314562 0.0156319 0)
(-0.00319098 0.0143637 0)
(-0.0032128 0.0135036 0)
(-0.00285076 0.0181246 0)
(-0.00293514 0.0158696 0)
(-0.00296494 0.0144363 0)
(-0.00295927 0.0134584 0)
(-0.00266957 0.0186401 0)
(-0.00274464 0.0160933 0)
(-0.00275276 0.0144427 0)
(-0.00271458 0.0133048 0)
(-0.00250924 0.0190407 0)
(-0.00256459 0.0161575 0)
(-0.00254413 0.0142502 0)
(-0.0024653 0.012926 0)
(-0.00224692 0.0195524 0)
(-0.00224848 0.0163069 0)
(-0.00216076 0.0141083 0)
(-0.00200697 0.0125635 0)
(-0.00173391 0.019137 0)
(-0.00167292 0.0154532 0)
(-0.00152761 0.0129132 0)
(-0.00131086 0.0111524 0)
(-4.93434e-05 0.0202395 0)
(0.000140715 0.0162832 0)
(0.000473086 0.0135106 0)
(0.000899997 0.0115992 0)
(0.00457248 0.0155205 0)
(0.00464122 0.0108969 0)
(0.00478263 0.00752784 0)
(0.00507232 0.00526141 0)
(0.0230678 0.0234333 0)
(0.0243808 0.0183536 0)
(0.0253647 0.0141782 0)
(0.0262445 0.0104863 0)
(0.0342122 0.00376686 0)
(0.0366713 -6.87675e-05 0)
(0.0383895 0.00121202 0)
(0.0402819 -0.00357106 0)
(0.000127632 -6.10649e-05 0)
(0.00147906 -1.95922e-05 0)
(0.00206636 -3.68256e-05 0)
(0.00278215 -2.17602e-05 0)
(0.00321527 -3.62215e-06 0)
(0.003329 7.0036e-06 0)
(0.00319026 1.56581e-05 0)
(0.00284671 2.13084e-05 0)
(0.00235457 2.3179e-05 0)
(0.00178495 2.16563e-05 0)
(0.00121138 1.76607e-05 0)
(0.000701577 1.21255e-05 0)
(0.000313304 5.98892e-06 0)
(7.49937e-05 1.01033e-06 0)
(-2.63327e-05 6.95994e-07 0)
(-0.000182603 1.08814e-05 0)
(-0.000488978 3.35778e-05 0)
(-0.00206409 -6.10196e-05 0)
(0.00361349 -0.000316092 0)
(0.00565877 0.000638199 0)
(0.0011241 -0.000335583 0)
(0.00368204 -0.00027942 0)
(0.00517498 -0.000293473 0)
(0.00674648 -0.000219871 0)
(0.00785634 -0.000102317 0)
(0.00833594 2.2798e-06 0)
(0.00823679 9.28679e-05 0)
(0.00762477 0.000164922 0)
(0.00659217 0.000211747 0)
(0.00527412 0.000229991 0)
(0.00383605 0.000219816 0)
(0.00245617 0.000184008 0)
(0.00130807 0.000129666 0)
(0.000508816 7.19871e-05 0)
(7.80606e-05 4.93408e-05 0)
(-0.000336915 0.000109489 0)
(-0.00110794 0.000277225 0)
(-0.00365316 -0.000573753 0)
(0.00517847 -0.00185113 0)
(0.0101415 0.00198675 0)
(0.00198023 -0.000689693 0)
(0.00505616 -0.000663997 0)
(0.0071271 -0.000696047 0)
(0.00923705 -0.000545723 0)
(0.0108669 -0.000305081 0)
(0.0117725 -6.55224e-05 0)
(0.0119416 0.000156164 0)
(0.0114006 0.000345994 0)
(0.0102198 0.000486562 0)
(0.00853415 0.000564583 0)
(0.00654119 0.000572482 0)
(0.004489 0.000509665 0)
(0.00265185 0.000388425 0)
(0.00125555 0.000242658 0)
(0.000402723 0.000161216 0)
(-0.000245837 0.00026156 0)
(-0.00107795 0.000551271 0)
(-0.00340295 -0.00110234 0)
(0.00463354 -0.00363949 0)
(0.0114769 0.00374666 0)
(0.00225756 -0.00108719 0)
(0.0056712 -0.00112907 0)
(0.00807337 -0.0011919 0)
(0.0105291 -0.000964699 0)
(0.0125434 -0.00059982 0)
(0.0138502 -0.000212898 0)
(0.0143897 0.000164445 0)
(0.0141329 0.000505493 0)
(0.0130985 0.000779883 0)
(0.011377 0.000959903 0)
(0.0091435 0.0010231 0)
(0.00666266 0.000957125 0)
(0.00427243 0.000772826 0)
(0.00230453 0.000520726 0)
(0.000979206 0.000342878 0)
(9.47397e-05 0.000419973 0)
(-0.000510057 0.00078567 0)
(-0.00208163 -0.00153688 0)
(0.0040105 -0.00531947 0)
(0.0114977 0.00554378 0)
(0.00186978 -0.00152568 0)
(0.00567834 -0.0016477 0)
(0.00827537 -0.00174112 0)
(0.0109552 -0.00144125 0)
(0.0132382 -0.000963209 0)
(0.0148712 -0.000436047 0)
(0.0157782 9.91979e-05 0)
(0.0158914 0.000604005 0)
(0.0151768 0.00103644 0)
(0.013663 0.00135316 0)
(0.011466 0.00151213 0)
(0.00881501 0.00148078 0)
(0.00605978 0.00125806 0)
(0.00360869 0.000901918 0)
(0.00180789 0.000598315 0)
(0.000665453 0.000572604 0)
(0.000314359 0.000926359 0)
(-0.000340959 -0.00185744 0)
(0.00379964 -0.00674012 0)
(0.0109949 0.00721163 0)
(0.00103179 -0.00201108 0)
(0.00530935 -0.00222529 0)
(0.00801733 -0.00232598 0)
(0.0108398 -0.00195418 0)
(0.0132965 -0.00137538 0)
(0.015164 -0.000721056 0)
(0.0163731 -3.80719e-05 0)
(0.0168443 0.000627554 0)
(0.0165085 0.00122586 0)
(0.0153401 0.00170052 0)
(0.0133834 0.00198939 0)
(0.0107963 0.00203423 0)
(0.00788722 0.00181117 0)
(0.00509278 0.00137171 0)
(0.00286392 0.000928659 0)
(0.00144056 0.00073321 0)
(0.0011814 0.000952178 0)
(0.00138018 -0.00207821 0)
(0.00387541 -0.00787425 0)
(0.0102966 0.00874759 0)
(0.000195767 -0.00253275 0)
(0.00481418 -0.00285932 0)
(0.00754732 -0.00293357 0)
(0.0104522 -0.00248885 0)
(0.0130108 -0.0018194 0)
(0.0150289 -0.00105062 0)
(0.0164535 -0.000234134 0)
(0.0172127 0.000580384 0)
(0.0172286 0.00133915 0)
(0.0164437 0.00197796 0)
(0.0148416 0.00241827 0)
(0.0124959 0.00257557 0)
(0.00963358 0.00239506 0)
(0.00666476 0.00190665 0)
(0.00410107 0.00132851 0)
(0.00239108 0.000920193 0)
(0.00205272 0.000890604 0)
(0.00284998 -0.00223788 0)
(0.00406111 -0.00873309 0)
(0.00954232 0.0101846 0)
(-0.000323448 -0.00312557 0)
(0.0043594 -0.00349265 0)
(0.00704139 -0.00354504 0)
(0.00998712 -0.00303485 0)
(0.0126021 -0.00228233 0)
(0.014708 -0.00140861 0)
(0.0162673 -0.000471274 0)
(0.0172237 0.000477236 0)
(0.017513 0.00138295 0)
(0.017074 0.00217927 0)
(0.015855 0.00277781 0)
(0.013855 0.0030722 0)
(0.011201 0.00297372 0)
(0.00822902 0.00247765 0)
(0.00545606 0.00178518 0)
(0.00348673 0.00114928 0)
(0.00293748 0.000801387 0)
(0.00405062 -0.00235433 0)
(0.00426493 -0.00934176 0)
(0.00879304 0.011541 0)
(-0.000580248 -0.0036579 0)
(0.00400269 -0.00414437 0)
(0.00660108 -0.00415106 0)
(0.00957085 -0.00358602 0)
(0.0122221 -0.00275609 0)
(0.0143773 -0.00178279 0)
(0.0160082 -0.00073319 0)
(0.0170757 0.000336553 0)
(0.017542 0.00137322 0)
(0.0173654 0.00231211 0)
(0.0164898 0.00306239 0)
(0.0148663 0.00350395 0)
(0.0125256 0.00351714 0)
(0.00969953 0.00305449 0)
(0.00685573 0.00227996 0)
(0.0046882 0.00142651 0)
(0.00385789 0.000730592 0)
(0.00503997 -0.00242807 0)
(0.00445583 -0.00972863 0)
(0.00807456 0.0128228 0)
(-0.000572621 -0.00416089 0)
(0.00374759 -0.00477189 0)
(0.00627412 -0.00474925 0)
(0.00927686 -0.00414211 0)
(0.0119644 -0.00323719 0)
(0.0141507 -0.00216534 0)
(0.0158114 -0.00100703 0)
(0.0169218 0.000175791 0)
(0.0174735 0.00132941 0)
(0.0174584 0.00239286 0)
(0.0168431 0.00327896 0)
(0.0155649 0.00386373 0)
(0.0135811 0.00400472 0)
(0.0110099 0.00361003 0)
(0.00822635 0.00279099 0)
(0.00594502 0.00174799 0)
(0.00482423 0.000705714 0)
(0.0058839 -0.00245083 0)
(0.00462936 -0.00992327 0)
(0.0073959 0.0140345 0)
(-0.000430168 -0.00463187 0)
(0.00357873 -0.00536514 0)
(0.00608038 -0.00534352 0)
(0.00913975 -0.0047065 0)
(0.0118738 -0.00372558 0)
(0.0140864 -0.00255224 0)
(0.0157544 -0.0012841 0)
(0.0168627 8.83748e-06 0)
(0.0174277 0.00127002 0)
(0.0174783 0.00244141 0)
(0.0170219 0.00344292 0)
(0.0160145 0.00415591 0)
(0.014375 0.00442656 0)
(0.012119 0.00412349 0)
(0.00950288 0.00329659 0)
(0.00719988 0.00210275 0)
(0.00582469 0.000740012 0)
(0.00662967 -0.00241097 0)
(0.00478971 -0.00995125 0)
(0.00675944 0.0151848 0)
(-0.000279861 -0.00507052 0)
(0.00348173 -0.00593304 0)
(0.00602369 -0.00594354 0)
(0.0091628 -0.00528344 0)
(0.0119531 -0.00422241 0)
(0.0141941 -0.00294219 0)
(0.0158631 -0.00155984 0)
(0.0169487 -0.000154829 0)
(0.0174813 0.00120988 0)
(0.0175221 0.00247697 0)
(0.0171258 0.00357366 0)
(0.0162928 0.00439321 0)
(0.0149414 0.00478291 0)
(0.0130124 0.00458227 0)
(0.0106361 0.00377826 0)
(0.00839639 0.00247636 0)
(0.00682863 0.000835998 0)
(0.00730194 -0.00229935 0)
(0.0049426 -0.0098321 0)
(0.00616486 0.016282 0)
(-0.000182563 -0.00548675 0)
(0.00345028 -0.00649319 0)
(0.00609212 -0.0065583 0)
(0.00932245 -0.00587564 0)
(0.0121711 -0.00472865 0)
(0.0144443 -0.00333565 0)
(0.0161204 -0.00183344 0)
(0.0171843 -0.000311235 0)
(0.0176677 0.00115834 0)
(0.0176517 0.00251499 0)
(0.0172354 0.00369053 0)
(0.0164778 0.00459312 0)
(0.0153314 0.00508224 0)
(0.013699 0.00498224 0)
(0.0115962 0.00422281 0)
(0.00948659 0.00285423 0)
(0.00779662 0.000988825 0)
(0.00790835 -0.00211292 0)
(0.00509439 -0.0095811 0)
(0.0056106 0.0173324 0)
(-0.000147788 -0.00589286 0)
(0.00348065 -0.00706333 0)
(0.00626025 -0.00719351 0)
(0.00957575 -0.0064833 0)
(0.0124737 -0.00524427 0)
(0.0147803 -0.00373402 0)
(0.0164774 -0.00210706 0)
(0.0175385 -0.00046151 0)
(0.0179823 0.00111866 0)
(0.0178939 0.00256533 0)
(0.0174054 0.00380981 0)
(0.0166376 0.00477433 0)
(0.0156028 0.0053386 0)
(0.014206 0.00532691 0)
(0.0123737 0.00462327 0)
(0.0104362 0.00322401 0)
(0.00869079 0.00118981 0)
(0.00844697 -0.00185443 0)
(0.00525373 -0.00921152 0)
(0.0050945 0.0183419 0)
(-0.000152445 -0.00630123 0)
(0.00356585 -0.00765581 0)
(0.00649386 -0.00785086 0)
(0.00987016 -0.00710392 0)
(0.0127961 -0.00576793 0)
(0.0151329 -0.00413907 0)
(0.0168682 -0.002385 0)
(0.0179567 -0.000610302 0)
(0.0183916 0.00108876 0)
(0.0182441 0.00263172 0)
(0.0176625 0.0039427 0)
(0.0168227 0.00495377 0)
(0.0158114 0.00556866 0)
(0.0145716 0.00562566 0)
(0.0129763 0.00497882 0)
(0.0112272 0.0035769 0)
(0.00948202 0.00142867 0)
(0.00891312 -0.00153175 0)
(0.00543359 -0.00873794 0)
(0.00461417 0.0193161 0)
(-0.000171464 -0.00672417 0)
(0.00369437 -0.00827708 0)
(0.00675569 -0.00852682 0)
(0.0101529 -0.00773142 0)
(0.013076 -0.00629626 0)
(0.0154342 -0.00455201 0)
(0.0172231 -0.00267253 0)
(0.0183739 -0.000764938 0)
(0.0188433 0.00106212 0)
(0.0186729 0.00271204 0)
(0.0180075 0.00409447 0)
(0.0170635 0.0051444 0)
(0.016004 0.00578898 0)
(0.0148385 0.00589156 0)
(0.0134256 0.00529385 0)
(0.0118568 0.00390805 0)
(0.0101532 0.00169502 0)
(0.00930339 -0.00115716 0)
(0.00565305 -0.00817828 0)
(0.00416729 0.0202629 0)
(-0.00020313 -0.00716029 0)
(0.00385118 -0.00892941 0)
(0.00701049 -0.00921089 0)
(0.0103778 -0.00835427 0)
(0.013262 -0.00682249 0)
(0.0156288 -0.00497211 0)
(0.0174821 -0.00297429 0)
(0.0187268 -0.000933721 0)
(0.019278 0.00102933 0)
(0.019135 0.0027994 0)
(0.0184199 0.00426446 0)
(0.0173692 0.00535396 0)
(0.0162141 0.00601379 0)
(0.0150472 0.00613909 0)
(0.0137507 0.00557664 0)
(0.0123354 0.00421635 0)
(0.0106991 0.00197957 0)
(0.00961633 -0.000746525 0)
(0.00593902 -0.00754328 0)
(0.00375269 0.0211862 0)
(-0.000201023 -0.00761779 0)
(0.00402222 -0.00960599 0)
(0.00722771 -0.00988894 0)
(0.0105092 -0.00896061 0)
(0.0133191 -0.00733947 0)
(0.0156804 -0.00539683 0)
(0.0176029 -0.00329231 0)
(0.0189642 -0.00112318 0)
(0.0196381 0.00098059 0)
(0.019577 0.00288397 0)
(0.0188633 0.00444704 0)
(0.0177299 0.00558462 0)
(0.0164592 0.00625333 0)
(0.0152314 0.00638205 0)
(0.0139842 0.00583763 0)
(0.0126825 0.00450384 0)
(0.0111234 0.00227469 0)
(0.00985459 -0.000318535 0)
(0.00632683 -0.00681139 0)
(0.00337172 0.0221233 0)
(-0.000208738 -0.00808561 0)
(0.00419009 -0.0103076 0)
(0.00738335 -0.0105629 0)
(0.0105233 -0.00955299 0)
(0.0132304 -0.00784954 0)
(0.0155745 -0.0058274 0)
(0.0175652 -0.00362753 0)
(0.0190527 -0.0013359 0)
(0.0198745 0.000908938 0)
(0.0199443 0.00295563 0)
(0.0192914 0.00463324 0)
(0.0181208 0.00583332 0)
(0.0167416 0.00651294 0)
(0.0154153 0.00663178 0)
(0.0141569 0.00608782 0)
(0.0129224 0.00477513 0)
(0.0114339 0.00257406 0)
(0.0100395 0.000104363 0)
(0.00685466 -0.00595367 0)
(0.00306112 0.0229805 0)
(-0.000185245 -0.00857303 0)
(0.00433383 -0.0110231 0)
(0.00744844 -0.0112478 0)
(0.0104029 -0.0101427 0)
(0.0129927 -0.00836206 0)
(0.0153129 -0.00627284 0)
(0.0173653 -0.00398763 0)
(0.0189756 -0.00157726 0)
(0.0199484 0.000808398 0)
(0.0201847 0.00300515 0)
(0.0196516 0.00481313 0)
(0.0185045 0.00609292 0)
(0.0170507 0.00679133 0)
(0.0156139 0.00689385 0)
(0.0142962 0.00633653 0)
(0.0130782 0.00503667 0)
(0.0116334 0.00287215 0)
(0.0102394 0.000490519 0)
(0.00750077 -0.00513424 0)
(0.00246527 0.0243899 0)
(-0.000111316 -0.00985568 0)
(0.00450656 -0.0127209 0)
(0.00720035 -0.0128112 0)
(0.00965663 -0.011442 0)
(0.0119683 -0.00956169 0)
(0.0142267 -0.00741406 0)
(0.0163877 -0.00499382 0)
(0.0182596 -0.00234001 0)
(0.0196471 0.000405623 0)
(0.0203416 0.00299362 0)
(0.0202167 0.00518188 0)
(0.0193138 0.00674987 0)
(0.0178547 0.00757124 0)
(0.0161976 0.00764393 0)
(0.0146211 0.00700519 0)
(0.0132731 0.00566875 0)
(0.0118147 0.00357926 0)
(0.0110027 0.00124242 0)
(0.00840637 -0.00455813 0)
(0.0136591 0.0216075 0)
(-0.000119793 -0.0119818 0)
(0.0044918 -0.0152579 0)
(0.00629143 -0.0148678 0)
(0.00799831 -0.0131255 0)
(0.00990969 -0.0112715 0)
(0.0120618 -0.00919335 0)
(0.0142775 -0.00667447 0)
(0.0163096 -0.00375925 0)
(0.0179723 -0.000613379 0)
(0.0191402 0.00251578 0)
(0.019649 0.0053359 0)
(0.0193614 0.00751352 0)
(0.0182953 0.0087712 0)
(0.0166943 0.00900893 0)
(0.0148911 0.00831594 0)
(0.0132857 0.00684585 0)
(0.011415 0.00470875 0)
(0.0112608 0.00225856 0)
(0.00619208 -0.00373306 0)
(0.0117197 0.0103795 0)
(-1.57275e-05 -0.0140415 0)
(0.00413251 -0.0171938 0)
(0.00489203 -0.0160531 0)
(0.00607786 -0.0142569 0)
(0.00772188 -0.0127736 0)
(0.00974265 -0.0109224 0)
(0.0118528 -0.00836285 0)
(0.0137853 -0.00524394 0)
(0.0154219 -0.00182277 0)
(0.0167382 0.00169303 0)
(0.0176264 0.00503018 0)
(0.0178895 0.00781763 0)
(0.0173826 0.00965731 0)
(0.0161661 0.0102926 0)
(0.0144619 0.00974201 0)
(0.0127479 0.00824044 0)
(0.0106116 0.0060121 0)
(0.00988723 0.00366071 0)
(0.00502661 -0.001888 0)
(0.00526668 0.00440644 0)
(3.36265e-05 -0.0157679 0)
(0.00360559 -0.0185183 0)
(0.00365691 -0.0167467 0)
(0.00460044 -0.0152217 0)
(0.00593491 -0.0142023 0)
(0.00763915 -0.0125417 0)
(0.00943837 -0.00990621 0)
(0.0110718 -0.0066014 0)
(0.0124845 -0.00296129 0)
(0.01369 0.000799799 0)
(0.0146524 0.00447348 0)
(0.0152169 0.00773648 0)
(0.0151777 0.0101382 0)
(0.0144467 0.0112798 0)
(0.0130853 0.0110478 0)
(0.0115006 0.00968541 0)
(0.00940335 0.00751558 0)
(0.00811634 0.00533923 0)
(0.00423558 0.00101273 0)
(0.00216224 0.00364938 0)
(-0.000291176 -0.0174129 0)
(0.00311865 -0.0195035 0)
(0.00287163 -0.0171908 0)
(0.00359617 -0.015956 0)
(0.00441469 -0.015297 0)
(0.0055956 -0.0137944 0)
(0.00694495 -0.0110999 0)
(0.00817863 -0.00766633 0)
(0.0092756 -0.00389959 0)
(0.0102749 5.63561e-06 0)
(0.0111514 0.00387517 0)
(0.0118008 0.00744955 0)
(0.0120453 0.0102897 0)
(0.0117405 0.0119112 0)
(0.0108237 0.0120732 0)
(0.00957313 0.0109764 0)
(0.00777196 0.00902409 0)
(0.0063033 0.00707426 0)
(0.00318998 0.00357051 0)
(0.00101021 0.00384516 0)
(6.54606e-06 -0.0189879 0)
(0.00291883 -0.0202408 0)
(0.00248957 -0.0174494 0)
(0.00284325 -0.0163131 0)
(0.00300451 -0.0158983 0)
(0.00356556 -0.0145963 0)
(0.00441877 -0.0119081 0)
(0.00522352 -0.00840646 0)
(0.00595488 -0.00459763 0)
(0.00668827 -0.000638499 0)
(0.00740386 0.00333825 0)
(0.00801496 0.00709751 0)
(0.00839128 0.0102292 0)
(0.00840801 0.0122206 0)
(0.0079419 0.0127483 0)
(0.00714734 0.0119632 0)
(0.00579772 0.0103305 0)
(0.00447358 0.00864966 0)
(0.00205834 0.00557278 0)
(0.000576854 0.00423325 0)
(0.000166352 -0.0202327 0)
(0.00279608 -0.0208335 0)
(0.00224463 -0.0174902 0)
(0.00212943 -0.0162142 0)
(0.00163541 -0.0159681 0)
(0.00157782 -0.0149446 0)
(0.00194689 -0.0123516 0)
(0.00235013 -0.0088266 0)
(0.0027086 -0.00502937 0)
(0.00313162 -0.00109127 0)
(0.00363197 0.00292366 0)
(0.00413625 0.00676385 0)
(0.00455657 0.0100432 0)
(0.00481728 0.0122565 0)
(0.00477353 0.013055 0)
(0.00447246 0.0125711 0)
(0.0036093 0.0113178 0)
(0.00258633 0.00989467 0)
(0.000952833 0.00685016 0)
(0.000498865 0.00451366 0)
(-0.000300616 -0.0216157 0)
(0.00253916 -0.0213832 0)
(0.00186738 -0.0172774 0)
(0.00128859 -0.0156785 0)
(0.000233619 -0.0155445 0)
(-0.000394504 -0.0148696 0)
(-0.000470273 -0.0124731 0)
(-0.000402073 -0.00897007 0)
(-0.000359111 -0.00519764 0)
(-0.000250304 -0.00132907 0)
(3.6787e-06 0.00264396 0)
(0.000372397 0.00646823 0)
(0.000813922 0.00976462 0)
(0.00129603 0.0120519 0)
(0.00163696 0.0130067 0)
(0.00178094 0.0128049 0)
(0.0012928 0.0119686 0)
(0.000642962 0.0107113 0)
(3.70902e-05 0.0072881 0)
(0.000591676 0.00442457 0)
(0.000249456 -0.0229738 0)
(0.00216896 -0.021727 0)
(0.00117789 -0.0167719 0)
(0.000203494 -0.0147858 0)
(-0.0012765 -0.0147218 0)
(-0.0024156 -0.0144137 0)
(-0.00289015 -0.0123088 0)
(-0.0030851 -0.00889968 0)
(-0.0032599 -0.00515267 0)
(-0.00340071 -0.00134914 0)
(-0.00335015 0.00250108 0)
(-0.00307595 0.00619774 0)
(-0.00257814 0.00936956 0)
(-0.00188968 0.0115985 0)
(-0.00125616 0.0126497 0)
(-0.000870494 0.0127881 0)
(-0.00112663 0.012347 0)
(-0.00117071 0.0108707 0)
(-0.000487372 0.00689548 0)
(0.000742088 0.0039475 0)
(-0.000196131 -0.0236367 0)
(0.00117528 -0.021874 0)
(7.78712e-05 -0.015997 0)
(-0.00117526 -0.0136359 0)
(-0.0029162 -0.0135849 0)
(-0.00451757 -0.0136296 0)
(-0.00538281 -0.0118872 0)
(-0.00580205 -0.00865795 0)
(-0.00608557 -0.0049725 0)
(-0.00631861 -0.00125405 0)
(-0.00635351 0.00241715 0)
(-0.006085 0.00587533 0)
(-0.00549661 0.00881754 0)
(-0.004692 0.0109463 0)
(-0.00397992 0.0121716 0)
(-0.0035747 0.0126931 0)
(-0.00342074 0.0123073 0)
(-0.00245801 0.0101303 0)
(-0.000575594 0.0057835 0)
(0.000900741 0.00324088 0)
(-0.000536922 -0.0241753 0)
(-0.000484445 -0.0216106 0)
(-0.00128405 -0.0150896 0)
(-0.00277364 -0.0123326 0)
(-0.00462494 -0.0121973 0)
(-0.0066625 -0.0125231 0)
(-0.00797772 -0.0112085 0)
(-0.00865878 -0.00828482 0)
(-0.00900146 -0.00475067 0)
(-0.00918733 -0.0011711 0)
(-0.0091671 0.0022834 0)
(-0.00883648 0.00547242 0)
(-0.00820347 0.00820216 0)
(-0.00742475 0.0103176 0)
(-0.0067327 0.0117591 0)
(-0.00609463 0.0123778 0)
(-0.00504825 0.0114924 0)
(-0.00290941 0.00846307 0)
(-0.000403138 0.00423162 0)
(0.000977441 0.00245997 0)
(-0.00013234 -0.024143 0)
(-0.00238167 -0.0207495 0)
(-0.00284523 -0.0141492 0)
(-0.00444849 -0.0109937 0)
(-0.00626972 -0.0106005 0)
(-0.00870756 -0.0110659 0)
(-0.0105671 -0.010205 0)
(-0.0116484 -0.00772901 0)
(-0.0121536 -0.00448054 0)
(-0.0123193 -0.0011048 0)
(-0.0122126 0.0021299 0)
(-0.0118016 0.00509424 0)
(-0.0111094 0.00767879 0)
(-0.0102215 0.0097696 0)
(-0.00915513 0.0111572 0)
(-0.00768208 0.011363 0)
(-0.00545226 0.00971011 0)
(-0.00254583 0.00624453 0)
(-0.000239254 0.00268237 0)
(0.000842468 0.00165859 0)
(-2.9583e-05 -0.0227819 0)
(-0.00459124 -0.0192872 0)
(-0.00466974 -0.0132062 0)
(-0.00615187 -0.00975403 0)
(-0.00772754 -0.00887762 0)
(-0.0104026 -0.00924794 0)
(-0.0128264 -0.00878665 0)
(-0.0144641 -0.00686616 0)
(-0.0153282 -0.00406441 0)
(-0.0156366 -0.00101141 0)
(-0.0154849 0.00197052 0)
(-0.0148825 0.0046925 0)
(-0.0138268 0.00703535 0)
(-0.0122966 0.00883559 0)
(-0.0102325 0.00976999 0)
(-0.007562 0.00935083 0)
(-0.00443408 0.00729851 0)
(-0.00155842 0.00420624 0)
(1.5964e-05 0.00161277 0)
(0.000561303 0.00102424 0)
(-7.20231e-05 -0.0203182 0)
(-0.00702494 -0.0172915 0)
(-0.0068958 -0.0123183 0)
(-0.00809406 -0.00880139 0)
(-0.00905943 -0.00724975 0)
(-0.0115231 -0.00720298 0)
(-0.0142532 -0.00696572 0)
(-0.0164133 -0.00561741 0)
(-0.0176908 -0.00338424 0)
(-0.0181593 -0.000819311 0)
(-0.0178729 0.00169244 0)
(-0.0168343 0.00392572 0)
(-0.015006 0.00572824 0)
(-0.0123926 0.0069375 0)
(-0.00911528 0.00730827 0)
(-0.0054669 0.0065991 0)
(-0.00206127 0.00491174 0)
(0.000218298 0.00274007 0)
(0.00103107 0.000995416 0)
(0.000660052 0.000480489 0)
(-0.000711375 -0.0167575 0)
(-0.00965687 -0.0146775 0)
(-0.00974181 -0.0114084 0)
(-0.0107768 -0.00830495 0)
(-0.0107992 -0.00613955 0)
(-0.0122835 -0.00534696 0)
(-0.014573 -0.00500779 0)
(-0.0167785 -0.00415692 0)
(-0.0182109 -0.00265393 0)
(-0.0186646 -0.000850507 0)
(-0.0180775 0.000905936 0)
(-0.0164111 0.00239749 0)
(-0.0136664 0.00346407 0)
(-0.010007 0.00403922 0)
(-0.00583025 0.00411134 0)
(-0.00173216 0.00373639 0)
(0.00137753 0.00300498 0)
(0.00272056 0.00212027 0)
(0.00251585 0.00144697 0)
(0.00113275 0.00138159 0)
(-0.00115334 -0.0121197 0)
(-0.0121386 -0.0112367 0)
(-0.0131371 -0.0101581 0)
(-0.0146329 -0.00818496 0)
(-0.0139918 -0.00597503 0)
(-0.0139535 -0.00441069 0)
(-0.0147649 -0.00351713 0)
(-0.0160516 -0.00278455 0)
(-0.0170037 -0.00187995 0)
(-0.0170939 -0.000888208 0)
(-0.0160831 -7.2867e-05 0)
(-0.0139192 0.000399583 0)
(-0.0106807 0.000454353 0)
(-0.00663476 0.000304432 0)
(-0.00230676 0.000284836 0)
(0.0015704 0.000632965 0)
(0.00407033 0.0012482 0)
(0.00468426 0.00182741 0)
(0.00378559 0.00192027 0)
(0.00177972 0.00166984 0)
(-0.00075305 -0.00622604 0)
(-0.0138582 -0.00701 0)
(-0.0160524 -0.00816319 0)
(-0.0189019 -0.00780506 0)
(-0.0189515 -0.00642907 0)
(-0.0183482 -0.00482865 0)
(-0.0177065 -0.00349115 0)
(-0.0174585 -0.00254955 0)
(-0.0173615 -0.00197257 0)
(-0.0170379 -0.00171939 0)
(-0.0162481 -0.00178541 0)
(-0.0149932 -0.00201359 0)
(-0.0132838 -0.00244537 0)
(-0.0110829 -0.00276261 0)
(-0.00837009 -0.00258638 0)
(-0.00521983 -0.00150926 0)
(-0.00211273 0.000456473 0)
(-0.000164585 0.00272602 0)
(9.0129e-05 0.00418753 0)
(-0.00106364 0.00528871 0)
(-0.00194261 -0.00103362 0)
(-0.013915 -0.00267528 0)
(-0.0161098 -0.00512529 0)
(-0.0206245 -0.00620198 0)
(-0.0229202 -0.00606007 0)
(-0.0240983 -0.00516512 0)
(-0.0244218 -0.00395531 0)
(-0.0245574 -0.00279681 0)
(-0.0248152 -0.00195109 0)
(-0.0252856 -0.00146483 0)
(-0.0258784 -0.00143691 0)
(-0.0266072 -0.0014863 0)
(-0.0272407 -0.00231472 0)
(-0.0273501 -0.00345279 0)
(-0.0265498 -0.00439597 0)
(-0.0244188 -0.00415752 0)
(-0.0203987 -0.00267154 0)
(-0.014613 -0.000134879 0)
(-0.00888713 0.00149674 0)
(-0.00607953 0.000985173 0)
(-0.000779413 0.00501148 0)
(-0.0101545 0.00301237 0)
(-0.0108565 -0.00114758 0)
(-0.0162178 -0.00309493 0)
(-0.0204657 -0.00397234 0)
(-0.0241009 -0.00397772 0)
(-0.0269431 -0.00326476 0)
(-0.0292828 -0.0023384 0)
(-0.0311425 -0.00143684 0)
(-0.0325943 -0.000968471 0)
(-0.0333792 -0.00123701 0)
(-0.0344214 -0.00109719 0)
(-0.036097 -0.00254596 0)
(-0.0380758 -0.00404665 0)
(-0.0403648 -0.00612471 0)
(-0.0425895 -0.00701988 0)
(-0.043292 -0.0076032 0)
(-0.0418007 -0.00599378 0)
(-0.0379443 -0.00332799 0)
(-0.0336061 0.00393188 0)
(-0.00581093 0.00665692 0)
(-0.00574449 0.00185946 0)
(-0.00417022 0.000826281 0)
(-0.00705823 0.00140286 0)
(-0.010231 0.000733707 0)
(-0.0132236 6.07676e-05 0)
(-0.0158235 0.000465045 0)
(-0.0182115 0.00110994 0)
(-0.0202467 0.000822027 0)
(-0.0221457 0.000943585 0)
(-0.0224274 -0.000893259 0)
(-0.0231059 0.00163831 0)
(-0.025088 0.000436402 0)
(-0.0269057 0.000402604 0)
(-0.0302203 -0.000586758 0)
(-0.034717 -2.44036e-05 0)
(-0.0402021 -0.00157779 0)
(-0.0448318 -0.00182084 0)
(-0.0480317 -0.00434405 0)
(-0.0483159 -0.00105924 0)
(-0.00504833 0.000577689 0)
(-0.00373895 -0.000288172 0)
(0.000797968 -5.54946e-05 0)
(-0.000309246 9.74765e-06 0)
(0.000220024 -1.15968e-05 0)
(0.000359586 -1.16846e-05 0)
(0.000630467 -4.23599e-06 0)
(0.000728226 3.45966e-06 0)
(0.000664352 1.06334e-05 0)
(0.000473819 1.1166e-05 0)
(0.000260897 8.36137e-06 0)
(4.46873e-05 7.1468e-06 0)
(-0.000237492 7.61288e-06 0)
(-0.000663934 1.07937e-05 0)
(-0.00126002 1.82499e-05 0)
(-0.00195674 2.53719e-05 0)
(-0.00261434 2.7623e-05 0)
(-0.00307584 2.02191e-05 0)
(-0.00322332 2.87612e-06 0)
(-0.00313228 -5.40919e-06 0)
(-0.00905734 0.00188068 0)
(-0.00595683 -0.00151017 0)
(0.000727255 -0.000443232 0)
(-0.00112601 6.67322e-05 0)
(-1.61549e-05 -0.000113242 0)
(0.000349829 -9.41887e-05 0)
(0.00101815 -7.19423e-05 0)
(0.00135658 -1.11756e-05 0)
(0.00134909 4.99878e-05 0)
(0.00102094 7.83573e-05 0)
(0.000564497 8.34087e-05 0)
(8.97367e-06 0.000101762 0)
(-0.000825815 0.000146037 0)
(-0.00212591 0.000207785 0)
(-0.00382968 0.000263392 0)
(-0.00562152 0.000275085 0)
(-0.00711277 0.000227202 0)
(-0.00800855 0.000125055 0)
(-0.00821892 8.20527e-06 0)
(-0.00804449 -2.71367e-05 0)
(-0.0102471 0.0036152 0)
(-0.00611007 -0.00283344 0)
(-0.000445924 -0.000764575 0)
(-0.00204564 7.31646e-05 0)
(-0.000659774 -0.000264945 0)
(-8.50234e-05 -0.000231472 0)
(0.000869553 -0.000197634 0)
(0.00142805 -6.20458e-05 0)
(0.00154122 8.29668e-05 0)
(0.00119735 0.000166994 0)
(0.000610742 0.00020445 0)
(-0.000212724 0.000281394 0)
(-0.00157865 0.000427069 0)
(-0.00370841 0.000595712 0)
(-0.00632359 0.000703866 0)
(-0.00883138 0.000674781 0)
(-0.0107101 0.000505956 0)
(-0.0117029 0.000248623 0)
(-0.0118669 6.67238e-06 0)
(-0.0116573 -5.44612e-05 0)
(-0.0102584 0.00542712 0)
(-0.00598039 -0.00397766 0)
(-0.0020672 -0.000980993 0)
(-0.00299114 -4.44112e-06 0)
(-0.00150403 -0.000452381 0)
(-0.000719321 -0.000416876 0)
(0.000443011 -0.000369809 0)
(0.00118065 -0.000146122 0)
(0.00141101 0.000102488 0)
(0.00109039 0.000264497 0)
(0.000428385 0.000360033 0)
(-0.000620653 0.000539156 0)
(-0.00248536 0.000840727 0)
(-0.005329 0.00114249 0)
(-0.00857752 0.00127649 0)
(-0.011424 0.00114769 0)
(-0.0133595 0.000803106 0)
(-0.0142659 0.000363414 0)
(-0.0143391 -4.32021e-06 0)
(-0.0140995 -8.52717e-05 0)
(-0.00981449 0.00715462 0)
(-0.00604019 -0.00484941 0)
(-0.0036805 -0.00111243 0)
(-0.00389784 -0.000162794 0)
(-0.00239044 -0.00066574 0)
(-0.0013953 -0.000642715 0)
(-7.59355e-05 -0.000574461 0)
(0.000798613 -0.000256249 0)
(0.00111203 0.000109322 0)
(0.000805422 0.000365683 0)
(8.0225e-05 0.000543588 0)
(-0.00117911 0.000866944 0)
(-0.0034917 0.00136572 0)
(-0.00687542 0.00179982 0)
(-0.0104579 0.00191306 0)
(-0.0133377 0.00163021 0)
(-0.0151289 0.00107923 0)
(-0.0158655 0.000454812 0)
(-0.0158229 -2.82556e-05 0)
(-0.0155362 -0.000121219 0)
(-0.00921799 0.00878292 0)
(-0.00623363 -0.00545623 0)
(-0.00506889 -0.00119669 0)
(-0.0047154 -0.000380695 0)
(-0.00321254 -0.000902323 0)
(-0.00201542 -0.000903466 0)
(-0.000570141 -0.000803178 0)
(0.000404866 -0.000383978 0)
(0.000760379 0.000109601 0)
(0.000436546 0.000472639 0)
(-0.000367566 0.000755672 0)
(-0.00183634 0.00125767 0)
(-0.00452386 0.00197581 0)
(-0.0082457 0.00251898 0)
(-0.011896 0.00255928 0)
(-0.0146037 0.00208299 0)
(-0.0161529 0.00131543 0)
(-0.0166871 0.000515961 0)
(-0.0165054 -6.89106e-05 0)
(-0.0161447 -0.000165533 0)
(-0.00859367 0.0103333 0)
(-0.00644219 -0.00582778 0)
(-0.00616992 -0.00125691 0)
(-0.00541106 -0.000636649 0)
(-0.00391471 -0.00116132 0)
(-0.00253426 -0.00119424 0)
(-0.000983933 -0.0010523 0)
(6.65249e-05 -0.000521137 0)
(0.000430142 0.000110569 0)
(5.38983e-05 0.000592323 0)
(-0.000859095 0.000998636 0)
(-0.0025378 0.00170315 0)
(-0.00550831 0.00264193 0)
(-0.00937053 0.00325643 0)
(-0.0128872 0.00317682 0)
(-0.0153113 0.00248528 0)
(-0.0165879 0.00150418 0)
(-0.0169089 0.000542565 0)
(-0.0165624 -0.000131037 0)
(-0.0160944 -0.00022216 0)
(-0.00799203 0.0118185 0)
(-0.00660166 -0.00600074 0)
(-0.00699517 -0.00130291 0)
(-0.00597386 -0.000913555 0)
(-0.00448565 -0.00144104 0)
(-0.00294925 -0.00151079 0)
(-0.00130815 -0.00131881 0)
(-0.000193345 -0.000663306 0)
(0.000159304 0.000118744 0)
(-0.000298425 0.000732633 0)
(-0.0013512 0.00127438 0)
(-0.00323236 0.00219296 0)
(-0.0063845 0.00333537 0)
(-0.0102179 0.00397746 0)
(-0.0134715 0.00374241 0)
(-0.015574 0.0028293 0)
(-0.0165858 0.00164405 0)
(-0.0166911 0.000531172 0)
(-0.0161505 -0.000220182 0)
(-0.0155346 -0.000295769 0)
(-0.00743126 0.0132418 0)
(-0.00669389 -0.00601466 0)
(-0.00758637 -0.00133706 0)
(-0.00641606 -0.00119844 0)
(-0.00494687 -0.00173779 0)
(-0.0032872 -0.00184892 0)
(-0.00156354 -0.00160085 0)
(-0.000381215 -0.000810578 0)
(-4.06584e-05 0.000138813 0)
(-0.000597112 0.000897921 0)
(-0.00181231 0.00158504 0)
(-0.0038767 0.00271503 0)
(-0.00711091 0.00403082 0)
(-0.0107878 0.0046579 0)
(-0.0137143 0.00424556 0)
(-0.0155068 0.00311594 0)
(-0.0162821 0.00173681 0)
(-0.016173 0.000478396 0)
(-0.0154059 -0.000342916 0)
(-0.0145912 -0.000391961 0)
(-0.00691586 0.0146066 0)
(-0.00672486 -0.00590529 0)
(-0.00799555 -0.00135701 0)
(-0.00676888 -0.00148071 0)
(-0.00533867 -0.00204619 0)
(-0.00358949 -0.00220476 0)
(-0.00178524 -0.00189885 0)
(-0.000519793 -0.000965006 0)
(-0.000175278 0.000171082 0)
(-0.000832997 0.0010907 0)
(-0.00222013 0.00192983 0)
(-0.00443785 0.00325689 0)
(-0.00766586 0.00470825 0)
(-0.0111023 0.00528383 0)
(-0.013689 0.00468556 0)
(-0.0152142 0.00335151 0)
(-0.0157921 0.0017861 0)
(-0.0154744 0.000380753 0)
(-0.0144467 -0.000507136 0)
(-0.0133691 -0.000517493 0)
(-0.00644454 0.0159165 0)
(-0.00671085 -0.00570003 0)
(-0.00827623 -0.00135822 0)
(-0.00707382 -0.00175095 0)
(-0.00570655 -0.00236008 0)
(-0.00389872 -0.00257521 0)
(-0.00201023 -0.00221498 0)
(-0.000637807 -0.0011305 0)
(-0.000259261 0.00021192 0)
(-0.0010053 0.00131084 0)
(-0.00255986 0.00230541 0)
(-0.00489412 0.0038068 0)
(-0.00804491 0.00535353 0)
(-0.0111971 0.00584995 0)
(-0.0134671 0.00506834 0)
(-0.0147834 0.00354539 0)
(-0.0152095 0.00179697 0)
(-0.0146957 0.000234994 0)
(-0.0133759 -0.000722156 0)
(-0.0119574 -0.000680389 0)
(-0.0060137 0.0171746 0)
(-0.00667181 -0.00541802 0)
(-0.00847855 -0.0013356 0)
(-0.00737283 -0.0020008 0)
(-0.00609046 -0.0026736 0)
(-0.00424907 -0.00295813 0)
(-0.00226937 -0.00255244 0)
(-0.000762954 -0.00131323 0)
(-0.000310701 0.00025555 0)
(-0.00111812 0.00155523 0)
(-0.00282298 0.00270665 0)
(-0.0052347 0.0043546 0)
(-0.00825672 0.00595816 0)
(-0.0111129 0.0063574 0)
(-0.0131113 0.00540368 0)
(-0.0142824 0.00370854 0)
(-0.0146057 0.00177591 0)
(-0.0139182 3.90207e-05 0)
(-0.0122837 -0.000998323 0)
(-0.010434 -0.000889777 0)
(-0.00561916 0.0183846 0)
(-0.00662872 -0.0050716 0)
(-0.00864584 -0.0012833 0)
(-0.00770047 -0.00222326 0)
(-0.00651804 -0.002982 0)
(-0.00466111 -0.00335224 0)
(-0.00258327 -0.0029147 0)
(-0.000917919 -0.00152021 0)
(-0.000347691 0.000294307 0)
(-0.00117822 0.00181829 0)
(-0.0030064 0.0031273 0)
(-0.00545815 0.00489224 0)
(-0.00831865 0.00651837 0)
(-0.0108903 0.0068116 0)
(-0.0126719 0.00570302 0)
(-0.0137587 0.00385222 0)
(-0.0140283 0.00173085 0)
(-0.013201 -0.000207111 0)
(-0.0112458 -0.00134603 0)
(-0.0088691 -0.00115533 0)
(-0.00525709 0.0195514 0)
(-0.00660303 -0.00466728 0)
(-0.00881265 -0.00119534 0)
(-0.00807931 -0.00241319 0)
(-0.00700188 -0.00328222 0)
(-0.00514079 -0.0037568 0)
(-0.00296129 -0.00330456 0)
(-0.00111862 -0.00175822 0)
(-0.000386596 0.000319391 0)
(-0.00119386 0.00209264 0)
(-0.00311159 0.00356066 0)
(-0.00557031 0.00541383 0)
(-0.00825273 0.00703401 0)
(-0.0105661 0.00722029 0)
(-0.012186 0.00597767 0)
(-0.01324 0.00398696 0)
(-0.0135007 0.00167077 0)
(-0.012577 -0.00050036 0)
(-0.0103184 -0.00177431 0)
(-0.00732565 -0.00148631 0)
(-0.00492469 0.0206812 0)
(-0.00661737 -0.00420721 0)
(-0.00900409 -0.00106687 0)
(-0.00851845 -0.00256776 0)
(-0.00754029 -0.00357299 0)
(-0.00568133 -0.00417121 0)
(-0.00340269 -0.00372352 0)
(-0.00137389 -0.00203285 0)
(-0.000441329 0.00032165 0)
(-0.0011742 0.00236971 0)
(-0.00314372 0.00400008 0)
(-0.00558207 0.0059155 0)
(-0.00808258 0.00750741 0)
(-0.0101711 0.00759184 0)
(-0.0116775 0.00623735 0)
(-0.012736 0.00412139 0)
(-0.0130239 0.00160486 0)
(-0.0120522 -0.000834374 0)
(-0.0095336 -0.00228936 0)
(-0.00585799 -0.00189037 0)
(-0.00462063 0.0217837 0)
(-0.00669768 -0.00369327 0)
(-0.00923654 -0.000895692 0)
(-0.00901465 -0.00268686 0)
(-0.00812052 -0.00385464 0)
(-0.00626705 -0.00459463 0)
(-0.00389878 -0.00417144 0)
(-0.00168589 -0.00234812 0)
(-0.000523141 0.000292266 0)
(-0.00112899 0.00264031 0)
(-0.00311065 0.00443927 0)
(-0.00550732 0.00639512 0)
(-0.00783112 0.00794233 0)
(-0.00972947 0.00793407 0)
(-0.0111595 0.00648931 0)
(-0.012243 0.00426149 0)
(-0.0125813 0.00154133 0)
(-0.01161 -0.00119955 0)
(-0.00889818 -0.00289207 0)
(-0.00451065 -0.00237207 0)
(-0.00434571 0.0228649 0)
(-0.00687723 -0.00313157 0)
(-0.00951866 -0.000683643 0)
(-0.00955511 -0.00277298 0)
(-0.00872319 -0.00412835 0)
(-0.00687747 -0.00502537 0)
(-0.00443547 -0.00464635 0)
(-0.00205103 -0.00270628 0)
(-0.000640544 0.000223283 0)
(-0.0010685 0.00289514 0)
(-0.00302202 0.00487242 0)
(-0.00536124 0.00685185 0)
(-0.00751921 0.00834308 0)
(-0.00925909 0.00825336 0)
(-0.010636 0.00673777 0)
(-0.0117477 0.00441001 0)
(-0.0121456 0.00148692 0)
(-0.0112183 -0.0015816 0)
(-0.00839897 -0.00357335 0)
(-0.00332211 -0.00292943 0)
(-0.00410062 0.0239669 0)
(-0.00720399 -0.00251828 0)
(-0.00985185 -0.000436696 0)
(-0.0101209 -0.00283051 0)
(-0.00932655 -0.00439553 0)
(-0.00749067 -0.00546067 0)
(-0.00499554 -0.00514409 0)
(-0.00246098 -0.00310694 0)
(-0.000799177 0.000108385 0)
(-0.00100354 0.0031253 0)
(-0.0028885 0.00529433 0)
(-0.00515897 0.00728585 0)
(-0.00716491 0.00871394 0)
(-0.0087723 0.00855424 0)
(-0.0101059 0.00698392 0)
(-0.0112335 0.00456663 0)
(-0.0116858 0.00144727 0)
(-0.0108382 -0.00196135 0)
(-0.00801123 -0.00431551 0)
(-0.00233161 -0.00355177 0)
(-0.00393877 0.0249981 0)
(-0.00775825 -0.00179334 0)
(-0.0102348 -0.000167969 0)
(-0.0106893 -0.00286629 0)
(-0.00990858 -0.00465861 0)
(-0.00808442 -0.00589851 0)
(-0.00555955 -0.00565894 0)
(-0.00290367 -0.00354427 0)
(-0.00100192 -5.46021e-05 0)
(-0.000945862 0.00332295 0)
(-0.00272114 0.00570038 0)
(-0.00491467 0.00769793 0)
(-0.00678327 0.00905868 0)
(-0.00827724 0.00883921 0)
(-0.00956488 0.00722622 0)
(-0.0106838 0.00472852 0)
(-0.0111721 0.00142516 0)
(-0.0104309 -0.00233062 0)
(-0.00770356 -0.00511363 0)
(-0.00157348 -0.00423134 0)
(-0.0034221 0.0265762 0)
(-0.00865516 -0.000878868 0)
(-0.0106833 9.45772e-05 0)
(-0.011227 -0.0028935 0)
(-0.0104411 -0.00492286 0)
(-0.00862948 -0.00634042 0)
(-0.00610039 -0.00618765 0)
(-0.00336159 -0.00400969 0)
(-0.0012504 -0.000262481 0)
(-0.000909996 0.00348107 0)
(-0.00253085 0.0060864 0)
(-0.00463994 0.00809048 0)
(-0.00638619 0.00938227 0)
(-0.00777878 0.00911018 0)
(-0.00900728 0.00746146 0)
(-0.010084 0.00489029 0)
(-0.0105817 0.00141259 0)
(-0.00996748 -0.00271608 0)
(-0.00743711 -0.00597345 0)
(-0.00105853 -0.00498031 0)
(-0.0156547 0.0245108 0)
(-0.011897 -0.000535268 0)
(-0.0121475 0.000386079 0)
(-0.0122215 -0.00300806 0)
(-0.0114336 -0.0055814 0)
(-0.00966696 -0.00743722 0)
(-0.00721656 -0.00754077 0)
(-0.00443974 -0.00528564 0)
(-0.00200034 -0.000959013 0)
(-0.000931223 0.0037248 0)
(-0.00201393 0.00695027 0)
(-0.00387233 0.00897461 0)
(-0.00536862 0.0100981 0)
(-0.00652857 0.00972063 0)
(-0.00753731 0.00798642 0)
(-0.00842078 0.00523875 0)
(-0.00890342 0.00136105 0)
(-0.00859816 -0.00358722 0)
(-0.00672744 -0.00790791 0)
(-0.00046281 -0.00695423 0)
(-0.0155033 0.0138854 0)
(-0.0106316 -0.000493051 0)
(-0.0137606 0.000408964 0)
(-0.0129152 -0.00329916 0)
(-0.0123982 -0.00660374 0)
(-0.0107877 -0.00913785 0)
(-0.00857335 -0.00969839 0)
(-0.00593739 -0.00747669 0)
(-0.00335862 -0.00256718 0)
(-0.00146601 0.00340945 0)
(-0.00145289 0.00784742 0)
(-0.002784 0.0100978 0)
(-0.00392681 0.010985 0)
(-0.00471053 0.0104386 0)
(-0.00525593 0.00857658 0)
(-0.00567992 0.00573454 0)
(-0.00602892 0.00163826 0)
(-0.00612299 -0.00429441 0)
(-0.00542117 -0.010237 0)
(-0.000185503 -0.00993542 0)
(-0.0103723 0.00822178 0)
(-0.0099461 0.000947984 0)
(-0.0130382 0.000690083 0)
(-0.0125371 -0.00348719 0)
(-0.0122187 -0.00739742 0)
(-0.0109468 -0.0105443 0)
(-0.00914808 -0.0115919 0)
(-0.00695231 -0.00956254 0)
(-0.00469547 -0.00440909 0)
(-0.00260862 0.00236967 0)
(-0.00156712 0.00803468 0)
(-0.00214794 0.0108418 0)
(-0.00291615 0.0115788 0)
(-0.00333721 0.0108245 0)
(-0.00344811 0.00879887 0)
(-0.00346984 0.00595158 0)
(-0.00368676 0.00199423 0)
(-0.00382038 -0.00429041 0)
(-0.0039022 -0.0113522 0)
(-0.000576144 -0.0121063 0)
(-0.00776992 0.00765697 0)
(-0.00943283 0.00309653 0)
(-0.0115398 0.00120591 0)
(-0.0114288 -0.00348365 0)
(-0.0112453 -0.00794004 0)
(-0.0103849 -0.0115742 0)
(-0.00911796 -0.0130429 0)
(-0.00755477 -0.0112184 0)
(-0.00591453 -0.00600178 0)
(-0.00417405 0.00108583 0)
(-0.00261742 0.00752247 0)
(-0.00227898 0.0110834 0)
(-0.00255477 0.011859 0)
(-0.00260975 0.0109056 0)
(-0.00240165 0.00872191 0)
(-0.00223689 0.00592742 0)
(-0.00241501 0.00215263 0)
(-0.00222157 -0.00429858 0)
(-0.00238173 -0.0118698 0)
(-0.000317956 -0.0133656 0)
(-0.0066267 0.00839079 0)
(-0.0085743 0.00486424 0)
(-0.00989574 0.00173247 0)
(-0.00996333 -0.00336871 0)
(-0.0098931 -0.00823221 0)
(-0.00943541 -0.012197 0)
(-0.0087687 -0.0139708 0)
(-0.00797518 -0.0123054 0)
(-0.00711246 -0.00709978 0)
(-0.00599518 -3.09011e-05 0)
(-0.00450239 0.00659779 0)
(-0.00339568 0.0107355 0)
(-0.0030171 0.0117546 0)
(-0.00265324 0.0107108 0)
(-0.00223808 0.0085001 0)
(-0.0021111 0.00587952 0)
(-0.00218843 0.00211573 0)
(-0.0014098 -0.00459432 0)
(-0.00129242 -0.0121075 0)
(-0.000267959 -0.0143069 0)
(-0.00585172 0.00931342 0)
(-0.00748334 0.00614132 0)
(-0.00832843 0.00217917 0)
(-0.00844539 -0.00321461 0)
(-0.00846774 -0.00831489 0)
(-0.00836717 -0.0124157 0)
(-0.00833534 -0.0143135 0)
(-0.00841683 -0.0127252 0)
(-0.00842619 -0.00758237 0)
(-0.00801095 -0.000740555 0)
(-0.00689535 0.00561695 0)
(-0.00543772 0.00987309 0)
(-0.00437494 0.0111751 0)
(-0.00356732 0.0102376 0)
(-0.00305621 0.00825704 0)
(-0.0029626 0.00582485 0)
(-0.00252249 0.00164863 0)
(-0.00111098 -0.00527974 0)
(-0.000654846 -0.0122515 0)
(-0.000827589 -0.0144807 0)
(-0.00520468 0.0101933 0)
(-0.00638726 0.0070184 0)
(-0.00692107 0.00252407 0)
(-0.00703323 -0.00305595 0)
(-0.00712351 -0.00823228 0)
(-0.00733215 -0.0122482 0)
(-0.00795391 -0.0140319 0)
(-0.00897927 -0.0124186 0)
(-0.00989901 -0.00741554 0)
(-0.0101704 -0.000976164 0)
(-0.00952085 0.00478746 0)
(-0.0080909 0.00870942 0)
(-0.00658142 0.0101572 0)
(-0.00543686 0.00955775 0)
(-0.00478756 0.00798027 0)
(-0.00422362 0.00542236 0)
(-0.00270621 0.000495001 0)
(-0.000910524 -0.0062602 0)
(3.40076e-05 -0.012406 0)
(-0.000297709 -0.0143671 0)
(-0.00462842 0.0108734 0)
(-0.00538834 0.0075807 0)
(-0.00567645 0.0027645 0)
(-0.00575107 -0.002901 0)
(-0.00588865 -0.00800572 0)
(-0.00637562 -0.0117016 0)
(-0.00766323 -0.0130968 0)
(-0.00965545 -0.0113549 0)
(-0.0114883 -0.00660639 0)
(-0.0124149 -0.000761357 0)
(-0.0122392 0.00421453 0)
(-0.011071 0.00754559 0)
(-0.00945469 0.0089644 0)
(-0.00798041 0.00870787 0)
(-0.00666907 0.00725018 0)
(-0.00487953 0.00413563 0)
(-0.00214146 -0.00133472 0)
(-0.000444031 -0.0073664 0)
(0.000734191 -0.0125652 0)
(-0.000505035 -0.014154 0)
(-0.00409882 0.011292 0)
(-0.00449608 0.00787951 0)
(-0.00456246 0.00289577 0)
(-0.00457129 -0.00275673 0)
(-0.0047347 -0.00764623 0)
(-0.00548582 -0.0107779 0)
(-0.00742889 -0.0115044 0)
(-0.0103389 -0.00954339 0)
(-0.0130463 -0.005179 0)
(-0.0146016 -0.000114988 0)
(-0.0148725 0.00398402 0)
(-0.0139811 0.00657378 0)
(-0.0122579 0.00765393 0)
(-0.0100737 0.00728006 0)
(-0.00746007 0.00545278 0)
(-0.0042331 0.00188416 0)
(-0.000692163 -0.00326971 0)
(0.000718305 -0.00844635 0)
(0.00207056 -0.0126093 0)
(0.00033947 -0.0135484 0)
(-0.00361634 0.0114636 0)
(-0.00370043 0.00794813 0)
(-0.00355787 0.0029056 0)
(-0.00347953 -0.00264254 0)
(-0.00363624 -0.00717356 0)
(-0.00465366 -0.00949301 0)
(-0.00718062 -0.00931321 0)
(-0.0108398 -0.00706954 0)
(-0.0142881 -0.00320404 0)
(-0.0163351 0.00091284 0)
(-0.0168367 0.00395883 0)
(-0.0159232 0.00554995 0)
(-0.0137069 0.00582106 0)
(-0.0104454 0.00480775 0)
(-0.00648903 0.0024803 0)
(-0.00232888 -0.00105419 0)
(0.00149614 -0.00529758 0)
(0.00270173 -0.00926874 0)
(0.00377785 -0.0122329 0)
(0.000239552 -0.0127213 0)
(-0.00318661 0.0114233 0)
(-0.00299617 0.00781498 0)
(-0.0026655 0.002794 0)
(-0.00248909 -0.00257279 0)
(-0.00261209 -0.00661449 0)
(-0.00392798 -0.0078957 0)
(-0.00686556 -0.00668919 0)
(-0.0109238 -0.0041424 0)
(-0.0147734 -0.000861123 0)
(-0.0170625 0.00212829 0)
(-0.0174721 0.00384111 0)
(-0.0160808 0.00412279 0)
(-0.0130021 0.00321832 0)
(-0.00862416 0.00133249 0)
(-0.00360944 -0.0013303 0)
(0.00109283 -0.00439994 0)
(0.00476542 -0.00731932 0)
(0.00554852 -0.00965193 0)
(0.00582272 -0.0109668 0)
(-0.000220985 -0.0104383 0)
(-0.00280581 0.0111897 0)
(-0.00236749 0.00750529 0)
(-0.0018909 0.00257083 0)
(-0.00162931 -0.00256982 0)
(-0.00178276 -0.00597497 0)
(-0.00344413 -0.00608044 0)
(-0.0064951 -0.00391172 0)
(-0.01041 -0.00109559 0)
(-0.0140795 0.00154009 0)
(-0.0161688 0.00320154 0)
(-0.0160946 0.00331469 0)
(-0.0137944 0.00199428 0)
(-0.0095401 -0.000333966 0)
(-0.00402296 -0.00305642 0)
(0.00169283 -0.00553957 0)
(0.00628889 -0.00758998 0)
(0.00919795 -0.00886097 0)
(0.00901736 -0.009312 0)
(0.00836332 -0.00877617 0)
(0.00134764 -0.00747464 0)
(-0.00243118 0.0107863 0)
(-0.00177032 0.00706637 0)
(-0.00122976 0.00229528 0)
(-0.000922449 -0.00258736 0)
(-0.00139387 -0.00517488 0)
(-0.00335676 -0.00416914 0)
(-0.00611709 -0.00132193 0)
(-0.00926315 0.00156173 0)
(-0.0120039 0.0034928 0)
(-0.0131316 0.00376082 0)
(-0.0119126 0.00209333 0)
(-0.00826698 -0.00108778 0)
(-0.00282705 -0.00486676 0)
(0.00326178 -0.00790876 0)
(0.00859389 -0.00966871 0)
(0.0121783 -0.0101872 0)
(0.0137025 -0.00953794 0)
(0.012159 -0.00800119 0)
(0.010134 -0.00561713 0)
(0.000777759 -0.00379048 0)
(-0.00201683 0.0101457 0)
(-0.00110966 0.00649834 0)
(-0.000582216 0.00198696 0)
(-0.00043956 -0.00247423 0)
(-0.00160112 -0.00402978 0)
(-0.0036285 -0.00229306 0)
(-0.00578294 0.0006911 0)
(-0.00768841 0.0032732 0)
(-0.00879284 0.00439259 0)
(-0.00822205 0.00326839 0)
(-0.00525306 -0.000222495 0)
(-4.12233e-05 -0.00529939 0)
(0.00599537 -0.00982723 0)
(0.0113239 -0.0124097 0)
(0.0150799 -0.0129097 0)
(0.01682 -0.0116713 0)
(0.0166249 -0.0091059 0)
(0.0138614 -0.00573314 0)
(0.0110188 -0.00163264 0)
(0.00171504 0.000438923 0)
(-0.00135112 0.00945403 0)
(-0.000196899 0.00600089 0)
(0.000300332 0.00192045 0)
(-5.46468e-05 -0.00171427 0)
(-0.00194409 -0.00252169 0)
(-0.00374042 -0.000635844 0)
(-0.0049439 0.00190049 0)
(-0.00515534 0.00376762 0)
(-0.00416492 0.00387127 0)
(-0.00134174 0.00118433 0)
(0.00386239 -0.00421416 0)
(0.00987117 -0.0100458 0)
(0.0149156 -0.0141189 0)
(0.0179855 -0.0154699 0)
(0.0190049 -0.0143748 0)
(0.0183544 -0.0115587 0)
(0.0165626 -0.00752467 0)
(0.0131631 -0.0027654 0)
(0.00983711 0.002632 0)
(0.000465212 0.0048106 0)
(-0.000386697 0.00782995 0)
(0.00119018 0.00492272 0)
(0.00195203 0.00172615 0)
(0.00124214 -0.000823816 0)
(-0.000799775 -0.00118558 0)
(-0.00197161 0.000149528 0)
(-0.00168074 0.00175269 0)
(6.53946e-05 0.00255817 0)
(0.0033962 0.00119172 0)
(0.00870671 -0.00307026 0)
(0.014816 -0.00885544 0)
(0.019601 -0.0138919 0)
(0.021681 -0.0163312 0)
(0.0210074 -0.0158276 0)
(0.0186355 -0.0133506 0)
(0.0157665 -0.00973975 0)
(0.0131082 -0.00510942 0)
(0.00986483 0.000323078 0)
(0.00719298 0.00645428 0)
(0.00104136 0.00834237 0)
(0.00226191 0.0079652 0)
(0.00414193 0.00469842 0)
(0.0054933 0.00219779 0)
(0.00571076 0.000553492 0)
(0.00522181 4.62397e-05 0)
(0.00560737 6.24606e-05 0)
(0.00757401 2.3005e-05 0)
(0.0110968 -0.000686092 0)
(0.016047 -0.00324959 0)
(0.0214506 -0.0075485 0)
(0.0253507 -0.0121422 0)
(0.0260929 -0.0150492 0)
(0.0234709 -0.0151486 0)
(0.0185975 -0.0129376 0)
(0.0134493 -0.0100456 0)
(0.00944534 -0.00686014 0)
(0.00692394 -0.00259025 0)
(0.00459916 0.00282253 0)
(0.00290098 0.0092171 0)
(0.00115743 0.00946085 0)
(0.00659157 0.00265225 0)
(0.00917438 0.00175691 0)
(0.0124005 0.00080989 0)
(0.0157647 -0.000268965 0)
(0.0188889 -0.00112424 0)
(0.0219435 -0.0018255 0)
(0.0251211 -0.00279049 0)
(0.0282274 -0.00395181 0)
(0.0307976 -0.00638922 0)
(0.0318925 -0.00946634 0)
(0.0301958 -0.0119089 0)
(0.0253194 -0.012327 0)
(0.0183379 -0.0105826 0)
(0.0109698 -0.00780726 0)
(0.00512729 -0.00602466 0)
(0.00122443 -0.00419894 0)
(-0.000710691 -0.00110489 0)
(-0.00204699 0.00393418 0)
(-0.00246387 0.00962448 0)
(0.000884898 0.0084769 0)
(0.0285938 0.00501903 0)
(0.0321163 -0.000528752 0)
(0.0353735 -0.00390977 0)
(0.037973 -0.0051737 0)
(0.0392962 -0.00568494 0)
(0.0396114 -0.00536694 0)
(0.0393317 -0.00579929 0)
(0.0382236 -0.00536114 0)
(0.0352272 -0.00638134 0)
(0.0304494 -0.00736607 0)
(0.0236416 -0.00754391 0)
(0.0155058 -0.00628978 0)
(0.00779794 -0.00448522 0)
(0.00166526 -0.00275052 0)
(-0.00273155 -0.00319265 0)
(-0.00671893 -0.00201139 0)
(-0.0089145 0.000477767 0)
(-0.00861997 0.00515585 0)
(-0.00639414 0.00849094 0)
(0.000249301 0.00710476 0)
(0.0430607 -0.000466832 0)
(0.0428496 -0.00257692 0)
(0.042125 -0.00300618 0)
(0.0397647 -0.0013198 0)
(0.0363203 -0.000950365 0)
(0.0315795 -8.84034e-06 0)
(0.0280461 -0.00152192 0)
(0.0241061 0.00149491 0)
(0.0188124 0.000471846 0)
(0.0137063 0.00032404 0)
(0.00829175 0.000215771 0)
(0.00263692 0.00133174 0)
(-0.00123517 0.000293374 0)
(-0.00393201 0.00166536 0)
(-0.00656753 0.00010169 0)
(-0.00938378 0.00170569 0)
(-0.0111553 0.000524657 0)
(-0.0102746 0.00155283 0)
(-0.00728392 0.00123307 0)
(0.00119258 0.00058216 0)
)
;

boundaryField
{
    left_open
    {
        type            pressureInletOutletVelocity;
        value           nonuniform List<vector> 
40
(
(0.000127632 0 0)
(0.0011241 0 0)
(0.00198023 0 0)
(0.00225756 0 0)
(0.00186978 0 0)
(0.00103179 0 0)
(0.000195767 0 0)
(-0.000323448 -0.00312557 0)
(-0.000580248 -0.0036579 0)
(-0.000572621 -0.00416089 0)
(-0.000430168 -0.00463187 0)
(-0.000279861 -0.00507052 0)
(-0.000182563 -0.00548675 0)
(-0.000147788 -0.00589286 0)
(-0.000152445 -0.00630123 0)
(-0.000171464 -0.00672417 0)
(-0.00020313 -0.00716029 0)
(-0.000201023 -0.00761779 0)
(-0.000208738 -0.00808561 0)
(-0.000185245 -0.00857303 0)
(-0.000111316 -0.00985568 0)
(-0.000119793 -0.0119818 0)
(-1.57275e-05 -0.0140415 0)
(3.36265e-05 0 0)
(-0.000291176 -0.0174129 0)
(6.54606e-06 0 0)
(0.000166352 0 0)
(-0.000300616 -0.0216157 0)
(0.000249456 0 0)
(-0.000196131 -0.0236367 0)
(-0.000536922 -0.0241753 0)
(-0.00013234 -0.024143 0)
(-2.9583e-05 0 0)
(-7.20231e-05 -0.0203182 0)
(-0.000711375 -0.0167575 0)
(-0.00115334 -0.0121197 0)
(-0.00075305 -0.00622604 0)
(-0.00194261 -0.00103362 0)
(-0.000779413 0.00501148 0)
(-0.00581093 0.00665692 0)
)
;
    }
    right_open
    {
        type            pressureInletOutletVelocity;
        value           nonuniform List<vector> 
40
(
(-0.00313228 0 0)
(-0.00804449 0 0)
(-0.0116573 0 0)
(-0.0140995 0 0)
(-0.0155362 0 0)
(-0.0161447 0 0)
(-0.0160944 0 0)
(-0.0155346 0 0)
(-0.0145912 0 0)
(-0.0133691 0 0)
(-0.0119574 0 0)
(-0.010434 0 0)
(-0.0088691 0 0)
(-0.00732565 0 0)
(-0.00585799 0 0)
(-0.00451065 0 0)
(-0.00332211 0 0)
(-0.00233161 0 0)
(-0.00157348 0 0)
(-0.00105853 0 0)
(-0.00046281 0 0)
(-0.000185503 -0.00993542 0)
(-0.000576144 0 0)
(-0.000317956 0 0)
(-0.000267959 0 0)
(-0.000827589 0 0)
(-0.000297709 -0.0143671 0)
(-0.000505035 0 0)
(0.00033947 -0.0135484 0)
(0.000239552 -0.0127213 0)
(-0.000220985 0 0)
(0.00134764 -0.00747464 0)
(0.000777759 0 0)
(0.00171504 0.000438923 0)
(0.000465212 0 0)
(0.00104136 0.00834237 0)
(0.00115743 0.00946085 0)
(0.000884898 0.0084769 0)
(0.000249301 0.00710476 0)
(0.00119258 0.00058216 0)
)
;
    }
    base_side
    {
        type            noSlip;
    }
    top
    {
        type            pressureInletOutletVelocity;
        value           nonuniform List<vector> 
65
(
(-0.00581093 0.00665692 0)
(-0.00574449 0.00185946 0)
(-0.00417022 0.000826281 0)
(-0.00705823 0.00140286 0)
(-0.010231 0.000733707 0)
(-0.0132236 6.07676e-05 0)
(-0.0158235 0.000465045 0)
(-0.0182115 0.00110994 0)
(-0.0202467 0.000822027 0)
(-0.0221457 0.000943585 0)
(0 -0.000893259 0)
(-0.0231059 0.00163831 0)
(0 0.000436402 0)
(-0.0269057 0.000402604 0)
(0 -0.000586758 0)
(-0.034717 -2.44036e-05 0)
(0 -0.00157779 0)
(0 -0.00182084 0)
(0 -0.00434405 0)
(-0.0483159 -0.00105924 0)
(0 -0.00628093 0)
(0 -0.00310538 0)
(-0.0405532 0.00203323 0)
(-0.0390001 0.00299934 0)
(-0.0365658 0.00320249 0)
(0 0.000466373 0)
(0 0.00228789 0)
(-0.0186328 0.00611776 0)
(-0.0139692 0.00705616 0)
(-0.0103867 0.00746772 0)
(-0.00675576 0.00742199 0)
(0 0.000739444 0)
(0 -0.000454247 0)
(0 0.00108178 0)
(0.00230437 0.00838425 0)
(0.00573606 0.00866813 0)
(0.0097426 0.00558333 0)
(0.0156519 0.00538979 0)
(0 0.00127018 0)
(0.0276745 0.00585913 0)
(0 0.00188547 0)
(0.0342122 0.00376686 0)
(0 -6.87675e-05 0)
(0.0383895 0.00121202 0)
(0 -0.00357106 0)
(0.0430607 -0.000466832 0)
(0 -0.00257692 0)
(0 -0.00300618 0)
(0 -0.0013198 0)
(0 -0.000950365 0)
(0.0315795 -8.84034e-06 0)
(0 -0.00152192 0)
(0.0241061 0.00149491 0)
(0.0188124 0.000471846 0)
(0.0137063 0.00032404 0)
(0.00829175 0.000215771 0)
(0.00263692 0.00133174 0)
(0 0.000293374 0)
(-0.00393201 0.00166536 0)
(0 0.00010169 0)
(-0.00938378 0.00170569 0)
(0 0.000524657 0)
(-0.0102746 0.00155283 0)
(-0.00728392 0.00123307 0)
(0.00119258 0.00058216 0)
)
;
    }
    front
    {
        type            empty;
    }
    back
    {
        type            empty;
    }
    air_to_aluminum
    {
        type            noSlip;
    }
}


// ************************************************************************* //
