/*--------------------------------*- C++ -*----------------------------------*\
| =========                 |                                                 |
| \\      /  F ield         | OpenFOAM: The Open Source CFD Toolbox           |
|  \\    /   O peration     | Version:                                        |
|   \\  /    A nd           | Website:  www.openfoam.com                      |
|    \\/     M anipulation  |                                                 |
\*---------------------------------------------------------------------------*/
FoamFile
{
    version     2.0;
    format      ascii;
    class       volScalarField;
    location    "1861.5/air";
    object      rho;
}
// * * * * * * * * * * * * * * * * * * * * * * * * * * * * * * * * * * * * * //

dimensions      [1 -3 0 0 0 0 0];


internalField   nonuniform List<scalar> 
2228
(
1.15037
1.15012
1.14992
1.14974
1.15061
1.15037
1.15013
1.1499
1.15077
1.15055
1.15029
1.15003
1.15091
1.1507
1.15043
1.15014
1.15103
1.15085
1.15057
1.15026
1.15117
1.15104
1.15075
1.15038
1.15134
1.15136
1.15103
1.15052
1.15163
1.15203
1.15158
1.15075
1.15218
1.15352
1.15285
1.15117
1.15314
1.15627
1.15542
1.15197
1.15443
1.15967
1.15891
1.1531
1.15557
1.16213
1.16163
1.15416
1.15614
1.16279
1.16272
1.15482
1.15609
1.16234
1.16251
1.15505
1.15576
1.16195
1.16163
1.15486
1.15591
1.16226
1.16125
1.15498
1.14974
1.14992
1.15012
1.15037
1.1499
1.15013
1.15037
1.15061
1.15002
1.15028
1.15054
1.15077
1.15013
1.1504
1.15067
1.15089
1.15024
1.15051
1.15078
1.151
1.15033
1.15061
1.15089
1.1511
1.15042
1.15072
1.15099
1.1512
1.15051
1.15083
1.15111
1.1513
1.1506
1.15097
1.15127
1.1514
1.15071
1.15117
1.15149
1.15153
1.15085
1.15149
1.15186
1.15171
1.15106
1.15204
1.15251
1.15199
1.15138
1.15301
1.15364
1.15243
1.15187
1.15466
1.15543
1.15312
1.15278
1.15741
1.15804
1.15406
1.15532
1.1619
1.16169
1.15574
1.18672
1.17692
1.16649
1.16166
1.20242
1.19549
1.18106
1.17225
1.20539
1.19692
1.18344
1.18034
1.20091
1.19164
1.18583
1.19096
1.1948
1.1894
1.19087
1.19855
1.19006
1.18857
1.19239
1.19833
1.18692
1.1874
1.19067
1.19476
1.19014
1.19135
1.19388
1.19697
1.19931
1.20022
1.2015
1.20279
1.20393
1.20405
1.20413
1.20414
1.20328
1.20322
1.20314
1.20308
1.20246
1.20244
1.20242
1.2024
1.20264
1.20264
1.20263
1.20262
1.20254
1.20253
1.20252
1.20252
1.20194
1.20198
1.20201
1.20203
1.20111
1.20123
1.20136
1.20146
1.20058
1.20071
1.20086
1.201
1.20053
1.20064
1.20076
1.20088
1.20084
1.20095
1.20107
1.20119
1.20201
1.20211
1.2022
1.20228
1.16388
1.16738
1.17162
1.17653
1.177
1.18786
1.19807
1.20236
1.18988
1.20107
1.20643
1.20707
1.20105
1.20664
1.2072
1.20676
1.2046
1.20594
1.20578
1.2058
1.20171
1.20302
1.20415
1.20493
1.19787
1.20061
1.20305
1.20431
1.19997
1.20246
1.20386
1.20428
1.20372
1.20416
1.20424
1.20421
1.20409
1.20401
1.20396
1.20393
1.20302
1.20298
1.20295
1.20292
1.20237
1.20235
1.20233
1.20231
1.2026
1.20258
1.20255
1.20253
1.20252
1.20252
1.20253
1.20253
1.20205
1.20207
1.2021
1.20215
1.20154
1.20159
1.20164
1.2017
1.20112
1.20122
1.20131
1.2014
1.20099
1.20111
1.20122
1.20134
1.20131
1.20143
1.20155
1.20168
1.20235
1.20242
1.20248
1.20254
1.17854
1.17898
1.17902
1.20243
1.20225
1.202
1.20702
1.20707
1.20713
1.20663
1.20654
1.20645
1.20574
1.20564
1.20551
1.20502
1.20497
1.20486
1.20453
1.20452
1.20445
1.20429
1.20426
1.20423
1.20419
1.20419
1.20418
1.20391
1.2039
1.20389
1.2029
1.20289
1.20288
1.20229
1.20228
1.20227
1.2025
1.20249
1.20246
1.20254
1.20254
1.20255
1.20218
1.20221
1.20225
1.20175
1.2018
1.20185
1.20147
1.20153
1.20159
1.20144
1.20151
1.20159
1.20179
1.20186
1.20194
1.20259
1.20263
1.20266
1.17889
1.17881
1.17873
1.2018
1.2017
1.20162
1.20716
1.20718
1.20719
1.20639
1.20636
1.20633
1.20541
1.20536
1.20532
1.20479
1.20475
1.20471
1.2044
1.20438
1.20436
1.20422
1.20422
1.20422
1.20419
1.20419
1.20419
1.20389
1.20388
1.20388
1.20288
1.20287
1.20287
1.20226
1.20225
1.20225
1.20245
1.20244
1.20243
1.20255
1.20255
1.20255
1.20227
1.20228
1.20229
1.20188
1.2019
1.20192
1.20164
1.20166
1.20169
1.20164
1.20167
1.2017
1.20199
1.20202
1.20205
1.20268
1.2027
1.20271
1.17855
1.1782
1.17789
1.20146
1.20126
1.20114
1.20721
1.20724
1.20725
1.20627
1.20618
1.20609
1.20522
1.20508
1.20495
1.20464
1.20455
1.20447
1.20433
1.20429
1.20427
1.20421
1.20421
1.20422
1.20419
1.20419
1.20419
1.20387
1.20386
1.20385
1.20287
1.20286
1.20286
1.20224
1.20223
1.20222
1.20242
1.20239
1.20236
1.20255
1.20254
1.20254
1.20231
1.20234
1.20237
1.20196
1.20202
1.20207
1.20174
1.20181
1.20189
1.20176
1.20184
1.20193
1.2021
1.20217
1.20224
1.20273
1.20276
1.20278
1.1776
1.17729
1.17695
1.178
1.20113
1.2014
1.20216
1.20342
1.20726
1.20727
1.20723
1.20706
1.20596
1.20575
1.20548
1.20514
1.20479
1.2046
1.20444
1.20432
1.20439
1.20431
1.20426
1.20425
1.20425
1.20424
1.20425
1.20426
1.20422
1.20424
1.20425
1.20425
1.20419
1.20419
1.20419
1.20418
1.20384
1.20383
1.20381
1.2038
1.20286
1.20286
1.20287
1.20289
1.20221
1.2022
1.20219
1.20219
1.20233
1.20228
1.20222
1.20217
1.20252
1.2025
1.20246
1.20242
1.2024
1.20244
1.20245
1.20246
1.20215
1.20223
1.20229
1.20233
1.20199
1.2021
1.20219
1.20225
1.20204
1.20216
1.20225
1.20229
1.20233
1.20241
1.20245
1.20246
1.20278
1.20278
1.20277
1.20274
1.18118
1.18488
1.18901
1.19302
1.20472
1.20542
1.20552
1.20474
1.20665
1.20598
1.20515
1.20434
1.20478
1.20445
1.20422
1.20411
1.20424
1.20421
1.20422
1.20425
1.20426
1.20427
1.20429
1.20429
1.20427
1.20428
1.20428
1.20428
1.20426
1.20425
1.20425
1.20425
1.20417
1.20416
1.20415
1.20415
1.20379
1.20378
1.20377
1.20377
1.20291
1.20293
1.20295
1.20297
1.20219
1.2022
1.20222
1.20224
1.20212
1.20207
1.20203
1.20199
1.20237
1.2023
1.20223
1.20216
1.20245
1.20243
1.2024
1.20235
1.20236
1.20237
1.20238
1.20237
1.20228
1.20228
1.20229
1.20229
1.2023
1.20228
1.20224
1.20222
1.20242
1.20237
1.2023
1.20224
1.20271
1.20266
1.20264
1.20264
1.20432
1.20431
1.2043
1.2043
1.20442
1.20474
1.20518
1.20551
1.20567
1.20572
1.20572
1.2057
1.20564
1.20555
1.20541
1.20526
1.20512
1.20531
1.20719
1.19962
1.20432
1.20431
1.2043
1.2043
1.20436
1.20463
1.20508
1.20546
1.20565
1.2057
1.20571
1.20568
1.20562
1.20552
1.20539
1.20525
1.20512
1.20526
1.20684
1.19989
1.20431
1.20432
1.20431
1.2043
1.20432
1.2045
1.20493
1.20538
1.20561
1.20568
1.20568
1.20564
1.20558
1.20548
1.20536
1.20521
1.20511
1.20512
1.20635
1.19991
1.20431
1.20431
1.20431
1.2043
1.20429
1.2044
1.20477
1.20525
1.20555
1.20564
1.20563
1.20559
1.20552
1.20543
1.20531
1.20516
1.20509
1.205
1.20597
1.19979
1.20431
1.20431
1.20432
1.20431
1.20428
1.20433
1.20462
1.2051
1.20546
1.20558
1.20558
1.20552
1.20545
1.20535
1.20524
1.20509
1.20504
1.20491
1.20573
1.19961
1.20431
1.20431
1.20432
1.20431
1.20429
1.20428
1.20449
1.20494
1.20535
1.20551
1.20551
1.20545
1.20537
1.20528
1.20516
1.20502
1.20497
1.20482
1.20556
1.19942
1.20431
1.20431
1.20431
1.20432
1.20429
1.20426
1.20438
1.20478
1.20521
1.20542
1.20544
1.20538
1.2053
1.2052
1.20509
1.20495
1.20489
1.20474
1.20543
1.19922
1.20431
1.20431
1.20431
1.20432
1.20429
1.20424
1.2043
1.20463
1.20505
1.2053
1.20535
1.2053
1.20522
1.20512
1.20502
1.20489
1.20482
1.20466
1.20533
1.19901
1.20431
1.20431
1.20431
1.20432
1.20429
1.20423
1.20424
1.20449
1.20488
1.20516
1.20525
1.20521
1.20513
1.20504
1.20495
1.20483
1.20476
1.20459
1.20524
1.19882
1.20431
1.20431
1.20431
1.20431
1.20429
1.20422
1.20419
1.20436
1.20471
1.205
1.20512
1.20511
1.20504
1.20496
1.20488
1.20478
1.20471
1.20454
1.20517
1.19862
1.20431
1.20431
1.20431
1.2043
1.20428
1.20421
1.20416
1.20426
1.20454
1.20482
1.20498
1.20499
1.20493
1.20486
1.2048
1.20472
1.20465
1.2045
1.20511
1.19843
1.20431
1.20431
1.2043
1.20429
1.20426
1.2042
1.20412
1.20416
1.20438
1.20464
1.20481
1.20485
1.20482
1.20475
1.2047
1.20464
1.20459
1.20446
1.20506
1.19826
1.20431
1.20431
1.20429
1.20426
1.20423
1.20417
1.20409
1.20409
1.20424
1.20446
1.20463
1.2047
1.20468
1.20463
1.20458
1.20454
1.20451
1.20441
1.20501
1.19809
1.20431
1.2043
1.20426
1.20422
1.20419
1.20414
1.20406
1.20402
1.20411
1.20428
1.20444
1.20453
1.20453
1.2045
1.20446
1.20443
1.20442
1.20435
1.20496
1.19794
1.20431
1.20428
1.20422
1.20416
1.20412
1.20409
1.20402
1.20396
1.204
1.20412
1.20426
1.20435
1.20438
1.20436
1.20433
1.20431
1.20431
1.20427
1.20491
1.19781
1.20431
1.20425
1.20413
1.20406
1.20404
1.20403
1.20397
1.20391
1.20391
1.20399
1.20409
1.20418
1.20422
1.20422
1.2042
1.20419
1.20421
1.20419
1.20486
1.1977
1.20431
1.20418
1.204
1.20392
1.20393
1.20395
1.20392
1.20386
1.20383
1.20387
1.20395
1.20403
1.20408
1.20409
1.20408
1.20408
1.20412
1.2041
1.20481
1.19761
1.2043
1.20406
1.20382
1.20373
1.20379
1.20386
1.20387
1.20381
1.20377
1.20378
1.20383
1.20389
1.20395
1.20397
1.20398
1.20399
1.20403
1.20402
1.20476
1.19753
1.20427
1.20391
1.20358
1.2035
1.2036
1.20374
1.2038
1.20377
1.20372
1.2037
1.20373
1.20378
1.20383
1.20387
1.20389
1.20391
1.20396
1.20394
1.20469
1.19752
1.20422
1.20373
1.20334
1.20324
1.20339
1.2036
1.20372
1.20372
1.20367
1.20364
1.20365
1.20369
1.20374
1.20379
1.20382
1.20385
1.20391
1.20388
1.20462
1.19731
1.20405
1.20336
1.20288
1.20269
1.20282
1.20313
1.20341
1.20355
1.20357
1.20354
1.20353
1.20355
1.20359
1.20364
1.20369
1.20375
1.20382
1.20382
1.20442
1.20045
1.20378
1.2029
1.20238
1.20211
1.20211
1.20238
1.20277
1.20309
1.20326
1.20334
1.20337
1.2034
1.20345
1.20352
1.2036
1.20369
1.20379
1.20387
1.20409
1.20239
1.20357
1.20254
1.20209
1.2019
1.20181
1.20194
1.20227
1.20262
1.2029
1.20309
1.2032
1.20329
1.20337
1.20346
1.20357
1.20368
1.20378
1.20389
1.20361
1.20308
1.20334
1.20214
1.20174
1.20175
1.20174
1.20178
1.202
1.20232
1.20264
1.20289
1.20308
1.20322
1.20333
1.20344
1.20355
1.20364
1.20376
1.20353
1.2023
1.20335
1.20308
1.20179
1.20136
1.20147
1.20166
1.20172
1.20182
1.20207
1.20241
1.20274
1.203
1.20318
1.20332
1.20343
1.20351
1.20357
1.20365
1.20265
1.20084
1.20096
1.20284
1.20161
1.20118
1.20117
1.20144
1.20165
1.20173
1.20185
1.20211
1.20247
1.20282
1.2031
1.20328
1.20339
1.20344
1.20345
1.20344
1.20175
1.19879
1.19578
1.20266
1.20161
1.20127
1.20108
1.20118
1.20145
1.20164
1.20173
1.20186
1.20211
1.20247
1.20282
1.20307
1.2032
1.20325
1.20327
1.20319
1.20136
1.19753
1.19153
1.20256
1.20169
1.20147
1.20121
1.20107
1.20124
1.2015
1.20167
1.20175
1.20186
1.20208
1.20237
1.20263
1.2028
1.2029
1.203
1.203
1.20165
1.19927
1.19408
1.20248
1.20177
1.20166
1.20141
1.20113
1.20114
1.20138
1.20163
1.20177
1.20182
1.20188
1.20202
1.20219
1.20231
1.20243
1.20267
1.20288
1.20216
1.20203
1.20096
1.20238
1.20183
1.20179
1.20158
1.20125
1.20121
1.20143
1.20171
1.20188
1.2019
1.2019
1.20188
1.20185
1.20187
1.20202
1.20239
1.20283
1.20246
1.20313
1.204
1.20227
1.2019
1.20189
1.20173
1.20145
1.20142
1.20169
1.20196
1.20201
1.20197
1.20177
1.20167
1.20174
1.20183
1.20191
1.20223
1.20281
1.20252
1.20295
1.20347
1.20216
1.20195
1.20196
1.20189
1.20176
1.20178
1.20201
1.20203
1.2018
1.2017
1.20185
1.20201
1.20203
1.202
1.20195
1.20221
1.20279
1.20245
1.20256
1.20267
1.20214
1.20197
1.20198
1.20198
1.20198
1.20199
1.2019
1.20177
1.20186
1.20177
1.2014
1.20118
1.20147
1.20182
1.20198
1.20231
1.20273
1.20231
1.20227
1.20247
1.20211
1.20195
1.20188
1.20186
1.20184
1.20177
1.20181
1.20194
1.20152
1.20046
1.19974
1.19996
1.20076
1.20155
1.20204
1.20243
1.20258
1.20208
1.20191
1.20216
1.20211
1.20189
1.20168
1.20154
1.20153
1.20171
1.20201
1.20189
1.20094
1.19986
1.19949
1.1999
1.20074
1.20156
1.20212
1.20242
1.20231
1.20176
1.20149
1.2017
1.20208
1.20181
1.20145
1.20126
1.20143
1.20189
1.20231
1.2021
1.2012
1.20024
1.19983
1.20021
1.20099
1.20168
1.20208
1.20219
1.20192
1.20136
1.20091
1.20091
1.20207
1.20175
1.20131
1.20117
1.20149
1.20213
1.20269
1.2027
1.20208
1.20114
1.20033
1.20019
1.20079
1.20145
1.20178
1.20177
1.20147
1.20096
1.20037
1.20038
1.20208
1.20178
1.20133
1.20118
1.20153
1.20221
1.20284
1.20312
1.20294
1.20232
1.2014
1.20057
1.20036
1.20073
1.20109
1.20114
1.20095
1.20054
1.20017
1.20031
1.20213
1.20193
1.20152
1.20128
1.20144
1.20189
1.20237
1.20269
1.20278
1.20268
1.20236
1.20175
1.201
1.20057
1.20052
1.20054
1.20046
1.2003
1.20031
1.20061
1.20227
1.20226
1.20214
1.20196
1.20184
1.20191
1.20208
1.2022
1.20227
1.20227
1.20229
1.20224
1.20201
1.20165
1.20134
1.2012
1.20113
1.20118
1.20142
1.20177
1.1996
1.20704
1.20682
1.20647
1.20618
1.20584
1.20545
1.20516
1.20502
1.20497
1.20494
1.20491
1.20485
1.20477
1.20464
1.20448
1.20437
1.20432
1.20431
1.20431
1.19972
1.20647
1.20661
1.20637
1.20615
1.20586
1.2055
1.20519
1.20503
1.20497
1.20494
1.2049
1.20485
1.20477
1.20464
1.20449
1.20437
1.20432
1.20431
1.20431
1.19963
1.20593
1.20613
1.20609
1.20602
1.20583
1.20552
1.20521
1.20502
1.20495
1.20492
1.20489
1.20484
1.20476
1.20463
1.20448
1.20437
1.20432
1.20431
1.20431
1.19946
1.20565
1.20559
1.20572
1.20581
1.20573
1.20548
1.20519
1.20501
1.20493
1.2049
1.20486
1.20481
1.20473
1.2046
1.20446
1.20436
1.20432
1.20431
1.20431
1.19927
1.20549
1.20512
1.20541
1.2056
1.20558
1.20539
1.20515
1.20497
1.2049
1.20486
1.20483
1.20477
1.20468
1.20456
1.20443
1.20435
1.20432
1.20431
1.20431
1.19908
1.20535
1.20482
1.2052
1.2054
1.20541
1.20527
1.20507
1.20492
1.20485
1.20482
1.20479
1.20472
1.20462
1.2045
1.20439
1.20433
1.20431
1.20431
1.20431
1.19889
1.20523
1.20468
1.20504
1.20521
1.20524
1.20514
1.20499
1.20487
1.20481
1.20478
1.20473
1.20466
1.20455
1.20445
1.20436
1.20432
1.20431
1.20431
1.20431
1.19869
1.20513
1.20459
1.20489
1.20504
1.20508
1.20501
1.2049
1.2048
1.20476
1.20472
1.20467
1.20459
1.20449
1.2044
1.20434
1.20432
1.20431
1.20431
1.20431
1.19849
1.20506
1.20453
1.20477
1.20489
1.20493
1.20489
1.20481
1.20474
1.2047
1.20467
1.2046
1.20451
1.20443
1.20436
1.20432
1.20431
1.20431
1.20431
1.20431
1.1983
1.205
1.20447
1.20466
1.20477
1.20481
1.20478
1.20473
1.20468
1.20465
1.2046
1.20453
1.20445
1.20438
1.20433
1.20431
1.20431
1.20431
1.20431
1.20431
1.1981
1.20495
1.20442
1.20459
1.20467
1.2047
1.20469
1.20465
1.20462
1.20459
1.20454
1.20447
1.2044
1.20435
1.20432
1.20431
1.20431
1.20431
1.20431
1.20431
1.19792
1.2049
1.20439
1.20453
1.20459
1.20462
1.20461
1.20459
1.20457
1.20454
1.20448
1.20441
1.20436
1.20433
1.20431
1.20431
1.20431
1.20431
1.20431
1.20431
1.19773
1.20487
1.20435
1.20448
1.20453
1.20455
1.20455
1.20454
1.20452
1.20448
1.20442
1.20437
1.20433
1.20431
1.20431
1.20431
1.20431
1.20431
1.20431
1.20431
1.19756
1.20484
1.20432
1.20444
1.20448
1.20449
1.2045
1.20449
1.20447
1.20443
1.20438
1.20434
1.20432
1.20431
1.20431
1.20431
1.20431
1.20431
1.20431
1.20431
1.19739
1.20482
1.2043
1.20441
1.20443
1.20445
1.20446
1.20445
1.20442
1.20439
1.20435
1.20432
1.20431
1.20431
1.20431
1.20431
1.20431
1.20431
1.20431
1.20431
1.19723
1.2048
1.20428
1.20439
1.2044
1.20442
1.20442
1.20441
1.20439
1.20435
1.20433
1.20431
1.20431
1.20431
1.20431
1.20431
1.20431
1.20431
1.20431
1.20431
1.19707
1.20478
1.20427
1.20437
1.20437
1.20439
1.20439
1.20438
1.20435
1.20433
1.20431
1.20431
1.20431
1.20431
1.20431
1.20431
1.2043
1.2043
1.2043
1.2043
1.19693
1.20477
1.20426
1.20435
1.20435
1.20436
1.20436
1.20435
1.20433
1.20432
1.20431
1.20431
1.2043
1.2043
1.2043
1.2043
1.2043
1.2043
1.2043
1.2043
1.19683
1.20476
1.20425
1.20434
1.20434
1.20434
1.20434
1.20433
1.20432
1.20431
1.20431
1.2043
1.2043
1.2043
1.2043
1.2043
1.2043
1.2043
1.2043
1.2043
1.19648
1.20475
1.20425
1.20433
1.20433
1.20433
1.20433
1.20432
1.20431
1.20431
1.2043
1.2043
1.2043
1.2043
1.2043
1.2043
1.2043
1.2043
1.2043
1.2043
1.20007
1.20468
1.20425
1.20432
1.20431
1.20431
1.20431
1.20431
1.2043
1.2043
1.2043
1.2043
1.2043
1.2043
1.2043
1.2043
1.2043
1.2043
1.2043
1.2043
1.20236
1.20446
1.20428
1.2043
1.2043
1.2043
1.2043
1.2043
1.2043
1.2043
1.2043
1.2043
1.2043
1.2043
1.2043
1.2043
1.2043
1.2043
1.2043
1.2043
1.2036
1.20436
1.20429
1.2043
1.2043
1.2043
1.2043
1.2043
1.2043
1.2043
1.20429
1.20429
1.20428
1.20427
1.20426
1.20424
1.20421
1.20419
1.2042
1.20427
1.20415
1.20431
1.20429
1.20429
1.20429
1.20429
1.20429
1.20429
1.20428
1.20427
1.20425
1.20422
1.20417
1.2041
1.20401
1.20387
1.20369
1.20351
1.20353
1.20395
1.20428
1.20429
1.20429
1.20428
1.20428
1.20427
1.20426
1.20424
1.20421
1.20416
1.20409
1.204
1.20387
1.20372
1.20352
1.20325
1.20292
1.20265
1.20271
1.20348
1.20429
1.20427
1.20427
1.20427
1.20425
1.20424
1.20421
1.20416
1.20409
1.20399
1.20384
1.20366
1.20347
1.2033
1.20313
1.20293
1.20264
1.20233
1.20226
1.20312
1.20427
1.20425
1.20425
1.20424
1.20423
1.2042
1.20416
1.20408
1.20394
1.20373
1.20343
1.2031
1.20284
1.20271
1.20267
1.20268
1.20264
1.2025
1.20225
1.203
1.20423
1.20421
1.20421
1.2042
1.20419
1.20416
1.2041
1.20398
1.20373
1.20332
1.20278
1.20228
1.20195
1.20185
1.20192
1.2021
1.20232
1.2025
1.20236
1.20303
1.20413
1.2041
1.2041
1.20411
1.20412
1.20411
1.20404
1.20384
1.20342
1.20275
1.20201
1.20149
1.2013
1.20131
1.20138
1.20153
1.20183
1.20223
1.20237
1.20302
1.20375
1.20375
1.20379
1.20388
1.20397
1.20401
1.20394
1.20365
1.20301
1.20213
1.2014
1.20115
1.20122
1.2013
1.20134
1.20138
1.20152
1.20191
1.20229
1.20294
1.20304
1.20316
1.2033
1.20349
1.20371
1.20386
1.20379
1.20339
1.20255
1.20159
1.2011
1.20117
1.2013
1.20142
1.20149
1.20148
1.20149
1.20174
1.20216
1.20283
1.20234
1.20256
1.20281
1.20311
1.20343
1.20366
1.2036
1.20308
1.20209
1.20123
1.20103
1.20117
1.20128
1.20148
1.20162
1.20163
1.20159
1.20172
1.20206
1.20273
1.20193
1.20209
1.2024
1.20277
1.20316
1.20342
1.20334
1.20273
1.20171
1.20103
1.201
1.20105
1.20117
1.20149
1.20171
1.20175
1.20169
1.20176
1.20204
1.20268
1.20191
1.2018
1.20204
1.20245
1.20287
1.20314
1.20304
1.20239
1.20142
1.20091
1.20094
1.20089
1.20103
1.20147
1.20179
1.20184
1.20179
1.20184
1.20207
1.20268
1.2021
1.2017
1.20175
1.20212
1.20253
1.20279
1.20269
1.20207
1.20123
1.20084
1.20082
1.20075
1.20091
1.20146
1.20186
1.20191
1.20187
1.20194
1.20213
1.2027
1.20226
1.20177
1.20154
1.20179
1.20216
1.2024
1.20231
1.20179
1.20111
1.2008
1.20071
1.20065
1.20082
1.20148
1.20193
1.20195
1.20196
1.20209
1.20223
1.20273
1.20229
1.20193
1.20146
1.20148
1.20178
1.20199
1.20194
1.20155
1.20105
1.20079
1.20069
1.20061
1.20081
1.20158
1.20203
1.20199
1.20212
1.2023
1.20235
1.20277
1.20223
1.20207
1.20158
1.20128
1.20138
1.20157
1.20159
1.20136
1.20105
1.20085
1.20074
1.20063
1.20091
1.20179
1.20217
1.20205
1.2023
1.20246
1.20243
1.20283
1.20219
1.20213
1.20181
1.20141
1.2012
1.20119
1.2012
1.20111
1.20097
1.20086
1.20075
1.20077
1.20131
1.20218
1.20239
1.2022
1.20225
1.20238
1.20241
1.20276
1.20258
1.20253
1.20241
1.20222
1.20207
1.20184
1.20174
1.20171
1.20157
1.20167
1.20178
1.20199
1.20238
1.20272
1.20269
1.20259
1.20247
1.20244
1.20244
1.20273
)
;

boundaryField
{
    left_open
    {
        type            calculated;
        value           nonuniform List<scalar> 
40
(
1.20432
1.20432
1.20431
1.20431
1.20431
1.20431
1.20431
1.20431
1.20431
1.20431
1.20431
1.20431
1.20431
1.20431
1.20431
1.20431
1.2043
1.2043
1.2043
1.2043
1.2043
1.2043
1.2043
1.20429
1.20429
1.20429
1.20428
1.20256
1.20428
1.20238
1.20427
1.20216
1.20427
1.20212
1.20426
1.20208
1.20208
1.20208
1.20214
1.20227
)
;
    }
    right_open
    {
        type            calculated;
        value           nonuniform List<scalar> 
40
(
1.20432
1.20431
1.20431
1.20431
1.20431
1.20431
1.20431
1.20431
1.20431
1.20431
1.20431
1.20431
1.20431
1.20431
1.20431
1.20431
1.2043
1.2043
1.2043
1.2043
1.2043
1.2043
1.2043
1.20429
1.20429
1.20429
1.20428
1.20428
1.20428
1.20295
1.20284
1.20427
1.20427
1.20269
1.20271
1.20274
1.20277
1.20283
1.20276
1.20274
)
;
    }
    base_side
    {
        type            calculated;
        value           nonuniform List<scalar> 
40
(
1.20432
1.20431
1.2043
1.2043
1.20442
1.20474
1.20518
1.20551
1.20567
1.20572
1.20572
1.2057
1.20564
1.20555
1.20541
1.20526
1.20512
1.20531
1.20719
1.19962
1.1996
1.20704
1.20682
1.20647
1.20618
1.20584
1.20545
1.20516
1.20502
1.20497
1.20494
1.20491
1.20485
1.20477
1.20464
1.20448
1.20437
1.20432
1.20431
1.20432
)
;
    }
    top
    {
        type            calculated;
        value           nonuniform List<scalar> 
65
(
1.20227
1.20227
1.20215
1.20198
1.20185
1.2019
1.20425
1.20425
1.20226
1.20226
1.20229
1.20225
1.20205
1.20171
1.20139
1.20124
1.20425
1.20125
1.20425
1.20425
1.20206
1.20215
1.20425
1.20425
1.20425
1.20425
1.20425
1.20257
1.20262
1.20265
1.20269
1.20271
1.20271
1.20272
1.20425
1.20276
1.20277
1.20277
1.20425
1.20275
1.20273
1.2027
1.20265
1.20425
1.20264
1.20258
1.20254
1.20241
1.20222
1.20208
1.20425
1.20175
1.20425
1.20158
1.20425
1.2018
1.20425
1.2024
1.20425
1.20269
1.20425
1.20247
1.20244
1.20425
1.20273
)
;
    }
    front
    {
        type            empty;
    }
    back
    {
        type            empty;
    }
    air_to_aluminum
    {
        type            calculated;
        value           nonuniform List<scalar> 
129
(
1.15041
1.15043
1.15049
1.15057
1.15013
1.14994
1.14977
1.14963
1.14963
1.14977
1.14994
1.15013
1.15041
1.15043
1.15049
1.15057
1.15067
1.15057
1.15078
1.15073
1.15089
1.15086
1.151
1.15098
1.1511
1.15109
1.15119
1.15119
1.15128
1.15127
1.15136
1.15135
1.15143
1.15142
1.15149
1.15149
1.15154
1.15154
1.15159
1.15159
1.15163
1.15162
1.15165
1.15165
1.15167
1.15167
1.15168
1.15168
1.15168
1.15168
1.15168
1.15168
1.14968
1.14979
1.1499
1.15001
1.1501
1.15019
1.15027
1.15035
1.15041
1.15047
1.15052
1.15056
1.1506
1.15062
1.15064
1.15065
1.15065
1.15065
1.15065
1.15065
1.15065
1.15065
1.14968
1.14979
1.1499
1.15001
1.1501
1.15019
1.15027
1.15035
1.15041
1.15047
1.15052
1.15056
1.1506
1.15062
1.15064
1.15065
1.15065
1.15065
1.15065
1.15057
1.15073
1.15086
1.15098
1.15109
1.15119
1.15127
1.15135
1.15142
1.15149
1.15154
1.15158
1.15162
1.15165
1.15167
1.15168
1.15067
1.15078
1.15089
1.151
1.1511
1.15119
1.15128
1.15136
1.15143
1.15149
1.15155
1.15159
1.15163
1.15165
1.15167
1.15168
1.15168
1.15168
1.15168
1.15168
)
;
    }
}


// ************************************************************************* //
