/*--------------------------------*- C++ -*----------------------------------*\
| =========                 |                                                 |
| \\      /  F ield         | OpenFOAM: The Open Source CFD Toolbox           |
|  \\    /   O peration     | Version:                                        |
|   \\  /    A nd           | Website:  www.openfoam.com                      |
|    \\/     M anipulation  |                                                 |
\*---------------------------------------------------------------------------*/
FoamFile
{
    version     2.0;
    format      ascii;
    class       volVectorField;
    location    "1835.0/air";
    object      U;
}
// * * * * * * * * * * * * * * * * * * * * * * * * * * * * * * * * * * * * * //

dimensions      [0 1 -1 0 0 0 0];


internalField   nonuniform List<vector> 
2228
(
(0.000279607 -0.000273142 0)
(0.000854835 -0.000125353 0)
(0.000871875 0.000130698 0)
(0.000291625 0.000275836 0)
(0.000215666 -0.000909717 0)
(0.000859776 -0.000548136 0)
(0.000933742 0.000495132 0)
(0.000265581 0.000938404 0)
(0.00011966 -0.00134756 0)
(0.000537864 -0.000869128 0)
(0.000607098 0.000770421 0)
(0.000155989 0.00143414 0)
(5.80379e-05 -0.00159337 0)
(0.000286709 -0.00106333 0)
(0.00033738 0.000936552 0)
(8.04891e-05 0.00172645 0)
(1.96681e-05 -0.0017092 0)
(0.000135758 -0.00117444 0)
(0.00018581 0.00101602 0)
(4.53283e-05 0.00187954 0)
(-1.12947e-05 -0.00174824 0)
(4.90019e-05 -0.00125416 0)
(0.000128393 0.00104098 0)
(3.82572e-05 0.00197354 0)
(-4.39522e-05 -0.00173422 0)
(-4.48009e-06 -0.00134515 0)
(0.00014062 0.00102792 0)
(5.28403e-05 0.00206579 0)
(-8.80606e-05 -0.00166816 0)
(-4.75852e-05 -0.00148939 0)
(0.000214482 0.000976912 0)
(8.99114e-05 0.0022017 0)
(-0.000154923 -0.00153397 0)
(-0.000100147 -0.00173675 0)
(0.000355314 0.000874111 0)
(0.000156184 0.00243137 0)
(-0.000255694 -0.00129624 0)
(-0.000191013 -0.00214964 0)
(0.000566678 0.00068885 0)
(0.000262164 0.00281636 0)
(-0.000402058 -0.000894563 0)
(-0.00038064 -0.00279997 0)
(0.000820135 0.000361106 0)
(0.000415953 0.00342396 0)
(-0.000602425 -0.000238375 0)
(-0.000778325 -0.00373542 0)
(0.00101029 -0.000240543 0)
(0.00061334 0.0042905 0)
(-0.000862351 0.000902378 0)
(-0.00147369 -0.00484234 0)
(0.000853939 -0.00137003 0)
(0.000812214 0.00531711 0)
(-0.00116062 0.00262278 0)
(-0.00225552 -0.00578046 0)
(-0.000138793 -0.0032075 0)
(0.000826817 0.00615431 0)
(-0.0011155 0.00490153 0)
(-0.00182396 -0.00608758 0)
(-0.0015789 -0.00501456 0)
(0.000277683 0.0063074 0)
(0.000843694 0.00254634 0)
(0.00235229 -0.00531479 0)
(-8.7915e-05 -0.00567309 0)
(-0.000574381 0.00652347 0)
(-0.000292084 0.000276345 0)
(-0.000872842 0.000130955 0)
(-0.000855123 -0.000125422 0)
(-0.00027941 -0.000272985 0)
(-0.000266616 0.000939876 0)
(-0.000935974 0.000494857 0)
(-0.000859519 -0.000549762 0)
(-0.000214807 -0.000909543 0)
(-0.00015847 0.00143875 0)
(-0.000612534 0.000769122 0)
(-0.000536651 -0.00087415 0)
(-0.000117533 -0.00134551 0)
(-8.62894e-05 0.00173882 0)
(-0.000350613 0.000932098 0)
(-0.000283151 -0.00107771 0)
(-5.22379e-05 -0.00158587 0)
(-5.84739e-05 0.0019098 0)
(-0.000216162 0.00100444 0)
(-0.000125828 -0.0012107 0)
(-4.35194e-06 -0.00168945 0)
(-6.64971e-05 0.00204205 0)
(-0.000194097 0.00101442 0)
(-2.55424e-05 -0.00133671 0)
(4.63432e-05 -0.00170316 0)
(-0.000110747 0.00221266 0)
(-0.000274491 0.000969601 0)
(5.50948e-05 -0.00152518 0)
(0.000116398 -0.0016306 0)
(-0.000205571 0.0025066 0)
(-0.00048049 0.000851962 0)
(0.000161071 -0.00187275 0)
(0.000242446 -0.00142942 0)
(-0.000381484 0.00304721 0)
(-0.000861999 0.000609166 0)
(0.000359516 -0.00253299 0)
(0.000478859 -0.00100698 0)
(-0.000677947 0.00400862 0)
(-0.0014422 0.000117951 0)
(0.000768846 -0.00371727 0)
(0.000873767 -0.000215134 0)
(-0.001101 0.00554617 0)
(-0.00205114 -0.000878762 0)
(0.00149827 -0.00561959 0)
(0.00142046 0.0013458 0)
(-0.00153265 0.00761934 0)
(-0.00224566 -0.00273891 0)
(0.0023085 -0.00833775 0)
(0.00215292 0.00366152 0)
(-0.00179624 0.010013 0)
(-0.00209859 -0.0053143 0)
(0.00187816 -0.0113683 0)
(0.00260327 0.00621969 0)
(-0.00179074 0.0125049 0)
(-0.00247759 -0.00756259 0)
(-0.000789821 -0.0139591 0)
(0.00231798 0.00864073 0)
(-0.00127766 0.0147023 0)
(-0.00301826 -0.00828124 0)
(-0.00452075 -0.0162125 0)
(0.000809802 0.0087892 0)
(0.000532738 0.0162362 0)
(-0.00144681 -0.00604258 0)
(-0.00633845 -0.0176596 0)
(-0.00199563 0.00273234 0)
(0.04611 0.0433786 0)
(0.0449651 0.0355969 0)
(0.0361958 0.0264713 0)
(0.0289153 0.018394 0)
(0.0513612 0.0280982 0)
(0.0533322 0.0265781 0)
(0.0525858 0.0236385 0)
(0.0507308 0.0202738 0)
(0.0451646 0.0252752 0)
(0.045723 0.0254945 0)
(0.0456333 0.0250582 0)
(0.044748 0.0241983 0)
(0.0388753 0.0281132 0)
(0.0384454 0.0292276 0)
(0.0377615 0.0297897 0)
(0.0367228 0.0299507 0)
(0.0306678 0.0287451 0)
(0.0305664 0.0309077 0)
(0.0303192 0.0327144 0)
(0.0298266 0.0341395 0)
(0.0214902 0.0268012 0)
(0.02205 0.0298612 0)
(0.0225126 0.0327611 0)
(0.0227923 0.0353929 0)
(0.0126252 0.0227709 0)
(0.0136725 0.0263813 0)
(0.0146902 0.0299665 0)
(0.0156102 0.0334247 0)
(0.00454666 0.0175516 0)
(0.00584504 0.0213243 0)
(0.00718304 0.0251522 0)
(0.0084988 0.0289694 0)
(-0.00280459 0.0117528 0)
(-0.00141732 0.0155725 0)
(-1.35779e-06 0.0194012 0)
(0.00144152 0.0232382 0)
(-0.00982085 0.00639558 0)
(-0.00854616 0.0100698 0)
(-0.00720728 0.0137073 0)
(-0.00580559 0.0173438 0)
(-0.0171077 0.00158199 0)
(-0.0160322 0.004998 0)
(-0.0148409 0.00838586 0)
(-0.0135739 0.0117429 0)
(-0.0252419 -0.00221334 0)
(-0.0244116 0.000876307 0)
(-0.0234367 0.00392432 0)
(-0.0223657 0.00688318 0)
(-0.0343499 -0.00496013 0)
(-0.0338874 -0.0023771 0)
(-0.0332339 0.000197696 0)
(-0.0324307 0.00267619 0)
(-0.0418845 -0.0050636 0)
(-0.0414537 -0.00320637 0)
(-0.0407681 -0.00143737 0)
(-0.0397915 0.000144759 0)
(-0.0410121 -0.00745434 0)
(-0.0403266 -0.00706251 0)
(-0.0394233 -0.00675515 0)
(-0.0382042 -0.00663311 0)
(-0.0346122 -0.00928558 0)
(-0.0341293 -0.00980831 0)
(-0.033499 -0.0104847 0)
(-0.0326226 -0.0113838 0)
(-0.0265065 -0.00995348 0)
(-0.0265024 -0.0112324 0)
(-0.0263755 -0.0127199 0)
(-0.0260559 -0.0144542 0)
(-0.016279 -0.00740556 0)
(-0.0170484 -0.0094566 0)
(-0.0178144 -0.0115356 0)
(-0.0185967 -0.013692 0)
(-0.00613153 -0.0047383 0)
(-0.00750298 -0.00648061 0)
(-0.00907853 -0.00825158 0)
(-0.0111868 -0.0100301 0)
(-0.00795744 0.00568424 0)
(-0.0101286 0.00506908 0)
(-0.0123947 0.00728194 0)
(-0.0154291 0.00961672 0)
(0.0254351 0.0105366 0)
(0.0242395 0.00316359 0)
(0.0226765 -0.00327789 0)
(0.0215109 -0.00398613 0)
(0.0487452 0.0166159 0)
(0.0465747 0.0129202 0)
(0.0437403 0.00929338 0)
(0.0403509 0.00650037 0)
(0.043335 0.0229921 0)
(0.0415479 0.0215555 0)
(0.0394182 0.0200858 0)
(0.0369614 0.0188546 0)
(0.0353476 0.0297601 0)
(0.033705 0.0292543 0)
(0.0318643 0.0285297 0)
(0.0298866 0.0277415 0)
(0.0289964 0.0351342 0)
(0.0278374 0.0356463 0)
(0.0263997 0.0356599 0)
(0.0247472 0.0352198 0)
(0.0227839 0.0376581 0)
(0.0224562 0.0394454 0)
(0.021812 0.0406425 0)
(0.0208421 0.0411618 0)
(0.0163549 0.0366685 0)
(0.016885 0.0395847 0)
(0.0171729 0.0420294 0)
(0.0171589 0.0438379 0)
(0.00974963 0.0327124 0)
(0.010911 0.036294 0)
(0.0119551 0.0395904 0)
(0.0128123 0.0424373 0)
(0.00290328 0.0270633 0)
(0.00437226 0.0308288 0)
(0.00582997 0.0344534 0)
(0.00722727 0.0378173 0)
(-0.00433957 0.0209805 0)
(-0.00281024 0.0245971 0)
(-0.00122523 0.0281506 0)
(0.000394559 0.0315712 0)
(-0.0122163 0.0150769 0)
(-0.0107631 0.0183828 0)
(-0.00921097 0.0216408 0)
(-0.00756775 0.0248145 0)
(-0.0211749 0.00977875 0)
(-0.0198569 0.0126178 0)
(-0.0184009 0.0153984 0)
(-0.0168072 0.0181049 0)
(-0.0314346 0.00505971 0)
(-0.0302384 0.00734809 0)
(-0.0288272 0.00953525 0)
(-0.0271997 0.0116035 0)
(-0.0385315 0.00155866 0)
(-0.0369739 0.00280203 0)
(-0.0351047 0.00386904 0)
(-0.03292 0.00475356 0)
(-0.0366825 -0.006678 0)
(-0.0348436 -0.00688478 0)
(-0.0326753 -0.00724775 0)
(-0.0301714 -0.00775758 0)
(-0.0315043 -0.012532 0)
(-0.0301191 -0.0139496 0)
(-0.02845 -0.0156376 0)
(-0.0264958 -0.0175675 0)
(-0.025568 -0.0164826 0)
(-0.0249259 -0.0188174 0)
(-0.0241561 -0.0214405 0)
(-0.0232878 -0.0242793 0)
(-0.0194324 -0.0159677 0)
(-0.0203698 -0.0183115 0)
(-0.0214768 -0.0207715 0)
(-0.022769 -0.0232864 0)
(-0.0137756 -0.0118045 0)
(-0.0166706 -0.013415 0)
(-0.0198022 -0.0149691 0)
(-0.023275 -0.0164906 0)
(-0.0190299 0.0113937 0)
(-0.0230614 0.0116871 0)
(-0.0275013 0.0124918 0)
(-0.0322242 0.0130422 0)
(0.0223057 -0.00451562 0)
(0.0227778 -0.00438371 0)
(0.0228898 -0.00330703 0)
(0.0377732 0.00493242 0)
(0.0360158 0.00432893 0)
(0.0345279 0.00449274 0)
(0.0349091 0.0182119 0)
(0.0333411 0.0180814 0)
(0.0319025 0.0184301 0)
(0.02829 0.0271935 0)
(0.0271369 0.0269523 0)
(0.0261239 0.026978 0)
(0.0233524 0.0346682 0)
(0.0223313 0.0341836 0)
(0.021391 0.0337134 0)
(0.0198923 0.0411654 0)
(0.0191133 0.040892 0)
(0.0182994 0.04043 0)
(0.0169429 0.0448139 0)
(0.0166585 0.045186 0)
(0.0163076 0.0452792 0)
(0.0133441 0.0443028 0)
(0.013629 0.0453661 0)
(0.0138295 0.0461603 0)
(0.00826002 0.0401967 0)
(0.00896055 0.0417183 0)
(0.0096118 0.0430345 0)
(0.00166842 0.0340833 0)
(0.0025863 0.0357813 0)
(0.00348912 0.0373418 0)
(-0.00622275 0.0272003 0)
(-0.00522395 0.0288482 0)
(-0.00420659 0.0304018 0)
(-0.015457 0.0201472 0)
(-0.014429 0.021556 0)
(-0.0133644 0.0228872 0)
(-0.0257662 0.0131181 0)
(-0.0246424 0.0141426 0)
(-0.023454 0.0151013 0)
(-0.0309715 0.00532162 0)
(-0.0294297 0.00565861 0)
(-0.027804 0.00593616 0)
(-0.0279421 -0.00821953 0)
(-0.0261837 -0.00859323 0)
(-0.0243299 -0.00901524 0)
(-0.0247439 -0.0192001 0)
(-0.0233852 -0.0204519 0)
(-0.0219253 -0.0217425 0)
(-0.0225569 -0.0266297 0)
(-0.0220599 -0.0284079 0)
(-0.0214703 -0.0301897 0)
(-0.0238706 -0.0254061 0)
(-0.0247946 -0.0271096 0)
(-0.0256196 -0.0289273 0)
(-0.0263685 -0.0178496 0)
(-0.0289523 -0.0190012 0)
(-0.0316645 -0.020342 0)
(-0.036134 0.0143013 0)
(-0.0391214 0.0158985 0)
(-0.0422095 0.0174477 0)
(0.0225352 -0.00164584 0)
(0.022537 -0.000428554 0)
(0.0223425 0.000682404 0)
(0.0331856 0.00504686 0)
(0.0328975 0.00547912 0)
(0.0323051 0.00622471 0)
(0.0307294 0.0188501 0)
(0.0302981 0.0191525 0)
(0.0297073 0.0197114 0)
(0.0253313 0.0271005 0)
(0.0250182 0.0272566 0)
(0.0246572 0.0275545 0)
(0.0206952 0.0334637 0)
(0.0203858 0.0333764 0)
(0.020077 0.0333235 0)
(0.0177087 0.0401013 0)
(0.017415 0.0399095 0)
(0.0171155 0.0396856 0)
(0.0159834 0.0452426 0)
(0.015831 0.0451587 0)
(0.0156508 0.0450288 0)
(0.0139187 0.0465614 0)
(0.0139576 0.0466963 0)
(0.0139724 0.0467916 0)
(0.0100177 0.0437912 0)
(0.010224 0.0441298 0)
(0.0104169 0.0444363 0)
(0.00408812 0.0382936 0)
(0.00439624 0.038755 0)
(0.00470151 0.0391902 0)
(-0.00351196 0.0313822 0)
(-0.00314927 0.0318717 0)
(-0.00278093 0.0323387 0)
(-0.0126152 0.0237373 0)
(-0.012225 0.0241634 0)
(-0.0118208 0.0245698 0)
(-0.0226121 0.0157141 0)
(-0.0221707 0.0160179 0)
(-0.0217058 0.0162985 0)
(-0.0266346 0.00612153 0)
(-0.0260158 0.00622001 0)
(-0.025368 0.00631538 0)
(-0.022998 -0.00925146 0)
(-0.0222834 -0.00933133 0)
(-0.0215369 -0.00937752 0)
(-0.020868 -0.0225739 0)
(-0.0202972 -0.023004 0)
(-0.0197319 -0.0234609 0)
(-0.0210511 -0.0314011 0)
(-0.0208151 -0.032103 0)
(-0.0206562 -0.0329363 0)
(-0.0261641 -0.0302396 0)
(-0.0263824 -0.0309908 0)
(-0.026758 -0.0318619 0)
(-0.0338041 -0.0213705 0)
(-0.034952 -0.0218757 0)
(-0.0362487 -0.0223789 0)
(-0.0444004 0.0181224 0)
(-0.045464 0.0184083 0)
(-0.0465697 0.0187243 0)
(0.0220645 0.00264349 0)
(0.0210078 0.00586654 0)
(0.019532 0.0100887 0)
(0.0313659 0.00836405 0)
(0.0297549 0.0132725 0)
(0.0285379 0.020173 0)
(0.0287916 0.0213834 0)
(0.0273982 0.0254714 0)
(0.026519 0.031599 0)
(0.0241014 0.0284881 0)
(0.0233358 0.0309407 0)
(0.0229917 0.0349709 0)
(0.0195372 0.0333194 0)
(0.0188137 0.0338584 0)
(0.0183655 0.0353224 0)
(0.0165584 0.0392021 0)
(0.0157219 0.0386074 0)
(0.0150058 0.038335 0)
(0.0153038 0.0446709 0)
(0.0147164 0.0440233 0)
(0.0141349 0.0432932 0)
(0.0139858 0.0468666 0)
(0.0139274 0.0467631 0)
(0.0138123 0.0463913 0)
(0.0107732 0.0449445 0)
(0.011229 0.0454573 0)
(0.0116219 0.045665 0)
(0.00528109 0.0399633 0)
(0.00609762 0.0409 0)
(0.00687443 0.0415685 0)
(-0.00207353 0.0331764 0)
(-0.00102955 0.0342531 0)
(9.45001e-06 0.0351232 0)
(-0.0110439 0.0252996 0)
(-0.00986156 0.0262832 0)
(-0.00865445 0.0271272 0)
(-0.02081 0.0168212 0)
(-0.0194157 0.0175619 0)
(-0.0179656 0.0182219 0)
(-0.0241486 0.00646281 0)
(-0.0222747 0.00667106 0)
(-0.0203335 0.00686215 0)
(-0.0201227 -0.00956097 0)
(-0.0179474 -0.00993217 0)
(-0.0156932 -0.0102863 0)
(-0.0185579 -0.0243065 0)
(-0.0167446 -0.025507 0)
(-0.0148298 -0.0266167 0)
(-0.0201342 -0.0342731 0)
(-0.0193839 -0.0359968 0)
(-0.0185217 -0.0376033 0)
(-0.0272377 -0.033291 0)
(-0.0282936 -0.0353104 0)
(-0.0292398 -0.037322 0)
(-0.0383455 -0.0233409 0)
(-0.0418252 -0.0248831 0)
(-0.0451836 -0.0263727 0)
(-0.0488127 0.0187527 0)
(-0.0525071 0.0183573 0)
(-0.0562008 0.0179728 0)
(0.0157003 0.022351 0)
(0.0111697 0.0217739 0)
(0.000346739 0.000721585 0)
(-0.00766001 0.00778793 0)
(0.0259797 0.0340426 0)
(0.0219081 0.0504629 0)
(0.0133316 0.0491312 0)
(0.000339527 0.0460638 0)
(0.0257535 0.0445898 0)
(0.025396 0.0660487 0)
(0.0237721 0.080786 0)
(0.0191589 0.0837937 0)
(0.0232382 0.0443218 0)
(0.0251081 0.0625872 0)
(0.0279377 0.0824498 0)
(0.0301052 0.0946271 0)
(0.0183175 0.0396938 0)
(0.0198103 0.0502743 0)
(0.0232484 0.0653967 0)
(0.027794 0.0794096 0)
(0.0142864 0.0389324 0)
(0.0143186 0.0423792 0)
(0.0160266 0.0494326 0)
(0.0194791 0.0584657 0)
(0.0133398 0.042327 0)
(0.0126651 0.0418942 0)
(0.0128265 0.0430405 0)
(0.0142217 0.0459032 0)
(0.0135362 0.0454704 0)
(0.0131464 0.0440391 0)
(0.012947 0.0427281 0)
(0.0132275 0.0419357 0)
(0.0120348 0.045438 0)
(0.0123771 0.0444589 0)
(0.012598 0.0429035 0)
(0.0128371 0.0410354 0)
(0.00787022 0.0420409 0)
(0.00896352 0.0418878 0)
(0.00987296 0.040955 0)
(0.0106411 0.0393545 0)
(0.00143522 0.0360033 0)
(0.0031587 0.0364458 0)
(0.00475759 0.0361527 0)
(0.00622437 0.035131 0)
(-0.00694636 0.0280314 0)
(-0.00476376 0.0287088 0)
(-0.00263415 0.0288103 0)
(-0.000600509 0.0282888 0)
(-0.0158734 0.0189838 0)
(-0.0131308 0.0197204 0)
(-0.010384 0.0201321 0)
(-0.00771485 0.0201881 0)
(-0.0175603 0.00710671 0)
(-0.0139386 0.00745333 0)
(-0.0102531 0.00782879 0)
(-0.00660968 0.00826926 0)
(-0.0124658 -0.0107106 0)
(-0.0082221 -0.0110601 0)
(-0.0038608 -0.0110621 0)
(0.000519243 -0.0106064 0)
(-0.0120097 -0.0279238 0)
(-0.00819409 -0.0291745 0)
(-0.00417046 -0.0297615 0)
(-3.51839e-05 -0.029506 0)
(-0.0171735 -0.0395394 0)
(-0.0152581 -0.0416042 0)
(-0.0131496 -0.0428155 0)
(-0.0109548 -0.0427369 0)
(-0.0306382 -0.0399764 0)
(-0.0324839 -0.0430425 0)
(-0.03424 -0.0449982 0)
(-0.0358228 -0.0451841 0)
(-0.0499103 -0.0283642 0)
(-0.0561722 -0.0306994 0)
(-0.0625348 -0.0324031 0)
(-0.0683674 -0.0331691 0)
(-0.0617048 0.0172833 0)
(-0.0690979 0.0151178 0)
(-0.0762432 0.0103834 0)
(-0.082491 0.0040044 0)
(-0.0123922 0.0190282 0)
(-0.0221433 0.0275691 0)
(-0.0344854 0.0414399 0)
(-0.04152 0.0545996 0)
(-0.0107833 0.0511119 0)
(-0.0208557 0.0441779 0)
(-0.0285039 0.0465724 0)
(-0.0305058 0.0498089 0)
(0.0126328 0.0870307 0)
(0.00594693 0.0790972 0)
(-0.00103998 0.0634836 0)
(-0.00549209 0.0504261 0)
(0.0307849 0.101372 0)
(0.0301967 0.102319 0)
(0.0276559 0.0942704 0)
(0.0224514 0.0794171 0)
(0.0323626 0.0889514 0)
(0.0365327 0.0953664 0)
(0.0396656 0.0984201 0)
(0.0405131 0.0971187 0)
(0.023998 0.0662173 0)
(0.0291435 0.0724407 0)
(0.0344324 0.0787414 0)
(0.0405365 0.0882767 0)
(0.0167898 0.049171 0)
(0.0203183 0.0519064 0)
(0.024287 0.0553578 0)
(0.0305998 0.0665613 0)
(0.0141686 0.0415071 0)
(0.0158119 0.0408406 0)
(0.0177366 0.0405 0)
(0.0212034 0.0478058 0)
(0.0132402 0.0390016 0)
(0.0139248 0.0366307 0)
(0.0146874 0.0342796 0)
(0.0157767 0.0375329 0)
(0.01133 0.0372083 0)
(0.0120182 0.0345365 0)
(0.0126505 0.0317249 0)
(0.0129782 0.0326008 0)
(0.00756378 0.033411 0)
(0.00879012 0.0310383 0)
(0.00990279 0.0284524 0)
(0.0102234 0.0285514 0)
(0.00130128 0.0271125 0)
(0.00302729 0.0253199 0)
(0.00460707 0.0234178 0)
(0.00454283 0.0244618 0)
(-0.00521603 0.0198655 0)
(-0.00291005 0.0192093 0)
(-0.000556623 0.0186234 0)
(-0.000634891 0.020243 0)
(-0.00310387 0.0088044 0)
(0.000141481 0.00948234 0)
(0.00308928 0.0104481 0)
(0.00555651 0.0120287 0)
(0.0048296 -0.0096166 0)
(0.0089988 -0.00803777 0)
(0.0128789 -0.0056807 0)
(0.0167418 -0.00241184 0)
(0.00407037 -0.0282218 0)
(0.00798553 -0.0257643 0)
(0.0115383 -0.021937 0)
(0.0146843 -0.0164798 0)
(-0.00876463 -0.0409611 0)
(-0.00667148 -0.0371922 0)
(-0.00493755 -0.0313169 0)
(-0.00387977 -0.0236268 0)
(-0.0370336 -0.0431757 0)
(-0.037846 -0.0388757 0)
(-0.0386755 -0.0325787 0)
(-0.0392344 -0.0255154 0)
(-0.0732544 -0.032666 0)
(-0.0775812 -0.030769 0)
(-0.0827539 -0.027159 0)
(-0.0853941 -0.02425 0)
(-0.0873731 -0.00151421 0)
(-0.0909889 -0.00191678 0)
(-0.0969367 0.00399672 0)
(-0.103153 -0.00652277 0)
(-0.0140363 -1.77093e-05 0)
(-0.0133725 -3.9219e-05 0)
(-0.0127151 -3.18719e-05 0)
(-0.0119962 -3.65943e-05 0)
(-0.0112087 -3.9326e-05 0)
(-0.0104779 -3.1633e-05 0)
(-0.00989629 -1.20473e-05 0)
(-0.00931335 1.17026e-06 0)
(-0.00819622 -3.17788e-05 0)
(-0.00600497 -0.000107323 0)
(-0.00304928 -0.000134865 0)
(-0.000587453 -8.42313e-05 0)
(0.000346862 -4.19343e-05 0)
(-0.0012536 4.07774e-05 0)
(-0.00600642 0.000260334 0)
(-0.0133306 0.00056199 0)
(-0.019299 0.000610778 0)
(-0.0150717 -0.00040373 0)
(0.00829694 -0.00136309 0)
(0.01914 0.00226065 0)
(-0.0309865 -0.000145651 0)
(-0.0294924 -0.000243255 0)
(-0.0283191 -0.000246589 0)
(-0.0269265 -0.000280193 0)
(-0.025429 -0.00028669 0)
(-0.0239746 -0.000252776 0)
(-0.0225672 -0.000224446 0)
(-0.0207961 -0.000309934 0)
(-0.0178648 -0.00060678 0)
(-0.0132483 -0.0009891 0)
(-0.00763325 -0.00106358 0)
(-0.00304828 -0.000628279 0)
(-0.00221208 0.000152281 0)
(-0.00847177 0.00130635 0)
(-0.0205869 0.00234326 0)
(-0.0319337 0.0022997 0)
(-0.0348324 0.000407753 0)
(-0.0235134 -0.00440592 0)
(0.00368551 -0.00797857 0)
(0.0308043 0.0057415 0)
(-0.0398948 -0.000385241 0)
(-0.0377504 -0.0005257 0)
(-0.0364899 -0.000533429 0)
(-0.0348838 -0.000602311 0)
(-0.0331732 -0.000622326 0)
(-0.031407 -0.000598406 0)
(-0.0295117 -0.00062919 0)
(-0.0270615 -0.000886022 0)
(-0.0233861 -0.00148228 0)
(-0.0181282 -0.00216747 0)
(-0.0120008 -0.00223792 0)
(-0.00721474 -0.00115392 0)
(-0.00791135 0.000969666 0)
(-0.0176803 0.00349576 0)
(-0.0310442 0.00463504 0)
(-0.0386769 0.00318218 0)
(-0.0365902 -0.000665532 0)
(-0.0247797 -0.0081516 0)
(-0.00197297 -0.0150906 0)
(0.0334981 0.00964068 0)
(-0.0426457 -0.000695368 0)
(-0.0402752 -0.000826042 0)
(-0.0391735 -0.000825561 0)
(-0.0376549 -0.000937441 0)
(-0.036048 -0.000984577 0)
(-0.0343264 -0.000993572 0)
(-0.0324321 -0.00109921 0)
(-0.0300399 -0.00151741 0)
(-0.0266315 -0.00237628 0)
(-0.0219003 -0.00332247 0)
(-0.016447 -0.00332185 0)
(-0.0125455 -0.00139018 0)
(-0.0147809 0.00224159 0)
(-0.025055 0.00575255 0)
(-0.0351582 0.00629806 0)
(-0.0372586 0.00322074 0)
(-0.0325679 -0.00192449 0)
(-0.0224649 -0.0110982 0)
(-0.00472024 -0.0218413 0)
(0.0332194 0.0133834 0)
(-0.0408218 -0.0010046 0)
(-0.0387473 -0.00108642 0)
(-0.0378994 -0.00107269 0)
(-0.0366595 -0.00122483 0)
(-0.035379 -0.00129894 0)
(-0.0340024 -0.0013381 0)
(-0.0325259 -0.00149896 0)
(-0.0307373 -0.0020346 0)
(-0.0282221 -0.00309789 0)
(-0.0246489 -0.00425537 0)
(-0.0204429 -0.00414205 0)
(-0.0177258 -0.00135301 0)
(-0.0205027 0.00352665 0)
(-0.0288261 0.00746604 0)
(-0.0340857 0.00704965 0)
(-0.0317877 0.00263995 0)
(-0.0264054 -0.00306477 0)
(-0.0181161 -0.0132623 0)
(-0.00571 -0.0278834 0)
(0.0317816 0.0166537 0)
(-0.0357827 -0.00124414 0)
(-0.034389 -0.00127821 0)
(-0.0337686 -0.00125752 0)
(-0.0328767 -0.00143398 0)
(-0.0320225 -0.00152324 0)
(-0.0311405 -0.00157548 0)
(-0.0302792 -0.00175874 0)
(-0.0293405 -0.00235922 0)
(-0.0280145 -0.00356693 0)
(-0.0259161 -0.00489953 0)
(-0.0231548 -0.0046991 0)
(-0.0213968 -0.00122957 0)
(-0.0237307 0.00448419 0)
(-0.0290386 0.00841013 0)
(-0.0299466 0.00699597 0)
(-0.0252749 0.00169763 0)
(-0.0202084 -0.00411592 0)
(-0.0129256 -0.0147489 0)
(-0.00564095 -0.03305 0)
(0.0297697 0.0195003 0)
(-0.0286983 -0.00137088 0)
(-0.0281047 -0.00140168 0)
(-0.0276127 -0.00138743 0)
(-0.027014 -0.00156331 0)
(-0.0265529 -0.00164994 0)
(-0.0261529 -0.00169374 0)
(-0.0258907 -0.00186193 0)
(-0.0257918 -0.00246549 0)
(-0.0257152 -0.00374714 0)
(-0.0252585 -0.00523079 0)
(-0.0240239 -0.00503752 0)
(-0.0228748 -0.00115972 0)
(-0.0242233 0.00499411 0)
(-0.0265869 0.00865768 0)
(-0.0245583 0.00644315 0)
(-0.0194063 0.000645173 0)
(-0.0151239 -0.00517588 0)
(-0.00778185 -0.0157498 0)
(-0.00486327 -0.0372949 0)
(0.0274165 0.0220368 0)
(-0.0205239 -0.00137925 0)
(-0.0206045 -0.00147777 0)
(-0.0201365 -0.00148591 0)
(-0.0197005 -0.00163439 0)
(-0.0195056 -0.00169781 0)
(-0.0194701 -0.00171336 0)
(-0.0196621 -0.00183265 0)
(-0.0202033 -0.00236981 0)
(-0.0212063 -0.00362932 0)
(-0.022427 -0.00522559 0)
(-0.0228993 -0.00517349 0)
(-0.0222138 -0.00119031 0)
(-0.022421 0.00509223 0)
(-0.0224798 0.00842023 0)
(-0.0189401 0.00571238 0)
(-0.0144648 -0.00031475 0)
(-0.0112646 -0.00628046 0)
(-0.0032225 -0.0164488 0)
(-0.00360103 -0.0406487 0)
(0.0248381 0.0243256 0)
(-0.0119271 -0.00130272 0)
(-0.0124264 -0.00152804 0)
(-0.011928 -0.00157741 0)
(-0.0115279 -0.00167881 0)
(-0.0114431 -0.00169857 0)
(-0.0116169 -0.00166864 0)
(-0.0120949 -0.00171853 0)
(-0.013007 -0.00213075 0)
(-0.0146985 -0.00324516 0)
(-0.017363 -0.00485822 0)
(-0.0198052 -0.00507049 0)
(-0.0198668 -0.00130854 0)
(-0.0190008 0.00487071 0)
(-0.017486 0.00790582 0)
(-0.0133494 0.00500813 0)
(-0.0097027 -0.0010542 0)
(-0.00797796 -0.00736047 0)
(0.000562712 -0.0170057 0)
(-0.00199464 -0.043152 0)
(0.0220955 0.0263971 0)
(-0.00329652 -0.00120072 0)
(-0.00392943 -0.00156367 0)
(-0.00341313 -0.00167362 0)
(-0.00298304 -0.00172279 0)
(-0.00288671 -0.00168464 0)
(-0.00312116 -0.00159168 0)
(-0.00374667 -0.00156197 0)
(-0.00484266 -0.00182863 0)
(-0.00678503 -0.00268859 0)
(-0.0102797 -0.00414126 0)
(-0.0147106 -0.00464625 0)
(-0.0162694 -0.00143786 0)
(-0.0146007 0.00441915 0)
(-0.0120876 0.00724756 0)
(-0.00776309 0.00437287 0)
(-0.00447744 -0.00153511 0)
(-0.00446082 -0.00827621 0)
(0.00367425 -0.0176224 0)
(-0.000127545 -0.0448179 0)
(0.0192158 0.0282561 0)
(0.00519616 -0.0010342 0)
(0.00467749 -0.00160594 0)
(0.00513273 -0.00177336 0)
(0.00560032 -0.00177824 0)
(0.00576588 -0.00167813 0)
(0.00557234 -0.00150819 0)
(0.00492368 -0.00138604 0)
(0.00373309 -0.00151678 0)
(0.00174827 -0.00209365 0)
(-0.00182441 -0.00318359 0)
(-0.00758933 -0.003831 0)
(-0.0115021 -0.001433 0)
(-0.00971014 0.00382443 0)
(-0.0065677 0.00651713 0)
(-0.00226751 0.00374506 0)
(0.000974771 -0.00179537 0)
(-0.000311167 -0.00886517 0)
(0.0065122 -0.0181252 0)
(0.00191938 -0.0458013 0)
(0.0162344 0.0299413 0)
(0.0133641 -0.000914642 0)
(0.0131217 -0.00165517 0)
(0.0135378 -0.0018692 0)
(0.0140189 -0.00184551 0)
(0.0142556 -0.0016881 0)
(0.014143 -0.00143662 0)
(0.0135566 -0.00120981 0)
(0.0123716 -0.00120022 0)
(0.0103756 -0.00154549 0)
(0.00702113 -0.00218797 0)
(0.00119944 -0.00265347 0)
(-0.0051909 -0.00111233 0)
(-0.00458604 0.0032139 0)
(-0.0010877 0.00576582 0)
(0.00307898 0.00308174 0)
(0.00588224 -0.00194788 0)
(0.00416793 -0.00918171 0)
(0.00943856 -0.01842 0)
(0.00416623 -0.0461283 0)
(0.0131927 0.0314966 0)
(0.0211161 -0.000847626 0)
(0.0211556 -0.00172299 0)
(0.021614 -0.00196448 0)
(0.0221082 -0.00191984 0)
(0.0224038 -0.00171341 0)
(0.0223798 -0.00138276 0)
(0.0218923 -0.00104797 0)
(0.0207867 -0.000889977 0)
(0.0188462 -0.00101372 0)
(0.0156793 -0.00129416 0)
(0.0105157 -0.00134179 0)
(0.00315798 -0.000344055 0)
(0.00102218 0.00279384 0)
(0.00424786 0.00498362 0)
(0.00815721 0.00251117 0)
(0.0103785 -0.00208484 0)
(0.00860235 -0.0093221 0)
(0.0125878 -0.0185521 0)
(0.00665605 -0.0457873 0)
(0.0101379 0.0329577 0)
(0.0283204 -0.00082366 0)
(0.0286006 -0.00181361 0)
(0.0291572 -0.00206753 0)
(0.0296881 -0.00200251 0)
(0.0300452 -0.0017531 0)
(0.0301161 -0.00134785 0)
(0.0297477 -0.000906839 0)
(0.02877 -0.000599171 0)
(0.0269612 -0.000508273 0)
(0.0240028 -0.000483442 0)
(0.0195077 -0.000132455 0)
(0.0127886 0.000772966 0)
(0.00803314 0.00278382 0)
(0.00962016 0.00427759 0)
(0.0129938 0.00202866 0)
(0.014682 -0.00218635 0)
(0.0131279 -0.00935432 0)
(0.0160713 -0.0185247 0)
(0.00941962 -0.0447751 0)
(0.00712323 0.0343603 0)
(0.0347949 -0.000839509 0)
(0.0352848 -0.00192744 0)
(0.0359694 -0.0021839 0)
(0.0365643 -0.00209856 0)
(0.0370002 -0.00180987 0)
(0.0371833 -0.00133488 0)
(0.0369585 -0.000792167 0)
(0.036151 -0.000339229 0)
(0.0345437 -4.20165e-05 0)
(0.0318593 0.00024542 0)
(0.0279337 0.000904262 0)
(0.022377 0.00193002 0)
(0.016677 0.00324206 0)
(0.0158084 0.00389033 0)
(0.0179815 0.00166378 0)
(0.0191374 -0.00227559 0)
(0.0180023 -0.00933123 0)
(0.0200047 -0.0183192 0)
(0.0124799 -0.0430862 0)
(0.00420866 0.0357433 0)
(0.0403404 -0.000894563 0)
(0.0410274 -0.00206344 0)
(0.0418584 -0.00231591 0)
(0.0425422 -0.00221325 0)
(0.0430815 -0.00188879 0)
(0.0434027 -0.00134908 0)
(0.0433531 -0.000711185 0)
(0.0427617 -0.000121122 0)
(0.0414229 0.000368763 0)
(0.0390938 0.000888735 0)
(0.0356971 0.00176868 0)
(0.0312596 0.00296479 0)
(0.0260574 0.00397074 0)
(0.0233769 0.00393157 0)
(0.0238558 0.00151581 0)
(0.0242762 -0.00233342 0)
(0.0234956 -0.00925756 0)
(0.024462 -0.0178922 0)
(0.0158466 -0.04072 0)
(0.00145681 0.0371655 0)
(0.0447542 -0.000992031 0)
(0.0456465 -0.00222038 0)
(0.0466452 -0.00246337 0)
(0.0474452 -0.00234956 0)
(0.0481165 -0.00199454 0)
(0.0486023 -0.00139703 0)
(0.0487577 -0.000672737 0)
(0.0484261 4.33337e-05 0)
(0.0474208 0.000707316 0)
(0.0455306 0.00143265 0)
(0.0426991 0.00247849 0)
(0.0391941 0.00380073 0)
(0.0351052 0.00472172 0)
(0.031925 0.00428218 0)
(0.0309976 0.00163083 0)
(0.0305165 -0.00229359 0)
(0.029761 -0.00908988 0)
(0.0294329 -0.0171988 0)
(0.0195147 -0.037641 0)
(-0.00105064 0.0386404 0)
(0.0478418 -0.00114322 0)
(0.0489763 -0.00241202 0)
(0.0501821 -0.0026416 0)
(0.0511375 -0.00251878 0)
(0.0519731 -0.00213309 0)
(0.0526425 -0.00148326 0)
(0.0530148 -0.000684885 0)
(0.0529688 0.000141779 0)
(0.0523512 0.000959498 0)
(0.0509777 0.00186493 0)
(0.04879 0.00304424 0)
(0.0461054 0.00443322 0)
(0.043173 0.00533924 0)
(0.0404698 0.00472634 0)
(0.0389444 0.00193071 0)
(0.0377136 -0.00212295 0)
(0.0366869 -0.00880002 0)
(0.0347996 -0.0162135 0)
(0.0234659 -0.0337304 0)
(-0.00330833 0.0404017 0)
(0.0493924 -0.00136465 0)
(0.0508472 -0.0026689 0)
(0.0523318 -0.00289024 0)
(0.0535016 -0.00274974 0)
(0.0545418 -0.00231647 0)
(0.0554098 -0.00160387 0)
(0.0559844 -0.000738867 0)
(0.0562146 0.000172836 0)
(0.0560182 0.0011134 0)
(0.0552286 0.00217044 0)
(0.0537703 0.00346202 0)
(0.0519045 0.00488021 0)
(0.0499974 0.00577006 0)
(0.0481665 0.00510204 0)
(0.0467533 0.00228177 0)
(0.0451593 -0.00187648 0)
(0.0438831 -0.00837929 0)
(0.0403358 -0.0148651 0)
(0.0276633 -0.0289181 0)
(-0.00467136 0.041853 0)
(0.0489179 -0.00158284 0)
(0.0508104 -0.00285477 0)
(0.052692 -0.00310219 0)
(0.0541696 -0.00297905 0)
(0.0554972 -0.0025179 0)
(0.0566415 -0.00174867 0)
(0.0574469 -0.000808248 0)
(0.0579243 0.000181597 0)
(0.0581891 0.00119185 0)
(0.0580499 0.00235267 0)
(0.0573878 0.00373268 0)
(0.0563876 0.00516616 0)
(0.0554104 0.00603258 0)
(0.0544866 0.00536354 0)
(0.0535136 0.00260939 0)
(0.0520368 -0.00158428 0)
(0.0507042 -0.00764197 0)
(0.04559 -0.0129569 0)
(0.0319494 -0.0237053 0)
(-0.00860387 0.0456998 0)
(0.0370945 -0.00210962 0)
(0.0412381 -0.00313599 0)
(0.0445936 -0.00366206 0)
(0.0471311 -0.00376347 0)
(0.0496066 -0.00336399 0)
(0.0521346 -0.00259996 0)
(0.0546278 -0.00162137 0)
(0.0569789 -0.000510938 0)
(0.0590722 0.000747483 0)
(0.0607536 0.00219306 0)
(0.0619983 0.00378558 0)
(0.0629879 0.00527331 0)
(0.0639618 0.00612393 0)
(0.0649175 0.00561542 0)
(0.0654676 0.00338195 0)
(0.0648306 -0.000114518 0)
(0.0617345 -0.00457477 0)
(0.0546888 -0.00732756 0)
(0.041328 -0.0137606 0)
(0.0319561 0.0365784 0)
(-0.000181575 -0.00802993 0)
(0.0128395 -0.00731135 0)
(0.0180852 -0.00746154 0)
(0.0219263 -0.00704825 0)
(0.0256951 -0.00618454 0)
(0.0293661 -0.00517522 0)
(0.0329463 -0.00412342 0)
(0.0366036 -0.00295719 0)
(0.0404593 -0.00158335 0)
(0.0446542 -1.99393e-05 0)
(0.04908 0.00166432 0)
(0.0535163 0.00321847 0)
(0.0578602 0.00415723 0)
(0.0618584 0.00395934 0)
(0.0649423 0.00250218 0)
(0.0666269 0.000482507 0)
(0.0656608 -0.00122298 0)
(0.0623888 -0.000297559 0)
(0.0511728 2.31371e-05 0)
(0.0466558 0.0207184 0)
(-0.00422422 -0.0163365 0)
(0.00510281 -0.0118637 0)
(0.00386617 -0.0107942 0)
(0.00528673 -0.0101133 0)
(0.00777999 -0.00915775 0)
(0.0103884 -0.00811245 0)
(0.0129813 -0.00716615 0)
(0.0158086 -0.00623579 0)
(0.0190233 -0.00523489 0)
(0.0227045 -0.00405246 0)
(0.0269378 -0.00271805 0)
(0.0317755 -0.00138594 0)
(0.0370143 -0.000482577 0)
(0.0422943 -0.000355256 0)
(0.0471305 -0.000917022 0)
(0.051132 -0.00131997 0)
(0.0533729 -0.000698743 0)
(0.0542144 0.00288262 0)
(0.049832 0.0074414 0)
(0.0456539 0.0200652 0)
(0.000332947 -0.0174901 0)
(0.00365613 -0.0122037 0)
(-0.00206984 -0.00944719 0)
(-0.00301421 -0.0104685 0)
(-0.00269837 -0.0102693 0)
(-0.00221034 -0.00931123 0)
(-0.00131769 -0.00853051 0)
(0.000347627 -0.00794076 0)
(0.0025855 -0.00734283 0)
(0.00515304 -0.00656076 0)
(0.00791507 -0.00566932 0)
(0.0109743 -0.00491567 0)
(0.014503 -0.00451979 0)
(0.0186023 -0.00462566 0)
(0.0231492 -0.00503473 0)
(0.028033 -0.00491131 0)
(0.0326558 -0.00318144 0)
(0.0373156 0.0020537 0)
(0.039731 0.00985588 0)
(0.0395156 0.022046 0)
(-0.000743635 -0.0195869 0)
(0.00193385 -0.00982221 0)
(-0.00541146 -0.00617463 0)
(-0.00837674 -0.00911603 0)
(-0.0106725 -0.0093519 0)
(-0.0119373 -0.00885092 0)
(-0.011469 -0.00910815 0)
(-0.00982328 -0.00944934 0)
(-0.00818288 -0.00917898 0)
(-0.00700433 -0.00833389 0)
(-0.00626682 -0.00733629 0)
(-0.00560626 -0.00662481 0)
(-0.00457028 -0.00653587 0)
(-0.00263023 -0.00720113 0)
(0.000639486 -0.00834982 0)
(0.0055428 -0.00896813 0)
(0.0117264 -0.00760736 0)
(0.0188537 -0.00198944 0)
(0.0256582 0.00775454 0)
(0.0295276 0.0211384 0)
(0.00209354 -0.0201001 0)
(-0.00063732 -0.00633585 0)
(-0.00852835 -0.00217776 0)
(-0.0135208 -0.00598372 0)
(-0.0172413 -0.00707799 0)
(-0.0177785 -0.00868161 0)
(-0.0160634 -0.0106184 0)
(-0.0147526 -0.0109221 0)
(-0.0148703 -0.00975524 0)
(-0.0161199 -0.00810691 0)
(-0.0180666 -0.00663876 0)
(-0.0201179 -0.00591514 0)
(-0.0214476 -0.00644824 0)
(-0.0211317 -0.00842863 0)
(-0.0184646 -0.0113283 0)
(-0.0132102 -0.0137309 0)
(-0.00559195 -0.013468 0)
(0.00326087 -0.00834961 0)
(0.0118545 0.00253235 0)
(0.0185088 0.0176043 0)
(0.000698012 -0.018232 0)
(-0.00505612 -0.000990737 0)
(-0.0122334 0.00239139 0)
(-0.0179732 -0.00222535 0)
(-0.0201447 -0.0058606 0)
(-0.0185605 -0.010042 0)
(-0.017112 -0.0118368 0)
(-0.0179261 -0.0104678 0)
(-0.0204132 -0.0079965 0)
(-0.0239457 -0.00559938 0)
(-0.028021 -0.00388574 0)
(-0.0317304 -0.00366286 0)
(-0.0340051 -0.00556994 0)
(-0.0340817 -0.00965394 0)
(-0.0316548 -0.014974 0)
(-0.0266273 -0.0196322 0)
(-0.0189087 -0.0209224 0)
(-0.00910961 -0.0161475 0)
(0.000862377 -0.00427136 0)
(0.00866988 0.0124025 0)
(0.00339546 -0.0136042 0)
(-0.00839065 0.00531831 0)
(-0.0148587 0.00690208 0)
(-0.0195553 0.000353802 0)
(-0.0194151 -0.00622836 0)
(-0.0176588 -0.0111612 0)
(-0.0182666 -0.0111775 0)
(-0.0210213 -0.00817047 0)
(-0.0248453 -0.0048603 0)
(-0.0293894 -0.00202545 0)
(-0.0340379 -0.000430156 0)
(-0.0376777 -0.00117159 0)
(-0.0393749 -0.00483666 0)
(-0.0389792 -0.0109506 0)
(-0.0369812 -0.0182544 0)
(-0.0335746 -0.0250275 0)
(-0.0278278 -0.0285388 0)
(-0.0189371 -0.0247311 0)
(-0.00832517 -0.0116117 0)
(0.00028546 0.00661603 0)
(2.17722e-05 -0.00757019 0)
(-0.0112954 0.0116773 0)
(-0.0158508 0.0107005 0)
(-0.0187812 0.00151815 0)
(-0.0173603 -0.00703402 0)
(-0.0167648 -0.0109896 0)
(-0.0191274 -0.00907728 0)
(-0.0227036 -0.00505725 0)
(-0.0268438 -0.00129502 0)
(-0.0311811 0.00157497 0)
(-0.0348398 0.00247989 0)
(-0.0368424 0.000345623 0)
(-0.0366217 -0.00488461 0)
(-0.0347858 -0.0119931 0)
(-0.0328542 -0.019763 0)
(-0.0319178 -0.02754 0)
(-0.0303815 -0.0336701 0)
(-0.0251135 -0.0326247 0)
(-0.0160747 -0.0196573 0)
(-0.00669015 0.000304962 0)
(0.00212312 -0.00239271 0)
(-0.0117873 0.01732 0)
(-0.0149876 0.0135375 0)
(-0.0163952 0.00170887 0)
(-0.0143024 -0.00754801 0)
(-0.0148473 -0.00966508 0)
(-0.0182065 -0.00642395 0)
(-0.0217477 -0.0020166 0)
(-0.025266 0.00177267 0)
(-0.0285331 0.00412373 0)
(-0.0307357 0.00394269 0)
(-0.0311334 0.000421038 0)
(-0.0294869 -0.00585762 0)
(-0.026312 -0.0131515 0)
(-0.02335 -0.0198103 0)
(-0.0236149 -0.02623 0)
(-0.026774 -0.0340577 0)
(-0.0271028 -0.0372855 0)
(-0.0218695 -0.0265447 0)
(-0.0137147 -0.00553397 0)
(0.000503659 0.00213152 0)
(-0.0110659 0.0224349 0)
(-0.0127959 0.0154885 0)
(-0.012899 0.00118991 0)
(-0.0102667 -0.00784267 0)
(-0.011816 -0.00773679 0)
(-0.0156121 -0.00377645 0)
(-0.0187156 0.000440871 0)
(-0.0213739 0.00397647 0)
(-0.0237321 0.00572419 0)
(-0.0253031 0.0046035 0)
(-0.0256995 -6.37603e-05 0)
(-0.0244429 -0.007641 0)
(-0.0209162 -0.0159883 0)
(-0.0163111 -0.0215064 0)
(-0.0149792 -0.0237888 0)
(-0.0203859 -0.0300687 0)
(-0.0263984 -0.037423 0)
(-0.0262444 -0.0306992 0)
(-0.0205878 -0.010596 0)
(0.00405809 0.00672029 0)
(-0.00839458 0.0271561 0)
(-0.00995247 0.01678 0)
(-0.00920188 8.40201e-06 0)
(-0.00702679 -0.0081807 0)
(-0.00951089 -0.00559526 0)
(-0.0128652 -0.0012927 0)
(-0.0152784 0.00233307 0)
(-0.0171913 0.0055456 0)
(-0.0191426 0.00705536 0)
(-0.0210889 0.00557811 0)
(-0.0224232 8.46725e-06 0)
(-0.0217205 -0.009556 0)
(-0.0181327 -0.0199054 0)
(-0.0131003 -0.0253654 0)
(-0.0103732 -0.0230279 0)
(-0.0149837 -0.0240098 0)
(-0.0251374 -0.0333944 0)
(-0.0303396 -0.031278 0)
(-0.027858 -0.0138556 0)
(0.00197277 0.010494 0)
(-0.0064549 0.0315674 0)
(-0.00736874 0.0177141 0)
(-0.00668584 -0.00119404 0)
(-0.00701493 -0.00773387 0)
(-0.0098141 -0.00343656 0)
(-0.0117556 0.000676695 0)
(-0.0132156 0.00365795 0)
(-0.0143574 0.00675707 0)
(-0.0159431 0.00851533 0)
(-0.0179664 0.00698209 0)
(-0.0190653 0.000360054 0)
(-0.0173382 -0.0112378 0)
(-0.0133646 -0.023115 0)
(-0.00906456 -0.028672 0)
(-0.00789682 -0.022709 0)
(-0.0118661 -0.0173772 0)
(-0.024359 -0.0261492 0)
(-0.0345334 -0.0281245 0)
(-0.0356879 -0.0147817 0)
(0.00463152 0.0142778 0)
(-0.00337994 0.0353823 0)
(-0.00533204 0.0187736 0)
(-0.00639186 -0.000809752 0)
(-0.0101078 -0.00572733 0)
(-0.0124377 -0.0016959 0)
(-0.0128143 0.00165046 0)
(-0.0132252 0.00436182 0)
(-0.0134682 0.00754554 0)
(-0.0140237 0.00954256 0)
(-0.0146826 0.00763907 0)
(-0.0138579 -0.000258103 0)
(-0.010412 -0.0133388 0)
(-0.00626209 -0.0258046 0)
(-0.00313843 -0.0304312 0)
(-0.00484411 -0.0209629 0)
(-0.00985582 -0.0101498 0)
(-0.0234177 -0.0165901 0)
(-0.0373522 -0.0217184 0)
(-0.0420119 -0.0127825 0)
(0.00261871 0.01599 0)
(-0.000945383 0.0384525 0)
(-0.00323955 0.0208455 0)
(-0.00725685 0.00206005 0)
(-0.0132649 -0.00300907 0)
(-0.0154144 -0.000858051 0)
(-0.0149493 0.00167048 0)
(-0.0143269 0.0043089 0)
(-0.0133715 0.00738866 0)
(-0.0121356 0.00912283 0)
(-0.0103611 0.00647121 0)
(-0.00705614 -0.00252912 0)
(-0.00222548 -0.0165376 0)
(0.00163643 -0.0282671 0)
(0.00251239 -0.0305648 0)
(-0.00192823 -0.0177497 0)
(-0.00774934 -0.0024727 0)
(-0.0207376 -0.00576479 0)
(-0.0357266 -0.0138047 0)
(-0.0414086 -0.0110671 0)
(0.00387511 0.0172268 0)
(0.0029907 0.040566 0)
(0.00024542 0.0240414 0)
(-0.00519396 0.00630246 0)
(-0.0122565 -0.000304795 0)
(-0.0152683 -0.000628897 0)
(-0.0151184 0.00100323 0)
(-0.0135901 0.0034716 0)
(-0.0112519 0.00607285 0)
(-0.00813857 0.00708847 0)
(-0.00391577 0.00366417 0)
(0.00137707 -0.00674373 0)
(0.0066679 -0.0198148 0)
(0.00887453 -0.0291949 0)
(0.00577298 -0.028493 0)
(-0.000967711 -0.0133103 0)
(-0.00596842 0.00409728 0)
(-0.0158622 0.00431696 0)
(-0.0291103 -0.00572682 0)
(-0.0347114 -0.00937554 0)
(-0.0036661 0.0152911 0)
(0.00551459 0.0396416 0)
(0.00638553 0.0278359 0)
(0.00329843 0.0117572 0)
(-0.00128815 0.00398359 0)
(-0.004177 0.00160702 0)
(-0.00494905 0.000482464 0)
(-0.00479478 0.000988781 0)
(-0.00299044 0.00213864 0)
(0.000839039 0.00206226 0)
(0.00619447 -0.00181651 0)
(0.012463 -0.0108477 0)
(0.0156969 -0.0210116 0)
(0.0133506 -0.027026 0)
(0.0046034 -0.0234712 0)
(-0.0036435 -0.00771918 0)
(-0.00671439 0.00863753 0)
(-0.0107249 0.0114001 0)
(-0.0190647 0.00197354 0)
(-0.0252561 -0.00674566 0)
(-0.00100828 0.011791 0)
(0.00826183 0.0333592 0)
(0.0141991 0.0274906 0)
(0.0161815 0.0134109 0)
(0.0164949 0.00456918 0)
(0.0160244 0.00184403 0)
(0.0158249 0.00120301 0)
(0.0157632 0.00209596 0)
(0.0164757 0.00162537 0)
(0.0190367 -0.000399829 0)
(0.0229243 -0.00503799 0)
(0.0253331 -0.0121914 0)
(0.0221322 -0.0187033 0)
(0.0127193 -0.0207695 0)
(-0.00195308 -0.0156216 0)
(-0.00982688 -0.00242002 0)
(-0.00988235 0.00993848 0)
(-0.00879791 0.0132093 0)
(-0.0102349 0.00672849 0)
(-0.0138473 -0.00164788 0)
(-0.00645672 0.00686535 0)
(0.00406532 0.0259686 0)
(0.0179259 0.0256587 0)
(0.0273192 0.0141903 0)
(0.0347821 0.00600475 0)
(0.0383912 0.00331599 0)
(0.0396303 -3.0849e-05 0)
(0.0393034 0.000957134 0)
(0.0381843 -0.00132572 0)
(0.0380537 -0.0039836 0)
(0.0370708 -0.00676581 0)
(0.031779 -0.00990411 0)
(0.0205324 -0.0115183 0)
(0.00545714 -0.0100982 0)
(-0.0109249 -0.00721343 0)
(-0.0163079 -0.000106987 0)
(-0.0142077 0.00980759 0)
(-0.010222 0.0116179 0)
(-0.00588243 0.0067299 0)
(-0.00418964 -0.000393857 0)
(-0.0096121 0.00334671 0)
(-0.00423159 0.00679303 0)
(0.013468 0.00663117 0)
(0.0257689 -0.00337916 0)
(0.0377544 -0.00549555 0)
(0.039745 0.0011535 0)
(0.0403899 -0.00211405 0)
(0.0391891 0.00584148 0)
(0.0335574 0.00296389 0)
(0.0315222 0.00038073 0)
(0.0279713 0.0016419 0)
(0.0200211 0.00328417 0)
(0.0086159 0.0034566 0)
(-0.00483278 0.00791075 0)
(-0.0141595 -0.000575689 0)
(-0.0142414 0.000175838 0)
(-0.0138722 0.00707459 0)
(-0.0124452 0.00488808 0)
(-0.00670966 0.000533243 0)
(-0.00439467 0.000999245 0)
(-0.0154406 0.00182759 0)
(-0.00693821 -0.00109953 0)
(0.0098931 -5.04156e-05 0)
(0.00735219 0.000114708 0)
(0.00573136 4.61899e-05 0)
(0.00563095 -6.63717e-07 0)
(0.0058561 -5.95609e-06 0)
(0.00598829 5.3534e-06 0)
(0.0058566 1.29092e-05 0)
(0.00554925 6.78394e-06 0)
(0.00515074 3.98055e-06 0)
(0.00454205 1.86893e-05 0)
(0.00362763 3.28523e-05 0)
(0.00254232 3.19523e-05 0)
(0.00139975 3.73941e-05 0)
(0.000190924 4.52203e-05 0)
(-0.000941694 4.573e-05 0)
(-0.00174592 3.12266e-05 0)
(-0.00213427 1.38527e-05 0)
(-0.00223447 8.55818e-07 0)
(-0.024873 0.00479722 0)
(-0.00562197 -0.00612503 0)
(0.0152626 -0.00169034 0)
(0.0141956 0.000359895 0)
(0.0118567 0.000334409 0)
(0.0119998 -1.83898e-05 0)
(0.0128086 -9.11046e-05 0)
(0.0132797 1.45044e-07 0)
(0.0130863 0.000100304 0)
(0.012287 0.000151729 0)
(0.0109948 0.000207125 0)
(0.00910166 0.000319292 0)
(0.00655177 0.000421182 0)
(0.00359875 0.000455403 0)
(0.000491459 0.000481169 0)
(-0.00260034 0.000480191 0)
(-0.00523028 0.000396829 0)
(-0.00693425 0.00023813 0)
(-0.00768448 9.40355e-05 0)
(-0.0078645 1.15779e-05 0)
(-0.026754 0.00828382 0)
(-0.00288784 -0.0114085 0)
(0.0144246 -0.00315349 0)
(0.0143079 0.000322862 0)
(0.0136267 0.000463282 0)
(0.0148567 -0.000153044 0)
(0.0162775 -0.00027556 0)
(0.0170339 -4.83093e-05 0)
(0.0168558 0.000218218 0)
(0.0157101 0.000417916 0)
(0.0136255 0.000620613 0)
(0.0105523 0.000895332 0)
(0.0065755 0.00112669 0)
(0.00204658 0.00122562 0)
(-0.00264681 0.00126251 0)
(-0.00706944 0.00119125 0)
(-0.0105814 0.000922535 0)
(-0.0127268 0.000526051 0)
(-0.0136321 0.000198783 0)
(-0.0138467 2.5798e-05 0)
(-0.0261089 0.0117594 0)
(-0.00220032 -0.0161291 0)
(0.0109013 -0.00410778 0)
(0.0111191 7.15151e-05 0)
(0.0129121 0.000224828 0)
(0.0154986 -0.000501244 0)
(0.017351 -0.000543418 0)
(0.0181797 -0.000118557 0)
(0.0179054 0.000367162 0)
(0.0164046 0.000789148 0)
(0.0135779 0.00122295 0)
(0.00942791 0.0017196 0)
(0.00421158 0.00210884 0)
(-0.00160569 0.00227883 0)
(-0.00745293 0.00229368 0)
(-0.0126895 0.00207402 0)
(-0.0166325 0.00153915 0)
(-0.018953 0.000851302 0)
(-0.0199171 0.00031568 0)
(-0.0201494 4.26363e-05 0)
(-0.0245814 0.0149378 0)
(-0.00278167 -0.0200571 0)
(0.00642262 -0.00468077 0)
(0.00754024 -0.000480745 0)
(0.0115092 -0.000390448 0)
(0.0148734 -0.0010084 0)
(0.0167477 -0.000830142 0)
(0.0173898 -0.000161317 0)
(0.0168386 0.000575468 0)
(0.0148756 0.00127549 0)
(0.0112975 0.00200506 0)
(0.00618056 0.00276049 0)
(-4.57337e-05 0.00331195 0)
(-0.00676909 0.0035339 0)
(-0.0132847 0.00347183 0)
(-0.0188505 0.00303111 0)
(-0.0228712 0.00218057 0)
(-0.0251714 0.00118104 0)
(-0.0261108 0.000432544 0)
(-0.0263362 5.9453e-05 0)
(-0.0227413 0.0178532 0)
(-0.00394248 -0.0231341 0)
(0.00207674 -0.00523106 0)
(0.00495 -0.00135209 0)
(0.0100052 -0.00120824 0)
(0.0132873 -0.0015317 0)
(0.0148018 -0.00106172 0)
(0.0150622 -0.000131916 0)
(0.0140815 0.000873283 0)
(0.011553 0.00189259 0)
(0.0072347 0.00295621 0)
(0.00132526 0.00397849 0)
(-0.00556745 0.00466677 0)
(-0.0127431 0.00490049 0)
(-0.0194298 0.00469957 0)
(-0.0249096 0.00398751 0)
(-0.0287379 0.00280201 0)
(-0.0308647 0.00149269 0)
(-0.0317025 0.000539391 0)
(-0.0318951 7.4135e-05 0)
(-0.0208198 0.0205915 0)
(-0.00535377 -0.0254233 0)
(-0.00163263 -0.00604018 0)
(0.00305125 -0.00242405 0)
(0.00801787 -0.00202608 0)
(0.0106611 -0.00195999 0)
(0.0116333 -0.00119419 0)
(0.0114171 -1.40703e-05 0)
(0.00992906 0.00128043 0)
(0.00680945 0.00264405 0)
(0.00185633 0.00405205 0)
(-0.00454518 0.00530992 0)
(-0.0116847 0.00609075 0)
(-0.0188491 0.00628435 0)
(-0.0252751 0.00589431 0)
(-0.0303659 0.00488778 0)
(-0.0338237 0.00337203 0)
(-0.035675 0.00176933 0)
(-0.036356 0.000628014 0)
(-0.0364966 8.5081e-05 0)
(-0.0189273 0.0231917 0)
(-0.00683488 -0.0270973 0)
(-0.00481161 -0.00675767 0)
(0.000912077 -0.00352 0)
(0.00507551 -0.00271761 0)
(0.00692936 -0.00225186 0)
(0.00734333 -0.00121557 0)
(0.00664383 0.000202615 0)
(0.00466258 0.00180119 0)
(0.00103175 0.00351528 0)
(-0.00431174 0.00523772 0)
(-0.0108198 0.00667356 0)
(-0.0177922 0.00749786 0)
(-0.0245425 0.00760257 0)
(-0.030402 0.00699529 0)
(-0.0349286 0.00569614 0)
(-0.0379276 0.00387129 0)
(-0.0394524 0.002 0)
(-0.039945 0.000692409 0)
(-0.0400217 9.09677e-05 0)
(-0.0171151 0.0256776 0)
(-0.00835968 -0.0281469 0)
(-0.00779549 -0.00743565 0)
(-0.00205944 -0.00455478 0)
(0.00107967 -0.00323098 0)
(0.00222253 -0.00241146 0)
(0.00213649 -0.00113086 0)
(0.00101382 0.000521806 0)
(-0.00136767 0.00242044 0)
(-0.00531751 0.00445965 0)
(-0.0107121 0.00643543 0)
(-0.0169576 0.00799208 0)
(-0.0234111 0.00881267 0)
(-0.0294655 0.00879593 0)
(-0.0345963 0.00796756 0)
(-0.0384971 0.0063961 0)
(-0.0410195 0.00429186 0)
(-0.0422045 0.00217944 0)
(-0.0424928 0.000728624 0)
(-0.0424979 9.07213e-05 0)
(-0.0154159 0.0280901 0)
(-0.00991649 -0.0286278 0)
(-0.0108073 -0.00799973 0)
(-0.00585634 -0.00540871 0)
(-0.00370765 -0.00356897 0)
(-0.00315131 -0.00245302 0)
(-0.00365085 -0.000957081 0)
(-0.00509974 0.000920759 0)
(-0.007728 0.00309614 0)
(-0.0117243 0.00540996 0)
(-0.0168467 0.00757539 0)
(-0.0225317 0.00920085 0)
(-0.0282259 0.00998255 0)
(-0.0334435 0.00983323 0)
(-0.0378091 0.00880004 0)
(-0.0411042 0.00698669 0)
(-0.0431765 0.00463438 0)
(-0.0440284 0.0023064 0)
(-0.0441018 0.000734022 0)
(-0.0440278 8.33942e-05 0)
(-0.0138558 0.0304688 0)
(-0.0114859 -0.0285784 0)
(-0.0138644 -0.00836426 0)
(-0.0101327 -0.00601181 0)
(-0.00888567 -0.00376584 0)
(-0.00880319 -0.00240332 0)
(-0.00961044 -0.000718814 0)
(-0.0112559 0.00136469 0)
(-0.0139361 0.00377653 0)
(-0.0177228 0.00630663 0)
(-0.0223273 0.00860342 0)
(-0.0272606 0.010257 0)
(-0.0320836 0.0109819 0)
(-0.0364482 0.0107085 0)
(-0.0401005 0.00949913 0)
(-0.042858 0.00747666 0)
(-0.0445267 0.00490387 0)
(-0.0450568 0.00238123 0)
(-0.0449015 0.000706109 0)
(-0.0447382 6.78594e-05 0)
(-0.0124566 0.0328428 0)
(-0.0130408 -0.0280418 0)
(-0.0168622 -0.00848176 0)
(-0.0144905 -0.00636836 0)
(-0.0140379 -0.00384122 0)
(-0.0143156 -0.00229006 0)
(-0.0153147 -0.000445452 0)
(-0.0170196 0.00181433 0)
(-0.0195734 0.00441663 0)
(-0.0229628 0.00710636 0)
(-0.0269053 0.00948648 0)
(-0.0310096 0.011142 0)
(-0.0349633 0.0118092 0)
(-0.0385482 0.0114336 0)
(-0.0415901 0.0100814 0)
(-0.0438974 0.007879 0)
(-0.0452115 0.00510628 0)
(-0.0454242 0.00240368 0)
(-0.0450169 0.000641392 0)
(-0.0447483 4.23401e-05 0)
(-0.0112346 0.0352353 0)
(-0.0145549 -0.0270679 0)
(-0.019653 -0.00834273 0)
(-0.0185878 -0.00650457 0)
(-0.0187932 -0.00381941 0)
(-0.0193186 -0.00213642 0)
(-0.0204016 -0.000161784 0)
(-0.0220474 0.00223921 0)
(-0.0243466 0.00498581 0)
(-0.027236 0.00778563 0)
(-0.0304708 0.0102134 0)
(-0.0337663 0.0118589 0)
(-0.0369352 0.0124799 0)
(-0.0398651 0.0120311 0)
(-0.0424191 0.0105678 0)
(-0.0443642 0.00820718 0)
(-0.045363 0.00524603 0)
(-0.045248 0.00237138 0)
(-0.0445499 0.000534155 0)
(-0.044152 3.20095e-06 0)
(-0.0102001 0.0376667 0)
(-0.0160132 -0.0257185 0)
(-0.0221027 -0.00796913 0)
(-0.022174 -0.00645816 0)
(-0.0228774 -0.00372555 0)
(-0.0235468 -0.00196286 0)
(-0.0246259 0.000112816 0)
(-0.0261287 0.0026196 0)
(-0.0281047 0.00546864 0)
(-0.0304688 0.00833891 0)
(-0.0330286 0.0107909 0)
(-0.0356043 0.0124254 0)
(-0.0381198 0.0130197 0)
(-0.0405391 0.0125274 0)
(-0.0427274 0.0109791 0)
(-0.0443873 0.00847272 0)
(-0.0450914 0.00532413 0)
(-0.044615 0.00227844 0)
(-0.0435652 0.00037673 0)
(-0.0430029 -5.37557e-05 0)
(-0.0093577 0.0401542 0)
(-0.0174185 -0.0240699 0)
(-0.0241183 -0.0074049 0)
(-0.0250987 -0.00627247 0)
(-0.0261336 -0.00358451 0)
(-0.0268592 -0.00178635 0)
(-0.0278721 0.00036266 0)
(-0.0291853 0.00294588 0)
(-0.0308223 0.00586294 0)
(-0.0326934 0.0087744 0)
(-0.0346628 0.0112373 0)
(-0.0366454 0.0128678 0)
(-0.038657 0.0134577 0)
(-0.0407087 0.0129491 0)
(-0.0426413 0.0113342 0)
(-0.0440723 0.0086832 0)
(-0.0444716 0.00533628 0)
(-0.043561 0.0021136 0)
(-0.0420649 0.000158338 0)
(-0.0412893 -0.000132991 0)
(-0.00870647 0.0427241 0)
(-0.0187957 -0.0222089 0)
(-0.0256502 -0.00670743 0)
(-0.0273014 -0.00599084 0)
(-0.0285132 -0.0034183 0)
(-0.029227 -0.0016176 0)
(-0.0301357 0.000580547 0)
(-0.0312459 0.00321661 0)
(-0.032566 0.00617568 0)
(-0.0340119 0.00910852 0)
(-0.0355015 0.0115772 0)
(-0.0370304 0.0132152 0)
(-0.0386847 0.0138229 0)
(-0.0404988 0.0133199 0)
(-0.0422651 0.0116475 0)
(-0.0434904 0.00883971 0)
(-0.0435176 0.00526907 0)
(-0.0420255 0.00185619 0)
(-0.0399286 -0.000137965 0)
(-0.038874 -0.000241134 0)
(-0.00825418 0.0453652 0)
(-0.020191 -0.0202015 0)
(-0.0266832 -0.00594265 0)
(-0.0287894 -0.00565216 0)
(-0.0300503 -0.00324573 0)
(-0.0307052 -0.0014645 0)
(-0.0314935 0.000765059 0)
(-0.0324102 0.00343615 0)
(-0.0334577 0.0064191 0)
(-0.034562 0.00936153 0)
(-0.0356886 0.0118367 0)
(-0.0368983 0.0134957 0)
(-0.0383285 0.0141415 0)
(-0.040015 0.0136596 0)
(-0.0416751 0.0119266 0)
(-0.0426619 0.0089318 0)
(-0.0421511 0.00509154 0)
(-0.0397999 0.00146564 0)
(-0.0368333 -0.000539885 0)
(-0.0354076 -0.000386172 0)
(-0.00795904 0.0482362 0)
(-0.0216621 -0.0180431 0)
(-0.0272418 -0.00518625 0)
(-0.0296092 -0.00528954 0)
(-0.0308287 -0.00308096 0)
(-0.0313987 -0.00133173 0)
(-0.0320676 0.000918191 0)
(-0.0328149 0.00361203 0)
(-0.0336433 0.00660744 0)
(-0.0344911 0.00955383 0)
(-0.0353647 0.01204 0)
(-0.0363759 0.0137346 0)
(-0.0376954 0.0144361 0)
(-0.0393391 0.0139825 0)
(-0.0409103 0.0121695 0)
(-0.0415521 0.00893099 0)
(-0.0402406 0.00474685 0)
(-0.0366454 0.00087574 0)
(-0.0323924 -0.00108293 0)
(-0.0303947 -0.000577725 0)
(-0.0081697 0.0508469 0)
(-0.023232 -0.0157509 0)
(-0.027436 -0.00451522 0)
(-0.0298227 -0.00492994 0)
(-0.0309493 -0.00293065 0)
(-0.0314264 -0.00121758 0)
(-0.0319929 0.00104561 0)
(-0.0326049 0.00375406 0)
(-0.0332695 0.0067555 0)
(-0.0339398 0.00970511 0)
(-0.0346569 0.01221 0)
(-0.0355714 0.0139538 0)
(-0.0368706 0.0147223 0)
(-0.0385214 0.0142919 0)
(-0.0399694 0.0123594 0)
(-0.0401292 0.00879549 0)
(-0.0378419 0.00417328 0)
(-0.0328112 2.3905e-05 0)
(-0.0268773 -0.0017985 0)
(-0.0238082 -0.000832986 0)
(-0.00686947 0.0552273 0)
(-0.0246679 -0.0137561 0)
(-0.0274813 -0.00394927 0)
(-0.0294997 -0.00459105 0)
(-0.0305117 -0.00279739 0)
(-0.0308858 -0.00111747 0)
(-0.031377 0.00115758 0)
(-0.0318994 0.00387714 0)
(-0.0324614 0.00688076 0)
(-0.0330295 0.00983215 0)
(-0.0336733 0.0123601 0)
(-0.0345727 0.0141655 0)
(-0.0359115 0.0150157 0)
(-0.0375708 0.0146037 0)
(-0.038827 0.0125002 0)
(-0.038492 0.00852261 0)
(-0.0354986 0.00339091 0)
(-0.0294866 -0.00109384 0)
(-0.0218829 -0.00284981 0)
(-0.0170711 -0.0012776 0)
(-0.0314363 0.0499572 0)
(-0.025008 -0.0123438 0)
(-0.0272312 -0.00289219 0)
(-0.0273254 -0.00396681 0)
(-0.0281656 -0.00256262 0)
(-0.0282495 -0.00093902 0)
(-0.0285229 0.0013457 0)
(-0.0288592 0.0040837 0)
(-0.0293017 0.00710532 0)
(-0.0298471 0.0101098 0)
(-0.0305744 0.0127664 0)
(-0.0316009 0.01476 0)
(-0.0329522 0.015728 0)
(-0.0343501 0.015146 0)
(-0.0351632 0.0124472 0)
(-0.0346317 0.007523 0)
(-0.0318929 0.00122396 0)
(-0.0258637 -0.00463337 0)
(-0.0165287 -0.00731825 0)
(-0.00779148 -0.00387477 0)
(-0.0229096 0.0310836 0)
(-0.018189 -0.0111865 0)
(-0.0250678 -0.00252781 0)
(-0.0223544 -0.00363234 0)
(-0.0231028 -0.00249891 0)
(-0.0228885 -0.000874666 0)
(-0.0231028 0.00150871 0)
(-0.0233949 0.00436687 0)
(-0.0238213 0.00750751 0)
(-0.0243507 0.0106514 0)
(-0.0249845 0.0134626 0)
(-0.0257418 0.0155757 0)
(-0.0267412 0.0165858 0)
(-0.0282144 0.0159891 0)
(-0.030171 0.0131306 0)
(-0.0315984 0.00727672 0)
(-0.0303265 -0.00155421 0)
(-0.0249056 -0.0107904 0)
(-0.0164885 -0.0147692 0)
(-0.00798986 -0.00799142 0)
(-0.00550732 0.0279582 0)
(-0.0140224 -0.0095095 0)
(-0.0189919 -0.0029691 0)
(-0.0173106 -0.00352784 0)
(-0.0180343 -0.00243189 0)
(-0.0178435 -0.000768052 0)
(-0.0179813 0.00172521 0)
(-0.018163 0.0046826 0)
(-0.0183984 0.00787403 0)
(-0.0186029 0.0110215 0)
(-0.0187786 0.0138262 0)
(-0.0191688 0.0160796 0)
(-0.0206017 0.0176898 0)
(-0.0241192 0.018164 0)
(-0.0290544 0.0157204 0)
(-0.0318768 0.00800228 0)
(-0.0295959 -0.00447041 0)
(-0.023588 -0.0163849 0)
(-0.0159757 -0.0206988 0)
(-0.00710112 -0.0114398 0)
(0.0111857 0.0418884 0)
(-0.00888785 -0.0036396 0)
(-0.0126647 -0.00245585 0)
(-0.0128505 -0.00285963 0)
(-0.0136479 -0.00223709 0)
(-0.0133363 -0.000721243 0)
(-0.013097 0.00181103 0)
(-0.0129295 0.0048016 0)
(-0.0127779 0.00792797 0)
(-0.0125535 0.0109887 0)
(-0.0124641 0.0139269 0)
(-0.0133142 0.0170058 0)
(-0.0168051 0.0204794 0)
(-0.0236336 0.0226964 0)
(-0.0302554 0.0193202 0)
(-0.031415 0.00771327 0)
(-0.0270246 -0.00838255 0)
(-0.0212773 -0.0216894 0)
(-0.0143159 -0.0267454 0)
(-0.00297732 -0.016843 0)
(0.029277 0.0636789 0)
(0.00167087 0.0082942 0)
(-0.00733256 -0.000309913 0)
(-0.00919067 -0.00144442 0)
(-0.0101428 -0.00200558 0)
(-0.00929727 -0.00105382 0)
(-0.00826725 0.00146323 0)
(-0.00755802 0.00453478 0)
(-0.00705613 0.00763289 0)
(-0.00667478 0.010778 0)
(-0.00699836 0.0144354 0)
(-0.00946272 0.0194448 0)
(-0.0159591 0.0256374 0)
(-0.0250905 0.0285926 0)
(-0.0307584 0.0220423 0)
(-0.0292985 0.00583606 0)
(-0.0243149 -0.0125593 0)
(-0.0190589 -0.0267833 0)
(-0.0130091 -0.0328197 0)
(-0.000938331 -0.0237351 0)
(0.0389659 0.079625 0)
(0.0111349 0.025515 0)
(-0.00327643 0.00438934 0)
(-0.0068625 0.000891976 0)
(-0.0077098 -0.00198004 0)
(-0.00593692 -0.00211407 0)
(-0.00394458 0.000442017 0)
(-0.00269316 0.00388518 0)
(-0.00207622 0.00721746 0)
(-0.00192353 0.0108394 0)
(-0.00328044 0.0160462 0)
(-0.00799632 0.0238885 0)
(-0.0169254 0.0324439 0)
(-0.026146 0.0341905 0)
(-0.029396 0.023133 0)
(-0.0264705 0.00314672 0)
(-0.0220719 -0.0165247 0)
(-0.0171022 -0.0317625 0)
(-0.0122614 -0.0386361 0)
(-0.000742621 -0.0304376 0)
(0.0382754 0.0874057 0)
(0.0139205 0.0421368 0)
(-0.00207623 0.0115356 0)
(-0.00700954 0.0039297 0)
(-0.00724241 -0.00257376 0)
(-0.00405303 -0.0039698 0)
(-0.00118413 -0.00118814 0)
(0.000475208 0.00294658 0)
(0.0010035 0.00688753 0)
(0.000726982 0.0114993 0)
(-0.00183825 0.0190495 0)
(-0.00848451 0.0299146 0)
(-0.0181432 0.0394802 0)
(-0.025491 0.0383311 0)
(-0.026272 0.0228302 0)
(-0.0231943 0.000556496 0)
(-0.0192569 -0.0202235 0)
(-0.0146787 -0.036241 0)
(-0.0117522 -0.0430151 0)
(-0.00318209 -0.035691 0)
(0.0321915 0.0909364 0)
(0.0113047 0.0559772 0)
(-0.00491333 0.0195849 0)
(-0.0107687 0.00707636 0)
(-0.0106787 -0.00427786 0)
(-0.00569884 -0.00705879 0)
(-0.00145977 -0.00315617 0)
(0.000719262 0.00197547 0)
(0.00136336 0.00673408 0)
(0.00066601 0.0128351 0)
(-0.0027896 0.0232063 0)
(-0.010163 0.0364293 0)
(-0.0185635 0.0453492 0)
(-0.0228118 0.0404909 0)
(-0.0214527 0.0216013 0)
(-0.0186142 -0.00161961 0)
(-0.0148339 -0.0235517 0)
(-0.0109789 -0.0398285 0)
(-0.0098611 -0.0460269 0)
(-0.00320539 -0.0390248 0)
(0.0257759 0.0930469 0)
(0.007696 0.068241 0)
(-0.0104269 0.0283379 0)
(-0.0175577 0.0102464 0)
(-0.0184517 -0.0072019 0)
(-0.0125826 -0.0121797 0)
(-0.00592063 -0.00608289 0)
(-0.00261514 0.000600442 0)
(-0.00135899 0.00667379 0)
(-0.00228807 0.0146684 0)
(-0.00584185 0.0277489 0)
(-0.0122997 0.0420692 0)
(-0.0177993 0.0489778 0)
(-0.0184102 0.0404937 0)
(-0.0150966 0.0196546 0)
(-0.012169 -0.00345355 0)
(-0.00847728 -0.0262215 0)
(-0.00605918 -0.0420168 0)
(-0.00672184 -0.0473833 0)
(-0.0019804 -0.0422223 0)
(0.0221791 0.0941039 0)
(0.00755247 0.0813263 0)
(-0.0147305 0.0385527 0)
(-0.0246475 0.014245 0)
(-0.0274466 -0.0100682 0)
(-0.0226586 -0.0186524 0)
(-0.0143424 -0.0106539 0)
(-0.00927415 -0.00183082 0)
(-0.00702671 0.0064444 0)
(-0.00778876 0.0165919 0)
(-0.0102987 0.0315534 0)
(-0.014275 0.04558 0)
(-0.0158858 0.0497235 0)
(-0.0128667 0.0383348 0)
(-0.00774211 0.0169968 0)
(-0.004438 -0.00510357 0)
(-0.000715652 -0.0279746 0)
(-0.000648286 -0.0422213 0)
(-0.0041555 -0.0462648 0)
(-0.00524077 -0.0441562 0)
(0.022064 0.0921165 0)
(0.0144699 0.0960757 0)
(-0.0107338 0.053043 0)
(-0.027283 0.0207612 0)
(-0.0334829 -0.0108804 0)
(-0.03249 -0.0247508 0)
(-0.0250091 -0.0163617 0)
(-0.0183293 -0.00516424 0)
(-0.0149062 0.00587213 0)
(-0.0148226 0.0179121 0)
(-0.015154 0.0334528 0)
(-0.0155332 0.0460877 0)
(-0.0129698 0.0473992 0)
(-0.00670714 0.0341761 0)
(-0.00017937 0.0133101 0)
(0.00368384 -0.00747982 0)
(0.00738315 -0.0286615 0)
(0.00466995 -0.0406002 0)
(-0.000531397 -0.0433121 0)
(-0.00383397 -0.04172 0)
(0.0223103 0.0835039 0)
(0.0277299 0.107675 0)
(0.00725995 0.0742517 0)
(-0.0188917 0.0336672 0)
(-0.032415 -0.00662583 0)
(-0.038543 -0.0277498 0)
(-0.0356047 -0.0214836 0)
(-0.0287866 -0.00903818 0)
(-0.0237721 0.00445604 0)
(-0.021885 0.0177641 0)
(-0.0193354 0.0325761 0)
(-0.0155481 0.0432714 0)
(-0.00904169 0.0422645 0)
(-4.39069e-06 0.0283493 0)
(0.00712306 0.00915864 0)
(0.0117143 -0.00999552 0)
(0.0143436 -0.0280757 0)
(0.00855873 -0.0373631 0)
(0.00350715 -0.0398115 0)
(0.00344881 -0.0414614 0)
(0.0182005 0.0637762 0)
(0.0407195 0.107994 0)
(0.033869 0.0956286 0)
(0.00490301 0.0559903 0)
(-0.0206174 0.00712116 0)
(-0.0375343 -0.0243594 0)
(-0.0433639 -0.0236121 0)
(-0.0395874 -0.0128744 0)
(-0.0327747 0.00136325 0)
(-0.0275483 0.0153413 0)
(-0.0219922 0.02849 0)
(-0.0139919 0.0372002 0)
(-0.00400258 0.0348185 0)
(0.00703979 0.0214473 0)
(0.014595 0.00467029 0)
(0.0188223 -0.0117818 0)
(0.0188694 -0.0257955 0)
(0.00962896 -0.0324523 0)
(0.00481113 -0.0363004 0)
(-0.000260067 -0.0407657 0)
(0.0170596 0.0363713 0)
(0.0470418 0.0932543 0)
(0.0560187 0.107203 0)
(0.0349323 0.0802852 0)
(0.00219047 0.0315577 0)
(-0.0273587 -0.0121058 0)
(-0.0442685 -0.0201143 0)
(-0.0479246 -0.0150939 0)
(-0.0426131 -0.00391916 0)
(-0.0323078 0.0100241 0)
(-0.0228271 0.0215215 0)
(-0.011293 0.0282455 0)
(0.00160041 0.0254342 0)
(0.0134181 0.0140846 0)
(0.0209709 0.000502252 0)
(0.0227654 -0.0118073 0)
(0.0192265 -0.0213604 0)
(0.00752671 -0.0266937 0)
(0.00724652 -0.0342318 0)
(0.00811475 -0.0408765 0)
(0.0228569 0.017439 0)
(0.0458435 0.0724383 0)
(0.0643174 0.106658 0)
(0.0564263 0.0983261 0)
(0.0272933 0.058467 0)
(-0.00745232 0.0101037 0)
(-0.0330694 -0.00962122 0)
(-0.0453022 -0.012969 0)
(-0.0481779 -0.00979075 0)
(-0.0399147 0.000183715 0)
(-0.0253065 0.0113071 0)
(-0.010555 0.0169985 0)
(0.00404493 0.0145696 0)
(0.0153186 0.00663483 0)
(0.0213589 -0.002127 0)
(0.0202329 -0.00958591 0)
(0.0149719 -0.0156824 0)
(0.00388991 -0.0222574 0)
(0.00768541 -0.0341804 0)
(0.00151613 -0.0396913 0)
(0.0184483 0.00829316 0)
(0.0349201 0.0566123 0)
(0.0568617 0.098909 0)
(0.0618666 0.106503 0)
(0.0449783 0.079798 0)
(0.0167399 0.0352496 0)
(-0.00815986 0.00486475 0)
(-0.0217272 -0.00285499 0)
(-0.0303127 -0.00863394 0)
(-0.0330307 -0.00870928 0)
(-0.0269331 -0.00393542 0)
(-0.0145816 0.000948947 0)
(-0.00134515 0.00163049 0)
(0.00838743 -0.000573435 0)
(0.0129215 -0.0033099 0)
(0.0131283 -0.00713566 0)
(0.0111905 -0.0117991 0)
(0.00557468 -0.0212552 0)
(0.0130314 -0.0354135 0)
(0.0113331 -0.0402059 0)
(-0.000446894 0.0024454 0)
(0.0109244 0.0439943 0)
(0.0354362 0.0873885 0)
(0.0516207 0.104807 0)
(0.0512758 0.0914304 0)
(0.0379124 0.0558194 0)
(0.0225176 0.0206418 0)
(0.0120802 0.00428371 0)
(0.009204 -0.00137972 0)
(0.00873527 -0.00341922 0)
(0.00941854 -0.00348974 0)
(0.0118302 -0.00321287 0)
(0.0148537 -0.00361688 0)
(0.0177115 -0.00537523 0)
(0.0190393 -0.00691614 0)
(0.0193404 -0.00855349 0)
(0.0196722 -0.0122305 0)
(0.0180364 -0.0215792 0)
(0.0212364 -0.0343468 0)
(0.00189261 -0.0365678 0)
(-0.0360953 -0.00450785 0)
(-0.0256088 0.0303014 0)
(0.00276851 0.0686609 0)
(0.0291672 0.0900669 0)
(0.0466234 0.0867094 0)
(0.0524213 0.0612619 0)
(0.0533177 0.0278157 0)
(0.0516648 0.0072639 0)
(0.0486324 -0.00409791 0)
(0.0485167 -0.00802114 0)
(0.0505113 -0.00664866 0)
(0.0529135 -0.00460122 0)
(0.0547939 -0.00279034 0)
(0.0557637 -0.0017063 0)
(0.0550859 -0.00205204 0)
(0.0515001 -0.00488309 0)
(0.0474054 -0.0105134 0)
(0.0419492 -0.0174263 0)
(0.0376619 -0.0274153 0)
(0.0149534 -0.027733 0)
(-0.0828536 -0.0088561 0)
(-0.069059 0.0256018 0)
(-0.0368438 0.0526905 0)
(0.000433141 0.0758894 0)
(0.034743 0.0767904 0)
(0.0594071 0.0623142 0)
(0.079665 0.0302053 0)
(0.0919535 0.0162257 0)
(0.0924678 -0.000380986 0)
(0.0897482 -0.00895688 0)
(0.0855957 -0.0095924 0)
(0.0794121 -0.00762714 0)
(0.0740099 -0.00705194 0)
(0.0721096 -0.00837571 0)
(0.072986 -0.0059428 0)
(0.0732024 -0.00432509 0)
(0.0714193 -0.00548928 0)
(0.0610521 -0.00518231 0)
(0.0458153 -0.0144969 0)
(0.010879 -0.0165795 0)
(-0.109092 -0.0145045 0)
(-0.104853 0.00182654 0)
(-0.0720515 -0.0056183 0)
(-0.0266311 0.0138867 0)
(0.0194113 0.011941 0)
(0.0535864 0.0201045 0)
(0.0895357 -0.0150202 0)
(0.10999 0.00834864 0)
(0.102715 0.00113305 0)
(0.0979453 -0.00203664 0)
(0.0881681 0.00684577 0)
(0.0709746 0.00929342 0)
(0.0531206 0.0092575 0)
(0.0435676 -0.000547749 0)
(0.0425194 -0.00325726 0)
(0.0420077 -0.000554062 0)
(0.0448997 -0.00619292 0)
(0.03602 0.0112801 0)
(0.0253818 -0.000997299 0)
(0.00877679 0.0033712 0)
)
;

boundaryField
{
    left_open
    {
        type            pressureInletOutletVelocity;
        value           nonuniform List<vector> 
40
(
(-0.0140363 -1.77093e-05 0)
(-0.0309865 -0.000145651 0)
(-0.0398948 -0.000385241 0)
(-0.0426457 -0.000695368 0)
(-0.0408218 -0.0010046 0)
(-0.0357827 -0.00124414 0)
(-0.0286983 -0.00137088 0)
(-0.0205239 -0.00137925 0)
(-0.0119271 -0.00130272 0)
(-0.00329652 -0.00120072 0)
(0.00519616 0 0)
(0.0133641 0 0)
(0.0211161 0 0)
(0.0283204 0 0)
(0.0347949 0 0)
(0.0403404 0 0)
(0.0447542 0 0)
(0.0478418 0 0)
(0.0493924 0 0)
(0.0489179 0 0)
(0.0370945 0 0)
(-0.000181575 -0.00802993 0)
(-0.00422422 -0.0163365 0)
(0.000332947 0 0)
(-0.000743635 -0.0195869 0)
(0.00209354 0 0)
(0.000698012 -0.018232 0)
(0.00339546 0 0)
(2.17722e-05 -0.00757019 0)
(0.00212312 0 0)
(0.000503659 0.00213152 0)
(0.00405809 0 0)
(0.00197277 0.010494 0)
(0.00463152 0 0)
(0.00261871 0.01599 0)
(0.00387511 0 0)
(-0.0036661 0.0152911 0)
(-0.00100828 0 0)
(-0.00645672 0.00686535 0)
(-0.0096121 0.00334671 0)
)
;
    }
    right_open
    {
        type            pressureInletOutletVelocity;
        value           nonuniform List<vector> 
40
(
(-0.00223447 0 0)
(-0.0078645 0 0)
(-0.0138467 0 0)
(-0.0201494 0 0)
(-0.0263362 0 0)
(-0.0318951 0 0)
(-0.0364966 0 0)
(-0.0400217 0 0)
(-0.0424979 0 0)
(-0.0440278 0 0)
(-0.0447382 0 0)
(-0.0447483 0 0)
(-0.044152 0 0)
(-0.0430029 0 0)
(-0.0412893 0 0)
(-0.038874 0 0)
(-0.0354076 0 0)
(-0.0303947 0 0)
(-0.0238082 0 0)
(-0.0170711 0 0)
(-0.00779148 0 0)
(-0.00798986 0 0)
(-0.00710112 0 0)
(-0.00297732 0 0)
(-0.000938331 0 0)
(-0.000742621 -0.0304376 0)
(-0.00318209 0 0)
(-0.00320539 0 0)
(-0.0019804 -0.0422223 0)
(-0.00524077 0 0)
(-0.00383397 0 0)
(0.00344881 -0.0414614 0)
(-0.000260067 0 0)
(0.00811475 -0.0408765 0)
(0.00151613 0 0)
(0.0113331 -0.0402059 0)
(0.00189261 0 0)
(0.0149534 -0.027733 0)
(0.010879 -0.0165795 0)
(0.00877679 0.0033712 0)
)
;
    }
    base_side
    {
        type            noSlip;
    }
    top
    {
        type            pressureInletOutletVelocity;
        value           nonuniform List<vector> 
65
(
(0 0.00334671 0)
(-0.00423159 0.00679303 0)
(0.013468 0.00663117 0)
(0 -0.00337916 0)
(0 -0.00549555 0)
(0.039745 0.0011535 0)
(0 -0.00211405 0)
(0.0391891 0.00584148 0)
(0.0335574 0.00296389 0)
(0.0315222 0.00038073 0)
(0.0279713 0.0016419 0)
(0.0200211 0.00328417 0)
(0.0086159 0.0034566 0)
(-0.00483278 0.00791075 0)
(0 -0.000575689 0)
(0 0.000175838 0)
(-0.0138722 0.00707459 0)
(-0.0124452 0.00488808 0)
(0 0.000533243 0)
(-0.00439467 0.000999245 0)
(-0.00795744 0.00568424 0)
(-0.0101286 0.00506908 0)
(-0.0123947 0.00728194 0)
(-0.0154291 0.00961672 0)
(-0.0190299 0.0113937 0)
(-0.0230614 0.0116871 0)
(-0.0275013 0.0124918 0)
(-0.0322242 0.0130422 0)
(-0.036134 0.0143013 0)
(-0.0391214 0.0158985 0)
(-0.0422095 0.0174477 0)
(-0.0444004 0.0181224 0)
(-0.045464 0.0184083 0)
(-0.0465697 0.0187243 0)
(-0.0488127 0.0187527 0)
(-0.0525071 0.0183573 0)
(-0.0562008 0.0179728 0)
(-0.0617048 0.0172833 0)
(-0.0690979 0.0151178 0)
(-0.0762432 0.0103834 0)
(-0.082491 0.0040044 0)
(0 -0.00151421 0)
(0 -0.00191678 0)
(-0.0969367 0.00399672 0)
(-0.103153 -0.00652277 0)
(0 -0.0145045 0)
(-0.104853 0.00182654 0)
(0 -0.0056183 0)
(-0.0266311 0.0138867 0)
(0 0.011941 0)
(0.0535864 0.0201045 0)
(0 -0.0150202 0)
(0.10999 0.00834864 0)
(0.102715 0.00113305 0)
(0 -0.00203664 0)
(0.0881681 0.00684577 0)
(0.0709746 0.00929342 0)
(0.0531206 0.0092575 0)
(0 -0.000547749 0)
(0 -0.00325726 0)
(0 -0.000554062 0)
(0 -0.00619292 0)
(0.03602 0.0112801 0)
(0 -0.000997299 0)
(0.00877679 0.0033712 0)
)
;
    }
    front
    {
        type            empty;
    }
    back
    {
        type            empty;
    }
    air_to_aluminum
    {
        type            noSlip;
    }
}


// ************************************************************************* //
