/*--------------------------------*- C++ -*----------------------------------*\
| =========                 |                                                 |
| \\      /  F ield         | OpenFOAM: The Open Source CFD Toolbox           |
|  \\    /   O peration     | Version:                                        |
|   \\  /    A nd           | Website:  www.openfoam.com                      |
|    \\/     M anipulation  |                                                 |
\*---------------------------------------------------------------------------*/
FoamFile
{
    version     2.0;
    format      ascii;
    class       surfaceScalarField;
    location    "1924.0/air";
    object      phi;
}
// * * * * * * * * * * * * * * * * * * * * * * * * * * * * * * * * * * * * * //

dimensions      [1 0 -1 0 0 0 0];
oriented        oriented;


internalField   nonuniform List<scalar> 
4299
(
6.97161e-08
-6.97028e-08
1.06626e-07
-3.68963e-08
7.01713e-08
3.64677e-08
7.01846e-08
6.30686e-08
-1.32758e-07
1.08353e-07
-8.21678e-08
7.00327e-08
7.48014e-08
1.40231e-07
3.81766e-08
-1.70921e-07
6.83607e-08
-1.12339e-07
4.39277e-08
9.92476e-08
1.84171e-07
1.96019e-08
-1.9051e-07
3.73364e-08
-1.3006e-07
2.44035e-08
1.12193e-07
2.08588e-07
7.36381e-09
-1.97861e-07
1.99163e-08
-1.42601e-07
1.50727e-08
1.17049e-07
2.23674e-07
-1.05839e-09
-1.96792e-07
1.22394e-08
-1.5589e-07
1.40168e-08
1.15281e-07
2.37702e-07
-1.21453e-08
-1.84638e-07
1.01595e-08
-1.78193e-07
2.03576e-08
1.05087e-07
2.5807e-07
-2.94717e-08
-1.55164e-07
1.032e-08
-2.17999e-07
3.49936e-08
8.04054e-08
2.9307e-07
-5.99855e-08
-9.5184e-08
8.08076e-09
-2.86097e-07
5.91547e-08
2.93069e-08
3.52224e-07
-1.04592e-07
9.40477e-09
4.54258e-10
-3.91164e-07
9.24227e-08
-6.26825e-08
4.44644e-07
-1.4036e-07
1.49798e-07
6.47946e-09
-5.37911e-07
1.3443e-07
-1.90564e-07
5.79092e-07
-1.23127e-07
2.73031e-07
7.26091e-08
-7.3338e-07
1.94077e-07
-3.11775e-07
7.73243e-07
2.03426e-08
2.52814e-07
2.59799e-07
-9.72625e-07
2.8974e-07
-3.41411e-07
1.06309e-06
2.35022e-07
1.77586e-08
5.12166e-07
-1.25006e-06
3.62773e-07
-1.92097e-07
1.4259e-06
4.6715e-07
-4.50154e-07
6.16987e-07
-1.40088e-06
2.37709e-07
1.86533e-07
1.66348e-06
4.43668e-07
-8.97306e-07
7.95605e-08
-1.03805e-06
-2.3743e-07
5.03451e-07
1.42638e-06
-7.02784e-08
7.02916e-08
-1.06728e-07
3.6463e-08
-6.97458e-08
-3.69691e-08
-6.97325e-08
-7.00822e-08
1.40387e-07
-1.08408e-07
7.48015e-08
-6.30906e-08
-8.22727e-08
-1.3281e-07
-4.38502e-08
1.84251e-07
-6.83535e-08
9.93182e-08
-3.82694e-08
-1.12344e-07
-1.71066e-07
-2.40265e-08
2.0829e-07
-3.72456e-08
1.12551e-07
-1.99738e-08
-1.29602e-07
-1.91026e-07
-1.39848e-08
2.22288e-07
-1.96995e-08
1.18278e-07
-8.50879e-09
-1.4078e-07
-1.99522e-07
-1.14708e-08
2.33772e-07
-1.20677e-08
1.18888e-07
-1.52815e-09
-1.51306e-07
-2.01037e-07
-1.49915e-08
2.48777e-07
-1.11199e-08
1.1503e-07
4.33872e-09
-1.66752e-07
-1.96685e-07
-2.4949e-08
2.73739e-07
-1.575e-08
1.05843e-07
1.10146e-08
-1.93504e-07
-1.85658e-07
-4.31212e-08
3.16873e-07
-2.60786e-08
8.88125e-08
2.03089e-08
-2.3988e-07
-1.65336e-07
-7.14388e-08
3.88324e-07
-4.10909e-08
5.84736e-08
3.51201e-08
-3.16084e-07
-1.30205e-07
-1.08599e-07
4.96933e-07
-5.30167e-08
2.89374e-09
6.07719e-08
-4.29876e-07
-6.94256e-08
-1.41593e-07
6.38533e-07
-3.84314e-08
-1.00273e-07
1.07318e-07
-5.75643e-07
3.78949e-08
-1.28683e-07
7.67224e-07
4.71818e-08
-2.76131e-07
1.85679e-07
-7.14159e-07
2.23575e-07
1.26514e-08
7.54599e-07
2.41237e-07
-5.04629e-07
2.84136e-07
-7.57031e-07
5.07724e-07
2.26406e-07
5.28296e-07
4.10757e-07
-6.88647e-07
2.35858e-07
-5.81991e-07
7.43613e-07
3.3705e-07
1.91665e-07
1.26588e-07
-4.7737e-07
-1.89565e-07
-2.6553e-07
5.54059e-07
-8.62679e-06
2.43151e-06
6.14272e-06
-8.50322e-06
-1.69237e-07
-7.70064e-06
-8.20748e-07
-9.27135e-07
-6.77928e-06
-1.78812e-05
8.50558e-07
1.93989e-05
-1.77037e-05
-3.57518e-07
-1.82668e-05
-2.51463e-07
-1.48672e-07
-1.90378e-05
-2.0621e-05
-7.49976e-07
2.22133e-05
-2.04377e-05
-5.3537e-07
-2.04097e-05
-2.78413e-07
-1.51672e-07
-2.04064e-05
-2.22443e-05
-1.73418e-06
2.32315e-05
-2.17463e-05
-1.03045e-06
-2.1314e-05
-7.09459e-07
-4.74067e-07
-2.09909e-05
-2.11378e-05
-1.79255e-06
2.11977e-05
-2.10388e-05
-1.12749e-06
-2.09585e-05
-7.88824e-07
-5.21873e-07
-2.09102e-05
-1.63349e-05
-1.00838e-06
1.55512e-05
-1.68602e-05
-6.01363e-07
-1.72775e-05
-3.71288e-07
-1.86296e-07
-1.7613e-05
-1.12468e-05
1.03823e-07
1.01349e-05
-1.20374e-05
1.89347e-07
-1.264e-05
2.31303e-07
2.73923e-07
-1.31003e-05
-7.47228e-06
5.32875e-07
7.04316e-06
-7.76203e-06
4.78976e-07
-7.97233e-06
4.41474e-07
4.26107e-07
-8.12463e-06
-5.45512e-06
-2.6075e-08
6.01355e-06
-4.95068e-06
-2.59165e-08
-4.49685e-06
-1.27521e-08
2.07179e-08
-4.09182e-06
-4.52596e-06
-1.01196e-06
5.51174e-06
-3.64747e-06
-9.0451e-07
-2.8581e-06
-8.02211e-07
-7.12144e-07
-2.12533e-06
-2.33535e-06
-1.87825e-06
3.20167e-06
-1.54633e-06
-1.69351e-06
-8.3714e-07
-1.51139e-06
-1.35618e-06
-1.93091e-07
-1.30052e-07
-2.42083e-06
6.72668e-07
4.29377e-07
-2.25292e-06
9.91051e-07
-2.07307e-06
-1.89652e-06
1.53138e-06
1.75119e-06
-2.47606e-06
-1.69603e-06
1.91178e-06
-2.41357e-06
2.17338e-06
-2.3347e-06
-2.23211e-06
2.50894e-06
4.19164e-06
-2.1185e-06
-4.54935e-06
3.92537e-06
-2.1474e-06
3.76273e-06
-2.17209e-06
-2.17419e-06
3.7048e-06
7.03607e-06
-1.4616e-06
-7.693e-06
6.41371e-06
-1.52504e-06
5.84632e-06
-1.60468e-06
-1.68351e-06
5.35567e-06
9.06353e-06
-6.0668e-07
-9.91834e-06
8.21171e-06
-6.73089e-07
7.3846e-06
-7.77416e-07
-9.05002e-07
6.60622e-06
9.07497e-06
2.69746e-07
-9.95119e-06
8.20629e-06
1.95832e-07
7.36559e-06
6.35376e-08
-1.02671e-07
6.5635e-06
6.32737e-06
8.64714e-07
-6.92209e-06
5.77689e-06
7.46581e-07
5.25507e-06
5.85628e-07
4.09901e-07
4.74273e-06
2.96804e-06
9.79768e-07
-3.08289e-06
2.91509e-06
7.99718e-07
2.96863e-06
5.32248e-07
3.25519e-07
3.05314e-06
-7.8287e-07
1.91254e-06
-4.24406e-07
3.13166e-07
1.0461e-06
-6.91588e-06
-7.60895e-07
-7.63164e-06
-3.10829e-07
-7.27609e-06
1.66936e-07
2.69499e-07
-6.10034e-06
-1.9771e-05
-1.88858e-08
-2.02184e-05
1.47519e-07
-2.0358e-05
3.18882e-07
4.53404e-07
-2.05297e-05
-2.04056e-05
-1.95475e-08
-2.03604e-05
1.01878e-07
-2.02903e-05
2.47646e-07
3.77583e-07
-2.02159e-05
-2.0748e-05
-2.6203e-07
-2.05773e-05
-6.87949e-08
-2.0441e-05
1.10759e-07
2.75658e-07
-2.034e-05
-2.08804e-05
-2.91551e-07
-2.08654e-05
-8.35766e-08
-2.0864e-05
1.09451e-07
2.76096e-07
-2.08644e-05
-1.7889e-05
-1.54773e-08
-1.80967e-05
1.24107e-07
-1.82549e-05
2.67644e-07
4.05897e-07
-1.83847e-05
-1.34416e-05
3.2574e-07
-1.37047e-05
3.87179e-07
-1.38945e-05
4.57391e-07
5.34905e-07
-1.40236e-05
-8.23027e-06
4.31274e-07
-8.29678e-06
4.53585e-07
-8.32938e-06
4.89892e-07
5.37911e-07
-8.33248e-06
-3.72649e-06
6.56237e-08
-3.39396e-06
1.20761e-07
-3.08954e-06
1.85193e-07
2.56883e-07
-2.80876e-06
-1.42896e-06
-6.3082e-07
-7.57097e-07
-5.51175e-07
-1.06154e-07
-4.65817e-07
-3.7106e-07
5.21727e-07
4.13201e-07
-1.23708e-06
1.01317e-06
-1.15109e-06
1.6305e-06
-1.08306e-06
-1.01492e-06
2.27447e-06
2.03629e-06
-1.74201e-06
2.50992e-06
-1.62473e-06
2.97182e-06
-1.54494e-06
-1.48542e-06
3.44235e-06
2.87923e-06
-2.11232e-06
3.24775e-06
-1.99327e-06
3.59349e-06
-1.8907e-06
-1.80394e-06
3.912e-06
3.73618e-06
-2.14371e-06
3.82337e-06
-2.08049e-06
3.92686e-06
-1.99423e-06
-1.89332e-06
4.01621e-06
4.95559e-06
-1.7436e-06
4.63961e-06
-1.76451e-06
4.38128e-06
-1.73593e-06
-1.66057e-06
4.14847e-06
5.89767e-06
-1.03493e-06
5.26904e-06
-1.13582e-06
4.71448e-06
-1.18138e-06
-1.16229e-06
4.21613e-06
5.80248e-06
-2.73718e-07
5.09031e-06
-4.23529e-07
4.43301e-06
-5.24063e-07
-5.63855e-07
3.83451e-06
4.22448e-06
2.44717e-07
3.69199e-06
1.09063e-07
3.14266e-06
2.52881e-08
-2.87108e-08
2.60747e-06
2.44054e-06
8.57415e-07
2.03273e-06
5.16913e-07
1.50117e-06
5.56843e-07
5.13116e-07
9.593e-07
9.16162e-07
1.59593e-06
2.89961e-06
3.80949e-07
-6.17315e-06
8.07204e-08
-6.29577e-06
1.30382e-07
1.88931e-07
-6.47663e-06
-2.07583e-05
3.1568e-07
-2.09809e-05
3.58951e-07
4.0348e-07
-2.11897e-05
-2.01635e-05
2.62461e-07
-2.01068e-05
3.01466e-07
3.40475e-07
-2.00446e-05
-2.0302e-05
2.23727e-07
-2.02737e-05
2.72478e-07
3.18851e-07
-2.02528e-05
-2.0874e-05
2.33251e-07
-2.08869e-05
2.85386e-07
3.35394e-07
-2.09035e-05
-1.84423e-05
2.90901e-07
-1.84905e-05
3.33601e-07
3.75143e-07
-1.85303e-05
-1.40739e-05
3.41177e-07
-1.41092e-05
3.68883e-07
3.96661e-07
-1.41307e-05
-8.3237e-06
3.32347e-07
-8.30702e-06
3.52155e-07
3.72711e-07
-8.28311e-06
-2.65625e-06
1.79701e-07
-2.51029e-06
2.0606e-07
2.3269e-07
-2.3704e-06
8.6809e-07
-1.66697e-07
1.20393e-06
-1.29811e-07
-9.12257e-08
1.5278e-06
2.65113e-06
-5.43272e-07
3.03115e-06
-5.09738e-07
-4.70373e-07
3.4104e-06
3.71348e-06
-8.14364e-07
3.99066e-06
-7.86875e-07
-7.5111e-07
4.27146e-06
4.0794e-06
-9.81761e-07
4.23947e-06
-9.46933e-07
-9.03349e-07
4.39173e-06
4.05209e-06
-1.01765e-06
4.07608e-06
-9.70939e-07
-9.14236e-07
4.08697e-06
4.01739e-06
-8.86613e-07
3.88295e-06
-8.36522e-07
-7.74055e-07
3.74274e-06
3.94817e-06
-6.18701e-07
3.6865e-06
-5.74908e-07
-5.1455e-07
3.42695e-06
3.5254e-06
-3.09646e-07
3.23063e-06
-2.802e-07
-2.30943e-07
2.94696e-06
2.30052e-06
-2.74396e-09
1.99859e-06
2.16814e-08
5.61167e-08
1.71149e-06
5.98277e-07
3.58248e-07
2.79418e-07
3.40511e-07
3.09952e-07
2.55616e-08
-9.06457e-07
-2.18748e-06
-3.47307e-06
-6.55107e-06
7.73411e-08
-6.63265e-06
8.44964e-08
9.30706e-08
-6.72279e-06
-2.12637e-05
1.53381e-07
-2.1334e-05
1.56762e-07
1.58059e-07
-2.13971e-05
-2.00182e-05
1.26747e-07
-1.99924e-05
1.30778e-07
1.34372e-07
-1.9969e-05
-2.02496e-05
1.23243e-07
-2.02484e-05
1.29359e-07
1.35982e-07
-2.02503e-05
-2.09113e-05
1.31026e-07
-2.09193e-05
1.37433e-07
1.44241e-07
-2.09276e-05
-1.85417e-05
1.42402e-07
-1.85519e-05
1.47648e-07
1.53235e-07
-1.85609e-05
-1.41352e-05
1.46933e-07
-1.41381e-05
1.50485e-07
1.54332e-07
-1.41392e-05
-8.27317e-06
1.36978e-07
-8.26223e-06
1.39527e-07
1.42265e-07
-8.25017e-06
-2.32207e-06
8.86084e-08
-2.27441e-06
9.18202e-08
9.53431e-08
-2.22753e-06
1.64006e-06
-2.3657e-08
1.75055e-06
-1.86873e-08
-1.30928e-08
1.85897e-06
3.54375e-06
-1.56975e-07
3.67624e-06
-1.51132e-07
-1.44536e-07
3.80772e-06
4.36967e-06
-2.55169e-07
4.4677e-06
-2.49135e-07
-2.4235e-07
4.56554e-06
4.44278e-06
-3.06213e-07
4.49267e-06
-2.99008e-07
-2.91011e-07
4.54134e-06
4.08704e-06
-3.06276e-07
4.08538e-06
-2.97352e-07
-2.87717e-07
4.08209e-06
3.69141e-06
-2.54957e-07
3.6392e-06
-2.45141e-07
-2.34725e-07
3.5862e-06
3.3349e-06
-1.62927e-07
3.24264e-06
-1.52896e-07
-1.42333e-07
3.15024e-06
2.84988e-06
-6.58663e-08
2.75355e-06
-5.65826e-08
-4.65091e-08
2.65771e-06
1.61096e-06
3.46441e-08
1.51332e-06
4.10413e-08
4.68932e-08
1.4199e-06
-4.83408e-08
1.08539e-07
-8.04086e-08
7.31028e-08
9.91323e-08
-1.32652e-07
-3.29897e-06
-3.13619e-06
-2.99048e-06
-7.03219e-06
3.17646e-07
-7.39596e-06
3.71591e-07
4.175e-07
-7.80631e-06
-2.15362e-05
4.62071e-07
-2.16578e-05
4.9818e-07
5.32894e-07
-2.17686e-05
-1.9917e-05
4.09568e-07
-1.98653e-05
4.45918e-07
4.81606e-07
-1.98145e-05
-2.02603e-05
4.18858e-07
-2.02789e-05
4.63893e-07
5.08651e-07
-2.03065e-05
-2.09496e-05
4.40768e-07
-2.09742e-05
4.88461e-07
5.35224e-07
-2.10008e-05
-1.85829e-05
4.62837e-07
-1.85983e-05
5.03825e-07
5.44046e-07
-1.86071e-05
-1.41334e-05
4.57033e-07
-1.41168e-05
4.87221e-07
5.17727e-07
-1.40904e-05
-8.20987e-06
4.16694e-07
-8.1622e-06
4.39517e-07
4.63234e-07
-8.10774e-06
-2.09918e-06
2.88228e-07
-1.97596e-06
3.16182e-07
3.43857e-07
-1.8567e-06
2.15275e-06
-5.59132e-09
2.42812e-06
4.07715e-08
8.53114e-08
2.68662e-06
4.17079e-06
-3.68539e-07
4.5239e-06
-3.12213e-07
-2.54245e-07
4.86359e-06
4.84347e-06
-6.46383e-07
5.11627e-06
-5.8492e-07
-5.19306e-07
5.38144e-06
4.67409e-06
-7.79088e-07
4.7959e-06
-7.06673e-07
-6.30176e-07
4.90683e-06
4.06553e-06
-7.62513e-07
4.03712e-06
-6.78237e-07
-5.92123e-07
3.9991e-06
3.43297e-06
-6.09293e-07
3.27585e-06
-5.21123e-07
-4.33887e-07
3.11762e-06
2.88838e-06
-3.47468e-07
2.62613e-06
-2.58904e-07
-1.72915e-07
2.36514e-06
2.38455e-06
-7.43553e-08
2.1103e-06
1.53072e-08
1.02776e-07
1.83457e-06
1.16995e-06
1.75552e-07
9.40686e-07
2.44538e-07
3.12043e-07
7.31382e-07
-4.38698e-07
4.81586e-07
-6.6376e-07
4.69585e-07
4.0203e-07
-7.53745e-07
-2.82235e-06
-2.69229e-06
-2.24819e-06
-8.48132e-06
8.77293e-07
-1.0045e-05
1.09409e-06
-1.1711e-05
1.40648e-06
1.73526e-06
-1.28873e-05
-2.19135e-05
1.02921e-06
-2.19782e-05
1.16401e-06
-2.18702e-05
1.30212e-06
1.4467e-06
-2.15793e-05
-1.97299e-05
9.43768e-07
-1.9616e-05
1.0491e-06
-1.94652e-05
1.15047e-06
1.24634e-06
-1.92657e-05
-2.03661e-05
1.00243e-06
-2.0448e-05
1.13028e-06
-2.05488e-05
1.25084e-06
1.36091e-06
-2.06637e-05
-2.10467e-05
1.04832e-06
-2.10953e-05
1.17881e-06
-2.11432e-05
1.29877e-06
1.40657e-06
-2.11889e-05
-1.86126e-05
1.05389e-06
-1.86007e-05
1.16692e-06
-1.85735e-05
1.27153e-06
1.36646e-06
-1.85334e-05
-1.40221e-05
9.8551e-07
-1.39318e-05
1.07665e-06
-1.38236e-05
1.16337e-06
1.24384e-06
-1.3701e-05
-7.99629e-06
8.74022e-07
-7.86856e-06
9.48884e-07
-7.72661e-06
1.02139e-06
1.08944e-06
-7.57222e-06
-1.65279e-06
6.69926e-07
-1.45482e-06
7.50746e-07
-1.25965e-06
8.26063e-07
8.94697e-07
-1.06506e-06
3.0976e-06
2.58855e-07
3.46435e-06
3.839e-07
3.79511e-06
4.95183e-07
5.91739e-07
4.09794e-06
5.42159e-06
-2.98898e-07
5.93141e-06
-1.25677e-07
6.39358e-06
3.32379e-08
1.7856e-07
6.80696e-06
5.82846e-06
-7.45699e-07
6.24286e-06
-5.39832e-07
6.63086e-06
-3.545e-07
-1.96223e-07
7.00591e-06
5.08451e-06
-9.23253e-07
5.24759e-06
-7.02756e-07
5.4151e-06
-5.21844e-07
-3.84773e-07
5.60383e-06
3.92118e-06
-8.45268e-07
3.85028e-06
-6.31768e-07
3.81329e-06
-4.84746e-07
-3.99774e-07
3.82841e-06
2.84543e-06
-5.73056e-07
2.60098e-06
-3.87285e-07
2.40168e-06
-2.85393e-07
-2.51422e-07
2.25341e-06
1.90932e-06
-1.17274e-07
1.48159e-06
4.04217e-08
1.08639e-06
1.09804e-07
1.16298e-07
7.18683e-07
1.33746e-06
3.79771e-07
8.30614e-07
5.47206e-07
3.12259e-07
6.28098e-07
6.44972e-07
-2.16475e-07
4.00858e-07
7.10226e-07
8.57833e-08
8.62205e-07
-2.57365e-07
9.71162e-07
1.03567e-06
-6.48158e-07
-8.70064e-07
8.26571e-07
-8.18846e-07
8.10961e-07
-7.33342e-07
8.85642e-07
1.23203e-06
-9.29702e-07
-1.50669e-06
-1.27774e-06
3.78848e-08
1.44185e-06
-1.49268e-05
2.04344e-06
-1.73341e-05
2.40979e-06
-2.01624e-05
2.82979e-06
3.18548e-06
-2.33472e-05
-2.11471e-05
1.61254e-06
-2.05022e-05
1.7656e-06
-1.95802e-05
1.9081e-06
1.96435e-06
-1.83591e-05
-1.89891e-05
1.33527e-06
-1.86412e-05
1.41729e-06
-1.82249e-05
1.49157e-06
1.52215e-06
-1.77828e-05
-2.07869e-05
1.4582e-06
-2.0911e-05
1.54137e-06
-2.10246e-05
1.60511e-06
1.63503e-06
-2.11375e-05
-2.12319e-05
1.50128e-06
-2.12723e-05
1.58172e-06
-2.13115e-05
1.64432e-06
1.68206e-06
-2.13585e-05
-1.84827e-05
1.45062e-06
-1.84237e-05
1.52275e-06
-1.83598e-05
1.58043e-06
1.61905e-06
-1.82968e-05
-1.3567e-05
1.31661e-06
-1.34245e-05
1.38022e-06
-1.32768e-05
1.43271e-06
1.46992e-06
-1.31276e-05
-7.40712e-06
1.1515e-06
-7.23303e-06
1.20612e-06
-7.05157e-06
1.25124e-06
1.28278e-06
-6.86444e-06
-8.69611e-07
9.55917e-07
-6.72451e-07
1.00885e-06
-4.73577e-07
1.05227e-06
1.08364e-06
-2.7453e-07
4.38033e-06
6.73384e-07
4.6481e-06
7.40933e-07
4.9048e-06
7.95418e-07
8.37493e-07
5.1508e-06
7.18329e-06
2.97238e-07
7.53094e-06
3.93428e-07
7.857e-06
4.69483e-07
5.29266e-07
8.16532e-06
7.37109e-06
-6.76711e-08
7.72536e-06
3.94413e-08
8.07125e-06
1.23859e-07
1.89786e-07
8.41098e-06
5.82182e-06
-2.85479e-07
6.07525e-06
-2.13799e-07
6.35995e-06
-1.60655e-07
-1.1889e-07
6.66882e-06
3.90112e-06
-3.58064e-07
4.02696e-06
-3.39498e-07
4.19547e-06
-3.29014e-07
-3.17575e-07
4.3943e-06
2.15133e-06
-2.55898e-07
2.08532e-06
-2.73387e-07
2.04438e-06
-2.87961e-07
-2.92104e-07
2.01902e-06
3.71604e-07
9.11995e-08
3.92847e-08
5.89543e-08
-2.83077e-07
3.44258e-08
2.56402e-08
-6.00793e-07
-7.50631e-07
6.25299e-07
-1.28374e-06
5.92011e-07
-1.80868e-06
5.59313e-07
5.35791e-07
-2.31889e-06
-1.0959e-06
1.07295e-06
-1.57656e-06
1.07258e-06
-2.07742e-06
1.06009e-06
1.04596e-06
-2.58767e-06
-1.20913e-06
1.35235e-06
-1.36264e-06
1.22604e-06
-1.63495e-06
1.33236e-06
1.33372e-06
-1.92278e-06
2.59757e-06
9.49137e-07
-1.46903e-07
-8.55991e-07
1.15322e-08
-4.82239e-07
5.20285e-07
-5.08561e-07
7.01202e-07
-1.80789e-07
7.33958e-07
-3.26582e-08
7.4932e-07
-1.52704e-08
7.7337e-07
-2.39582e-08
7.9236e-07
-1.88991e-08
7.69079e-07
2.33663e-08
6.78254e-07
9.0897e-08
5.27476e-07
1.50835e-07
3.52184e-07
1.75338e-07
1.96656e-07
1.55567e-07
8.93273e-08
1.07367e-07
3.65575e-08
5.28095e-08
1.64508e-08
2.01452e-08
-6.86159e-08
8.50718e-08
-3.89397e-07
3.20511e-07
-8.79788e-08
-3.01722e-07
1.7176e-06
-1.80578e-06
1.71781e-06
-1.73706e-07
-1.34138e-06
7.17156e-07
-1.39919e-06
1.05878e-06
-5.22272e-07
1.20732e-06
-1.81119e-07
1.32237e-06
-1.30253e-07
1.46637e-06
-1.67887e-07
1.61702e-06
-1.6948e-07
1.69855e-06
-5.80997e-08
1.64596e-06
1.43548e-07
1.44189e-06
3.54952e-07
1.12431e-06
4.92951e-07
7.74685e-07
5.05227e-07
4.77862e-07
4.0422e-07
2.87558e-07
2.43148e-07
1.88791e-07
1.18947e-07
-4.39622e-09
2.78262e-07
-6.14408e-07
9.30279e-07
-4.14043e-07
-5.02343e-07
2.16582e-06
-4.38581e-06
3.88389e-06
-1.45238e-07
-2.10993e-06
6.77243e-07
-2.22134e-06
1.06156e-06
-9.06427e-07
1.28941e-06
-4.08907e-07
1.48464e-06
-3.25451e-07
1.72828e-06
-4.11506e-07
1.98976e-06
-4.3092e-07
2.18193e-06
-2.50233e-07
2.2266e-06
9.89228e-08
2.08559e-06
4.95988e-07
1.77377e-06
8.04791e-07
1.36381e-06
9.15204e-07
9.58129e-07
8.09913e-07
6.46284e-07
5.55015e-07
4.39449e-07
3.25811e-07
1.89234e-07
5.28486e-07
-4.32391e-07
1.5517e-06
-4.01515e-07
-5.33424e-07
2.0512e-06
-6.83858e-06
5.93542e-06
1.55228e-07
-2.59871e-06
7.12186e-07
-2.77786e-06
1.04716e-06
-1.2412e-06
1.29699e-06
-6.58702e-07
1.54228e-06
-5.70743e-07
1.85345e-06
-7.22685e-07
2.18573e-06
-7.63187e-07
2.44849e-06
-5.12978e-07
2.56653e-06
-1.90962e-08
2.49917e-06
5.63361e-07
2.24578e-06
1.05818e-06
1.85676e-06
1.30422e-06
1.42183e-06
1.24484e-06
1.03841e-06
9.38445e-07
7.43255e-07
6.20983e-07
5.05895e-07
7.65859e-07
-3.41116e-08
2.09154e-06
-1.72857e-08
-5.50432e-07
1.92103e-06
-8.77689e-06
7.85689e-06
6.65906e-07
-2.82104e-06
9.14408e-07
-3.02585e-06
1.14116e-06
-1.46767e-06
1.36846e-06
-8.85965e-07
1.6384e-06
-8.40715e-07
1.98753e-06
-1.07184e-06
2.35619e-06
-1.13186e-06
2.65278e-06
-8.09548e-07
2.80705e-06
-1.73344e-07
2.78364e-06
5.86776e-07
2.58102e-06
1.26078e-06
2.23568e-06
1.64954e-06
1.81663e-06
1.66388e-06
1.40933e-06
1.34574e-06
1.06286e-06
9.67456e-07
8.47907e-07
9.80829e-07
6.05366e-07
2.33397e-06
3.90618e-07
-3.35852e-07
1.80776e-06
-1.0194e-05
9.66518e-06
1.18076e-06
-2.92762e-06
1.25362e-06
-3.09818e-06
1.3622e-06
-1.57586e-06
1.53632e-06
-1.06e-06
1.80388e-06
-1.10831e-06
2.16104e-06
-1.42905e-06
2.53782e-06
-1.50865e-06
2.84435e-06
-1.11605e-06
3.0126e-06
-3.41563e-07
3.00927e-06
5.90115e-07
2.83611e-06
1.43393e-06
2.52694e-06
1.95868e-06
2.13724e-06
2.05356e-06
1.73558e-06
1.74739e-06
1.37104e-06
1.332e-06
1.16684e-06
1.18504e-06
1.10649e-06
2.39425e-06
8.16118e-07
-4.56049e-08
1.69656e-06
-1.10743e-05
1.13624e-05
1.57439e-06
-3.06872e-06
1.63778e-06
-3.16114e-06
1.68092e-06
-1.61851e-06
1.786e-06
-1.16491e-06
2.01884e-06
-1.34117e-06
2.35279e-06
-1.76302e-06
2.71299e-06
-1.86885e-06
3.01363e-06
-1.41666e-06
3.18685e-06
-5.14736e-07
3.19601e-06
5.80983e-07
3.04186e-06
1.58808e-06
2.75902e-06
2.24151e-06
2.39817e-06
2.41438e-06
2.01558e-06
2.12996e-06
1.65465e-06
1.69293e-06
1.44669e-06
1.39301e-06
1.46939e-06
2.3715e-06
1.16839e-06
2.55304e-07
1.59094e-06
-1.14968e-05
1.29541e-05
1.7882e-06
-3.32652e-06
1.97792e-06
-3.35055e-06
2.04496e-06
-1.68501e-06
2.08929e-06
-1.20896e-06
2.25719e-06
-1.50903e-06
2.53806e-06
-2.04392e-06
2.86038e-06
-2.19116e-06
3.14241e-06
-1.69864e-06
3.31506e-06
-6.87329e-07
3.33627e-06
5.59821e-07
3.20181e-06
1.72257e-06
2.94433e-06
2.49898e-06
2.61252e-06
2.74617e-06
2.25557e-06
2.48688e-06
1.91089e-06
2.0376e-06
1.69031e-06
1.6136e-06
1.72418e-06
2.33761e-06
1.43215e-06
5.47299e-07
1.49464e-06
-1.15591e-05
1.44496e-05
1.82982e-06
-3.73239e-06
2.22333e-06
-3.74386e-06
2.39711e-06
-1.85825e-06
2.41261e-06
-1.22406e-06
2.50023e-06
-1.59652e-06
2.70557e-06
-2.24925e-06
2.97389e-06
-2.45947e-06
3.22647e-06
-1.95117e-06
3.3911e-06
-8.51888e-07
3.42124e-06
5.29747e-07
3.30854e-06
1.83531e-06
3.08139e-06
2.72612e-06
2.78421e-06
3.04335e-06
2.45998e-06
2.81111e-06
2.14068e-06
2.3569e-06
1.90668e-06
1.84761e-06
1.90735e-06
2.33693e-06
1.61087e-06
8.4378e-07
1.4009e-06
-1.13489e-05
1.58515e-05
1.74468e-06
-4.28993e-06
2.36652e-06
-4.36554e-06
2.69312e-06
-2.18433e-06
2.7195e-06
-1.24996e-06
2.7326e-06
-1.60941e-06
2.85407e-06
-2.37065e-06
3.06048e-06
-2.66584e-06
3.27606e-06
-2.16669e-06
3.42338e-06
-9.99119e-07
3.45335e-06
4.99851e-07
3.35823e-06
1.93047e-06
3.16456e-06
2.91981e-06
2.91006e-06
3.29785e-06
2.62831e-06
3.09286e-06
2.34396e-06
2.64125e-06
2.10299e-06
2.0886e-06
2.0497e-06
2.39021e-06
1.73469e-06
1.15881e-06
1.30923e-06
-1.09232e-05
1.7162e-05
1.59711e-06
-4.986e-06
2.43163e-06
-5.19989e-06
2.91296e-06
-2.66516e-06
2.9796e-06
-1.31606e-06
2.93969e-06
-1.5692e-06
2.9854e-06
-2.41624e-06
3.13229e-06
-2.81266e-06
3.30866e-06
-2.34298e-06
3.43031e-06
-1.12067e-06
3.44676e-06
4.83479e-07
3.35685e-06
2.02044e-06
3.19229e-06
3.0844e-06
2.98546e-06
3.5047e-06
2.75663e-06
3.32171e-06
2.51835e-06
2.87955e-06
2.28214e-06
2.32483e-06
2.17203e-06
2.50033e-06
1.82828e-06
1.5026e-06
1.22046e-06
-1.0315e-05
1.83838e-05
1.45208e-06
-5.79332e-06
2.45419e-06
-6.20181e-06
3.059e-06
-3.26946e-06
3.17715e-06
-1.43364e-06
3.1111e-06
-1.50276e-06
3.10187e-06
-2.40682e-06
3.20138e-06
-2.91205e-06
3.34288e-06
-2.48437e-06
3.43443e-06
-1.21213e-06
3.42343e-06
4.94566e-07
3.31998e-06
2.12394e-06
3.17078e-06
3.23364e-06
3.00924e-06
3.66627e-06
2.8408e-06
3.49019e-06
2.65997e-06
3.06041e-06
2.4435e-06
2.54134e-06
2.28551e-06
2.65834e-06
1.90737e-06
1.8808e-06
1.13536e-06
-9.54257e-06
1.95209e-05
1.35345e-06
-6.6752e-06
2.46171e-06
-7.30984e-06
3.14498e-06
-3.95222e-06
3.31144e-06
-1.59949e-06
3.24383e-06
-1.43469e-06
3.20664e-06
-2.36935e-06
3.2779e-06
-2.98314e-06
3.39544e-06
-2.60178e-06
3.4584e-06
-1.27497e-06
3.40884e-06
5.44222e-07
3.27003e-06
2.26281e-06
3.11402e-06
3.38969e-06
2.98601e-06
3.79432e-06
2.87922e-06
3.59703e-06
2.76528e-06
3.1744e-06
2.58446e-06
2.72221e-06
2.39409e-06
2.84874e-06
1.9815e-06
2.29346e-06
1.0542e-06
-8.61478e-06
2.0577e-05
1.30711e-06
-7.59896e-06
2.46521e-06
-8.46766e-06
3.18586e-06
-4.67234e-06
3.39109e-06
-1.80409e-06
3.34163e-06
-1.38469e-06
3.30415e-06
-2.33152e-06
3.37008e-06
-3.04885e-06
3.48031e-06
-2.71184e-06
3.52266e-06
-1.31717e-06
3.42836e-06
6.38633e-07
3.23265e-06
2.45859e-06
3.04179e-06
3.58058e-06
2.92634e-06
3.90982e-06
2.87443e-06
3.64899e-06
2.83263e-06
3.21626e-06
2.7019e-06
2.853e-06
2.49759e-06
3.0531e-06
2.05617e-06
2.73494e-06
9.76674e-07
-7.53471e-06
2.15559e-05
1.28725e-06
-8.54937e-06
2.46395e-06
-9.644e-06
3.19407e-06
-5.40188e-06
3.42822e-06
-2.03757e-06
3.41183e-06
-1.36771e-06
3.39941e-06
-2.31867e-06
3.48457e-06
-3.13372e-06
3.60853e-06
-2.83559e-06
3.64357e-06
-1.35203e-06
3.50382e-06
7.78518e-07
3.23271e-06
2.72978e-06
2.97656e-06
3.83678e-06
2.84531e-06
4.04112e-06
2.8332e-06
3.66118e-06
2.86323e-06
3.18631e-06
2.79352e-06
2.92278e-06
2.59409e-06
3.25259e-06
2.13429e-06
3.19481e-06
9.01628e-07
-6.30138e-06
2.24601e-05
1.26833e-06
-9.52509e-06
2.45536e-06
-1.08306e-05
3.17943e-06
-6.12528e-06
3.43478e-06
-2.2922e-06
3.46255e-06
-1.39484e-06
3.49716e-06
-2.35279e-06
3.62675e-06
-3.26297e-06
3.78837e-06
-2.99696e-06
3.83238e-06
-1.39583e-06
3.65027e-06
9.60773e-07
3.29028e-06
3.08985e-06
2.93993e-06
4.18718e-06
2.76036e-06
4.22074e-06
2.76577e-06
3.65585e-06
2.86138e-06
3.09079e-06
2.85871e-06
2.92554e-06
2.68192e-06
3.42944e-06
2.21724e-06
3.65956e-06
8.2679e-07
-4.91017e-06
2.32899e-05
1.24804e-06
-1.05243e-05
2.43962e-06
-1.20216e-05
3.14884e-06
-6.83373e-06
3.42067e-06
-2.56325e-06
3.50084e-06
-1.4743e-06
3.60124e-06
-2.45263e-06
3.80118e-06
-3.46252e-06
4.02589e-06
-3.22137e-06
4.09463e-06
-1.46434e-06
3.87437e-06
1.18121e-06
3.41719e-06
3.54713e-06
2.94894e-06
4.65547e-06
2.68852e-06
4.48122e-06
2.68435e-06
3.6601e-06
2.83405e-06
2.9412e-06
2.89882e-06
2.86087e-06
2.76067e-06
3.56768e-06
2.30525e-06
4.11505e-06
7.48201e-07
-3.35224e-06
2.40416e-05
1.23128e-06
-1.15406e-05
2.41777e-06
-1.32075e-05
3.10688e-06
-7.52196e-06
3.39323e-06
-2.84874e-06
3.53157e-06
-1.61186e-06
3.71419e-06
-2.63464e-06
4.01207e-06
-3.75994e-06
4.32538e-06
-3.53433e-06
4.43057e-06
-1.56924e-06
4.1737e-06
1.43828e-06
3.61506e-06
4.10587e-06
3.01305e-06
5.25752e-06
2.64371e-06
4.85061e-06
2.60151e-06
3.7024e-06
2.79016e-06
2.75267e-06
2.91778e-06
2.73335e-06
2.83253e-06
3.65302e-06
2.39754e-06
4.55015e-06
6.59461e-07
-1.61318e-06
2.47051e-05
1.21583e-06
-1.25702e-05
2.39034e-06
-1.43813e-05
3.05682e-06
-8.18745e-06
3.35752e-06
-3.14848e-06
3.5567e-06
-1.81019e-06
3.83744e-06
-2.9147e-06
4.26271e-06
-4.18471e-06
4.68647e-06
-3.95767e-06
4.83224e-06
-1.71465e-06
4.53533e-06
1.73543e-06
3.87435e-06
4.76695e-06
3.13208e-06
5.99981e-06
2.6345e-06
5.34824e-06
2.52883e-06
3.80818e-06
2.7395e-06
2.54215e-06
2.92421e-06
2.54876e-06
2.90553e-06
3.67181e-06
2.48488e-06
4.97096e-06
5.53871e-07
3.18892e-07
2.52638e-05
1.20021e-06
-1.36166e-05
2.35468e-06
-1.55351e-05
2.99832e-06
-8.83003e-06
3.31339e-06
-3.46249e-06
3.57648e-06
-2.07235e-06
3.97429e-06
-3.31178e-06
4.55009e-06
-4.75993e-06
5.09044e-06
-4.49751e-06
5.26983e-06
-1.8936e-06
4.92705e-06
2.07848e-06
4.16985e-06
5.52426e-06
3.29386e-06
6.87581e-06
2.66326e-06
5.97888e-06
2.48009e-06
3.99146e-06
2.69644e-06
2.32596e-06
2.94458e-06
2.30077e-06
3.00404e-06
3.61251e-06
2.56129e-06
5.41387e-06
4.18532e-07
2.46266e-06
2.5687e-05
4.95839e-06
-1.81726e-05
8.8297e-06
-1.94037e-05
1.11358e-05
-1.11315e-05
1.25917e-05
-4.91355e-06
1.44437e-05
-3.91986e-06
1.74026e-05
-6.26697e-06
2.10092e-05
-8.36326e-06
2.39207e-05
-7.40626e-06
2.48883e-05
-2.85905e-06
2.32916e-05
3.67649e-06
1.95804e-05
9.23576e-06
1.51446e-05
1.13113e-05
1.15678e-05
9.55554e-06
1.00166e-05
5.54314e-06
1.06195e-05
1.72409e-06
1.25596e-05
3.61646e-07
1.34773e-05
2.69649e-06
1.0965e-05
7.92447e-06
2.21405e-07
1.32058e-05
3.21068e-05
4.78965e-06
-2.20108e-05
7.80113e-06
-2.24141e-05
9.37698e-06
-1.27029e-05
1.10257e-05
-6.55691e-06
1.44739e-05
-7.36269e-06
1.95345e-05
-1.13221e-05
2.43803e-05
-1.32043e-05
2.75824e-05
-1.06053e-05
2.84832e-05
-3.75792e-06
2.65322e-05
5.62856e-06
2.20919e-05
1.36762e-05
1.67562e-05
1.66463e-05
1.23204e-05
1.39906e-05
1.03843e-05
7.4799e-06
1.20701e-05
4.039e-08
1.53581e-05
-2.92449e-06
1.48498e-05
3.19829e-06
6.64087e-06
1.61154e-05
-1.18807e-05
3.17635e-05
3.95701e-05
4.17789e-06
-2.58199e-05
5.97198e-06
-2.42042e-05
6.6031e-06
-1.33304e-05
8.56053e-06
-8.50981e-06
1.34196e-05
-1.22167e-05
1.87579e-05
-1.6655e-05
2.26444e-05
-1.70887e-05
2.47908e-05
-1.27533e-05
2.51429e-05
-4.11295e-06
2.32628e-05
7.50621e-06
1.91791e-05
1.77581e-05
1.4133e-05
2.16905e-05
9.95913e-06
1.81633e-05
8.78043e-06
8.65964e-06
1.21545e-05
-3.33207e-06
1.32787e-05
-4.04777e-06
6.66252e-06
9.78657e-06
-7.29081e-06
3.00343e-05
-2.44785e-05
4.89606e-05
3.71922e-05
3.15106e-06
-2.98963e-05
3.16877e-06
-2.42175e-05
2.88358e-06
-1.3043e-05
5.36069e-06
-1.09845e-05
9.96898e-06
-1.68216e-05
1.33857e-05
-2.0072e-05
1.55089e-05
-1.92182e-05
1.63636e-05
-1.36169e-05
1.61304e-05
-3.88866e-06
1.44053e-05
9.22395e-06
1.10774e-05
2.10808e-05
7.03208e-06
2.57321e-05
3.8597e-06
2.13336e-05
4.08498e-06
8.43549e-06
4.17677e-06
-3.41847e-06
-1.5374e-06
1.66942e-06
-1.15507e-05
1.97556e-05
-2.47288e-05
4.31428e-05
-3.23765e-05
5.65457e-05
2.79199e-05
2.12559e-06
-3.06143e-05
-4.27061e-08
-2.20457e-05
-9.70735e-07
-1.2115e-05
1.19774e-06
-1.31534e-05
3.81254e-06
-1.94383e-05
6.30542e-06
-2.25735e-05
8.38602e-06
-2.13046e-05
8.32683e-06
-1.35609e-05
6.7074e-06
-2.27455e-06
4.18533e-06
1.174e-05
1.12862e-06
2.41306e-05
-2.31759e-06
2.91717e-05
-4.58575e-06
2.3597e-05
-6.24514e-06
1.00972e-05
-1.24035e-05
2.77533e-06
-2.10134e-05
1.03237e-05
-2.93795e-05
2.80884e-05
-3.53226e-05
4.89686e-05
-3.2201e-05
5.3284e-05
1.67825e-05
8.20074e-08
-2.96402e-05
-3.6041e-06
-1.8358e-05
-5.10702e-06
-1.06143e-05
-4.31189e-06
-1.39538e-05
-2.74417e-06
-2.10153e-05
1.50977e-07
-2.54708e-05
1.96989e-06
-2.31093e-05
7.81969e-07
-1.23626e-05
-2.31096e-06
8.20936e-07
-5.87069e-06
1.53044e-05
-9.22831e-06
2.74815e-05
-1.17531e-05
3.16854e-05
-1.39219e-05
2.57575e-05
-1.9257e-05
1.54474e-05
-2.86533e-05
1.22444e-05
-3.5945e-05
1.77377e-05
-3.86217e-05
3.08473e-05
-3.48336e-05
4.51366e-05
-2.36127e-05
4.19414e-05
8.62564e-06
-2.01311e-06
-2.74106e-05
-6.51748e-06
-1.38534e-05
-9.12337e-06
-8.01374e-06
-9.80857e-06
-1.32799e-05
-8.7505e-06
-2.20782e-05
-6.84701e-06
-2.73547e-05
-6.68598e-06
-2.3243e-05
-8.34478e-06
-1.06934e-05
-1.17347e-05
4.21159e-06
-1.49346e-05
1.85112e-05
-1.72707e-05
2.98124e-05
-1.89098e-05
3.33093e-05
-2.17485e-05
2.85888e-05
-2.88703e-05
2.25885e-05
-3.74175e-05
2.08587e-05
-4.15935e-05
2.20622e-05
-3.8494e-05
2.79515e-05
-2.74009e-05
3.4187e-05
-1.30489e-05
2.762e-05
5.6933e-06
-3.7489e-06
-2.2587e-05
-8.81145e-06
-8.79219e-06
-1.25736e-05
-4.26106e-06
-1.48004e-05
-1.10648e-05
-1.58e-05
-2.10708e-05
-1.64454e-05
-2.66791e-05
-1.71135e-05
-2.25496e-05
-1.81063e-05
-9.69784e-06
-2.01479e-05
6.24195e-06
-2.19683e-05
2.03293e-05
-2.27072e-05
3.05459e-05
-2.33199e-05
3.39067e-05
-2.62345e-05
3.14976e-05
-3.265e-05
2.90142e-05
-3.87769e-05
2.70137e-05
-4.02999e-05
2.36593e-05
-3.46052e-05
2.2385e-05
-2.17692e-05
2.14823e-05
-8.72941e-06
1.46454e-05
4.00892e-06
-5.75753e-06
-2.24593e-05
-1.02421e-05
-4.31045e-06
-1.49365e-05
4.2175e-07
-1.90948e-05
-6.91496e-06
-2.27017e-05
-1.74502e-05
-2.53955e-05
-2.3956e-05
-2.6479e-05
-2.14424e-05
-2.64662e-05
-9.70828e-06
-2.65459e-05
6.30253e-06
-2.64492e-05
2.02155e-05
-2.55174e-05
2.96035e-05
-2.50879e-05
3.34631e-05
-2.73244e-05
3.37269e-05
-3.20732e-05
3.37622e-05
-3.62534e-05
3.11937e-05
-3.70681e-05
2.44832e-05
-3.23953e-05
1.77232e-05
-2.19783e-05
1.10667e-05
-1.07437e-05
3.40491e-06
-7.24945e-07
-5.24961e-06
-1.91903e-05
-1.01402e-05
5.76698e-07
-1.57297e-05
5.99913e-06
-2.16124e-05
-1.03937e-06
-2.74332e-05
-1.16162e-05
-3.20097e-05
-1.93531e-05
-3.3892e-05
-1.95349e-05
-3.30724e-05
-1.05187e-05
-3.10613e-05
4.27441e-06
-2.88079e-05
1.79351e-05
-2.63541e-05
2.71305e-05
-2.49375e-05
3.20316e-05
-2.60262e-05
3.48055e-05
-2.88692e-05
3.65985e-05
-3.14261e-05
3.37451e-05
-3.19749e-05
2.50313e-05
-2.87412e-05
1.4482e-05
-2.08925e-05
3.20368e-06
-1.16781e-05
-5.8154e-06
-6.89147e-06
-4.16051e-06
-1.55231e-05
-8.86222e-06
5.2753e-06
-1.47433e-05
1.18685e-05
-2.15742e-05
5.78405e-06
-2.89634e-05
-4.21722e-06
-3.53972e-05
-1.28979e-05
-3.87706e-05
-1.61371e-05
-3.80502e-05
-1.12217e-05
-3.44972e-05
7.15288e-07
-3.03595e-05
1.37708e-05
-2.66003e-05
2.33468e-05
-2.40969e-05
2.9513e-05
-2.3488e-05
3.41861e-05
-2.39197e-05
3.70231e-05
-2.4236e-05
3.40604e-05
-2.34457e-05
2.42473e-05
-2.02761e-05
1.13116e-05
-1.44492e-05
-2.63314e-06
-8.02417e-06
-1.22445e-05
-1.17139e-05
-3.60715e-06
-1.10222e-05
-7.06697e-06
8.73279e-06
-1.23504e-05
1.71414e-05
-1.90514e-05
1.24765e-05
-2.68935e-05
3.63008e-06
-3.45795e-05
-5.19726e-06
-3.99241e-05
-1.07739e-05
-4.08213e-05
-1.03036e-05
-3.72814e-05
-2.81508e-06
-3.19948e-05
8.46699e-06
-2.717e-05
1.8494e-05
-2.34196e-05
2.57439e-05
-2.05714e-05
3.13288e-05
-1.79965e-05
3.44441e-05
-1.54096e-05
3.14761e-05
-1.25201e-05
2.13669e-05
-8.89362e-06
7.68839e-06
-4.8882e-06
-6.64744e-06
-2.75431e-06
-1.43813e-05
-1.37958e-05
-3.77483e-06
-1.42555e-05
-5.0518e-06
1.00084e-05
-9.01242e-06
2.1093e-05
-1.46482e-05
1.81025e-05
-2.1553e-05
1.05363e-05
-2.91003e-05
2.3596e-06
-3.57922e-05
-4.07219e-06
-3.9386e-05
-6.6961e-06
-3.80906e-05
-4.09182e-06
-3.30139e-05
3.39709e-06
-2.72191e-05
1.26798e-05
-2.20824e-05
2.05789e-05
-1.70757e-05
2.63021e-05
-1.16388e-05
2.89966e-05
-6.23999e-06
2.60737e-05
-1.66468e-06
1.67927e-05
2.17777e-06
3.84476e-06
3.64299e-06
-8.11334e-06
2.50298e-06
-1.32406e-05
-1.2989e-05
-2.08131e-06
-1.03022e-05
-2.89227e-06
1.08189e-05
-5.27748e-06
2.34713e-05
-9.26218e-06
2.20769e-05
-1.4425e-05
1.56954e-05
-2.02336e-05
8.17481e-06
-2.62354e-05
1.93904e-06
-3.12858e-05
-1.64255e-06
-3.35341e-05
-1.83986e-06
-3.13725e-05
1.24949e-06
-2.59096e-05
7.22829e-06
-1.94011e-05
1.40619e-05
-1.25511e-05
1.94313e-05
-5.19281e-06
2.16186e-05
1.86885e-06
1.89985e-05
7.8172e-06
1.08375e-05
1.08375e-05
8.24628e-07
1.00318e-05
-7.30303e-06
7.11204e-06
-1.03183e-05
-1.04265e-05
-2.91106e-06
-9.39155e-06
-1.78421e-06
9.6921e-06
-1.98893e-06
2.36715e-05
-3.82546e-06
2.39046e-05
-6.80563e-06
1.8668e-05
-1.05766e-05
1.19447e-05
-1.45244e-05
5.89238e-06
-1.82283e-05
2.06984e-06
-2.12608e-05
1.19653e-06
-2.25811e-05
2.5662e-06
-2.07484e-05
5.39786e-06
-1.56673e-05
8.99192e-06
-8.48993e-06
1.2261e-05
-4.74467e-07
1.36035e-05
7.21775e-06
1.13065e-05
1.29311e-05
5.12858e-06
1.54373e-05
-1.67504e-06
1.42212e-05
-6.08318e-06
1.10706e-05
-7.16693e-06
-7.04911e-06
-4.2014e-06
-9.23065e-06
-1.71141e-06
7.20262e-06
2.43034e-07
2.17147e-05
4.79001e-07
2.36625e-05
-5.0445e-08
1.91903e-05
-1.45806e-06
1.3347e-05
-3.58611e-06
8.01879e-06
-5.78505e-06
4.27045e-06
-7.44821e-06
2.86315e-06
-8.51343e-06
3.63335e-06
-8.7405e-06
5.62124e-06
-7.10751e-06
7.35527e-06
-2.79869e-06
7.95561e-06
3.45929e-06
7.35298e-06
1.01138e-05
4.6588e-06
1.54254e-05
-1.79038e-07
1.78583e-05
-4.10735e-06
1.70769e-05
-5.30254e-06
1.39048e-05
-3.99518e-06
-3.0623e-06
-5.02127e-06
-1.39439e-05
-2.40283e-06
4.58463e-06
9.47147e-07
1.83639e-05
3.20783e-06
2.13982e-05
4.73217e-06
1.76617e-05
5.49849e-06
1.25762e-05
5.11046e-06
8.40326e-06
4.14318e-06
5.23554e-06
3.31908e-06
3.68614e-06
3.01136e-06
3.9409e-06
3.30635e-06
5.32629e-06
4.34781e-06
6.31243e-06
6.55683e-06
5.7454e-06
1.01879e-05
3.72231e-06
1.4713e-05
1.33877e-07
1.84893e-05
-3.95637e-06
1.9819e-05
-5.43909e-06
1.81116e-05
-3.59748e-06
1.42967e-05
-1.81467e-07
1.28347e-06
-3.92302e-06
-7.80606e-06
-3.64526e-06
4.30749e-06
4.14741e-07
1.43039e-05
3.8528e-06
1.79582e-05
7.13191e-06
1.43807e-05
9.5088e-06
1.01975e-05
1.01237e-05
7.78655e-06
1.01621e-05
5.19574e-06
1.00957e-05
3.75154e-06
1.02486e-05
3.78726e-06
1.07868e-05
4.7883e-06
1.18468e-05
5.25352e-06
1.34436e-05
4.15043e-06
1.56382e-05
1.52931e-06
1.83016e-05
-2.5291e-06
1.92584e-05
-4.91432e-06
1.79949e-05
-4.17863e-06
1.48763e-05
-4.82304e-07
1.03413e-05
4.35183e-06
4.70296e-06
-7.28543e-06
-1.17431e-06
-6.87129e-06
3.89455e-06
-2.10702e-06
9.54039e-06
2.10149e-06
1.37491e-05
8.09374e-06
8.38782e-06
1.2086e-05
6.20503e-06
1.27237e-05
7.14866e-06
1.35271e-05
4.39234e-06
1.42642e-05
3.01474e-06
1.48553e-05
3.19637e-06
1.52188e-05
4.4254e-06
1.60219e-05
4.45102e-06
1.76383e-05
2.5351e-06
1.73192e-05
1.84885e-06
1.72292e-05
-2.43914e-06
1.37418e-05
-1.42752e-06
9.0453e-06
5.13298e-07
6.19121e-06
2.3681e-06
3.13752e-06
7.40482e-06
4.75847e-06
-9.40317e-06
-9.43854e-06
-4.15126e-06
-4.50146e-06
7.55257e-06
1.26269e-05
1.18289e-05
1.26452e-05
1.48023e-05
1.54273e-05
1.55568e-05
1.25979e-05
1.48415e-05
8.85879e-06
9.7198e-06
6.56419e-06
-3.39274e-06
2.19688e-07
-5.93312e-06
-2.16917e-06
2.16912e-06
4.64739e-07
-2.63403e-06
1.4348e-06
-9.70097e-07
9.20867e-07
5.14002e-07
4.51858e-07
4.69152e-07
3.15434e-07
1.36517e-07
4.18149e-07
-1.02803e-07
5.83994e-07
-1.66148e-07
6.30857e-07
-4.72434e-08
5.70232e-07
6.03822e-08
5.33397e-07
3.67637e-08
5.58452e-07
-2.50743e-08
5.93309e-07
-3.49239e-08
5.99668e-07
-6.47957e-09
5.9678e-07
2.79584e-09
6.07468e-07
-1.07168e-08
6.27873e-07
-2.04036e-08
6.48286e-07
-2.04095e-08
6.63287e-07
-1.50005e-08
-7.34449e-09
-2.65242e-06
4.82148e-06
1.09562e-06
-6.3822e-06
2.55944e-06
-2.43398e-06
2.23672e-06
8.36768e-07
1.44873e-06
1.25728e-06
9.67457e-07
6.17908e-07
9.8815e-07
-1.23526e-07
1.22243e-06
-4.00682e-07
1.31812e-06
-1.43333e-07
1.2422e-06
1.36007e-07
1.17601e-06
1.02833e-07
1.18793e-06
-3.70187e-08
1.20435e-06
-5.14201e-08
1.17547e-06
2.22735e-08
1.13291e-06
4.52509e-08
1.11136e-06
1.07947e-08
1.11169e-06
-2.07316e-08
1.12454e-06
-3.32561e-08
1.14286e-06
-3.33189e-08
-1.92911e-08
-2.4617e-06
7.28314e-06
1.25045e-06
-1.00945e-05
2.62758e-06
-3.8112e-06
2.69663e-06
7.67754e-07
2.1284e-06
1.82564e-06
1.54885e-06
1.1976e-06
1.41055e-06
1.48135e-08
1.55928e-06
-5.4959e-07
1.64269e-06
-2.27134e-07
1.5768e-06
2.0153e-07
1.49859e-06
1.80874e-07
1.46665e-06
-5.13324e-09
1.41695e-06
-1.79336e-09
1.31675e-06
1.22328e-07
1.20479e-06
1.57097e-07
1.11759e-06
9.79684e-08
1.06432e-06
3.25339e-08
1.04293e-06
-1.18557e-08
1.04676e-06
-3.71477e-08
-2.83374e-08
-2.2566e-06
9.53971e-06
1.04232e-06
-1.33935e-05
2.14791e-06
-4.91689e-06
2.50387e-06
4.11822e-07
2.34355e-06
1.98608e-06
1.91162e-06
1.62969e-06
1.70635e-06
2.20186e-07
1.73165e-06
-5.75003e-07
1.75063e-06
-2.4648e-07
1.67765e-06
2.74108e-07
1.58408e-06
2.74226e-07
1.48858e-06
9.02911e-08
1.34265e-06
1.44043e-07
1.14638e-06
3.18455e-07
9.47111e-07
3.56267e-07
7.79321e-07
2.65734e-07
6.60977e-07
1.50881e-07
5.97804e-07
5.13202e-08
5.81665e-07
-2.10093e-08
-3.14873e-08
-2.07442e-06
1.16141e-05
6.80321e-07
-1.61484e-05
1.46656e-06
-5.70323e-06
1.98305e-06
-1.04669e-07
2.19158e-06
1.77767e-06
2.00887e-06
1.81257e-06
1.84458e-06
3.84615e-07
1.78196e-06
-5.12426e-07
1.72107e-06
-1.85926e-07
1.61906e-06
3.75715e-07
1.49158e-06
4.01468e-07
1.30976e-06
2.72013e-07
1.04727e-06
4.06425e-07
7.43576e-07
6.22012e-07
4.51793e-07
6.47977e-07
2.02414e-07
5.15103e-07
2.36872e-08
3.2961e-07
-7.29776e-08
1.47986e-07
-1.07528e-07
1.3541e-08
-2.84386e-08
-1.90616e-06
1.35203e-05
2.95268e-07
-1.83499e-05
8.37642e-07
-6.24571e-06
1.42295e-06
-6.89994e-07
1.84661e-06
1.35412e-06
1.89085e-06
1.76849e-06
1.82309e-06
4.52548e-07
1.71887e-06
-4.08217e-07
1.58783e-06
-5.51775e-08
1.44191e-06
5.21239e-07
1.25379e-06
5.89355e-07
9.61143e-07
5.64551e-07
5.73777e-07
7.93678e-07
1.66108e-07
1.02957e-06
-2.11784e-07
1.02583e-06
-5.27119e-07
8.30436e-07
-7.5059e-07
5.53081e-07
-8.75325e-07
2.72721e-07
-9.23616e-07
6.18323e-08
-2.05791e-08
-1.74602e-06
1.52663e-05
-3.60844e-08
-2.00599e-05
3.89204e-07
-6.67109e-06
9.842e-07
-1.28503e-06
1.44775e-06
8.90641e-07
1.6431e-06
1.5733e-06
1.67411e-06
4.21707e-07
1.55327e-06
-2.8737e-07
1.36522e-06
1.32603e-07
1.16253e-06
7.2357e-07
8.84166e-07
8.6751e-07
4.63299e-07
9.85311e-07
-4.25473e-08
1.29942e-06
-5.41414e-07
1.52836e-06
-9.88082e-07
1.47248e-06
-1.35244e-06
1.19479e-06
-1.60535e-06
8.05993e-07
-1.74606e-06
4.13433e-07
-1.80264e-06
1.18411e-07
-1.01982e-08
-1.58974e-06
1.68561e-05
-2.21483e-07
-2.14283e-05
9.36631e-08
-6.98633e-06
6.63376e-07
-1.8548e-06
1.05992e-06
4.94147e-07
1.34205e-06
1.29132e-06
1.44104e-06
3.2288e-07
1.30177e-06
-1.48096e-07
1.06017e-06
3.73944e-07
7.83102e-07
1.00033e-06
3.87606e-07
1.26283e-06
-1.62686e-07
1.5355e-06
-7.66544e-07
1.90319e-06
-1.33328e-06
2.09506e-06
-1.82988e-06
1.96908e-06
-2.2247e-06
1.5896e-06
-2.49418e-06
1.07548e-06
-2.64355e-06
5.62803e-07
-2.70449e-06
1.79349e-07
1.13671e-09
-1.43476e-06
1.82909e-05
-3.85344e-07
-2.24778e-05
-1.07691e-07
-7.26407e-06
3.90404e-07
-2.35297e-06
7.00968e-07
1.83608e-07
1.03826e-06
9.54153e-07
1.15611e-06
2.05174e-07
9.78007e-07
2.99851e-08
6.74199e-07
6.77518e-07
3.00156e-07
1.37412e-06
-2.25268e-07
1.78812e-06
-8.85388e-07
2.19554e-06
-1.55894e-06
2.57668e-06
-2.17343e-06
2.70953e-06
-2.70022e-06
2.49587e-06
-3.11089e-06
2.00027e-06
-3.38819e-06
1.35278e-06
-3.54142e-06
7.16031e-07
-3.60414e-06
2.42073e-07
1.25523e-08
-1.28351e-06
1.95745e-05
-5.04759e-07
-2.32566e-05
-2.63193e-07
-7.50572e-06
1.40427e-07
-2.75667e-06
3.83012e-07
-5.897e-08
7.52704e-07
5.84572e-07
8.30231e-07
1.27755e-07
5.87221e-07
2.72952e-07
2.06011e-07
1.05852e-06
-2.87194e-07
1.86714e-06
-9.3417e-07
2.43499e-06
-1.6721e-06
2.9334e-06
-2.38948e-06
3.29403e-06
-3.03109e-06
3.35114e-06
-3.57204e-06
3.03681e-06
-3.98857e-06
2.4168e-06
-4.26818e-06
1.63239e-06
-4.42219e-06
8.70045e-07
-4.48497e-06
3.04846e-07
2.36645e-08
-1.14287e-06
2.07175e-05
-5.94245e-07
-2.38053e-05
-4.07535e-07
-7.6925e-06
-8.95857e-08
-3.0747e-06
1.17745e-07
-2.66304e-07
4.7497e-07
2.2744e-07
4.55599e-07
1.47202e-07
1.28478e-07
6.00013e-07
-3.58115e-07
1.54495e-06
-9.68573e-07
2.47746e-06
-1.70896e-06
3.17531e-06
-2.49266e-06
3.71706e-06
-3.23109e-06
4.03244e-06
-3.88261e-06
4.00266e-06
-4.42607e-06
3.58027e-06
-4.84184e-06
2.83258e-06
-5.12004e-06
1.91058e-06
-5.27258e-06
1.02259e-06
-5.33409e-06
3.66358e-07
3.41979e-08
-1.01362e-06
2.17312e-05
-6.72937e-07
-2.4146e-05
-5.39944e-07
-7.82554e-06
-2.96017e-07
-3.31868e-06
-9.6578e-08
-4.65746e-07
1.68943e-07
-3.80057e-08
6.42183e-09
3.09771e-07
-4.1269e-07
1.01906e-06
-1.00851e-06
2.14065e-06
-1.72035e-06
3.18922e-06
-2.51888e-06
3.97379e-06
-3.32111e-06
4.51927e-06
-4.06204e-06
4.77336e-06
-4.71021e-06
4.65083e-06
-5.24774e-06
4.1178e-06
-5.65772e-06
3.24256e-06
-5.9313e-06
2.18416e-06
-6.08023e-06
1.17152e-06
-6.13924e-06
4.25359e-07
4.39059e-08
-8.96416e-07
2.26278e-05
-7.55149e-07
-2.42873e-05
-6.66962e-07
-7.91377e-06
-4.67017e-07
-3.51867e-06
-3.09426e-07
-6.23334e-07
-2.00115e-07
-1.47251e-07
-4.84385e-07
5.94073e-07
-1.0336e-06
1.56824e-06
-1.73075e-06
2.83772e-06
-2.51342e-06
3.97184e-06
-3.3371e-06
4.79744e-06
-4.13637e-06
5.31854e-06
-4.86531e-06
5.5023e-06
-5.49975e-06
5.28526e-06
-6.0243e-06
4.64235e-06
-6.42358e-06
3.64184e-06
-6.68906e-06
2.44964e-06
-6.832e-06
1.31446e-06
-6.88711e-06
4.80464e-07
5.2501e-08
-7.9249e-07
2.34204e-05
-8.54672e-07
-2.42252e-05
-8.11237e-07
-7.95722e-06
-6.55599e-07
-3.67433e-06
-5.76928e-07
-7.01988e-07
-6.46625e-07
-7.74905e-08
-1.07041e-06
1.01789e-06
-1.72846e-06
2.22626e-06
-2.50126e-06
3.61047e-06
-3.31966e-06
4.79021e-06
-4.14181e-06
5.61957e-06
-4.92169e-06
6.09842e-06
-5.62693e-06
6.20753e-06
-6.23847e-06
5.89681e-06
-6.74287e-06
5.14675e-06
-7.12585e-06
4.02482e-06
-7.37907e-06
2.70286e-06
-7.51322e-06
1.44861e-06
-7.56282e-06
5.30067e-07
5.96197e-08
-7.03189e-07
2.41237e-05
-9.84938e-07
-2.39435e-05
-9.9742e-07
-7.94473e-06
-9.02147e-07
-3.7696e-06
-9.26872e-07
-6.77226e-07
-1.18037e-06
1.7608e-07
-1.73514e-06
1.57268e-06
-2.4779e-06
2.96901e-06
-3.29241e-06
4.42495e-06
-4.11537e-06
5.61316e-06
-4.91584e-06
6.42003e-06
-5.66325e-06
6.84583e-06
-6.33415e-06
6.87844e-06
-6.91342e-06
6.47607e-06
-7.38956e-06
5.62289e-06
-7.74965e-06
4.38492e-06
-7.9858e-06
2.93901e-06
-8.10796e-06
1.57076e-06
-8.15023e-06
5.72338e-07
6.48066e-08
-6.2979e-07
2.47536e-05
-1.15795e-06
-2.34154e-05
-1.24665e-06
-7.856e-06
-1.23553e-06
-3.78069e-06
-1.37936e-06
-5.33328e-07
-1.80132e-06
5.98117e-07
-2.46141e-06
2.23281e-06
-3.25546e-06
3.76307e-06
-4.07874e-06
5.24822e-06
-4.88188e-06
6.4163e-06
-5.64524e-06
7.18339e-06
-6.34853e-06
7.54912e-06
-6.97422e-06
7.50413e-06
-7.51084e-06
7.0127e-06
-7.94956e-06
6.0616e-06
-8.27945e-06
4.71481e-06
-8.49328e-06
3.15285e-06
-8.60003e-06
1.67751e-06
-8.63296e-06
6.0527e-07
6.75048e-08
-5.74773e-07
2.53285e-05
-1.38277e-06
-2.26074e-05
-1.57401e-06
-7.6647e-06
-1.67033e-06
-3.68431e-06
-1.93661e-06
-2.66964e-07
-2.49405e-06
1.15565e-06
-3.22368e-06
2.96248e-06
-4.03451e-06
4.57391e-06
-4.83948e-06
6.05318e-06
-5.60446e-06
7.18128e-06
-6.31778e-06
7.89671e-06
-6.96521e-06
8.19655e-06
-7.53383e-06
8.07275e-06
-8.01647e-06
7.49534e-06
-8.40801e-06
6.45315e-06
-8.70017e-06
5.00697e-06
-8.88645e-06
3.33913e-06
-8.97442e-06
1.76548e-06
-8.99592e-06
6.26778e-07
6.70473e-08
-5.3785e-07
2.58664e-05
-1.66498e-06
-2.14803e-05
-1.98755e-06
-7.34206e-06
-2.20456e-06
-3.46721e-06
-2.58224e-06
1.10815e-07
-3.23232e-06
1.80581e-06
-3.99424e-06
3.72444e-06
-4.7922e-06
5.37188e-06
-5.55842e-06
6.81939e-06
-6.27077e-06
7.89363e-06
-6.92167e-06
8.54761e-06
-7.50064e-06
8.77551e-06
-7.99945e-06
8.57156e-06
-8.41641e-06
7.9123e-06
-8.75128e-06
6.78801e-06
-8.99878e-06
5.25447e-06
-9.15282e-06
3.49317e-06
-9.21895e-06
1.83161e-06
-9.22697e-06
6.348e-07
6.26448e-08
-5.45211e-07
2.64117e-05
-2.00751e-06
-2.0018e-05
-2.48686e-06
-6.86262e-06
-2.82064e-06
-3.13332e-06
-3.28567e-06
5.7595e-07
-3.98607e-06
2.50628e-06
-4.74806e-06
4.48646e-06
-5.51046e-06
6.13428e-06
-6.22242e-06
7.53135e-06
-6.86925e-06
8.54046e-06
-7.44488e-06
9.12324e-06
-7.94207e-06
9.2727e-06
-8.35822e-06
8.98771e-06
-8.69843e-06
8.25251e-06
-8.96833e-06
7.05791e-06
-9.16565e-06
5.45179e-06
-9.28396e-06
3.61148e-06
-9.32593e-06
1.87359e-06
-9.31857e-06
6.27434e-07
5.33622e-08
-4.49275e-07
2.68609e-05
-2.4245e-06
-1.80428e-05
-3.04697e-06
-6.24005e-06
-3.49593e-06
-2.68425e-06
-4.00966e-06
1.08978e-06
-4.72612e-06
3.22279e-06
-5.46421e-06
5.22458e-06
-6.17654e-06
6.84661e-06
-6.82339e-06
8.1782e-06
-7.39302e-06
9.11009e-06
-7.87969e-06
9.60992e-06
-8.28014e-06
9.67315e-06
-8.59931e-06
9.30688e-06
-8.85135e-06
8.50455e-06
-9.04925e-06
7.25581e-06
-9.19363e-06
5.59617e-06
-9.27602e-06
3.69388e-06
-9.29394e-06
1.89151e-06
-9.26938e-06
6.02876e-07
3.76224e-08
-7.79919e-06
1.13123e-05
-1.44207e-05
-1.14214e-05
-1.76279e-05
-3.03248e-06
-2.06886e-05
3.76693e-07
-2.31723e-05
3.5737e-06
-2.5716e-05
5.76656e-06
-2.80242e-05
7.5329e-06
-3.00204e-05
8.84271e-06
-3.1612e-05
9.76982e-06
-3.27934e-05
1.02915e-05
-3.3604e-05
1.04205e-05
-3.41228e-05
1.01919e-05
-3.44637e-05
9.64777e-06
-3.47532e-05
8.79413e-06
-3.5067e-05
7.56956e-06
-3.53679e-05
5.89711e-06
-3.55362e-05
3.86211e-06
-3.54701e-05
1.82545e-06
-3.5213e-05
3.45775e-07
-1.05135e-07
-1.27722e-05
5.72481e-06
-2.08458e-05
-3.34784e-06
-2.50473e-05
1.16918e-06
-2.81383e-05
3.4678e-06
-3.03037e-05
5.73909e-06
-3.18368e-05
7.29967e-06
-3.27433e-05
8.43939e-06
-3.30721e-05
9.17152e-06
-3.28679e-05
9.56567e-06
-3.22288e-05
9.65247e-06
-3.12951e-05
9.48679e-06
-3.02346e-05
9.13144e-06
-2.92214e-05
8.63454e-06
-2.84099e-05
7.98269e-06
-2.7871e-05
7.03063e-06
-2.7494e-05
5.52016e-06
-2.70372e-05
3.40525e-06
-2.637e-05
1.15831e-06
-2.55382e-05
-4.86066e-07
-6.70087e-07
-1.84089e-05
6.351e-06
-2.48843e-05
3.12752e-06
-2.85161e-05
4.80109e-06
-3.08519e-05
5.80354e-06
-3.19663e-05
6.85344e-06
-3.21403e-05
7.47371e-06
-3.15062e-05
7.80522e-06
-3.02153e-05
7.88069e-06
-2.84238e-05
7.77411e-06
-2.63131e-05
7.5418e-06
-2.40839e-05
7.25761e-06
-2.19458e-05
6.99332e-06
-2.01061e-05
6.7948e-06
-1.87613e-05
6.63783e-06
-1.80164e-05
6.28567e-06
-1.76159e-05
5.11955e-06
-1.68497e-05
2.63897e-06
-1.52953e-05
-3.96193e-07
-1.29466e-05
-2.83461e-06
-2.47961e-06
-2.2392e-05
7.60548e-06
-2.58101e-05
6.54559e-06
-2.78507e-05
6.84171e-06
-2.88256e-05
6.7784e-06
-2.86404e-05
6.66833e-06
-2.75022e-05
6.3355e-06
-2.56092e-05
5.91229e-06
-2.31863e-05
5.4578e-06
-2.04597e-05
5.04749e-06
-1.7658e-05
4.74004e-06
-1.50153e-05
4.61483e-06
-1.27816e-05
4.75953e-06
-1.12339e-05
5.24684e-06
-1.06837e-05
6.08727e-06
-1.13387e-05
6.93996e-06
-1.26447e-05
6.42463e-06
-1.29402e-05
2.93365e-06
-1.06459e-05
-2.69048e-06
-6.17373e-06
-7.30601e-06
-6.22099e-06
-2.20055e-05
8.25242e-06
-2.32592e-05
7.79925e-06
-2.37535e-05
7.33609e-06
-2.34127e-05
6.43769e-06
-2.2161e-05
5.41672e-06
-2.01643e-05
4.3389e-06
-1.76346e-05
3.38275e-06
-1.4809e-05
2.63242e-06
-1.19205e-05
2.15911e-06
-9.19423e-06
2.0139e-06
-6.87269e-06
2.29326e-06
-5.2403e-06
3.1269e-06
-4.63497e-06
4.641e-06
-5.38572e-06
6.83707e-06
-7.71949e-06
9.2721e-06
-1.07269e-05
9.43004e-06
-1.21367e-05
4.34204e-06
-1.019e-05
-4.63753e-06
-5.2561e-06
-1.22397e-05
-1.08672e-05
-1.81622e-05
8.11776e-06
-1.81392e-05
7.77634e-06
-1.76224e-05
6.81928e-06
-1.65238e-05
5.33923e-06
-1.4828e-05
3.72108e-06
-1.26761e-05
2.18719e-06
-1.02397e-05
9.46552e-07
-7.69136e-06
8.42224e-08
-5.1996e-06
-3.32499e-07
-2.91005e-06
-2.75546e-07
-1.01188e-06
3.95116e-07
2.42869e-07
1.87192e-06
3.30573e-07
4.55254e-06
-1.23784e-06
8.40395e-06
-4.25098e-06
1.22829e-05
-7.76492e-06
1.29414e-05
-9.83559e-06
6.41103e-06
-9.10097e-06
-5.3731e-06
-5.57332e-06
-1.57681e-05
-1.54487e-05
-1.24356e-05
7.42578e-06
-1.17443e-05
7.08499e-06
-1.08179e-05
5.893e-06
-9.59784e-06
4.11933e-06
-8.08758e-06
2.21101e-06
-6.36601e-06
4.65798e-07
-4.50618e-06
-9.13182e-07
-2.63038e-06
-1.79158e-06
-7.93904e-07
-2.16909e-06
9.65167e-07
-2.03481e-06
2.54584e-06
-1.18579e-06
3.65439e-06
7.63016e-07
3.88416e-06
4.32185e-06
2.59496e-06
9.69117e-06
-2.54231e-07
1.51291e-05
-3.32093e-06
1.60055e-05
-5.67624e-06
8.76494e-06
-6.35133e-06
-4.69875e-06
-4.84217e-06
-1.72776e-05
-1.95609e-05
-5.96038e-06
6.52175e-06
-5.00611e-06
6.13079e-06
-3.99465e-06
4.88163e-06
-2.90442e-06
3.02921e-06
-1.71381e-06
1.02049e-06
-4.12603e-07
-8.35399e-07
9.01172e-07
-2.22702e-06
2.14842e-06
-3.0389e-06
3.23411e-06
-3.25489e-06
4.12786e-06
-2.92878e-06
4.98683e-06
-2.04525e-06
5.81184e-06
-6.26748e-08
6.36377e-06
3.76885e-06
5.89905e-06
1.01537e-05
4.05254e-06
1.69723e-05
1.3296e-06
1.87257e-05
-9.53376e-07
1.10469e-05
-2.7136e-06
-2.93865e-06
-3.2042e-06
-1.67884e-05
-2.15958e-05
6.24813e-07
5.62212e-06
1.57262e-06
5.18288e-06
2.55435e-06
3.89988e-06
3.54331e-06
2.04027e-06
4.54893e-06
1.48695e-08
5.57671e-06
-1.86318e-06
6.57404e-06
-3.22427e-06
7.40268e-06
-3.86735e-06
7.90365e-06
-3.75557e-06
7.97165e-06
-2.9965e-06
7.75584e-06
-1.82945e-06
7.661e-06
3.14843e-08
7.89274e-06
3.53582e-06
8.00436e-06
1.00396e-05
7.08319e-06
1.78899e-05
5.14256e-06
2.06633e-05
2.72589e-06
1.34625e-05
3.19613e-07
-5.32136e-07
-1.25899e-06
-1.52088e-05
-2.37551e-05
6.28488e-06
4.48738e-06
7.32377e-06
4.1435e-06
8.26409e-06
2.95924e-06
9.11249e-06
1.19164e-06
9.88601e-06
-7.58794e-07
1.06224e-05
-2.5996e-06
1.12498e-05
-3.85138e-06
1.16575e-05
-4.27466e-06
1.16817e-05
-3.77908e-06
1.12223e-05
-2.53628e-06
1.03268e-05
-9.33263e-07
9.32277e-06
1.03544e-06
8.71826e-06
4.13918e-06
8.67736e-06
1.00781e-05
8.26929e-06
1.82942e-05
6.95079e-06
2.19784e-05
4.72535e-06
1.56865e-05
2.33956e-06
1.854e-06
-1.61352e-07
-1.27066e-05
-2.1274e-05
9.56399e-06
3.08885e-06
1.07997e-05
2.90767e-06
1.17979e-05
1.96081e-06
1.25393e-05
4.50035e-07
1.30963e-05
-1.31599e-06
1.34935e-05
-2.99665e-06
1.372e-05
-4.07744e-06
1.36261e-05
-4.18e-06
1.31155e-05
-3.26737e-06
1.22379e-05
-1.65754e-06
1.10424e-05
2.63384e-07
9.6619e-06
2.41631e-06
8.45174e-06
5.34842e-06
7.87187e-06
1.06554e-05
7.49679e-06
1.86652e-05
6.71599e-06
2.27553e-05
5.07249e-06
1.73279e-05
3.08692e-06
3.83993e-06
5.53577e-07
-1.0172e-05
-2.08073e-05
1.00357e-05
1.46522e-06
1.14147e-05
1.52931e-06
1.24512e-05
9.24717e-07
1.3114e-05
-2.1241e-07
1.34778e-05
-1.67944e-06
1.35167e-05
-3.03494e-06
1.31105e-05
-3.67032e-06
1.2212e-05
-3.28035e-06
1.10125e-05
-2.06652e-06
9.83408e-06
-4.77868e-07
8.708e-06
1.39026e-06
7.57336e-06
3.5511e-06
6.37397e-06
6.54676e-06
5.44926e-06
1.15774e-05
4.98852e-06
1.91216e-05
4.63683e-06
2.31026e-05
4.03263e-06
1.79295e-05
3.01589e-06
4.85709e-06
1.08875e-06
-8.24378e-06
-2.07879e-05
8.31579e-06
-1.80745e-07
9.69862e-06
1.47501e-07
1.06821e-05
-5.77517e-08
1.1174e-05
-7.03389e-07
1.10789e-05
-1.5833e-06
1.01694e-05
-2.12428e-06
8.42293e-06
-1.92275e-06
6.41831e-06
-1.27495e-06
4.8508e-06
-4.98429e-07
3.95004e-06
4.23389e-07
3.49001e-06
1.85037e-06
2.9883e-06
4.05215e-06
2.1415e-06
7.39168e-06
1.2768e-06
1.24386e-05
1.08325e-06
1.93101e-05
1.33398e-06
2.28468e-05
2.26308e-06
1.69981e-05
2.5228e-06
4.59762e-06
7.89603e-07
-6.50967e-06
-1.76474e-05
5.52984e-06
-1.31547e-06
6.53047e-06
-8.52221e-07
7.01562e-06
-5.41926e-07
6.65166e-06
-3.38466e-07
5.09439e-06
-2.53605e-08
2.48713e-06
4.83155e-07
-2.49137e-07
8.13616e-07
-2.22257e-06
6.98587e-07
-3.22718e-06
5.05915e-07
-3.55022e-06
7.45691e-07
-3.54858e-06
1.84735e-06
-3.6058e-06
4.10706e-06
-3.98099e-06
7.7632e-06
-4.45258e-06
1.29049e-05
-3.92786e-06
1.87792e-05
-2.1107e-06
2.10247e-05
7.00413e-07
1.41861e-05
2.29151e-06
3.00621e-06
6.54725e-07
-4.87255e-06
-1.2715e-05
1.98362e-06
-1.27948e-06
1.82436e-06
-6.9241e-07
1.00255e-06
2.80221e-07
-8.74831e-07
1.53896e-06
-3.64812e-06
2.74783e-06
-6.5228e-06
3.35764e-06
-8.80716e-06
3.09758e-06
-1.03026e-05
2.19334e-06
-1.10725e-05
1.27466e-06
-1.1294e-05
9.6552e-07
-1.1175e-05
1.72584e-06
-1.09264e-05
3.855e-06
-1.06579e-05
7.48994e-06
-9.99634e-06
1.22376e-05
-7.90076e-06
1.66781e-05
-3.9904e-06
1.7111e-05
3.51868e-07
9.84379e-06
3.00672e-06
3.50647e-07
2.79655e-06
-4.66285e-06
-1.3092e-05
-2.09747e-06
2.1727e-07
-3.60063e-06
8.10718e-07
-5.51e-06
2.18942e-06
-7.85646e-06
3.88506e-06
-1.03459e-05
5.23673e-06
-1.25333e-05
5.54427e-06
-1.42887e-05
4.85204e-06
-1.5548e-05
3.45151e-06
-1.63079e-05
2.03314e-06
-1.65783e-05
1.23419e-06
-1.64206e-05
1.56586e-06
-1.58245e-05
3.25583e-06
-1.47633e-05
6.42492e-06
-1.27405e-05
1.02106e-05
-8.97831e-06
1.29124e-05
-3.47051e-06
1.1601e-05
1.76513e-06
4.6067e-06
4.60417e-06
-2.48905e-06
3.59137e-06
-3.65081e-06
-5.50748e-06
-4.7929e-06
2.691e-06
-6.79275e-06
2.81017e-06
-8.60135e-06
3.99746e-06
-1.02582e-05
5.54126e-06
-1.17352e-05
6.71291e-06
-1.27975e-05
6.60548e-06
-1.38265e-05
5.88e-06
-1.46756e-05
4.29951e-06
-1.52795e-05
2.63572e-06
-1.56156e-05
1.56877e-06
-1.56474e-05
1.59594e-06
-1.48914e-05
2.49751e-06
-1.33997e-05
4.93052e-06
-1.05387e-05
7.3468e-06
-5.86872e-06
8.23991e-06
3.07842e-07
5.42271e-06
5.46316e-06
-5.48715e-07
7.34694e-06
-4.37226e-06
5.75058e-06
-2.05515e-06
-5.57434e-06
-4.86056e-06
4.96347e-06
-5.92081e-06
3.86986e-06
-6.62552e-06
4.70144e-06
-7.00033e-06
5.91536e-06
-7.30561e-06
7.01733e-06
-6.77781e-06
6.07668e-06
-6.80968e-06
5.91106e-06
-6.91932e-06
4.40841e-06
-6.95964e-06
2.67524e-06
-6.93426e-06
1.54263e-06
-7.25666e-06
1.91755e-06
-6.47657e-06
1.71634e-06
-5.29306e-06
3.74565e-06
-2.37439e-06
4.42649e-06
2.06949e-06
3.79458e-06
7.26098e-06
2.31005e-07
1.00095e-05
-3.29506e-06
9.48417e-06
-3.84539e-06
5.46754e-06
1.96127e-06
5.57785e-06
-3.23311e-06
6.27341e-06
-1.79655e-06
2.43291e-06
-3.79701e-07
3.28441e-06
2.88121e-07
5.24689e-06
8.84933e-07
6.41987e-06
3.60037e-06
3.36136e-06
4.487e-06
5.02387e-06
4.70749e-06
4.18742e-06
5.62278e-06
1.76038e-06
6.83405e-06
3.31309e-07
5.82256e-06
2.92879e-06
7.13041e-06
4.0884e-07
7.08937e-06
3.78628e-06
9.33512e-06
2.18147e-06
1.10565e-05
2.07353e-06
1.20904e-05
-7.99725e-07
9.84769e-06
-1.04778e-06
6.14908e-06
-1.45511e-07
4.14978e-06
3.95933e-06
2.23e-06
-2.8686e-06
3.99207e-06
8.25978e-06
7.34461e-06
5.77546e-06
1.28717e-05
1.30054e-05
1.00161e-05
1.14576e-05
1.59959e-05
1.09611e-05
1.46899e-05
9.67311e-06
1.2888e-05
7.58302e-06
8.21405e-06
2.48358e-06
-1.41174e-06
8.85251e-07
)
;

boundaryField
{
    left_open
    {
        type            calculated;
        value           nonuniform List<scalar> 
40
(
4.70936e-07
1.03311e-06
9.14103e-07
3.33888e-07
-4.43256e-07
-1.07404e-06
-1.4333e-06
-1.53048e-06
-1.42406e-06
-1.18722e-06
-9.01104e-07
-6.44796e-07
-4.71623e-07
-3.83417e-07
-3.36914e-07
-2.92665e-07
-2.48912e-07
-2.15019e-07
-1.86295e-07
-1.53826e-07
-4.01955e-07
-9.49989e-07
-3.68605e-07
9.27711e-07
-1.40182e-06
-1.04988e-06
-2.10663e-07
-1.07052e-06
5.62911e-06
1.98362e-06
4.96413e-07
-8.91377e-07
7.00626e-06
-1.87073e-06
2.00228e-06
4.04242e-06
9.73263e-06
-2.2129e-06
6.55272e-07
6.21616e-06
)
;
    }
    right_open
    {
        type            calculated;
        value           nonuniform List<scalar> 
40
(
6.70631e-07
1.15481e-06
1.0558e-06
5.84815e-07
-1.10577e-07
-9.31475e-07
-1.81302e-06
-2.71582e-06
-3.61556e-06
-4.49608e-06
-5.34462e-06
-6.14894e-06
-6.8957e-06
-7.56994e-06
-8.15542e-06
-8.63566e-06
-8.99547e-06
-9.22257e-06
-9.30929e-06
-9.25364e-06
-3.50703e-05
-2.49732e-05
-1.1137e-05
-2.43189e-06
-6.09632e-07
-9.92244e-07
-7.29398e-07
-1.16958e-06
9.01274e-07
-2.63982e-06
8.40894e-08
1.06711e-06
-2.34583e-06
-4.27202e-06
3.16497e-06
-3.98976e-06
5.81097e-06
-5.68284e-06
7.49171e-06
4.74569e-07
)
;
    }
    base_side
    {
        type            calculated;
        value           uniform 0;
    }
    top
    {
        type            calculated;
        value           nonuniform List<scalar> 
65
(
2.01433e-06
3.93276e-06
4.25667e-06
1.4093e-05
-3.66431e-06
1.1335e-06
7.94839e-06
3.57805e-06
8.58571e-07
2.57309e-06
4.29742e-06
7.3992e-06
2.91773e-07
7.82599e-06
-3.29963e-06
1.72752e-06
1.04619e-05
-1.24235e-06
1.35547e-05
7.40804e-07
-1.49606e-07
4.41706e-07
-2.04982e-07
-4.07106e-07
9.87629e-07
-1.62605e-07
-7.46552e-07
3.03092e-06
1.64514e-06
1.62097e-06
1.59506e-06
-6.55804e-08
-8.96647e-08
-4.65597e-08
3.13681e-07
3.39875e-07
-4.18017e-08
8.55742e-08
5.82774e-07
-4.2934e-07
-1.71493e-07
1.97283e-07
2.87414e-06
2.42825e-06
2.04246e-06
8.28252e-06
-4.42448e-06
-9.78653e-07
6.15345e-06
7.98845e-06
-3.72884e-06
4.88062e-06
7.177e-06
3.24464e-07
-4.20401e-06
7.95571e-06
-3.31557e-06
8.79582e-06
-1.0294e-06
7.37113e-06
-1.42785e-06
4.68353e-06
3.75036e-06
1.66313e-06
2.64359e-06
)
;
    }
    front
    {
        type            empty;
        value           nonuniform 0();
    }
    back
    {
        type            empty;
        value           nonuniform 0();
    }
    air_to_aluminum
    {
        type            calculated;
        value           nonuniform List<scalar> 
129
(
5.29396e-23
0
0
0
0
0
0
0
0
0
0
0
0
0
0
0
0
1.32349e-23
0
0
0
0
0
0
0
0
0
0
0
0
-8.47033e-22
0
0
0
0
0
0
0
0
0
0
0
0
0
0
0
0
0
0
0
0
0
0
0
0
0
1.32349e-23
0
0
0
0
0
0
0
0
0
0
0
0
0
0
0
0
1.05879e-22
0
0
0
0
0
0
0
0
0
0
-5.29396e-23
0
0
0
0
0
0
8.47033e-22
0
0
0
0
0
0
0
0
0
0
0
-5.29396e-23
0
0
0
0
0
0
0
0
0
0
0
0
-8.47033e-22
0
0
0
0
0
0
0
0
0
0
-1.69407e-21
0
)
;
    }
}


// ************************************************************************* //
