/*--------------------------------*- C++ -*----------------------------------*\
| =========                 |                                                 |
| \\      /  F ield         | OpenFOAM: The Open Source CFD Toolbox           |
|  \\    /   O peration     | Version:                                        |
|   \\  /    A nd           | Website:  www.openfoam.com                      |
|    \\/     M anipulation  |                                                 |
\*---------------------------------------------------------------------------*/
FoamFile
{
    version     2.0;
    format      ascii;
    class       volScalarField;
    location    "1921.5/aluminum";
    object      T;
}
// * * * * * * * * * * * * * * * * * * * * * * * * * * * * * * * * * * * * * //

dimensions      [0 0 0 1 0 0 0];


internalField   nonuniform List<scalar> 
372
(
307.313
307.324
307.344
307.374
307.306
307.316
307.336
307.366
307.291
307.301
307.32
307.351
307.269
307.278
307.294
307.324
307.413
307.461
307.517
307.586
307.407
307.454
307.506
307.564
307.396
307.444
307.492
307.538
307.385
307.436
307.481
307.518
307.66
307.728
307.821
307.615
307.653
307.688
307.569
307.589
307.604
307.534
307.544
307.55
307.912
307.928
307.912
307.702
307.704
307.702
307.608
307.609
307.608
307.552
307.552
307.552
307.821
307.728
307.66
307.688
307.653
307.615
307.604
307.589
307.569
307.55
307.544
307.534
307.586
307.517
307.461
307.413
307.564
307.506
307.454
307.407
307.538
307.492
307.444
307.396
307.518
307.481
307.436
307.385
307.374
307.344
307.324
307.313
307.366
307.336
307.316
307.306
307.351
307.32
307.3
307.291
307.324
307.294
307.277
307.269
307.243
307.248
307.257
307.268
307.213
307.216
307.221
307.226
307.183
307.185
307.188
307.19
307.154
307.156
307.157
307.158
307.127
307.128
307.129
307.129
307.102
307.102
307.103
307.103
307.078
307.079
307.079
307.08
307.057
307.058
307.058
307.058
307.038
307.039
307.039
307.039
307.022
307.022
307.022
307.023
307.007
307.008
307.008
307.008
306.995
306.996
306.996
306.996
306.985
306.986
306.986
306.986
306.978
306.978
306.979
306.979
306.973
306.973
306.973
306.973
306.97
306.97
306.97
306.97
307.507
307.509
307.511
307.477
307.477
307.477
307.447
307.447
307.447
307.419
307.419
307.419
307.392
307.392
307.392
307.368
307.368
307.368
307.347
307.347
307.347
307.327
307.327
307.327
307.309
307.309
307.309
307.294
307.294
307.294
307.28
307.28
307.28
307.269
307.269
307.269
307.26
307.26
307.26
307.253
307.253
307.253
307.248
307.248
307.248
307.245
307.245
307.245
307.512
307.512
307.512
307.478
307.478
307.478
307.447
307.447
307.447
307.419
307.419
307.419
307.392
307.392
307.392
307.368
307.368
307.368
307.347
307.347
307.347
307.327
307.327
307.327
307.309
307.309
307.309
307.294
307.294
307.294
307.28
307.28
307.28
307.269
307.269
307.269
307.26
307.26
307.26
307.253
307.253
307.253
307.248
307.248
307.248
307.245
307.245
307.245
307.511
307.509
307.507
307.477
307.477
307.477
307.447
307.447
307.447
307.419
307.419
307.419
307.392
307.392
307.392
307.368
307.368
307.368
307.347
307.347
307.347
307.327
307.327
307.327
307.309
307.309
307.309
307.294
307.294
307.294
307.28
307.28
307.28
307.269
307.269
307.269
307.26
307.26
307.26
307.253
307.253
307.253
307.248
307.248
307.248
307.245
307.245
307.245
307.268
307.257
307.248
307.242
307.226
307.221
307.216
307.213
307.19
307.188
307.185
307.183
307.158
307.157
307.155
307.154
307.129
307.128
307.128
307.127
307.103
307.102
307.102
307.101
307.079
307.079
307.078
307.078
307.058
307.058
307.057
307.057
307.039
307.038
307.038
307.038
307.022
307.022
307.021
307.021
307.007
307.007
307.007
307.006
306.995
306.995
306.995
306.994
306.985
306.985
306.985
306.984
306.978
306.977
306.977
306.977
306.972
306.972
306.972
306.971
306.969
306.969
306.969
306.968
)
;

boundaryField
{
    base_hotspot
    {
        type            fixedGradient;
        gradient        uniform 203.252;
    }
    base_adiabatic
    {
        type            zeroGradient;
    }
    front
    {
        type            empty;
    }
    back
    {
        type            empty;
    }
    aluminum_to_air
    {
        type            compressible::turbulentTemperatureCoupledBaffleMixed;
        refValue        nonuniform List<scalar> 
129
(
294.306
294.243
294.238
294.263
307.322
307.388
307.443
307.489
307.489
307.443
307.388
307.322
294.423
294.394
294.41
294.443
294.301
307.322
294.345
307.258
294.391
307.215
294.438
307.181
294.485
307.152
294.531
307.125
294.577
307.099
294.623
307.073
294.669
307.043
294.717
307.003
294.768
306.944
294.822
306.844
294.881
306.667
294.945
306.304
295.018
305.284
299.424
295.095
299.618
298.98
302.981
298.565
307.489
307.447
307.414
307.384
307.357
307.332
307.307
307.283
307.256
307.223
307.174
307.092
306.945
306.693
306.369
306.194
303.175
302.906
302.729
302.588
302.506
302.416
307.489
307.447
307.413
307.384
307.357
307.331
307.307
307.282
307.255
307.221
307.176
307.11
307.018
306.896
306.705
302.222
301.875
306.207
301.501
307.322
307.258
307.215
307.181
307.151
307.124
307.098
307.071
307.04
306.999
306.94
306.851
306.719
306.538
306.294
305.766
294.481
294.521
294.565
294.612
294.662
294.715
294.771
294.831
294.892
294.957
295.025
295.095
295.168
295.245
295.313
298.925
298.064
297.147
296.245
295.45
)
;
        refGradient     uniform 0;
        valueFraction   nonuniform List<scalar> 
129
(
2.89995e-05
2.89995e-05
2.89995e-05
2.89995e-05
0.000144981
0.000144981
0.000144981
0.000144981
0.000144981
0.000144981
0.000144981
0.000144981
2.89995e-05
2.89995e-05
2.89995e-05
2.89995e-05
2.89995e-05
0.000144981
2.89995e-05
0.000144981
2.89995e-05
0.000144981
2.89995e-05
0.000144981
2.89995e-05
0.000144981
2.89995e-05
0.000144981
2.89995e-05
0.000144981
2.89995e-05
0.000144981
2.89995e-05
0.000144981
2.89995e-05
0.000144981
2.89995e-05
0.000144981
2.89995e-05
0.000144981
2.89995e-05
0.000144981
2.89995e-05
0.000144981
2.89995e-05
0.000144981
3.62491e-05
2.89995e-05
3.62491e-05
3.62491e-05
0.000144981
3.62491e-05
8.21599e-05
8.21599e-05
8.21599e-05
8.21599e-05
8.21599e-05
8.21599e-05
8.21599e-05
8.21599e-05
8.21599e-05
8.21599e-05
8.21599e-05
8.21599e-05
8.21599e-05
8.21599e-05
8.21599e-05
8.21599e-05
3.62491e-05
3.62491e-05
3.62491e-05
3.62491e-05
3.62491e-05
3.62491e-05
8.21599e-05
8.21599e-05
8.21599e-05
8.21599e-05
8.21599e-05
8.21599e-05
8.21599e-05
8.21599e-05
8.21599e-05
8.21599e-05
8.21599e-05
8.21599e-05
8.21599e-05
8.21599e-05
8.21599e-05
3.62491e-05
3.62491e-05
8.21599e-05
3.62491e-05
0.000144981
0.000144981
0.000144981
0.000144981
0.000144981
0.000144981
0.000144981
0.000144981
0.000144981
0.000144981
0.000144981
0.000144981
0.000144981
0.000144981
0.000144981
0.000144981
2.89995e-05
2.89995e-05
2.89995e-05
2.89995e-05
2.89995e-05
2.89995e-05
2.89995e-05
2.89995e-05
2.89995e-05
2.89995e-05
2.89995e-05
2.89995e-05
2.89995e-05
2.89995e-05
2.89995e-05
3.62491e-05
3.62491e-05
3.62491e-05
3.62491e-05
2.89995e-05
)
;
        value           nonuniform List<scalar> 
129
(
307.313
307.305
307.29
307.269
307.384
307.436
307.481
307.518
307.518
307.481
307.436
307.384
307.312
307.305
307.29
307.269
307.242
307.268
307.212
307.226
307.183
307.19
307.154
307.158
307.126
307.129
307.101
307.103
307.077
307.079
307.056
307.058
307.037
307.039
307.021
307.022
307.007
307.008
306.995
306.996
306.985
306.986
306.977
306.978
306.972
306.973
306.969
306.969
306.97
306.97
306.969
306.969
307.507
307.476
307.446
307.418
307.392
307.368
307.346
307.326
307.309
307.293
307.28
307.268
307.259
307.252
307.247
307.245
307.244
307.245
307.245
307.245
307.245
307.245
307.507
307.476
307.446
307.418
307.392
307.368
307.346
307.326
307.309
307.293
307.28
307.268
307.259
307.252
307.247
307.245
307.244
307.244
307.244
307.268
307.225
307.189
307.157
307.129
307.102
307.079
307.057
307.038
307.022
307.007
306.995
306.985
306.977
306.972
306.969
307.242
307.212
307.182
307.153
307.126
307.1
307.077
307.056
307.037
307.02
307.006
306.994
306.984
306.976
306.971
306.969
306.968
306.968
306.968
306.968
)
;
        Tnbr            T;
        thicknessLayers 0();
        kappaLayers     0();
        kappaMethod     solidThermo;
        kappa           none;
        alphaAni        none;
        alpha           none;
    }
}


// ************************************************************************* //
