/*--------------------------------*- C++ -*----------------------------------*\
| =========                 |                                                 |
| \\      /  F ield         | OpenFOAM: The Open Source CFD Toolbox           |
|  \\    /   O peration     | Version:                                        |
|   \\  /    A nd           | Website:  www.openfoam.com                      |
|    \\/     M anipulation  |                                                 |
\*---------------------------------------------------------------------------*/
FoamFile
{
    version     2.0;
    format      ascii;
    class       volScalarField;
    location    "1913.0/air";
    object      T;
}
// * * * * * * * * * * * * * * * * * * * * * * * * * * * * * * * * * * * * * //

dimensions      [0 0 0 1 0 0 0];


internalField   nonuniform List<scalar> 
2228
(
307.262
307.328
307.382
307.429
307.198
307.262
307.326
307.387
307.155
307.216
307.285
307.353
307.121
307.181
307.252
307.324
307.092
307.152
307.223
307.297
307.065
307.125
307.197
307.272
307.041
307.099
307.172
307.249
307.017
307.072
307.145
307.226
306.993
307.039
307.115
307.204
306.965
306.994
307.074
307.179
306.926
306.919
307.009
307.147
306.863
306.764
306.887
307.1
306.74
306.416
306.636
307.017
306.515
305.749
306.158
306.874
306.131
304.799
305.493
306.683
305.351
303.72
304.814
306.385
307.429
307.382
307.327
307.262
307.387
307.324
307.26
307.197
307.352
307.282
307.213
307.154
307.322
307.247
307.176
307.119
307.294
307.217
307.144
307.089
307.268
307.188
307.114
307.061
307.243
307.158
307.084
307.034
307.219
307.126
307.05
307.008
307.193
307.086
307.007
306.979
307.162
307.029
306.943
306.944
307.123
306.941
306.841
306.895
307.066
306.795
306.668
306.82
306.983
306.549
306.379
306.705
306.861
306.141
305.924
306.531
306.645
305.457
305.25
306.285
306.07
304.326
304.254
305.782
299.152
302.787
303.864
301.723
295.65
299.945
300.117
296.832
296.023
298.649
297.274
294.237
296.572
297.534
295.407
293.06
296.622
296.886
294.807
292.942
296.297
296.71
295.123
293.456
295.768
296.566
295.619
294.072
295.322
296.322
295.932
294.437
295.06
296.011
296.189
295.023
294.768
295.533
296.107
295.828
294.172
294.698
295.35
295.738
293.732
293.89
294.233
294.693
293.712
293.73
293.777
293.91
293.799
293.832
293.857
293.847
293.955
293.995
293.97
293.904
294.13
294.1
294.095
294.165
294.291
294.288
294.342
294.44
294.439
294.481
294.528
294.558
294.452
294.515
294.555
294.563
294.252
294.289
294.313
294.315
300.409
300.684
301.477
301.605
295.397
295.263
295.199
295.016
293.178
292.999
292.884
292.786
292.397
292.335
292.337
292.352
292.399
292.369
292.431
292.511
292.753
292.608
292.66
292.764
293.135
292.836
292.861
292.961
293.307
292.971
293.019
293.104
293.661
293.081
293.071
293.165
294.905
293.958
293.398
293.211
295.684
295.26
294.674
294.112
295.112
295.345
295.327
295.075
294.178
294.546
294.9
295.094
293.839
293.984
294.376
294.85
293.899
294.12
294.565
294.981
294.33
294.569
294.775
294.807
294.525
294.534
294.423
294.202
294.521
294.387
294.177
293.956
294.523
294.431
294.306
294.196
294.309
294.295
294.273
294.254
301.269
301.208
301.17
294.89
294.824
294.758
292.731
292.695
292.662
292.374
292.395
292.42
292.581
292.636
292.692
292.85
292.908
292.962
293.035
293.078
293.112
293.147
293.168
293.181
293.204
293.216
293.221
293.206
293.221
293.236
293.764
293.586
293.465
294.785
294.535
294.283
295.119
295.033
294.878
295.117
295.176
295.103
295.116
295.054
294.856
294.659
294.464
294.226
293.992
293.858
293.755
293.824
293.766
293.738
294.136
294.106
294.087
294.222
294.203
294.194
301.14
301.122
301.101
294.711
294.685
294.659
292.641
292.63
292.62
292.439
292.45
292.462
292.73
292.75
292.77
292.995
293.012
293.027
293.13
293.138
293.145
293.186
293.188
293.189
293.222
293.222
293.222
293.244
293.248
293.251
293.412
293.39
293.371
294.124
294.049
293.979
294.749
294.673
294.595
294.978
294.894
294.798
294.656
294.543
294.425
294.06
293.98
293.907
293.706
293.688
293.677
293.735
293.737
293.741
294.077
294.073
294.071
294.195
294.196
294.198
301.052
300.961
300.842
294.606
294.523
294.431
292.601
292.574
292.55
292.487
292.526
292.571
292.809
292.864
292.917
293.054
293.088
293.114
293.155
293.164
293.169
293.189
293.188
293.185
293.222
293.22
293.219
293.256
293.262
293.267
293.343
293.321
293.313
293.856
293.694
293.559
294.439
294.183
293.92
294.59
294.243
293.92
294.199
293.907
293.705
293.799
293.699
293.661
293.673
293.689
293.721
293.754
293.779
293.807
294.069
294.067
294.067
294.199
294.196
294.183
300.623
300.283
300.159
299.8
294.284
294.05
293.757
293.403
292.523
292.502
292.507
292.559
292.64
292.739
292.845
292.951
292.983
293.056
293.109
293.142
293.14
293.158
293.162
293.158
293.169
293.164
293.157
293.152
293.181
293.177
293.176
293.178
293.219
293.222
293.228
293.238
293.274
293.283
293.294
293.309
293.315
293.33
293.349
293.37
293.423
293.369
293.384
293.418
293.612
293.43
293.424
293.472
293.601
293.47
293.496
293.553
293.569
293.571
293.628
293.684
293.673
293.737
293.806
293.867
293.776
293.848
293.916
293.979
293.846
293.892
293.936
293.978
294.071
294.076
294.083
294.09
294.164
294.156
294.15
294.155
298.977
297.997
296.945
295.935
293.077
292.908
292.882
293.04
292.666
292.816
292.983
293.125
293.043
293.111
293.151
293.165
293.157
293.159
293.154
293.149
293.152
293.146
293.143
293.143
293.149
293.15
293.151
293.154
293.183
293.188
293.195
293.202
293.248
293.26
293.273
293.286
293.325
293.343
293.362
293.38
293.394
293.419
293.445
293.469
293.455
293.49
293.523
293.55
293.522
293.566
293.6
293.626
293.603
293.642
293.672
293.693
293.729
293.762
293.784
293.798
293.918
293.96
293.994
294.021
294.036
294.088
294.135
294.175
294.018
294.056
294.092
294.125
294.098
294.106
294.116
294.125
294.155
294.144
294.137
294.131
292.881
292.869
292.865
292.859
292.854
292.849
292.846
292.845
292.847
292.851
292.858
292.863
292.866
292.863
292.852
292.832
292.802
292.741
292.407
294.438
292.885
292.87
292.867
292.861
292.856
292.852
292.85
292.85
292.854
292.862
292.871
292.88
292.885
292.884
292.876
292.859
292.834
292.8
292.514
294.375
292.898
292.877
292.872
292.866
292.862
292.859
292.858
292.862
292.87
292.883
292.898
292.912
292.922
292.926
292.923
292.911
292.891
292.897
292.67
294.376
292.918
292.888
292.882
292.876
292.872
292.87
292.872
292.88
292.893
292.912
292.934
292.954
292.969
292.977
292.979
292.974
292.957
292.989
292.787
294.404
292.945
292.903
292.896
292.889
292.886
292.886
292.891
292.903
292.921
292.946
292.974
292.998
293.015
293.026
293.031
293.032
293.018
293.057
292.858
294.437
292.977
292.922
292.912
292.906
292.903
292.905
292.913
292.929
292.952
292.981
293.011
293.036
293.053
293.065
293.071
293.075
293.066
293.104
292.901
294.468
293.012
292.944
292.929
292.923
292.922
292.926
292.937
292.956
292.982
293.012
293.041
293.065
293.081
293.092
293.098
293.104
293.098
293.134
292.929
294.494
293.047
292.97
292.946
292.941
292.941
292.947
292.961
292.981
293.008
293.038
293.064
293.085
293.1
293.11
293.117
293.124
293.119
293.154
292.949
294.517
293.08
292.999
292.965
292.958
292.959
292.967
292.982
293.003
293.029
293.056
293.08
293.099
293.113
293.123
293.13
293.137
293.134
293.169
292.964
294.537
293.109
293.03
292.985
292.974
292.976
292.984
293
293.021
293.045
293.07
293.091
293.109
293.122
293.132
293.14
293.148
293.146
293.181
292.976
294.555
293.13
293.063
293.008
292.991
292.991
292.999
293.014
293.034
293.057
293.079
293.099
293.116
293.129
293.14
293.148
293.158
293.157
293.191
292.985
294.572
293.142
293.093
293.034
293.009
293.005
293.013
293.027
293.045
293.066
293.087
293.106
293.122
293.135
293.147
293.157
293.168
293.168
293.202
292.994
294.588
293.148
293.117
293.061
293.029
293.02
293.025
293.037
293.054
293.074
293.094
293.112
293.128
293.141
293.154
293.165
293.177
293.179
293.213
293.001
294.604
293.15
293.134
293.088
293.052
293.038
293.039
293.048
293.064
293.082
293.101
293.119
293.134
293.148
293.161
293.173
293.187
293.189
293.224
293.008
294.618
293.15
293.143
293.112
293.076
293.057
293.054
293.061
293.074
293.091
293.109
293.126
293.141
293.154
293.168
293.182
293.196
293.192
293.235
293.015
294.632
293.151
293.149
293.129
293.099
293.079
293.072
293.076
293.086
293.101
293.118
293.133
293.147
293.161
293.176
293.19
293.203
293.181
293.241
293.021
294.644
293.153
293.153
293.141
293.119
293.1
293.091
293.092
293.1
293.113
293.127
293.141
293.154
293.168
293.183
293.199
293.199
293.146
293.235
293.024
294.652
293.156
293.158
293.15
293.134
293.119
293.11
293.108
293.114
293.124
293.136
293.148
293.161
293.175
293.191
293.204
293.176
293.083
293.204
293.02
294.658
293.163
293.168
293.159
293.146
293.133
293.125
293.123
293.126
293.134
293.144
293.155
293.168
293.183
293.198
293.203
293.127
293.008
293.152
293.006
294.651
293.175
293.183
293.17
293.156
293.145
293.137
293.134
293.136
293.143
293.152
293.163
293.175
293.19
293.205
293.188
293.059
292.942
293.1
292.989
294.688
293.218
293.241
293.212
293.184
293.168
293.16
293.158
293.16
293.165
293.172
293.181
293.192
293.205
293.202
293.105
292.91
292.864
293.044
292.997
294.073
293.3
293.37
293.311
293.25
293.219
293.205
293.2
293.199
293.201
293.205
293.21
293.218
293.222
293.152
292.934
292.773
292.844
293.027
293.371
293.761
293.363
293.474
293.388
293.31
293.283
293.271
293.261
293.249
293.239
293.232
293.23
293.234
293.214
293.079
292.868
292.845
292.906
292.934
293.29
293.839
293.398
293.538
293.429
293.359
293.36
293.365
293.348
293.31
293.271
293.246
293.238
293.241
293.215
293.085
292.942
292.997
293.034
292.822
292.881
294.138
293.414
293.568
293.462
293.417
293.455
293.489
293.485
293.424
293.329
293.265
293.245
293.248
293.233
293.146
293.048
293.111
293.228
293.036
292.739
294.045
293.424
293.583
293.505
293.488
293.539
293.588
293.612
293.59
293.488
293.34
293.262
293.259
293.256
293.212
293.153
293.187
293.321
293.329
293.014
293.593
293.442
293.589
293.56
293.562
293.604
293.645
293.671
293.681
293.639
293.502
293.338
293.273
293.278
293.265
293.241
293.279
293.377
293.427
293.311
293.509
293.473
293.596
293.615
293.634
293.665
293.695
293.716
293.723
293.716
293.642
293.476
293.325
293.292
293.304
293.311
293.352
293.418
293.462
293.459
293.746
293.509
293.616
293.659
293.689
293.722
293.755
293.777
293.78
293.767
293.73
293.608
293.428
293.317
293.32
293.347
293.381
293.425
293.469
293.508
293.885
293.55
293.652
293.701
293.745
293.791
293.829
293.852
293.853
293.829
293.791
293.705
293.543
293.383
293.324
293.347
293.375
293.415
293.472
293.522
293.807
293.577
293.692
293.762
293.821
293.864
293.892
293.908
293.913
293.889
293.844
293.775
293.643
293.478
293.367
293.345
293.365
293.412
293.479
293.546
293.66
293.601
293.744
293.829
293.879
293.896
293.906
293.919
293.933
293.926
293.887
293.826
293.723
293.58
293.456
293.399
293.401
293.442
293.504
293.573
293.632
293.634
293.802
293.878
293.891
293.88
293.89
293.912
293.933
293.941
293.913
293.861
293.781
293.671
293.566
293.505
293.494
293.521
293.568
293.626
293.674
293.661
293.848
293.897
293.875
293.859
293.878
293.906
293.928
293.935
293.916
293.877
293.819
293.743
293.669
293.621
293.607
293.622
293.661
293.711
293.748
293.696
293.879
293.907
293.872
293.857
293.866
293.881
293.897
293.898
293.885
293.86
293.821
293.771
293.726
293.702
293.707
293.743
293.794
293.822
293.846
293.728
293.904
293.932
293.902
293.893
293.896
293.89
293.88
293.875
293.873
293.869
293.862
293.863
293.881
293.917
293.953
293.965
293.949
293.88
293.976
293.744
293.921
293.973
293.973
293.993
294.036
294.088
294.133
294.154
294.15
294.135
294.124
294.129
294.146
294.151
294.12
294.052
293.949
293.885
294.117
293.732
293.915
294.006
294.045
294.076
294.083
294.058
294.028
294.027
294.062
294.112
294.151
294.165
294.153
294.111
294.044
293.958
293.87
293.867
294.152
293.699
293.848
293.948
293.992
293.991
293.945
293.87
293.807
293.796
293.842
293.909
293.959
293.983
294.003
294.027
294.056
294.08
294.079
294.076
294.212
293.617
293.644
293.679
293.718
293.734
293.716
293.685
293.625
293.563
293.555
293.622
293.709
293.751
293.784
293.827
293.863
293.921
293.972
294.042
294.122
294.386
292.591
292.597
292.779
292.937
292.987
292.991
292.991
292.991
292.991
292.999
293.028
293.085
293.134
293.149
293.15
293.15
293.15
293.15
293.15
294.364
292.733
292.647
292.777
292.927
292.988
292.995
292.994
292.993
292.993
293.001
293.031
293.089
293.137
293.149
293.15
293.15
293.15
293.15
293.15
294.393
292.851
292.754
292.826
292.936
292.993
293.001
292.999
292.997
292.997
293.005
293.04
293.1
293.142
293.15
293.15
293.15
293.15
293.15
293.15
294.44
292.9
292.869
292.909
292.967
293.004
293.01
293.006
293.003
293.002
293.014
293.055
293.115
293.146
293.15
293.15
293.15
293.15
293.15
293.15
294.49
292.921
292.973
292.992
293.005
293.019
293.02
293.015
293.009
293.01
293.027
293.075
293.128
293.149
293.15
293.15
293.15
293.15
293.15
293.15
294.541
292.938
293.056
293.054
293.039
293.036
293.031
293.023
293.016
293.019
293.045
293.096
293.139
293.15
293.15
293.15
293.15
293.15
293.15
293.15
294.593
292.955
293.111
293.09
293.064
293.051
293.041
293.031
293.024
293.032
293.066
293.116
293.145
293.15
293.15
293.15
293.15
293.15
293.15
293.15
294.646
292.973
293.133
293.105
293.08
293.064
293.05
293.037
293.033
293.048
293.088
293.131
293.149
293.15
293.15
293.15
293.15
293.15
293.15
293.15
294.702
292.987
293.14
293.108
293.089
293.072
293.056
293.043
293.043
293.067
293.108
293.141
293.15
293.15
293.15
293.15
293.15
293.15
293.15
293.15
294.758
292.997
293.141
293.108
293.093
293.077
293.061
293.05
293.057
293.087
293.124
293.146
293.151
293.15
293.15
293.15
293.15
293.15
293.15
293.15
294.813
293.005
293.141
293.106
293.095
293.08
293.064
293.058
293.074
293.106
293.136
293.149
293.15
293.15
293.15
293.15
293.15
293.15
293.15
293.15
294.866
293.011
293.14
293.105
293.095
293.08
293.068
293.07
293.091
293.121
293.143
293.15
293.15
293.15
293.15
293.15
293.15
293.15
293.15
293.15
294.917
293.015
293.141
293.104
293.094
293.081
293.074
293.084
293.108
293.133
293.147
293.15
293.15
293.15
293.15
293.15
293.15
293.15
293.15
293.15
294.966
293.018
293.141
293.104
293.095
293.085
293.084
293.099
293.122
293.141
293.149
293.15
293.15
293.15
293.15
293.15
293.15
293.15
293.15
293.15
295.01
293.019
293.143
293.105
293.098
293.091
293.097
293.113
293.133
293.146
293.15
293.15
293.15
293.15
293.15
293.15
293.15
293.15
293.15
293.15
295.049
293.019
293.146
293.109
293.103
293.101
293.11
293.125
293.14
293.148
293.15
293.15
293.15
293.15
293.15
293.15
293.15
293.15
293.15
293.15
295.081
293.019
293.149
293.114
293.111
293.112
293.122
293.135
293.145
293.15
293.15
293.15
293.15
293.15
293.15
293.15
293.15
293.15
293.15
293.15
295.108
293.017
293.153
293.12
293.121
293.123
293.132
293.141
293.148
293.15
293.15
293.15
293.15
293.15
293.15
293.15
293.15
293.15
293.15
293.15
295.116
293.016
293.158
293.126
293.129
293.132
293.139
293.146
293.149
293.15
293.15
293.15
293.15
293.15
293.15
293.15
293.15
293.15
293.15
293.15
295.181
293.016
293.161
293.132
293.136
293.138
293.144
293.148
293.15
293.15
293.15
293.15
293.15
293.15
293.151
293.152
293.151
293.151
293.15
293.15
294.165
293.028
293.165
293.141
293.146
293.146
293.148
293.149
293.149
293.148
293.148
293.148
293.149
293.152
293.158
293.163
293.162
293.156
293.15
293.149
293.502
293.092
293.159
293.146
293.149
293.148
293.148
293.148
293.147
293.148
293.152
293.162
293.182
293.217
293.26
293.289
293.28
293.231
293.172
293.145
293.241
293.13
293.154
293.149
293.151
293.15
293.151
293.152
293.155
293.162
293.179
293.213
293.272
293.356
293.445
293.5
293.488
293.402
293.265
293.151
293.161
293.149
293.159
293.16
293.163
293.165
293.167
293.171
293.179
293.195
293.228
293.289
293.387
293.514
293.636
293.722
293.746
293.672
293.476
293.213
293.148
293.159
293.166
293.175
293.184
293.192
293.2
293.208
293.218
293.238
293.281
293.366
293.499
293.653
293.79
293.902
293.969
293.929
293.723
293.336
293.147
293.157
293.165
293.174
293.183
293.193
293.209
293.231
293.255
293.279
293.328
293.433
293.598
293.766
293.899
294.001
294.068
294.06
293.894
293.44
293.164
293.182
293.202
293.22
293.23
293.228
293.219
293.22
293.253
293.306
293.369
293.495
293.685
293.855
293.963
294.024
294.05
294.076
293.987
293.514
293.226
293.271
293.315
293.344
293.351
293.335
293.298
293.256
293.249
293.318
293.405
293.555
293.762
293.917
293.982
293.994
294.006
294.053
294.027
293.557
293.325
293.39
293.437
293.462
293.465
293.441
293.388
293.324
293.286
293.325
293.444
293.617
293.825
293.949
293.97
293.963
293.985
294.036
294.038
293.576
293.429
293.496
293.53
293.551
293.554
293.53
293.477
293.408
293.356
293.376
293.497
293.676
293.87
293.959
293.957
293.956
293.976
294.016
294.043
293.605
293.521
293.581
293.605
293.628
293.645
293.648
293.622
293.552
293.471
293.456
293.553
293.723
293.895
293.96
293.954
293.969
293.976
293.991
294.043
293.637
293.601
293.651
293.674
293.714
293.772
293.836
293.864
293.806
293.674
293.566
293.595
293.746
293.902
293.958
293.96
293.983
293.99
293.973
294.037
293.697
293.671
293.717
293.748
293.814
293.925
294.064
294.163
294.149
294.005
293.794
293.65
293.724
293.879
293.947
293.966
293.988
293.997
293.973
294.02
293.766
293.732
293.78
293.824
293.905
294.037
294.212
294.363
294.404
294.322
294.136
293.873
293.689
293.813
293.906
293.953
293.981
293.994
293.972
294.003
293.823
293.815
293.836
293.866
293.951
294.055
294.201
294.345
294.397
294.366
294.303
294.186
293.909
293.745
293.815
293.896
293.948
293.976
293.964
293.988
293.863
294.071
294.115
294.011
293.948
293.983
294.07
294.166
294.226
294.214
294.163
294.192
294.151
293.849
293.758
293.815
293.888
293.939
293.946
293.974
293.865
294.269
294.407
294.459
294.334
294.123
294
293.994
294.042
294.068
294.027
294.003
294.104
294.032
293.826
293.781
293.836
293.9
293.923
293.961
293.862
294.202
294.297
294.392
294.463
294.394
294.204
294.038
293.974
293.967
293.924
293.871
293.961
294.031
293.908
293.807
293.82
293.872
293.899
293.949
293.872
294.15
294.2
294.294
294.409
294.444
294.33
294.142
293.986
293.896
293.803
293.747
293.859
293.981
293.939
293.861
293.849
293.876
293.897
293.941
293.851
294.176
294.125
294.049
294.001
293.977
293.88
293.815
293.76
293.7
293.631
293.631
293.73
293.81
293.8
293.774
293.77
293.78
293.785
293.802
293.716
)
;

boundaryField
{
    left_open
    {
        type            inletOutlet;
        inletValue      uniform 293.15;
        value           nonuniform List<scalar> 
40
(
292.881
292.885
292.898
292.918
292.945
292.977
293.012
293.047
293.08
293.109
293.15
293.15
293.15
293.15
293.15
293.15
293.15
293.15
293.15
293.15
293.15
293.299
293.15
293.15
293.15
293.15
293.442
293.472
293.15
293.548
293.575
293.598
293.63
293.15
293.69
293.723
293.739
293.728
293.697
293.62
)
;
    }
    right_open
    {
        type            inletOutlet;
        inletValue      uniform 293.15;
        value           nonuniform List<scalar> 
40
(
293.15
293.15
293.15
293.15
293.15
293.15
293.15
293.15
293.15
293.15
293.15
293.15
293.15
293.15
293.15
293.15
293.15
293.15
293.15
293.15
293.15
293.15
293.15
293.15
293.15
293.15
293.15
293.15
293.15
293.603
293.15
293.15
293.15
293.15
293.86
293.863
293.15
293.871
293.849
293.718
)
;
    }
    base_side
    {
        type            zeroGradient;
    }
    top
    {
        type            inletOutlet;
        inletValue      uniform 293.15;
        value           nonuniform List<scalar> 
65
(
293.15
293.64
293.675
293.715
293.733
293.15
293.687
293.15
293.567
293.552
293.15
293.702
293.744
293.15
293.819
293.15
293.911
293.15
294.032
293.15
294.212
294.249
294.279
294.286
294.287
294.281
294.266
294.251
294.214
294.197
294.192
294.196
294.199
294.201
294.202
294.197
293.15
294.156
294.157
294.149
294.16
294.157
293.15
293.15
293.15
294.184
293.15
293.15
293.995
293.971
293.15
293.807
293.15
293.698
293.15
293.632
293.15
293.809
293.796
293.772
293.768
293.778
293.15
293.799
293.15
)
;
    }
    front
    {
        type            empty;
    }
    back
    {
        type            empty;
    }
    air_to_aluminum
    {
        type            compressible::turbulentTemperatureCoupledBaffleMixed;
        refValue        nonuniform List<scalar> 
129
(
307.253
307.245
307.23
307.209
307.324
307.375
307.421
307.458
307.458
307.421
307.375
307.324
307.253
307.245
307.23
307.209
307.182
307.208
307.153
307.165
307.123
307.129
307.094
307.097
307.066
307.069
307.041
307.043
307.017
307.019
306.996
306.997
306.977
306.978
306.961
306.962
306.946
306.947
306.934
306.935
306.924
306.925
306.917
306.918
306.912
306.913
306.909
306.909
306.91
306.91
306.91
306.91
307.447
307.416
307.386
307.358
307.332
307.308
307.286
307.266
307.248
307.233
307.219
307.208
307.199
307.192
307.187
307.184
307.184
307.184
307.184
307.184
307.184
307.184
307.447
307.416
307.386
307.358
307.332
307.308
307.286
307.266
307.248
307.233
307.219
307.208
307.199
307.192
307.187
307.184
307.184
307.184
307.184
307.208
307.165
307.129
307.097
307.068
307.042
307.019
306.997
306.978
306.961
306.947
306.935
306.925
306.917
306.912
306.909
307.182
307.152
307.123
307.094
307.066
307.041
307.017
306.996
306.977
306.96
306.946
306.934
306.924
306.916
306.911
306.909
306.909
306.908
306.908
306.908
)
;
        refGradient     uniform 0;
        valueFraction   nonuniform List<scalar> 
129
(
0.999971
0.999971
0.999971
0.999971
0.999855
0.999855
0.999855
0.999855
0.999855
0.999855
0.999855
0.999855
0.999971
0.999971
0.999971
0.999971
0.999971
0.999855
0.999971
0.999855
0.999971
0.999855
0.999971
0.999855
0.999971
0.999855
0.999971
0.999855
0.999971
0.999855
0.999971
0.999855
0.999971
0.999855
0.999971
0.999855
0.999971
0.999855
0.999971
0.999855
0.999971
0.999855
0.999971
0.999855
0.999971
0.999855
0.999964
0.999971
0.999964
0.999964
0.999855
0.999964
0.999918
0.999918
0.999918
0.999918
0.999918
0.999918
0.999918
0.999918
0.999918
0.999918
0.999918
0.999918
0.999918
0.999918
0.999918
0.999918
0.999964
0.999964
0.999964
0.999964
0.999964
0.999964
0.999918
0.999918
0.999918
0.999918
0.999918
0.999918
0.999918
0.999918
0.999918
0.999918
0.999918
0.999918
0.999918
0.999918
0.999918
0.999964
0.999964
0.999918
0.999964
0.999855
0.999855
0.999855
0.999855
0.999855
0.999855
0.999855
0.999855
0.999855
0.999855
0.999855
0.999855
0.999855
0.999855
0.999855
0.999855
0.999971
0.999971
0.999971
0.999971
0.999971
0.999971
0.999971
0.999971
0.999971
0.999971
0.999971
0.999971
0.999971
0.999971
0.999971
0.999964
0.999964
0.999964
0.999964
0.999971
)
;
        value           nonuniform List<scalar> 
129
(
307.252
307.245
307.23
307.209
307.324
307.375
307.421
307.458
307.458
307.421
307.375
307.324
307.252
307.245
307.23
307.208
307.182
307.208
307.152
307.165
307.122
307.129
307.093
307.097
307.066
307.069
307.04
307.043
307.017
307.019
306.996
306.997
306.977
306.978
306.96
306.962
306.946
306.947
306.934
306.935
306.924
306.925
306.917
306.918
306.911
306.913
306.909
306.909
306.909
306.91
306.91
306.91
307.447
307.416
307.386
307.358
307.332
307.308
307.286
307.266
307.248
307.233
307.219
307.208
307.199
307.192
307.187
307.184
307.184
307.184
307.184
307.184
307.184
307.184
307.447
307.416
307.386
307.358
307.332
307.308
307.286
307.266
307.248
307.233
307.219
307.208
307.199
307.192
307.187
307.184
307.184
307.184
307.184
307.208
307.165
307.129
307.097
307.068
307.042
307.019
306.997
306.978
306.961
306.947
306.935
306.925
306.917
306.912
306.909
307.182
307.152
307.122
307.093
307.066
307.04
307.017
306.996
306.977
306.96
306.946
306.933
306.924
306.916
306.911
306.908
306.908
306.908
306.907
306.908
)
;
        Tnbr            T;
        thicknessLayers 0();
        kappaLayers     0();
        kappaMethod     fluidThermo;
        kappa           none;
        alphaAni        none;
        alpha           none;
    }
}


// ************************************************************************* //
