/*--------------------------------*- C++ -*----------------------------------*\
| =========                 |                                                 |
| \\      /  F ield         | OpenFOAM: The Open Source CFD Toolbox           |
|  \\    /   O peration     | Version:                                        |
|   \\  /    A nd           | Website:  www.openfoam.com                      |
|    \\/     M anipulation  |                                                 |
\*---------------------------------------------------------------------------*/
FoamFile
{
    version     2.0;
    format      ascii;
    class       volVectorField;
    location    "1913.0/air";
    object      U;
}
// * * * * * * * * * * * * * * * * * * * * * * * * * * * * * * * * * * * * * //

dimensions      [0 1 -1 0 0 0 0];


internalField   nonuniform List<vector> 
2228
(
(0.000279487 -0.000273568 0)
(0.000854646 -0.000126137 0)
(0.000871524 0.000129814 0)
(0.00029118 0.000275294 0)
(0.000215885 -0.000909306 0)
(0.000860126 -0.000547663 0)
(0.000932238 0.000495098 0)
(0.000264323 0.000938408 0)
(0.000120652 -0.00134853 0)
(0.000539362 -0.00086757 0)
(0.000604479 0.000770862 0)
(0.000154208 0.00143256 0)
(6.06365e-05 -0.00159756 0)
(0.000290175 -0.00105805 0)
(0.000332048 0.000939042 0)
(7.73819e-05 0.00172167 0)
(2.58369e-05 -0.0017201 0)
(0.000142659 -0.00116101 0)
(0.000175018 0.00102313 0)
(3.9859e-05 0.0018678 0)
(1.15929e-06 -0.00177026 0)
(6.24514e-05 -0.00122553 0)
(0.000107778 0.00105666 0)
(2.81674e-05 0.0019484 0)
(-2.3746e-05 -0.00177717 0)
(1.81641e-05 -0.00128903 0)
(0.000106041 0.00105941 0)
(3.59576e-05 0.00201702 0)
(-5.55931e-05 -0.00174752 0)
(-5.85281e-06 -0.00138883 0)
(0.000163922 0.00103653 0)
(6.37074e-05 0.00211507 0)
(-0.000108208 -0.00167275 0)
(-1.90039e-05 -0.00157683 0)
(0.000302345 0.000983547 0)
(0.000122075 0.00229257 0)
(-0.000200549 -0.00153151 0)
(-1.66131e-05 -0.00193679 0)
(0.000575136 0.000891588 0)
(0.000233321 0.00263141 0)
(-0.000358191 -0.0012832 0)
(2.01479e-05 -0.00261302 0)
(0.00107518 0.000753874 0)
(0.000438447 0.00327518 0)
(-0.000587132 -0.00089927 0)
(0.000150671 -0.00385933 0)
(0.00189747 0.000564334 0)
(0.000790594 0.00445066 0)
(-0.000744568 -0.000504836 0)
(0.000558953 -0.00602911 0)
(0.00298272 0.00029448 0)
(0.00129741 0.00638119 0)
(-0.000399774 -0.000394599 0)
(0.00139953 -0.00899845 0)
(0.00380759 5.07223e-05 0)
(0.00171455 0.00894603 0)
(0.000850441 -0.00153832 0)
(0.00173161 -0.0111457 0)
(0.00288366 0.000235208 0)
(0.00119566 0.0113508 0)
(0.00180635 -0.00199769 0)
(-0.00103524 -0.0105789 0)
(-0.00211236 0.00334845 0)
(-0.00107519 0.0120635 0)
(-0.00029418 0.000277903 0)
(-0.00087481 0.000128899 0)
(-0.000851004 -0.000127192 0)
(-0.000276911 -0.000270795 0)
(-0.000269606 0.000945752 0)
(-0.000939339 0.000487736 0)
(-0.000855015 -0.000555773 0)
(-0.000212536 -0.000901607 0)
(-0.000160692 0.00144879 0)
(-0.000614862 0.000756893 0)
(-0.000533327 -0.000884548 0)
(-0.000116403 -0.00133307 0)
(-8.58018e-05 0.00175032 0)
(-0.000347051 0.000916426 0)
(-0.000282038 -0.00108821 0)
(-5.43262e-05 -0.001572 0)
(-5.09756e-05 0.00191355 0)
(-0.000196176 0.000988833 0)
(-0.000130427 -0.00120925 0)
(-1.53987e-05 -0.00168109 0)
(-4.35152e-05 0.00201711 0)
(-0.000136998 0.00100687 0)
(-4.36835e-05 -0.00129716 0)
(1.47529e-05 -0.00171473 0)
(-5.65031e-05 0.00211618 0)
(-0.000144183 0.000987927 0)
(7.73775e-06 -0.00139226 0)
(4.38851e-05 -0.00169755 0)
(-9.08764e-05 0.00225419 0)
(-0.000210387 0.000933289 0)
(4.67603e-05 -0.00153401 0)
(8.24156e-05 -0.00163256 0)
(-0.000154628 0.00248015 0)
(-0.000344214 0.000830845 0)
(9.30659e-05 -0.00176994 0)
(0.00014199 -0.00150689 0)
(-0.000261148 0.00285919 0)
(-0.000555361 0.000651431 0)
(0.00017624 -0.0021643 0)
(0.000235008 -0.00128641 0)
(-0.000424247 0.00346968 0)
(-0.000823133 0.000336165 0)
(0.000361117 -0.00279874 0)
(0.000376434 -0.000909001 0)
(-0.000640765 0.00435515 0)
(-0.00103066 -0.000264202 0)
(0.000766783 -0.00373538 0)
(0.000576848 -0.000280475 0)
(-0.000840209 0.00538343 0)
(-0.000796938 -0.00139989 0)
(0.00150571 -0.00485045 0)
(0.000840438 0.000860866 0)
(-0.000753446 0.00615531 0)
(0.000516718 -0.00321377 0)
(0.00239909 -0.00577364 0)
(0.00115995 0.00261827 0)
(6.3158e-05 0.00572638 0)
(0.00250782 -0.00502188 0)
(0.0021727 -0.00597706 0)
(0.00110342 0.00494802 0)
(0.0011496 0.00404916 0)
(0.00173059 -0.00533399 0)
(-0.00159881 -0.00480173 0)
(-0.000829871 0.00281848 0)
(0.0211376 0.0576578 0)
(0.00439722 0.0358824 0)
(-0.0113765 0.0191544 0)
(-0.0152001 0.000858178 0)
(0.00530583 0.0852065 0)
(-0.00969336 0.0774355 0)
(-0.01947 0.0526255 0)
(-0.0230993 0.0173255 0)
(-0.0163444 0.10688 0)
(-0.0241276 0.105928 0)
(-0.0280967 0.0717797 0)
(-0.0293546 0.0316843 0)
(-0.0250996 0.126651 0)
(-0.0300433 0.120253 0)
(-0.0321878 0.0757128 0)
(-0.0318865 0.0330695 0)
(-0.0201817 0.140975 0)
(-0.0249134 0.13158 0)
(-0.0284674 0.079798 0)
(-0.0296997 0.0309359 0)
(-0.00951311 0.148685 0)
(-0.0131677 0.148067 0)
(-0.0190318 0.0980701 0)
(-0.0230833 0.0419378 0)
(-0.00315706 0.148087 0)
(-0.0040396 0.163146 0)
(-0.0107898 0.123416 0)
(-0.0164187 0.0632169 0)
(-0.00268928 0.142835 0)
(-0.00066223 0.172627 0)
(-0.00657542 0.146538 0)
(-0.0140651 0.0827505 0)
(-0.00339318 0.131307 0)
(0.00261491 0.173886 0)
(0.00175589 0.171617 0)
(-0.0064431 0.11666 0)
(-0.00514916 0.100179 0)
(0.00712906 0.150775 0)
(0.0153269 0.177584 0)
(0.0145763 0.161781 0)
(-0.00885115 0.0492699 0)
(0.00491192 0.0920757 0)
(0.0200679 0.134922 0)
(0.0309872 0.157556 0)
(-0.00097298 0.0190259 0)
(0.00525104 0.0364215 0)
(0.0158742 0.0660833 0)
(0.0290901 0.0991692 0)
(0.0192325 0.0142637 0)
(0.0203982 0.022067 0)
(0.0230982 0.0343854 0)
(0.0280596 0.0532533 0)
(0.0326122 0.0102785 0)
(0.0331242 0.0184398 0)
(0.0324485 0.0304697 0)
(0.0309345 0.0453027 0)
(0.0268528 0.0122043 0)
(0.0246842 0.0255003 0)
(0.0197602 0.0430283 0)
(0.0140572 0.0617661 0)
(-5.70638e-05 0.0342227 0)
(-0.0075 0.0531045 0)
(-0.0149079 0.0743123 0)
(-0.0224151 0.0969007 0)
(-0.0317836 0.0638399 0)
(-0.0382463 0.0843241 0)
(-0.043667 0.103606 0)
(-0.0480743 0.120539 0)
(-0.0470833 0.0760995 0)
(-0.0476681 0.0950964 0)
(-0.0469651 0.109747 0)
(-0.044936 0.11897 0)
(-0.0577007 0.0729433 0)
(-0.0499247 0.0866284 0)
(-0.0410372 0.0965979 0)
(-0.031094 0.101283 0)
(-0.0731515 0.0151402 0)
(-0.062222 0.0205288 0)
(-0.0507372 0.0173814 0)
(-0.0380121 0.0236473 0)
(-0.0158333 -0.00862961 0)
(-0.0173307 -0.00622182 0)
(-0.0172424 -0.000269376 0)
(-0.0157939 -0.000486044 0)
(-0.0269915 0.00466157 0)
(-0.0304734 0.00565544 0)
(-0.0327879 0.00662401 0)
(-0.0347313 0.00631961 0)
(-0.0306121 0.0180345 0)
(-0.0316544 0.015801 0)
(-0.0325746 0.0141466 0)
(-0.0335393 0.0129654 0)
(-0.0308749 0.0181463 0)
(-0.0295447 0.0154406 0)
(-0.0286201 0.0146795 0)
(-0.028315 0.0145819 0)
(-0.0296162 0.0105938 0)
(-0.0283837 0.00749032 0)
(-0.027316 0.00984826 0)
(-0.0269942 0.013027 0)
(-0.0254037 0.0114509 0)
(-0.0261082 0.00436884 0)
(-0.0264919 0.00841692 0)
(-0.0271581 0.0142449 0)
(-0.0197181 0.0225609 0)
(-0.0220105 0.010149 0)
(-0.0240924 0.0137891 0)
(-0.026019 0.019741 0)
(-0.0190057 0.0337577 0)
(-0.0223883 0.0197778 0)
(-0.0241607 0.0237173 0)
(-0.0256471 0.0280378 0)
(-0.0164813 0.0543754 0)
(-0.0258337 0.0259189 0)
(-0.0293665 0.0254861 0)
(-0.0292873 0.0305906 0)
(0.00660771 0.116581 0)
(-0.00726664 0.068281 0)
(-0.0196607 0.0362654 0)
(-0.0262674 0.0235069 0)
(0.034675 0.155137 0)
(0.0297831 0.132863 0)
(0.0183437 0.100511 0)
(0.00500132 0.0673319 0)
(0.0409106 0.125883 0)
(0.0477329 0.139792 0)
(0.0476234 0.138454 0)
(0.0408486 0.12273 0)
(0.0352738 0.0784085 0)
(0.0429696 0.105549 0)
(0.0483363 0.127776 0)
(0.0482394 0.137387 0)
(0.0297825 0.0629908 0)
(0.0294891 0.0867459 0)
(0.0298064 0.116903 0)
(0.0281626 0.142999 0)
(0.00748211 0.082858 0)
(0.000683161 0.110276 0)
(-0.00399924 0.140685 0)
(-0.00647337 0.16208 0)
(-0.0295786 0.119889 0)
(-0.034488 0.140772 0)
(-0.0350861 0.154157 0)
(-0.0311062 0.154277 0)
(-0.0503187 0.132056 0)
(-0.0491048 0.135255 0)
(-0.0440194 0.128847 0)
(-0.0358131 0.114456 0)
(-0.0412594 0.120196 0)
(-0.0356633 0.112481 0)
(-0.0285101 0.0976871 0)
(-0.0210037 0.0804398 0)
(-0.0204598 0.100864 0)
(-0.0101022 0.0934803 0)
(-0.000875963 0.0816077 0)
(0.0068067 0.0688246 0)
(-0.0249406 0.0133379 0)
(-0.0116097 0.0133152 0)
(0.000429344 0.00984746 0)
(0.0111891 0.00563376 0)
(-0.0158469 -0.00427981 0)
(-0.015806 -0.00420183 0)
(-0.0159806 -0.00388994 0)
(-0.0363852 0.00626288 0)
(-0.037603 0.00659636 0)
(-0.0388047 0.00704343 0)
(-0.0343554 0.0126256 0)
(-0.0349729 0.0126472 0)
(-0.0356111 0.0128172 0)
(-0.0284005 0.0149247 0)
(-0.0286231 0.0153711 0)
(-0.028977 0.0158772 0)
(-0.0271307 0.0152877 0)
(-0.0274239 0.01678 0)
(-0.0278401 0.0180996 0)
(-0.0278015 0.0178513 0)
(-0.0283637 0.0198647 0)
(-0.0289305 0.0214642 0)
(-0.0272492 0.0229605 0)
(-0.0280256 0.0244702 0)
(-0.0286843 0.0254849 0)
(-0.0267402 0.0292779 0)
(-0.0273332 0.029465 0)
(-0.0277996 0.0293021 0)
(-0.028686 0.0318527 0)
(-0.0282879 0.0314642 0)
(-0.027908 0.0305863 0)
(-0.028024 0.0223301 0)
(-0.028305 0.0229349 0)
(-0.0280344 0.023396 0)
(-0.00434996 0.0446406 0)
(-0.00918992 0.0318079 0)
(-0.0130263 0.022595 0)
(0.0324537 0.103976 0)
(0.0255097 0.0867869 0)
(0.0185234 0.0689256 0)
(0.0441976 0.136022 0)
(0.0395265 0.127961 0)
(0.0338764 0.114932 0)
(0.0248998 0.154313 0)
(0.0222361 0.153598 0)
(0.0197015 0.14441 0)
(-0.00694312 0.166214 0)
(-0.00578525 0.159122 0)
(-0.00339864 0.143772 0)
(-0.0255208 0.143425 0)
(-0.020966 0.129982 0)
(-0.0160103 0.113952 0)
(-0.0284173 0.100011 0)
(-0.0238608 0.0904533 0)
(-0.0197386 0.0827027 0)
(-0.0157835 0.0687803 0)
(-0.0126247 0.062531 0)
(-0.00991737 0.0584045 0)
(0.0120359 0.0604433 0)
(0.015538 0.0554771 0)
(0.0188167 0.0513588 0)
(0.0186201 0.00888995 0)
(0.0228078 0.00795007 0)
(0.0264088 0.00533461 0)
(-0.0161634 -0.003619 0)
(-0.0162581 -0.00342466 0)
(-0.0163668 -0.0031652 0)
(-0.0396082 0.00737697 0)
(-0.0400158 0.00756419 0)
(-0.0404357 0.00774061 0)
(-0.0360296 0.0129516 0)
(-0.0362532 0.0130379 0)
(-0.0364692 0.0131015 0)
(-0.0292084 0.0161982 0)
(-0.0293694 0.0163958 0)
(-0.0295132 0.0165826 0)
(-0.0280641 0.0188457 0)
(-0.0282287 0.0192319 0)
(-0.0283764 0.0195807 0)
(-0.0291886 0.0222819 0)
(-0.0293676 0.0226484 0)
(-0.0295314 0.02294 0)
(-0.0289559 0.0258919 0)
(-0.0291255 0.0260179 0)
(-0.0292686 0.0260633 0)
(-0.0279672 0.0290269 0)
(-0.0280709 0.0288238 0)
(-0.0281355 0.0285742 0)
(-0.0276161 0.0298358 0)
(-0.0274874 0.0294288 0)
(-0.0273322 0.0290168 0)
(-0.0274551 0.0233373 0)
(-0.0271785 0.0232134 0)
(-0.0268221 0.0230186 0)
(-0.0147368 0.0185608 0)
(-0.0156723 0.0168732 0)
(-0.0160731 0.0154499 0)
(0.0145022 0.0570759 0)
(0.0122571 0.0513174 0)
(0.0103958 0.0460721 0)
(0.0303932 0.104149 0)
(0.0283162 0.0977414 0)
(0.0265122 0.0913461 0)
(0.01862 0.1336 0)
(0.0175817 0.126479 0)
(0.0172437 0.119087 0)
(-0.00209126 0.1295 0)
(-0.00118378 0.121472 0)
(-0.000492976 0.113283 0)
(-0.0131744 0.102602 0)
(-0.0116149 0.0968878 0)
(-0.0110016 0.091218 0)
(-0.0172312 0.0784775 0)
(-0.016005 0.0764009 0)
(-0.0153502 0.0741253 0)
(-0.00825834 0.056976 0)
(-0.00748148 0.0562438 0)
(-0.00674523 0.0551939 0)
(0.0209269 0.0490147 0)
(0.0223631 0.0478605 0)
(0.0234304 0.0467804 0)
(0.028917 0.00401997 0)
(0.0305326 0.0035935 0)
(0.0315059 0.00280257 0)
(-0.0166418 -0.00265283 0)
(-0.0170862 -0.00189438 0)
(-0.0173386 -0.00102132 0)
(-0.0411863 0.00818465 0)
(-0.0423187 0.00890513 0)
(-0.04345 0.00974181 0)
(-0.0369053 0.0133482 0)
(-0.0375292 0.0137436 0)
(-0.0381569 0.0142015 0)
(-0.0298577 0.0169862 0)
(-0.0303196 0.0174783 0)
(-0.0308302 0.0179449 0)
(-0.0287516 0.0202329 0)
(-0.0291651 0.0209609 0)
(-0.0296389 0.0215179 0)
(-0.0298926 0.0234489 0)
(-0.0302058 0.0239585 0)
(-0.0305265 0.0242181 0)
(-0.0295949 0.0260968 0)
(-0.0298159 0.026002 0)
(-0.0300167 0.0257112 0)
(-0.0283285 0.0280561 0)
(-0.0283844 0.0272693 0)
(-0.0284156 0.0264276 0)
(-0.0271485 0.0281588 0)
(-0.0267357 0.0268844 0)
(-0.0263761 0.0256594 0)
(-0.026239 0.0225618 0)
(-0.0251116 0.0218206 0)
(-0.0241168 0.0209621 0)
(-0.0171298 0.0134325 0)
(-0.0174508 0.0120591 0)
(-0.0173421 0.0116279 0)
(0.00680343 0.0371295 0)
(0.00290248 0.0261425 0)
(-0.000119782 0.0178935 0)
(0.0229565 0.0794152 0)
(0.0186769 0.061898 0)
(0.0145884 0.0454771 0)
(0.0165057 0.104525 0)
(0.0149 0.0822838 0)
(0.013124 0.0628112 0)
(0.00116674 0.0984145 0)
(0.00182098 0.0798023 0)
(0.00219655 0.0669089 0)
(-0.00914774 0.0826877 0)
(-0.00784174 0.0743236 0)
(-0.00730346 0.0694916 0)
(-0.0138724 0.0710968 0)
(-0.0121243 0.0689167 0)
(-0.0108959 0.0676994 0)
(-0.00518397 0.0533953 0)
(-0.00282671 0.0520557 0)
(-0.000542094 0.051206 0)
(0.0258086 0.0444618 0)
(0.0286565 0.0420793 0)
(0.0315079 0.0404775 0)
(0.0339158 0.00081772 0)
(0.0377489 0.00109723 0)
(0.0389667 0.0209193 0)
(-0.017809 0.000285689 0)
(-0.0201973 0.00191178 0)
(-0.0227788 0.00737856 0)
(-0.0247069 0.0140008 0)
(-0.0450594 0.0111175 0)
(-0.0470459 0.0131443 0)
(-0.0484629 0.0156244 0)
(-0.0493356 0.0182297 0)
(-0.038992 0.0149265 0)
(-0.039916 0.0158698 0)
(-0.0405688 0.0168087 0)
(-0.0409391 0.0176232 0)
(-0.0315296 0.0185325 0)
(-0.0323516 0.0191093 0)
(-0.0330691 0.0195165 0)
(-0.0336637 0.0197338 0)
(-0.0302617 0.0220438 0)
(-0.0309314 0.0223296 0)
(-0.0314698 0.0222622 0)
(-0.0318688 0.0219222 0)
(-0.0308803 0.0242683 0)
(-0.0311343 0.0239439 0)
(-0.0312591 0.0233004 0)
(-0.0312773 0.0224715 0)
(-0.0301992 0.0251047 0)
(-0.0302328 0.0241405 0)
(-0.0301683 0.0230575 0)
(-0.030035 0.0219431 0)
(-0.0283878 0.0252434 0)
(-0.0282038 0.0237872 0)
(-0.0279654 0.0224214 0)
(-0.0276926 0.0211438 0)
(-0.0259041 0.0240981 0)
(-0.0252585 0.0223528 0)
(-0.0246389 0.0208693 0)
(-0.0240491 0.0195743 0)
(-0.0228807 0.0197447 0)
(-0.0214804 0.0183496 0)
(-0.0203129 0.0172291 0)
(-0.019331 0.0163574 0)
(-0.0164135 0.0116075 0)
(-0.0150428 0.0119172 0)
(-0.0139088 0.0121712 0)
(-0.0130994 0.0124657 0)
(-0.00218198 0.0111679 0)
(-0.00341373 0.0098338 0)
(-0.00420377 0.0111403 0)
(-0.00506254 0.0125768 0)
(0.0108672 0.0286724 0)
(0.00690422 0.0201259 0)
(0.00342489 0.0197282 0)
(0.000307621 0.0208862 0)
(0.0106837 0.0449463 0)
(0.00633813 0.0367372 0)
(0.00195764 0.0354188 0)
(-0.00203085 0.0349635 0)
(0.000592698 0.0571812 0)
(-0.00256343 0.0530702 0)
(-0.00596319 0.0511252 0)
(-0.00916038 0.049145 0)
(-0.00797938 0.0660253 0)
(-0.00913918 0.0637036 0)
(-0.0105146 0.0613717 0)
(-0.0118649 0.058659 0)
(-0.00952203 0.0664782 0)
(-0.00778462 0.0650089 0)
(-0.00615214 0.0631248 0)
(-0.00459275 0.0608382 0)
(0.00283881 0.0503096 0)
(0.0072019 0.0491828 0)
(0.0115082 0.0479583 0)
(0.0156714 0.0465685 0)
(0.035235 0.0381374 0)
(0.0398484 0.0356694 0)
(0.0444412 0.033894 0)
(0.0488338 0.0323112 0)
(0.0388328 0.0112043 0)
(0.0428058 0.00807799 0)
(0.0469228 0.00650836 0)
(0.0512707 0.00751073 0)
(-0.0287224 0.0215854 0)
(-0.0362052 0.0294286 0)
(-0.0452613 0.0383659 0)
(-0.0472161 0.0459191 0)
(-0.0500664 0.0209365 0)
(-0.0506714 0.0233469 0)
(-0.0502905 0.0253589 0)
(-0.0472566 0.0260472 0)
(-0.0410076 0.0181846 0)
(-0.0406431 0.0184176 0)
(-0.0395334 0.0183075 0)
(-0.0377738 0.0177741 0)
(-0.0341356 0.019752 0)
(-0.0344449 0.0195883 0)
(-0.0344974 0.0192332 0)
(-0.0343506 0.0185847 0)
(-0.0321429 0.0213814 0)
(-0.0322974 0.0207045 0)
(-0.0323464 0.0199243 0)
(-0.0323555 0.0190246 0)
(-0.0312164 0.0215358 0)
(-0.0310872 0.0205395 0)
(-0.0309094 0.0195007 0)
(-0.0307344 0.0184246 0)
(-0.0298606 0.0208236 0)
(-0.0296523 0.0197022 0)
(-0.0294179 0.0185714 0)
(-0.0291861 0.0174301 0)
(-0.0274076 0.0199296 0)
(-0.0271174 0.0187546 0)
(-0.0268252 0.0176003 0)
(-0.0265401 0.016461 0)
(-0.0235127 0.0184027 0)
(-0.0230384 0.0173052 0)
(-0.0226163 0.0162432 0)
(-0.0222348 0.015193 0)
(-0.018536 0.0156491 0)
(-0.017925 0.0150256 0)
(-0.0174632 0.0144155 0)
(-0.0171078 0.0137468 0)
(-0.0125904 0.0127984 0)
(-0.01234 0.0131025 0)
(-0.0122963 0.0133147 0)
(-0.0123834 0.0133466 0)
(-0.00603118 0.0137937 0)
(-0.00705864 0.0147386 0)
(-0.00814136 0.0154346 0)
(-0.00925644 0.0158818 0)
(-0.00250326 0.0216837 0)
(-0.00498825 0.0220883 0)
(-0.00727689 0.0222675 0)
(-0.00950236 0.0223218 0)
(-0.00553077 0.0341866 0)
(-0.00857229 0.0331901 0)
(-0.0113545 0.0321847 0)
(-0.0140941 0.0312554 0)
(-0.0120698 0.0468948 0)
(-0.0146615 0.0445319 0)
(-0.0171178 0.0421817 0)
(-0.0196672 0.0398897 0)
(-0.0131679 0.0556483 0)
(-0.0143677 0.0524636 0)
(-0.0156249 0.04919 0)
(-0.0171413 0.0459063 0)
(-0.00315695 0.0582401 0)
(-0.00180783 0.0553865 0)
(-0.000559368 0.0522787 0)
(0.000437594 0.0488947 0)
(0.0196257 0.0449897 0)
(0.0233473 0.043143 0)
(0.0268291 0.0409766 0)
(0.0301335 0.0385193 0)
(0.0528942 0.0311384 0)
(0.0564352 0.0302979 0)
(0.0594852 0.0288019 0)
(0.0627403 0.026603 0)
(0.0563002 0.00706068 0)
(0.0567613 0.0226772 0)
(0.0530629 0.0212639 0)
(0.0500086 0.0173984 0)
(-0.0163605 -0.000342793 0)
(-0.00809163 -0.000172455 0)
(-0.00679144 -0.000115026 0)
(-0.00509644 -4.92303e-05 0)
(-0.00438352 -2.59329e-05 0)
(-0.00400071 -8.34009e-06 0)
(-0.00396589 3.89436e-06 0)
(-0.00424924 1.76255e-05 0)
(-0.00483645 3.21856e-05 0)
(-0.00558354 4.11403e-05 0)
(-0.00616835 3.22039e-05 0)
(-0.00622694 5.04167e-06 0)
(-0.0056085 -2.79629e-05 0)
(-0.00440088 -5.77983e-05 0)
(-0.00281042 -8.47987e-05 0)
(-0.00155149 -6.29361e-05 0)
(0.000746892 9.99104e-08 0)
(-0.0033184 -5.18477e-05 0)
(0.00810651 -0.000784501 0)
(0.0133744 0.00162935 0)
(-0.0318207 -0.00190245 0)
(-0.0182526 -0.00138103 0)
(-0.0159803 -0.00066234 0)
(-0.0128357 -0.000417739 0)
(-0.0114142 -0.000216265 0)
(-0.0106398 -8.20878e-05 0)
(-0.0106133 4.25518e-05 0)
(-0.01129 0.000164052 0)
(-0.0125606 0.000258406 0)
(-0.0139712 0.000263258 0)
(-0.0147668 0.000127863 0)
(-0.0143086 -0.000111238 0)
(-0.0125009 -0.000349365 0)
(-0.00968988 -0.000521755 0)
(-0.00638061 -0.000606639 0)
(-0.00341336 -0.000502011 0)
(0.000727135 5.32332e-05 0)
(-0.00460021 -0.000805148 0)
(0.00950815 -0.00423997 0)
(0.021544 0.00453784 0)
(-0.0375865 -0.0036046 0)
(-0.0243427 -0.00275043 0)
(-0.0217243 -0.00132111 0)
(-0.0183791 -0.00088172 0)
(-0.0168132 -0.000459113 0)
(-0.0160231 -0.000161394 0)
(-0.0161508 0.00012979 0)
(-0.0171122 0.000397161 0)
(-0.0186265 0.000559916 0)
(-0.019962 0.000483834 0)
(-0.0201742 0.000108187 0)
(-0.0186958 -0.000442347 0)
(-0.0156953 -0.000931667 0)
(-0.0117314 -0.00125013 0)
(-0.00738537 -0.00139703 0)
(-0.00336867 -0.00123195 0)
(0.00265525 -0.000135657 0)
(-0.00108932 -0.00132831 0)
(0.00949442 -0.00759569 0)
(0.0230137 0.00804648 0)
(-0.0385511 -0.00510651 0)
(-0.0277253 -0.00403027 0)
(-0.0251154 -0.0019696 0)
(-0.0222032 -0.0013275 0)
(-0.0208401 -0.000682037 0)
(-0.0202621 -0.00020451 0)
(-0.020582 0.0002628 0)
(-0.021628 0.000658737 0)
(-0.0229314 0.000825795 0)
(-0.0236009 0.000574314 0)
(-0.0227337 -0.000121563 0)
(-0.0200306 -0.00101389 0)
(-0.0159362 -0.00173996 0)
(-0.0111108 -0.00217258 0)
(-0.00609169 -0.00237054 0)
(-0.00156323 -0.00228751 0)
(0.00576141 -0.000732591 0)
(0.00488582 -0.00152952 0)
(0.0111901 -0.0100908 0)
(0.0223126 0.0117029 0)
(-0.0367551 -0.00625511 0)
(-0.0292205 -0.00504279 0)
(-0.026891 -0.00252404 0)
(-0.0246807 -0.00168195 0)
(-0.0236872 -0.000843958 0)
(-0.023388 -0.000202007 0)
(-0.0238154 0.000409084 0)
(-0.0246895 0.000871646 0)
(-0.0254086 0.000957029 0)
(-0.0250714 0.000452536 0)
(-0.022975 -0.000595732 0)
(-0.0191274 -0.001807 0)
(-0.0141592 -0.0027202 0)
(-0.00873977 -0.00321859 0)
(-0.003272 -0.00341155 0)
(0.00150296 -0.00344971 0)
(0.00899552 -0.00182343 0)
(0.0106721 -0.00162562 0)
(0.0135435 -0.0116314 0)
(0.021008 0.0152729 0)
(-0.0329558 -0.00699088 0)
(-0.0292258 -0.00570043 0)
(-0.0274544 -0.00294178 0)
(-0.0260367 -0.0019212 0)
(-0.0254535 -0.000937022 0)
(-0.0253892 -0.000169689 0)
(-0.0257808 0.000526975 0)
(-0.0262637 0.000978082 0)
(-0.0261923 0.000903622 0)
(-0.0247758 0.000101312 0)
(-0.0215666 -0.00129399 0)
(-0.0168074 -0.00277826 0)
(-0.0112424 -0.00382066 0)
(-0.00551089 -0.00434535 0)
(0.000152911 -0.00449102 0)
(0.00513208 -0.00458564 0)
(0.0121302 -0.00311419 0)
(0.0153591 -0.0017586 0)
(0.0157172 -0.0123481 0)
(0.0196241 0.0187717 0)
(-0.027549 -0.00727056 0)
(-0.0278806 -0.005937 0)
(-0.0270072 -0.00318986 0)
(-0.0264088 -0.00204372 0)
(-0.0262085 -0.000970814 0)
(-0.0262901 -0.000131341 0)
(-0.0265151 0.000583381 0)
(-0.0264835 0.000949958 0)
(-0.025586 0.000659839 0)
(-0.0231993 -0.000455851 0)
(-0.0191052 -0.00217004 0)
(-0.0136927 -0.00387445 0)
(-0.00780901 -0.00498561 0)
(-0.00204027 -0.00550024 0)
(0.00354039 -0.00559318 0)
(0.00866634 -0.005681 0)
(0.0150938 -0.00439738 0)
(0.0190249 -0.00189601 0)
(0.0174995 -0.012387 0)
(0.0183337 0.0222419 0)
(-0.0209373 -0.0070842 0)
(-0.0252296 -0.00570782 0)
(-0.0256376 -0.00323 0)
(-0.0258986 -0.002053 0)
(-0.0260394 -0.000959528 0)
(-0.0261835 -0.000107068 0)
(-0.0261621 0.000561128 0)
(-0.0255899 0.00078558 0)
(-0.0239428 0.000249291 0)
(-0.0207647 -0.00117803 0)
(-0.0160027 -0.00317618 0)
(-0.0101763 -0.00504378 0)
(-0.00425551 -0.00616063 0)
(0.00128838 -0.00662077 0)
(0.0065384 -0.00667776 0)
(0.0116277 -0.00675516 0)
(0.0176177 -0.00561918 0)
(0.0218528 -0.00199786 0)
(0.0188829 -0.0118938 0)
(0.0171914 0.0257083 0)
(-0.0136463 -0.00647528 0)
(-0.021343 -0.00500953 0)
(-0.0233672 -0.00301781 0)
(-0.0245834 -0.00194636 0)
(-0.0250527 -0.000913486 0)
(-0.0252093 -0.000108425 0)
(-0.0249146 0.000457382 0)
(-0.0238368 0.000497855 0)
(-0.0215533 -0.000301689 0)
(-0.0177525 -0.00202547 0)
(-0.0125129 -0.00426959 0)
(-0.00651036 -0.00623518 0)
(-0.000848749 -0.00728822 0)
(0.00421284 -0.00765959 0)
(0.00891442 -0.00769575 0)
(0.0137614 -0.00780011 0)
(0.0194204 -0.0067888 0)
(0.023898 -0.00205454 0)
(0.0198821 -0.0110006 0)
(0.0162037 0.0291701 0)
(-0.00631175 -0.00553073 0)
(-0.0163926 -0.0038918 0)
(-0.0201908 -0.00251325 0)
(-0.0225044 -0.00170981 0)
(-0.0233457 -0.000834604 0)
(-0.0235071 -0.000138583 0)
(-0.0229509 0.000277868 0)
(-0.0214293 0.000104639 0)
(-0.0186208 -0.000966144 0)
(-0.0143364 -0.0029658 0)
(-0.0088025 -0.00540763 0)
(-0.0028928 -0.00739445 0)
(0.0022173 -0.00831059 0)
(0.00655813 -0.00857155 0)
(0.01051 -0.00860584 0)
(0.0149531 -0.00880088 0)
(0.0203693 -0.00793089 0)
(0.025185 -0.00208609 0)
(0.0205313 -0.0098246 0)
(0.0153564 0.032614 0)
(0.000429742 -0.00433889 0)
(-0.0106938 -0.00245642 0)
(-0.0161304 -0.0016993 0)
(-0.0196625 -0.00132046 0)
(-0.0209759 -0.000714685 0)
(-0.0211796 -0.000193736 0)
(-0.0204002 3.17141e-05 0)
(-0.0185035 -0.000377348 0)
(-0.0152712 -0.0017172 0)
(-0.0106363 -0.00396744 0)
(-0.00500666 -0.00654383 0)
(0.000497646 -0.00845798 0)
(0.00480184 -0.00918053 0)
(0.00820523 -0.00931291 0)
(0.0112426 -0.0093761 0)
(0.0151932 -0.00975 0)
(0.0204939 -0.00907715 0)
(0.0257932 -0.00212888 0)
(0.0208995 -0.00846361 0)
(0.014628 0.036026 0)
(0.00504218 -0.00317969 0)
(-0.00470803 -0.000867126 0)
(-0.0112999 -0.000603353 0)
(-0.0160447 -0.000756281 0)
(-0.0179518 -0.000535691 0)
(-0.018278 -0.000263131 0)
(-0.0173392 -0.000269339 0)
(-0.0151454 -0.000931183 0)
(-0.0115934 -0.00253309 0)
(-0.00675365 -0.00499495 0)
(-0.00126857 -0.00762666 0)
(0.00351108 -0.0093686 0)
(0.00679477 -0.00985379 0)
(0.00909177 -0.00984998 0)
(0.0111052 -0.00998852 0)
(0.0145671 -0.0106569 0)
(0.0199403 -0.0102671 0)
(0.0258689 -0.00222515 0)
(0.0210926 -0.00699393 0)
(0.0139975 0.0393946 0)
(0.00798729 -0.00226468 0)
(0.00100494 0.000546254 0)
(-0.00595483 0.000681404 0)
(-0.0116797 -1.09152e-05 0)
(-0.0142565 -0.000272999 0)
(-0.0148107 -0.000329235 0)
(-0.0138044 -0.000609366 0)
(-0.0114115 -0.00153702 0)
(-0.00766581 -0.00338671 0)
(-0.00279486 -0.00600762 0)
(0.00223908 -0.00859334 0)
(0.00603146 -0.0100809 0)
(0.0081186 -0.0102948 0)
(0.00920883 -0.010161 0)
(0.0101585 -0.0104415 0)
(0.013238 -0.0115478 0)
(0.0189002 -0.0115432 0)
(0.0255928 -0.00241723 0)
(0.0212426 -0.00546562 0)
(0.0134496 0.0427179 0)
(0.00996553 -0.00165224 0)
(0.00569242 0.00166329 0)
(-0.000524718 0.00202288 0)
(-0.00670558 0.000883466 0)
(-0.00990427 8.65995e-05 0)
(-0.0107777 -0.000369624 0)
(-0.00982016 -0.00096674 0)
(-0.0073574 -0.00216918 0)
(-0.0035771 -0.0042434 0)
(0.00109852 -0.00695745 0)
(0.00534336 -0.00938233 0)
(0.00795738 -0.0105584 0)
(0.00873767 -0.0104825 0)
(0.00860028 -0.0102401 0)
(0.00851694 -0.0107525 0)
(0.0114075 -0.0124589 0)
(0.0175238 -0.0129457 0)
(0.0251338 -0.00274849 0)
(0.0214948 -0.00390525 0)
(0.012977 0.0460025 0)
(0.0110452 -0.00130469 0)
(0.00904232 0.00243426 0)
(0.00436203 0.00323468 0)
(-0.00143452 0.00185858 0)
(-0.00501878 0.00053621 0)
(-0.0062315 -0.000361957 0)
(-0.00544389 -0.00131181 0)
(-0.00307345 -0.00279153 0)
(0.000549288 -0.00506037 0)
(0.00471547 -0.00777357 0)
(0.00790977 -0.00995486 0)
(0.00920958 -0.0107749 0)
(0.0086604 -0.0104112 0)
(0.00735499 -0.0100955 0)
(0.00632771 -0.0109494 0)
(0.00925265 -0.0134207 0)
(0.0158666 -0.0145085 0)
(0.024617 -0.00327415 0)
(0.0219946 -0.00232311 0)
(0.012583 0.049271 0)
(0.011112 -0.00119147 0)
(0.0110013 0.00287098 0)
(0.00818469 0.00415303 0)
(0.00359855 0.00278846 0)
(0.00010204 0.00104974 0)
(-0.0013531 -0.000292837 0)
(-0.000828596 -0.00160787 0)
(0.00127338 -0.00336135 0)
(0.00450438 -0.00577814 0)
(0.00785393 -0.00840491 0)
(0.00980723 -0.0102764 0)
(0.00975056 -0.0107234 0)
(0.00794161 -0.0100941 0)
(0.00559339 -0.00974756 0)
(0.00374419 -0.0110613 0)
(0.00687089 -0.0144562 0)
(0.0139304 -0.016253 0)
(0.0241306 -0.004075 0)
(0.0228736 -0.000730862 0)
(0.0122807 0.0525638 0)
(0.0101327 -0.00128929 0)
(0.0116444 0.00300426 0)
(0.0107126 0.00470773 0)
(0.00779121 0.00351562 0)
(0.00496824 0.00155827 0)
(0.00350694 -0.000168908 0)
(0.00372916 -0.0018281 0)
(0.00540878 -0.00384016 0)
(0.00802504 -0.00634888 0)
(0.0103202 -0.0088131 0)
(0.0109397 -0.0103327 0)
(0.00959426 -0.0104173 0)
(0.00667569 -0.00955926 0)
(0.00344613 -0.009226 0)
(0.00090173 -0.0111242 0)
(0.00428387 -0.0155781 0)
(0.0117715 -0.0181774 0)
(0.0237243 -0.0052095 0)
(0.0242151 0.000860572 0)
(0.012103 0.055912 0)
(0.00837865 -0.0015731 0)
(0.011216 0.00287151 0)
(0.0119193 0.00488381 0)
(0.0107684 0.0039597 0)
(0.00901434 0.00195714 0)
(0.00782844 -2.6181e-05 0)
(0.00780321 -0.00197492 0)
(0.00900686 -0.00421158 0)
(0.010845 -0.00674696 0)
(0.0119473 -0.00897828 0)
(0.0112739 -0.0101333 0)
(0.00880821 -0.00988768 0)
(0.00498395 -0.0088426 0)
(0.00102618 -0.00857321 0)
(-0.00207894 -0.0111837 0)
(0.0015191 -0.0167513 0)
(0.00952278 -0.0202824 0)
(0.0232957 -0.00662012 0)
(0.025967 0.00247533 0)
(0.0120441 0.0594486 0)
(0.00637793 -0.00200594 0)
(0.0101601 0.00253092 0)
(0.0119689 0.00472668 0)
(0.0123854 0.00410661 0)
(0.0118112 0.00219363 0)
(0.0110683 9.28537e-05 0)
(0.0109515 -0.00207367 0)
(0.0117502 -0.00446789 0)
(0.0127263 -0.00694395 0)
(0.0126376 -0.0088991 0)
(0.0108519 -0.00971032 0)
(0.00750446 -0.00917639 0)
(0.00299937 -0.00797846 0)
(-0.00158826 -0.00781259 0)
(-0.00504868 -0.0112191 0)
(-0.00131809 -0.0179684 0)
(0.00724869 -0.0226741 0)
(0.0224129 -0.00845163 0)
(0.027807 0.00406217 0)
(0.0123508 0.062924 0)
(0.00459108 -0.00255882 0)
(0.00901369 0.00207694 0)
(0.011174 0.00434012 0)
(0.0126555 0.00400927 0)
(0.0130764 0.00227679 0)
(0.0128011 0.000154777 0)
(0.0128607 -0.00209673 0)
(0.0133443 -0.00452906 0)
(0.0134537 -0.00688847 0)
(0.0123627 -0.00859285 0)
(0.00977101 -0.00911611 0)
(0.00582554 -0.0083316 0)
(0.000872647 -0.00699076 0)
(-0.00424283 -0.00692002 0)
(-0.00786166 -0.0111206 0)
(-0.00408069 -0.0193372 0)
(0.00479041 -0.0254154 0)
(0.0203953 -0.0115151 0)
(0.0289642 0.0057738 0)
(0.0118792 0.0673396 0)
(0.00179346 -0.00437702 0)
(0.00704241 0.000922406 0)
(0.00779378 0.00292522 0)
(0.00982363 0.00296865 0)
(0.01174 0.00186488 0)
(0.0129147 0.000274356 0)
(0.0131365 -0.00175784 0)
(0.012552 -0.00405949 0)
(0.0111781 -0.0061365 0)
(0.00891074 -0.00736447 0)
(0.00553033 -0.007322 0)
(0.00113429 -0.00602082 0)
(-0.00410915 -0.00423914 0)
(-0.00992391 -0.00432851 0)
(-0.0135967 -0.0107465 0)
(-0.0104227 -0.0230148 0)
(-0.00286977 -0.0314852 0)
(0.0107258 -0.0210007 0)
(0.0286617 0.00416303 0)
(0.0248283 0.0696533 0)
(0.00133305 -0.00732087 0)
(0.00650754 0.000493453 0)
(0.00267213 0.00217692 0)
(0.00320602 0.0015081 0)
(0.00458668 0.000239728 0)
(0.00551377 -0.000820469 0)
(0.00549628 -0.00205362 0)
(0.00460399 -0.00353406 0)
(0.00305006 -0.00482299 0)
(0.000816681 -0.00515391 0)
(-0.00241407 -0.00423342 0)
(-0.00619508 -0.00220749 0)
(-0.0107898 0.000404075 0)
(-0.0167228 -0.000254248 0)
(-0.0203744 -0.0108759 0)
(-0.0191456 -0.0280442 0)
(-0.016367 -0.0384981 0)
(-0.00850088 -0.0314903 0)
(0.000758517 0.00203313 0)
(0.0104105 0.0673453 0)
(0.00123649 -0.00996202 0)
(0.00589575 0.00171947 0)
(-0.000583412 0.00401521 0)
(-0.00027423 0.00136866 0)
(-0.000523214 -0.000233431 0)
(-0.000445806 -0.000571216 0)
(-0.00130529 -0.00124727 0)
(-0.00280149 -0.00239949 0)
(-0.00468423 -0.003305 0)
(-0.00679033 -0.00300487 0)
(-0.00889709 -0.00184342 0)
(-0.0104389 0.000533159 0)
(-0.0129967 0.00430095 0)
(-0.0177651 0.00328491 0)
(-0.020657 -0.00979578 0)
(-0.0213274 -0.0276659 0)
(-0.0255713 -0.0390658 0)
(-0.0281784 -0.037229 0)
(-0.0210204 -0.00465504 0)
(-0.00940769 0.0685011 0)
(0.000555398 -0.0124766 0)
(0.00498353 0.00356949 0)
(-0.00141752 0.00601584 0)
(-0.000205241 0.00181128 0)
(-0.00121763 0.000161526 0)
(-0.000888378 0.000157139 0)
(-0.00169396 7.11722e-05 0)
(-0.00396969 -0.000773785 0)
(-0.00713101 -0.00153101 0)
(-0.00969873 -0.00159129 0)
(-0.0106767 -0.00118807 0)
(-0.0105154 0.00144992 0)
(-0.0107935 0.00638525 0)
(-0.0130718 0.00575874 0)
(-0.01472 -0.00710422 0)
(-0.0160454 -0.0232925 0)
(-0.0238263 -0.0343497 0)
(-0.0332446 -0.0381625 0)
(-0.0305447 -0.00962334 0)
(-0.0191442 0.0721842 0)
(0.000937728 -0.0146274 0)
(0.00492453 0.00499815 0)
(0.000608113 0.00725198 0)
(0.00276563 0.00170028 0)
(0.00238468 3.29805e-05 0)
(0.00411798 9.55859e-05 0)
(0.00500289 0.00143667 0)
(0.00334365 0.00242763 0)
(-0.00187226 0.00142699 0)
(-0.00729095 -0.000206097 0)
(-0.00952393 -0.000992071 0)
(-0.00939694 0.00104053 0)
(-0.0078355 0.00608607 0)
(-0.00700721 0.00624284 0)
(-0.00754603 -0.0050852 0)
(-0.00964036 -0.0185905 0)
(-0.0176723 -0.0267991 0)
(-0.0296225 -0.0335674 0)
(-0.032159 -0.015565 0)
(-0.0192955 0.0697027 0)
(-0.000128195 -0.017258 0)
(0.0058285 0.00462742 0)
(0.00522275 0.0071807 0)
(0.00772853 0.00117794 0)
(0.00898323 -0.00128373 0)
(0.0116776 -0.00151396 0)
(0.0142792 0.000611703 0)
(0.0148455 0.0047097 0)
(0.0109938 0.00729401 0)
(0.00230948 0.0052282 0)
(-0.00561633 0.000734658 0)
(-0.00799632 0.000403763 0)
(-0.00638864 0.00406096 0)
(-0.0038511 0.00493266 0)
(-0.00353394 -0.00360381 0)
(-0.00686028 -0.0145445 0)
(-0.0143961 -0.0203303 0)
(-0.0238041 -0.0261521 0)
(-0.0277598 -0.0179361 0)
(-0.0161481 0.0568448 0)
(0.00145848 -0.0199386 0)
(0.00744711 0.00151907 0)
(0.0107939 0.00541984 0)
(0.014462 0.000305689 0)
(0.0181374 -0.00336905 0)
(0.0223191 -0.00398983 0)
(0.0255432 -0.00104553 0)
(0.0265862 0.0050535 0)
(0.0243776 0.0116493 0)
(0.0165946 0.0134163 0)
(0.00447185 0.00822624 0)
(-0.00494238 0.0016942 0)
(-0.00576399 0.00218779 0)
(-0.00350875 0.00316196 0)
(-0.00326382 -0.00226542 0)
(-0.00732945 -0.0102508 0)
(-0.0144087 -0.0153994 0)
(-0.0208037 -0.0213374 0)
(-0.0230275 -0.0183442 0)
(-0.0138891 0.0425082 0)
(0.000639292 -0.0217422 0)
(0.00739402 -0.00395893 0)
(0.0144755 0.00108426 0)
(0.0217295 -0.0027651 0)
(0.0291987 -0.00703853 0)
(0.0352829 -0.00745609 0)
(0.038692 -0.00289134 0)
(0.0389193 0.00538972 0)
(0.0362362 0.0149266 0)
(0.0296864 0.0209848 0)
(0.0175736 0.0184914 0)
(0.00327804 0.00901219 0)
(-0.00448886 0.00240965 0)
(-0.00396968 0.00237466 0)
(-0.00446619 -0.000350231 0)
(-0.00876249 -0.00581803 0)
(-0.0146063 -0.0109042 0)
(-0.0196773 -0.018054 0)
(-0.0224619 -0.0196672 0)
(-0.0148733 0.0320142 0)
(-0.00357671 -0.0251178 0)
(0.00547015 -0.0105618 0)
(0.016192 -0.00648834 0)
(0.0282502 -0.0102178 0)
(0.0386739 -0.0136502 0)
(0.0453367 -0.0120802 0)
(0.0482557 -0.00479853 0)
(0.0479878 0.00627133 0)
(0.0447979 0.0182464 0)
(0.038976 0.0275245 0)
(0.0288136 0.0287682 0)
(0.0140621 0.0198366 0)
(0.000483862 0.00768655 0)
(-0.00435818 0.00303748 0)
(-0.00559699 0.00187589 0)
(-0.00937082 -0.00177124 0)
(-0.0137248 -0.00698292 0)
(-0.0182064 -0.0145095 0)
(-0.0235075 -0.0197822 0)
(-0.018845 0.0209302 0)
(-0.00301276 -0.0296495 0)
(0.00603544 -0.0185686 0)
(0.0195204 -0.0180488 0)
(0.0325673 -0.0208378 0)
(0.041673 -0.0210259 0)
(0.0464353 -0.0160098 0)
(0.0482246 -0.00592682 0)
(0.0481992 0.0074501 0)
(0.0462853 0.0213592 0)
(0.0423813 0.0328169 0)
(0.0354086 0.0373982 0)
(0.0235404 0.0311055 0)
(0.00895949 0.0172489 0)
(-0.00176326 0.00657639 0)
(-0.00582477 0.00394071 0)
(-0.0084294 0.000999884 0)
(-0.0109234 -0.00416237 0)
(-0.0142001 -0.0106076 0)
(-0.0210375 -0.0163523 0)
(-0.0218293 0.00780424 0)
(-0.00113664 -0.0328077 0)
(0.00863491 -0.0289876 0)
(0.0207879 -0.0295244 0)
(0.0298773 -0.0289682 0)
(0.0347891 -0.0251849 0)
(0.0369462 -0.0174582 0)
(0.037962 -0.00597387 0)
(0.0389092 0.00818061 0)
(0.0395879 0.0229952 0)
(0.0390616 0.0358284 0)
(0.0364007 0.0430403 0)
(0.0295275 0.0401732 0)
(0.0183101 0.027762 0)
(0.00677049 0.0140236 0)
(-0.000529685 0.00645538 0)
(-0.00335805 0.00205468 0)
(-0.00444421 -0.00280405 0)
(-0.00612977 -0.00754621 0)
(-0.0119058 -0.0104488 0)
(-0.0165727 -5.03225e-05 0)
(-0.00447239 -0.0376839 0)
(0.00839353 -0.0383795 0)
(0.0157937 -0.0364939 0)
(0.0193858 -0.032179 0)
(0.0209367 -0.0263224 0)
(0.0217776 -0.0179301 0)
(0.0228396 -0.00639849 0)
(0.0246219 0.00745349 0)
(0.0274234 0.022234 0)
(0.0302718 0.0356572 0)
(0.0322072 0.0446933 0)
(0.0311887 0.0450588 0)
(0.0258996 0.0356813 0)
(0.0181976 0.0221816 0)
(0.0116132 0.0113147 0)
(0.00836635 0.00386006 0)
(0.0072378 -0.00197703 0)
(0.00599299 -0.00588774 0)
(0.00285016 -0.00641255 0)
(-0.000585064 0.00201633 0)
(9.58179e-06 -0.0410242 0)
(0.00405825 -0.0436903 0)
(0.0063123 -0.0386274 0)
(0.00593826 -0.0323824 0)
(0.00578577 -0.0266911 0)
(0.00558065 -0.0186288 0)
(0.00639458 -0.00744442 0)
(0.0084095 0.00572577 0)
(0.0123668 0.0196125 0)
(0.0178769 0.0325726 0)
(0.0239223 0.0423213 0)
(0.0284681 0.0450047 0)
(0.0296873 0.0387905 0)
(0.0278533 0.0272263 0)
(0.0248874 0.0155823 0)
(0.0227115 0.00614393 0)
(0.0213362 -0.000946163 0)
(0.0199188 -0.00492158 0)
(0.0189077 -0.00493596 0)
(0.0189251 0.00316398 0)
(-0.00551318 -0.0430541 0)
(-0.00443283 -0.0447759 0)
(-0.00405373 -0.0376977 0)
(-0.00676636 -0.0313501 0)
(-0.00901676 -0.0259101 0)
(-0.011262 -0.0180394 0)
(-0.0115338 -0.00796119 0)
(-0.00912003 0.00331716 0)
(-0.00436195 0.0152418 0)
(0.003328 0.0268437 0)
(0.0128187 0.036237 0)
(0.0218653 0.0400917 0)
(0.0285991 0.0364151 0)
(0.0322897 0.0273517 0)
(0.0334349 0.0168946 0)
(0.0331096 0.0077169 0)
(0.0321866 0.000720814 0)
(0.0305463 -0.00358355 0)
(0.0303174 -0.00477217 0)
(0.0312353 0.00052686 0)
(-0.00366672 -0.0439451 0)
(-0.0115104 -0.0423639 0)
(-0.0137437 -0.0350161 0)
(-0.0186661 -0.0287982 0)
(-0.0232257 -0.0230983 0)
(-0.0273409 -0.0158771 0)
(-0.0289746 -0.00756524 0)
(-0.0268292 0.00137517 0)
(-0.0206958 0.0105974 0)
(-0.0112236 0.0200029 0)
(0.000614975 0.0282017 0)
(0.0127405 0.0322626 0)
(0.0233063 0.0304282 0)
(0.0311347 0.023943 0)
(0.0357457 0.015617 0)
(0.0372762 0.00778598 0)
(0.0362154 0.00167694 0)
(0.0323087 -0.00206532 0)
(0.0302513 -0.00449782 0)
(0.0268354 -0.00145953 0)
(-0.00337563 -0.0388152 0)
(-0.0188617 -0.0366884 0)
(-0.0237136 -0.0304653 0)
(-0.0305848 -0.0247892 0)
(-0.036395 -0.0194949 0)
(-0.0410975 -0.0136489 0)
(-0.0428045 -0.00818427 0)
(-0.0401565 -0.00312974 0)
(-0.033078 0.00231139 0)
(-0.0223576 0.0089518 0)
(-0.00948813 0.0158003 0)
(0.00383761 0.0201946 0)
(0.0156589 0.0202359 0)
(0.0242727 0.0168002 0)
(0.0283822 0.0119158 0)
(0.0274177 0.00763337 0)
(0.0223107 0.00474306 0)
(0.0152247 0.00233392 0)
(0.0137774 -0.0034992 0)
(0.00416401 0.0011046 0)
(-0.00331106 -0.0293818 0)
(-0.0261905 -0.0276259 0)
(-0.0345336 -0.0237002 0)
(-0.0437992 -0.0194494 0)
(-0.0513927 -0.0152516 0)
(-0.0575855 -0.0110611 0)
(-0.0609812 -0.00824581 0)
(-0.0605061 -0.00626405 0)
(-0.0552348 -0.00436446 0)
(-0.0455818 -0.000738389 0)
(-0.0334975 0.00446946 0)
(-0.0216086 0.00909489 0)
(-0.0120697 0.011724 0)
(-0.00649553 0.0125934 0)
(-0.00505331 0.0122878 0)
(-0.00691696 0.0121209 0)
(-0.0100735 0.0110869 0)
(-0.0118874 0.00668968 0)
(-0.0141466 -0.000926221 0)
(-0.024671 0.0171946 0)
(-0.00236086 -0.0155435 0)
(-0.0316254 -0.0150442 0)
(-0.044273 -0.0142135 0)
(-0.0564873 -0.0115692 0)
(-0.0670931 -0.00808145 0)
(-0.0768898 -0.00476564 0)
(-0.0832062 -0.00495903 0)
(-0.0852495 -0.00645574 0)
(-0.0837033 -0.00891344 0)
(-0.0789757 -0.00752399 0)
(-0.0717107 -0.00177217 0)
(-0.0622513 0.00463192 0)
(-0.0538664 0.00967827 0)
(-0.0486599 0.0129751 0)
(-0.0450511 0.0130921 0)
(-0.0414264 0.0130143 0)
(-0.0370091 0.00998478 0)
(-0.0334887 0.0044483 0)
(-0.0366922 -0.00177595 0)
(-0.0449398 0.0239945 0)
(-0.00295995 0.000994436 0)
(-0.0307534 -5.99231e-05 0)
(-0.0449019 -0.00324555 0)
(-0.0550832 -0.00286316 0)
(-0.0613764 -0.000458937 0)
(-0.0678854 0.00268482 0)
(-0.0732557 -0.00335489 0)
(-0.0778326 -0.00680946 0)
(-0.083177 -0.0125859 0)
(-0.0877693 -0.0125677 0)
(-0.0915754 -0.008903 0)
(-0.0901258 -0.00590223 0)
(-0.0835898 0.000117414 0)
(-0.0784874 0.00724325 0)
(-0.0738766 0.00619708 0)
(-0.0687374 0.00829414 0)
(-0.0636801 0.00413717 0)
(-0.0626528 0.00490788 0)
(-0.0675224 0.00397435 0)
(-0.0678548 0.0334308 0)
(0.000604398 0.0171499 0)
(-0.0153165 0.0138889 0)
(-0.0230995 0.00577599 0)
(-0.0248677 -0.000794359 0)
(-0.0226061 -2.02841e-05 0)
(-0.0257099 0.0101491 0)
(-0.0296569 -0.000837536 0)
(-0.0343808 0.00699963 0)
(-0.0458984 0.00098232 0)
(-0.0560412 0.0025636 0)
(-0.0679735 0.00278777 0)
(-0.0762708 -0.00145503 0)
(-0.0748273 -0.000643115 0)
(-0.0794012 0.0122486 0)
(-0.0812328 0.00175229 0)
(-0.079155 0.00888312 0)
(-0.0782468 0.000322219 0)
(-0.0811852 0.0110543 0)
(-0.0876147 -0.00146202 0)
(-0.0826558 0.0151415 0)
(-0.0169608 0.00201109 0)
(-0.00742521 -0.00122929 0)
(0.0117887 -7.81565e-05 0)
(0.0099707 0.000302468 0)
(0.00539766 0.000181967 0)
(0.00291292 7.28102e-05 0)
(0.0018706 1.90828e-05 0)
(0.00157691 -2.80865e-06 0)
(0.00159686 -7.16648e-06 0)
(0.00173618 -1.3122e-05 0)
(0.0019337 -2.16592e-05 0)
(0.00201265 -2.10894e-05 0)
(0.001686 9.49573e-07 0)
(0.000908147 1.28222e-05 0)
(-0.000129921 1.85373e-05 0)
(-0.00133347 3.3067e-05 0)
(-0.00252655 4.11742e-05 0)
(-0.00343028 3.32759e-05 0)
(-0.00389307 1.44582e-05 0)
(-0.00396939 -2.71563e-06 0)
(-0.027163 0.00520763 0)
(-0.00504731 -0.00691327 0)
(0.0185258 -0.00222082 0)
(0.0196549 0.000909278 0)
(0.0126992 0.00126525 0)
(0.00759482 0.000692769 0)
(0.00533489 0.000246029 0)
(0.00453373 4.62842e-05 0)
(0.00440431 -2.19226e-05 0)
(0.00450605 -4.92941e-05 0)
(0.00451213 -3.84757e-05 0)
(0.00393834 6.56515e-05 0)
(0.00228663 0.000253324 0)
(-0.000452659 0.000391248 0)
(-0.00381213 0.000471093 0)
(-0.00732691 0.000508442 0)
(-0.0103723 0.000442888 0)
(-0.012418 0.000286494 0)
(-0.0133757 0.000114013 0)
(-0.0135697 4.7412e-06 0)
(-0.0292512 0.00889608 0)
(-0.00143305 -0.0129777 0)
(0.0185795 -0.00425732 0)
(0.0210757 0.00120654 0)
(0.0155184 0.00236483 0)
(0.0105129 0.00150959 0)
(0.00795904 0.000603037 0)
(0.00682651 0.00016357 0)
(0.0064582 4.19204e-06 0)
(0.00629097 -2.4156e-05 0)
(0.00569845 8.85835e-05 0)
(0.00393679 0.000422569 0)
(0.000493882 0.00088505 0)
(-0.00444185 0.00121928 0)
(-0.0100315 0.00138399 0)
(-0.0153502 0.00135351 0)
(-0.0195138 0.00107167 0)
(-0.0220923 0.000645608 0)
(-0.0232478 0.000251607 0)
(-0.023509 2.13687e-05 0)
(-0.0286591 0.0125274 0)
(-5.0106e-05 -0.0185625 0)
(0.0156942 -0.00577527 0)
(0.0180291 0.00135061 0)
(0.0149065 0.00316826 0)
(0.0115991 0.00220315 0)
(0.00948812 0.000975136 0)
(0.00823217 0.000331 0)
(0.00761292 9.09721e-05 0)
(0.00700089 0.000111844 0)
(0.00546723 0.000435841 0)
(0.00209633 0.00112075 0)
(-0.00344014 0.00193871 0)
(-0.0105179 0.00247522 0)
(-0.0178775 0.00264984 0)
(-0.0242855 0.00241474 0)
(-0.0289252 0.00179895 0)
(-0.0316553 0.00103914 0)
(-0.0328589 0.000400968 0)
(-0.0331494 4.19516e-05 0)
(-0.0270963 0.0157937 0)
(3.34875e-05 -0.0234041 0)
(0.0114395 -0.00679476 0)
(0.0133967 0.00129756 0)
(0.0127419 0.00353153 0)
(0.0114461 0.00261538 0)
(0.0100038 0.00128109 0)
(0.00874944 0.000525473 0)
(0.00787987 0.000253499 0)
(0.00663943 0.000410267 0)
(0.00381836 0.00107485 0)
(-0.00150513 0.00222391 0)
(-0.00916533 0.00340165 0)
(-0.0180052 0.00407357 0)
(-0.0264577 0.00412814 0)
(-0.0332934 0.003563 0)
(-0.0379877 0.00254539 0)
(-0.0406766 0.00143257 0)
(-0.0418567 0.000550568 0)
(-0.0421517 6.34335e-05 0)
(-0.0251336 0.0187203 0)
(-0.000517827 -0.0274084 0)
(0.00682156 -0.00740685 0)
(0.00916037 0.000991152 0)
(0.010517 0.00348429 0)
(0.010689 0.00276954 0)
(0.00973092 0.00151655 0)
(0.00849682 0.000741245 0)
(0.0073252 0.000513589 0)
(0.00520594 0.000927742 0)
(0.000736328 0.00207547 0)
(-0.0066921 0.00373935 0)
(-0.0161888 0.00521001 0)
(-0.0261803 0.00589334 0)
(-0.0350513 0.00569227 0)
(-0.0418442 0.00471462 0)
(-0.0463675 0.0032722 0)
(-0.0489257 0.00181133 0)
(-0.0500442 0.000694723 0)
(-0.0503282 8.42354e-05 0)
(-0.0229987 0.0213899 0)
(-0.00139506 -0.0305632 0)
(0.00257491 -0.00784205 0)
(0.00626138 0.000404473 0)
(0.008821 0.003173 0)
(0.00963695 0.00278026 0)
(0.00886669 0.00171638 0)
(0.0076067 0.00099025 0)
(0.0059838 0.000910651 0)
(0.00265231 0.00173067 0)
(-0.00376221 0.00347703 0)
(-0.0131327 0.00561824 0)
(-0.0239333 0.0072582 0)
(-0.0344101 0.00780798 0)
(-0.043175 0.0072469 0)
(-0.0496545 0.00582157 0)
(-0.0539051 0.0039608 0)
(-0.0562913 0.00216784 0)
(-0.0573273 0.000829828 0)
(-0.057591 0.000103557 0)
(-0.0208014 0.0238515 0)
(-0.00242972 -0.0329011 0)
(-0.000882571 -0.00850955 0)
(0.00448228 -0.000421916 0)
(0.00744384 0.00276616 0)
(0.00829004 0.00275588 0)
(0.00752214 0.00191442 0)
(0.00614825 0.00129952 0)
(0.00381036 0.00150299 0)
(-0.00110618 0.00288624 0)
(-0.00950802 0.0052572 0)
(-0.0203802 0.00776801 0)
(-0.0318419 0.00942317 0)
(-0.0422306 0.00971104 0)
(-0.050558 0.00873161 0)
(-0.0566002 0.00686006 0)
(-0.0605401 0.00460271 0)
(-0.0627361 0.00249789 0)
(-0.063678 0.000953545 0)
(-0.063916 0.000120964 0)
(-0.0185962 0.0261103 0)
(-0.00351452 -0.0345897 0)
(-0.00362517 -0.00916742 0)
(0.00296817 -0.00136772 0)
(0.00587789 0.00236492 0)
(0.0065327 0.00274711 0)
(0.00573317 0.00213071 0)
(0.00409379 0.00171213 0)
(0.000686144 0.00236073 0)
(-0.00607795 0.00441501 0)
(-0.016176 0.00734678 0)
(-0.0279519 0.0100705 0)
(-0.0394624 0.0115909 0)
(-0.0493563 0.0115285 0)
(-0.057079 0.0101153 0)
(-0.0626439 0.00782094 0)
(-0.0662624 0.00519459 0)
(-0.0682589 0.00279912 0)
(-0.0690989 0.00106417 0)
(-0.0693072 0.000136072 0)
(-0.0164059 0.0281786 0)
(-0.00465327 -0.0357092 0)
(-0.00593223 -0.00984694 0)
(0.00106119 -0.00230122 0)
(0.00377503 0.00201151 0)
(0.00429414 0.00275578 0)
(0.00348007 0.00238203 0)
(0.00132345 0.0022858 0)
(-0.00353546 0.00354327 0)
(-0.0120806 0.00628041 0)
(-0.0233569 0.00963884 0)
(-0.0354093 0.012407 0)
(-0.046481 0.0136735 0)
(-0.0556432 0.0132179 0)
(-0.062702 0.0113861 0)
(-0.0677845 0.00870195 0)
(-0.0710765 0.00573498 0)
(-0.0728641 0.00306973 0)
(-0.0735933 0.00116011 0)
(-0.0737677 0.000148433 0)
(-0.0142425 0.0300954 0)
(-0.00588952 -0.0362994 0)
(-0.00809755 -0.0104953 0)
(-0.00139158 -0.0031999 0)
(0.0010813 0.00171062 0)
(0.0015819 0.00276969 0)
(0.000683204 0.00269571 0)
(-0.00235944 0.00309073 0)
(-0.00884568 0.00505826 0)
(-0.0187903 0.00839716 0)
(-0.0306331 0.0120134 0)
(-0.0424097 0.0146766 0)
(-0.0527141 0.0156136 0)
(-0.0610388 0.0147604 0)
(-0.0674262 0.0125416 0)
(-0.0720253 0.00950236 0)
(-0.0749783 0.00622192 0)
(-0.0765407 0.00330736 0)
(-0.0771457 0.00123939 0)
(-0.0772802 0.000157518 0)
(-0.0121173 0.0318974 0)
(-0.00726457 -0.036393 0)
(-0.010304 -0.0110549 0)
(-0.00436001 -0.0039725 0)
(-0.00208912 0.00141509 0)
(-0.00159049 0.00279459 0)
(-0.00283603 0.00313396 0)
(-0.00709353 0.00417814 0)
(-0.0150294 0.00685194 0)
(-0.0258213 0.0106521 0)
(-0.0376396 0.0143595 0)
(-0.0487217 0.0168059 0)
(-0.0580764 0.0173804 0)
(-0.0655355 0.0161507 0)
(-0.0712542 0.0135816 0)
(-0.0753545 0.0102196 0)
(-0.0779412 0.00665148 0)
(-0.0792508 0.00350824 0)
(-0.0797118 0.00129936 0)
(-0.0797983 0.000162594 0)
(-0.0100452 0.0336143 0)
(-0.00881357 -0.0360007 0)
(-0.0126677 -0.0114776 0)
(-0.00776021 -0.0046048 0)
(-0.00569165 0.00112103 0)
(-0.00532963 0.00287012 0)
(-0.00727221 0.00376164 0)
(-0.0127926 0.00553096 0)
(-0.0217491 0.00882815 0)
(-0.0327959 0.0129294 0)
(-0.0440977 0.0165879 0)
(-0.054213 0.0187488 0)
(-0.0625419 0.0189613 0)
(-0.0691369 0.0173878 0)
(-0.0741744 0.0145033 0)
(-0.0777374 0.0108472 0)
(-0.0799116 0.0070168 0)
(-0.0809279 0.00366682 0)
(-0.0812179 0.00133645 0)
(-0.0812456 0.000162679 0)
(-0.00804642 0.0352771 0)
(-0.0105658 -0.0351233 0)
(-0.0152638 -0.0117251 0)
(-0.0115658 -0.0050879 0)
(-0.00978017 0.000871717 0)
(-0.00980501 0.00305177 0)
(-0.0126507 0.00460062 0)
(-0.01919 0.00708375 0)
(-0.028626 0.0108754 0)
(-0.039394 0.0151284 0)
(-0.0498222 0.0186363 0)
(-0.0588247 0.0204816 0)
(-0.0661109 0.0203527 0)
(-0.0718385 0.0184696 0)
(-0.0761544 0.015299 0)
(-0.0791154 0.0113747 0)
(-0.0808114 0.00730779 0)
(-0.0814812 0.00377574 0)
(-0.0815661 0.00134607 0)
(-0.0815219 0.000156499 0)
(-0.00614675 0.036918 0)
(-0.0125447 -0.0337653 0)
(-0.0181341 -0.0117612 0)
(-0.0157799 -0.00540309 0)
(-0.0144476 0.000710799 0)
(-0.0150802 0.00338356 0)
(-0.0187865 0.00562408 0)
(-0.0259203 0.00874172 0)
(-0.0353061 0.0128887 0)
(-0.0453767 0.0171722 0)
(-0.0547087 0.020467 0)
(-0.0625415 0.021995 0)
(-0.0687869 0.0215532 0)
(-0.0736192 0.0193891 0)
(-0.0771418 0.0159553 0)
(-0.0794117 0.0117867 0)
(-0.0805467 0.00751143 0)
(-0.0808065 0.0038259 0)
(-0.0806465 0.00132288 0)
(-0.080515 0.000142435 0)
(-0.00437436 0.0385857 0)
(-0.0147684 -0.0319363 0)
(-0.0212821 -0.0115526 0)
(-0.0203776 -0.00552339 0)
(-0.019697 0.000679603 0)
(-0.0210203 0.00386932 0)
(-0.0253431 0.00676594 0)
(-0.032605 0.0104057 0)
(-0.041501 0.0147829 0)
(-0.0505887 0.0190103 0)
(-0.0587123 0.0220623 0)
(-0.0653672 0.023287 0)
(-0.0705644 0.0225585 0)
(-0.0744417 0.0201333 0)
(-0.0770714 0.0164537 0)
(-0.0785425 0.0120644 0)
(-0.0790235 0.00761243 0)
(-0.0788048 0.00380724 0)
(-0.0783571 0.00126091 0)
(-0.0781216 0.000118601 0)
(-0.00277536 0.0402828 0)
(-0.017251 -0.0296145 0)
(-0.0246681 -0.011082 0)
(-0.0252634 -0.00542925 0)
(-0.0253734 0.000798906 0)
(-0.0273227 0.00447599 0)
(-0.0319322 0.00794565 0)
(-0.0389143 0.01199 0)
(-0.0470044 0.0164972 0)
(-0.0549447 0.0206135 0)
(-0.0618241 0.0234151 0)
(-0.067308 0.0243555 0)
(-0.0714255 0.0233588 0)
(-0.0742584 0.0206834 0)
(-0.0758771 0.0167717 0)
(-0.0764353 0.0121871 0)
(-0.0761722 0.00759516 0)
(-0.0754116 0.0037102 0)
(-0.0746346 0.00115442 0)
(-0.0742785 8.27849e-05 0)
(-0.00132973 0.0422227 0)
(-0.0200026 -0.0267067 0)
(-0.0282279 -0.010365 0)
(-0.0302692 -0.00513243 0)
(-0.0311951 0.00106046 0)
(-0.0336167 0.00515362 0)
(-0.0381987 0.00909153 0)
(-0.0445987 0.0134348 0)
(-0.0516891 0.017999 0)
(-0.0584123 0.0219746 0)
(-0.0640528 0.0245304 0)
(-0.0683647 0.0252006 0)
(-0.071343 0.0239414 0)
(-0.073023 0.021017 0)
(-0.0735111 0.0168856 0)
(-0.0730591 0.0121358 0)
(-0.0719883 0.00744717 0)
(-0.0706428 0.00352759 0)
(-0.0695012 0.000997621 0)
(-0.0690075 3.21376e-05 0)
(-0.000566447 0.0438225 0)
(-0.0230182 -0.0231817 0)
(-0.0319021 -0.00942267 0)
(-0.0351814 -0.00467487 0)
(-0.0368214 0.00143223 0)
(-0.0395543 0.00585013 0)
(-0.0438665 0.0101436 0)
(-0.0494899 0.0146926 0)
(-0.0554826 0.0192585 0)
(-0.0609766 0.0230754 0)
(-0.0653965 0.0253897 0)
(-0.0685199 0.0257961 0)
(-0.070285 0.0242761 0)
(-0.0707071 0.0211093 0)
(-0.069976 0.01678 0)
(-0.0684758 0.0119018 0)
(-0.0666008 0.00716081 0)
(-0.0646686 0.00325105 0)
(-0.0631305 0.000780578 0)
(-0.0624736 -3.68112e-05 0)
(0.00246149 0.0476691 0)
(-0.0261566 -0.0195058 0)
(-0.0355531 -0.00818434 0)
(-0.0397352 -0.00401846 0)
(-0.0418537 0.00187919 0)
(-0.0448093 0.00654125 0)
(-0.0487541 0.0110951 0)
(-0.053556 0.0157906 0)
(-0.0584661 0.020335 0)
(-0.0627805 0.0239982 0)
(-0.0660063 0.0260838 0)
(-0.0678921 0.0262238 0)
(-0.0683213 0.0244169 0)
(-0.067361 0.0209759 0)
(-0.0653805 0.0164394 0)
(-0.0629265 0.0114609 0)
(-0.0603824 0.00672208 0)
(-0.0579227 0.00287356 0)
(-0.0559379 0.000495822 0)
(-0.0550432 -0.000122759 0)
(-0.0322891 0.0385456 0)
(-0.0326951 -0.012988 0)
(-0.042627 -0.004373 0)
(-0.0480259 -0.00140095 0)
(-0.0514975 0.00378086 0)
(-0.0539878 0.00846672 0)
(-0.0564444 0.0132016 0)
(-0.0588952 0.0179096 0)
(-0.0609845 0.0221671 0)
(-0.0622249 0.0252693 0)
(-0.0622058 0.0266042 0)
(-0.0607414 0.025924 0)
(-0.057973 0.0234036 0)
(-0.0544283 0.0195538 0)
(-0.0508189 0.0150096 0)
(-0.0475367 0.0103041 0)
(-0.0443795 0.00584726 0)
(-0.0410306 0.00213388 0)
(-0.0378905 -0.000153956 0)
(-0.0363008 -0.000457532 0)
(-0.0389408 0.0175942 0)
(-0.0382344 -0.00303284 0)
(-0.0491618 0.000887923 0)
(-0.0527868 0.00213289 0)
(-0.0557285 0.00574544 0)
(-0.0567456 0.00975053 0)
(-0.0568384 0.014125 0)
(-0.05609 0.0184115 0)
(-0.0545059 0.0219941 0)
(-0.0519043 0.0241554 0)
(-0.0482313 0.0244465 0)
(-0.043846 0.0229387 0)
(-0.0396556 0.0201397 0)
(-0.036811 0.0166327 0)
(-0.0358753 0.0126669 0)
(-0.0360401 0.00814646 0)
(-0.0354128 0.00327691 0)
(-0.0323469 -0.00094003 0)
(-0.0267659 -0.00312142 0)
(-0.0220687 -0.00198889 0)
(-0.0362659 0.013389 0)
(-0.0399039 0.00394116 0)
(-0.0468627 0.00468193 0)
(-0.0489737 0.00444796 0)
(-0.0500183 0.00635772 0)
(-0.049086 0.00908611 0)
(-0.0469837 0.0125279 0)
(-0.0438772 0.0160589 0)
(-0.0400261 0.0189586 0)
(-0.0355662 0.02053 0)
(-0.0308685 0.0205548 0)
(-0.0268708 0.0195328 0)
(-0.0249824 0.0182039 0)
(-0.0261329 0.0166473 0)
(-0.0295963 0.0139575 0)
(-0.0331041 0.00915754 0)
(-0.0343267 0.00247831 0)
(-0.0317228 -0.00428478 0)
(-0.024479 -0.00803207 0)
(-0.0151 -0.00521022 0)
(-0.0349741 0.0151735 0)
(-0.0375022 0.00854158 0)
(-0.0400211 0.00660923 0)
(-0.0399152 0.00504456 0)
(-0.0386867 0.00544591 0)
(-0.0358352 0.00692939 0)
(-0.0319879 0.0094123 0)
(-0.0275014 0.012323 0)
(-0.0228935 0.0149709 0)
(-0.0185383 0.0167121 0)
(-0.014971 0.0174833 0)
(-0.0133569 0.0181703 0)
(-0.0150219 0.019378 0)
(-0.0196774 0.0198563 0)
(-0.0249788 0.0174723 0)
(-0.0286252 0.0112527 0)
(-0.0298837 0.00191044 0)
(-0.0283851 -0.00847798 0)
(-0.0217701 -0.0157185 0)
(-0.00740141 -0.0123222 0)
(-0.032619 0.0158169 0)
(-0.0330283 0.0101002 0)
(-0.0325983 0.00652942 0)
(-0.0307804 0.00395129 0)
(-0.0278353 0.00319541 0)
(-0.0234726 0.00373241 0)
(-0.0181908 0.00553829 0)
(-0.0127262 0.00827131 0)
(-0.00805419 0.0113831 0)
(-0.00480495 0.0141662 0)
(-0.00315795 0.0163441 0)
(-0.00416216 0.0192314 0)
(-0.00872645 0.0228844 0)
(-0.014885 0.0242083 0)
(-0.0192107 0.0207497 0)
(-0.0204915 0.0129108 0)
(-0.0202636 0.00212279 0)
(-0.020265 -0.0106672 0)
(-0.0180447 -0.0224731 0)
(-0.00319631 -0.0220741 0)
(-0.0303886 0.015128 0)
(-0.029654 0.00963157 0)
(-0.0284131 0.00528377 0)
(-0.0264662 0.00201368 0)
(-0.0233733 0.000148253 0)
(-0.0186469 -0.000452657 0)
(-0.0122997 0.000657467 0)
(-0.00518504 0.003724 0)
(0.000881267 0.00820158 0)
(0.00371052 0.0129334 0)
(0.00374666 0.0169297 0)
(0.000882336 0.0220488 0)
(-0.0053741 0.0275195 0)
(-0.0115355 0.0282032 0)
(-0.0138637 0.0223666 0)
(-0.0124581 0.0127613 0)
(-0.00987418 0.0021089 0)
(-0.00952139 -0.00958855 0)
(-0.0127104 -0.0240152 0)
(-0.00285877 -0.0290497 0)
(-0.0286836 0.0140516 0)
(-0.0278213 0.00854493 0)
(-0.0268907 0.0038049 0)
(-0.0254771 -9.83917e-05 0)
(-0.0229941 -0.00315428 0)
(-0.0190342 -0.00516447 0)
(-0.0133318 -0.00537153 0)
(-0.00629342 -0.00257635 0)
(0.00130573 0.00391273 0)
(0.00616585 0.0118619 0)
(0.00595406 0.0185069 0)
(0.00224983 0.0258388 0)
(-0.00455803 0.0324107 0)
(-0.00998915 0.0312964 0)
(-0.0109408 0.0223501 0)
(-0.00886945 0.0106697 0)
(-0.00552184 -1.3614e-06 0)
(-0.00240599 -0.00862614 0)
(-0.00701283 -0.0225649 0)
(-0.000947194 -0.0339465 0)
(-0.0258412 0.0131873 0)
(-0.0246835 0.00796246 0)
(-0.0237274 0.00318379 0)
(-0.022853 -0.0010829 0)
(-0.021707 -0.00491777 0)
(-0.0194275 -0.00816101 0)
(-0.0154164 -0.00992588 0)
(-0.00989755 -0.00835627 0)
(-0.00355557 -0.00171831 0)
(0.00317356 0.00967421 0)
(0.00411542 0.0200193 0)
(0.000692421 0.0297805 0)
(-0.0055199 0.0368808 0)
(-0.00985659 0.0335359 0)
(-0.0105223 0.021825 0)
(-0.0096927 0.00842317 0)
(-0.00721008 -0.00301021 0)
(-0.00245399 -0.010254 0)
(-0.00341834 -0.021359 0)
(-0.000828025 -0.0370462 0)
(-0.0214644 0.0121858 0)
(-0.020488 0.00745387 0)
(-0.0203993 0.00285171 0)
(-0.0212786 -0.00129661 0)
(-0.0226608 -0.0051838 0)
(-0.0230549 -0.00953764 0)
(-0.0213524 -0.0129036 0)
(-0.0172251 -0.0125914 0)
(-0.0111421 -0.00630369 0)
(-0.0043917 0.00606883 0)
(-0.00078955 0.0205802 0)
(-0.00266979 0.0329333 0)
(-0.00700094 0.0403253 0)
(-0.00991963 0.0352258 0)
(-0.0109924 0.021961 0)
(-0.0117725 0.00730047 0)
(-0.0100223 -0.00604534 0)
(-0.00556972 -0.0139467 0)
(-0.0022686 -0.0219694 0)
(-0.00149278 -0.0384633 0)
(-0.0168683 0.0115007 0)
(-0.017305 0.00781995 0)
(-0.0194935 0.00417237 0)
(-0.0233752 0.000805169 0)
(-0.0280414 -0.00313728 0)
(-0.0321633 -0.00875936 0)
(-0.0337479 -0.0143736 0)
(-0.0312512 -0.0163622 0)
(-0.0242002 -0.011123 0)
(-0.0148799 0.00193853 0)
(-0.00791641 0.0191816 0)
(-0.00633889 0.0341327 0)
(-0.00756531 0.0421201 0)
(-0.00853812 0.0364847 0)
(-0.00967066 0.0229782 0)
(-0.0112139 0.00743511 0)
(-0.0102707 -0.00844237 0)
(-0.00748405 -0.0183976 0)
(-0.00245338 -0.0235856 0)
(-0.00484939 -0.0377093 0)
(-0.0135483 0.0123644 0)
(-0.0163837 0.0100593 0)
(-0.0211558 0.00789643 0)
(-0.0281213 0.00557598 0)
(-0.0359186 0.00175378 0)
(-0.0436125 -0.0052215 0)
(-0.0489419 -0.0139206 0)
(-0.0491188 -0.0199911 0)
(-0.0420995 -0.0177656 0)
(-0.0287742 -0.00482388 0)
(-0.0158991 0.0143123 0)
(-0.00900856 0.0321355 0)
(-0.0060243 0.0416628 0)
(-0.00435962 0.0369343 0)
(-0.00469874 0.0241225 0)
(-0.00611939 0.00860762 0)
(-0.00607638 -0.00921184 0)
(-0.00616755 -0.0218953 0)
(-0.000598339 -0.0257079 0)
(0.000427342 -0.0363944 0)
(-0.012633 0.0156613 0)
(-0.018105 0.0141792 0)
(-0.0241739 0.0133659 0)
(-0.0320793 0.0119648 0)
(-0.0407439 0.00855578 0)
(-0.0498961 0.000529062 0)
(-0.0574261 -0.0114546 0)
(-0.0611116 -0.0227591 0)
(-0.0577553 -0.0263565 0)
(-0.0445826 -0.0167442 0)
(-0.0246445 0.00441461 0)
(-0.0100957 0.0256837 0)
(-0.00201451 0.0384148 0)
(0.00289785 0.0359955 0)
(0.00389664 0.0249235 0)
(0.00279518 0.0102069 0)
(0.00220773 -0.0075703 0)
(-0.00143422 -0.022874 0)
(0.00158062 -0.0269303 0)
(-0.000394068 -0.0375912 0)
(-0.014828 0.0213523 0)
(-0.021669 0.0192397 0)
(-0.0261722 0.0187844 0)
(-0.0313782 0.0176854 0)
(-0.0367803 0.0146813 0)
(-0.0431974 0.0067512 0)
(-0.0497878 -0.00648491 0)
(-0.0554386 -0.0215644 0)
(-0.0579592 -0.0319292 0)
(-0.0525027 -0.0306428 0)
(-0.0352621 -0.0135219 0)
(-0.0105863 0.0135969 0)
(0.00332297 0.031647 0)
(0.0118535 0.033106 0)
(0.0147707 0.0251039 0)
(0.0140191 0.011867 0)
(0.0120503 -0.00473483 0)
(0.00622384 -0.0207428 0)
(0.00524232 -0.0261996 0)
(-0.000930466 -0.0364991 0)
(-0.0198025 0.0281097 0)
(-0.0255999 0.0233382 0)
(-0.0255895 0.0214926 0)
(-0.0250827 0.0198836 0)
(-0.024351 0.0171278 0)
(-0.0244402 0.0108186 0)
(-0.0264677 -0.000394157 0)
(-0.0309197 -0.0155071 0)
(-0.0361267 -0.0291662 0)
(-0.0387275 -0.0359578 0)
(-0.0345028 -0.0297383 0)
(-0.0176915 -0.00853018 0)
(0.00659164 0.0195674 0)
(0.0196418 0.0277145 0)
(0.0251873 0.0242477 0)
(0.0251217 0.0138129 0)
(0.0219458 -0.000777772 0)
(0.0145973 -0.0163435 0)
(0.0105436 -0.0238729 0)
(0.00550277 -0.0350116 0)
(-0.0245928 0.0333018 0)
(-0.0282319 0.0238336 0)
(-0.0231547 0.0192484 0)
(-0.0155966 0.0174482 0)
(-0.00866215 0.0147424 0)
(-0.00240529 0.00974939 0)
(0.000213997 0.000819655 0)
(-0.00166415 -0.0104174 0)
(-0.00546806 -0.0231903 0)
(-0.00831456 -0.0321161 0)
(-0.0116542 -0.0317169 0)
(-0.0130638 -0.0230209 0)
(0.00418717 0.00125767 0)
(0.0217914 0.0179563 0)
(0.0311004 0.0214522 0)
(0.0327287 0.0154801 0)
(0.0293864 0.00396906 0)
(0.0211199 -0.010238 0)
(0.0143258 -0.0192691 0)
(0.00234854 -0.0311081 0)
(-0.0195188 0.0360106 0)
(-0.0197865 0.0202852 0)
(-0.0153611 0.00840032 0)
(-0.0063541 0.00547049 0)
(0.00525837 0.00535686 0)
(0.0151724 0.00424315 0)
(0.0214021 -0.000640183 0)
(0.0225071 -0.0085704 0)
(0.0203215 -0.0200471 0)
(0.0190463 -0.0300313 0)
(0.0179707 -0.0280595 0)
(0.0110259 -0.0198066 0)
(0.00515926 -0.0113284 0)
(0.0179497 0.00529563 0)
(0.0297054 0.015332 0)
(0.0341378 0.0154203 0)
(0.0322513 0.00823889 0)
(0.0246335 -0.00356673 0)
(0.0178361 -0.0126678 0)
(0.00354629 -0.0219622 0)
(0.00277164 0.0379319 0)
(0.0101608 0.0215828 0)
(0.0171941 0.00879266 0)
(0.0211213 6.9036e-05 0)
(0.0254888 -0.00382655 0)
(0.0318616 -0.00454178 0)
(0.0377166 -0.00548782 0)
(0.0405962 -0.00917438 0)
(0.0417688 -0.0184397 0)
(0.0409319 -0.0284805 0)
(0.0367639 -0.0275391 0)
(0.0316604 -0.0138126 0)
(0.01971 -0.00569856 0)
(0.0160458 -0.000331488 0)
(0.023758 0.00863438 0)
(0.029859 0.0132875 0)
(0.0305016 0.0108779 0)
(0.0250091 0.00252168 0)
(0.0205248 -0.00609825 0)
(0.0103743 -0.0177496 0)
(0.0388954 0.0293941 0)
(0.0522153 0.0139962 0)
(0.0608764 0.0010207 0)
(0.063805 -0.00575344 0)
(0.0623962 -0.0068001 0)
(0.060211 -0.0064577 0)
(0.0593866 -0.00816278 0)
(0.0601781 -0.0109349 0)
(0.0608194 -0.0188665 0)
(0.05618 -0.025777 0)
(0.0453114 -0.024024 0)
(0.0370392 -0.00843455 0)
(0.0277708 0.00140603 0)
(0.0180166 0.00197719 0)
(0.018298 0.00457507 0)
(0.0233067 0.00978706 0)
(0.0262869 0.011102 0)
(0.0226274 0.00722357 0)
(0.0181722 0.000377977 0)
(-0.00416907 -0.0110833 0)
(0.0735618 0.0179647 0)
(0.0844269 0.0104386 0)
(0.0885728 0.00335759 0)
(0.09221 -0.00144147 0)
(0.0959015 -0.00113467 0)
(0.0949637 1.52158e-05 0)
(0.0901103 -0.00656205 0)
(0.0829362 -0.00877755 0)
(0.0723589 -0.0157677 0)
(0.0566238 -0.0164978 0)
(0.0371165 -0.0157881 0)
(0.0257387 0.00186201 0)
(0.0211925 0.00885544 0)
(0.0175203 0.00916744 0)
(0.0158033 0.00517738 0)
(0.0189409 0.00748932 0)
(0.0236156 0.0103132 0)
(0.0215189 0.0119838 0)
(0.0209405 0.00653737 0)
(0.00344951 0.0025021 0)
(0.0599867 0.00154847 0)
(0.0628429 0.00317933 0)
(0.0580511 -0.00220024 0)
(0.0638147 -0.014381 0)
(0.0791459 -0.011687 0)
(0.0769188 0.00233812 0)
(0.0751047 -0.00166841 0)
(0.0661494 0.0101017 0)
(0.0514604 0.0013898 0)
(0.0331842 0.00952211 0)
(0.0140474 -0.000543106 0)
(0.0049515 0.0122467 0)
(0.00634395 -0.000708681 0)
(0.0125907 0.0105837 0)
(0.0126192 0.00131192 0)
(0.0164786 0.00307453 0)
(0.0227712 0.00730602 0)
(0.0200249 0.0145112 0)
(0.0196296 0.00759511 0)
(0.00769561 0.019245 0)
)
;

boundaryField
{
    left_open
    {
        type            pressureInletOutletVelocity;
        value           nonuniform List<vector> 
40
(
(-0.0163605 -0.000342793 0)
(-0.0318207 -0.00190245 0)
(-0.0375865 -0.0036046 0)
(-0.0385511 -0.00510651 0)
(-0.0367551 -0.00625511 0)
(-0.0329558 -0.00699088 0)
(-0.027549 -0.00727056 0)
(-0.0209373 -0.0070842 0)
(-0.0136463 -0.00647528 0)
(-0.00631175 -0.00553073 0)
(0.000429742 0 0)
(0.00504218 0 0)
(0.00798729 0 0)
(0.00996553 0 0)
(0.0110452 0 0)
(0.011112 0 0)
(0.0101327 0 0)
(0.00837865 0 0)
(0.00637793 0 0)
(0.00459108 0 0)
(0.00179346 0 0)
(0.00133305 0 0)
(0.00123649 0 0)
(0.000555398 0 0)
(0.000937728 0 0)
(-0.000128195 -0.017258 0)
(0.00145848 0 0)
(0.000639292 0 0)
(-0.00357671 -0.0251178 0)
(-0.00301276 -0.0296495 0)
(-0.00113664 -0.0328077 0)
(-0.00447239 -0.0376839 0)
(9.58179e-06 0 0)
(-0.00551318 -0.0430541 0)
(-0.00366672 -0.0439451 0)
(-0.00337563 -0.0388152 0)
(-0.00331106 -0.0293818 0)
(-0.00236086 -0.0155435 0)
(-0.00295995 0.000994436 0)
(0.000604398 0 0)
)
;
    }
    right_open
    {
        type            pressureInletOutletVelocity;
        value           nonuniform List<vector> 
40
(
(-0.00396939 0 0)
(-0.0135697 0 0)
(-0.023509 0 0)
(-0.0331494 0 0)
(-0.0421517 0 0)
(-0.0503282 0 0)
(-0.057591 0 0)
(-0.063916 0 0)
(-0.0693072 0 0)
(-0.0737677 0 0)
(-0.0772802 0 0)
(-0.0797983 0 0)
(-0.0812456 0 0)
(-0.0815219 0 0)
(-0.080515 0 0)
(-0.0781216 0 0)
(-0.0742785 0 0)
(-0.0690075 0 0)
(-0.0624736 0 0)
(-0.0550432 0 0)
(-0.0363008 0 0)
(-0.0220687 0 0)
(-0.0151 0 0)
(-0.00740141 0 0)
(-0.00319631 0 0)
(-0.00285877 0 0)
(-0.000947194 0 0)
(-0.000828025 0 0)
(-0.00149278 0 0)
(-0.00484939 0 0)
(0.000427342 -0.0363944 0)
(-0.000394068 -0.0375912 0)
(-0.000930466 0 0)
(0.00550277 -0.0350116 0)
(0.00234854 0 0)
(0.00354629 -0.0219622 0)
(0.0103743 -0.0177496 0)
(-0.00416907 0 0)
(0.00344951 0 0)
(0.00769561 0 0)
)
;
    }
    base_side
    {
        type            noSlip;
    }
    top
    {
        type            pressureInletOutletVelocity;
        value           nonuniform List<vector> 
65
(
(0.000604398 0.0171499 0)
(-0.0153165 0.0138889 0)
(-0.0230995 0.00577599 0)
(0 -0.000794359 0)
(0 -2.02841e-05 0)
(-0.0257099 0.0101491 0)
(0 -0.000837536 0)
(-0.0343808 0.00699963 0)
(0 0.00098232 0)
(-0.0560412 0.0025636 0)
(-0.0679735 0.00278777 0)
(0 -0.00145503 0)
(0 -0.000643115 0)
(-0.0794012 0.0122486 0)
(0 0.00175229 0)
(-0.079155 0.00888312 0)
(0 0.000322219 0)
(-0.0811852 0.0110543 0)
(0 -0.00146202 0)
(-0.0826558 0.0151415 0)
(-0.0731515 0.0151402 0)
(-0.062222 0.0205288 0)
(-0.0507372 0.0173814 0)
(-0.0380121 0.0236473 0)
(-0.0249406 0.0133379 0)
(-0.0116097 0.0133152 0)
(0.000429344 0.00984746 0)
(0.0111891 0.00563376 0)
(0.0186201 0.00888995 0)
(0.0228078 0.00795007 0)
(0.0264088 0.00533461 0)
(0.028917 0.00401997 0)
(0.0305326 0.0035935 0)
(0.0315059 0.00280257 0)
(0 0.00081772 0)
(0 0.00109723 0)
(0.0389667 0.0209193 0)
(0.0388328 0.0112043 0)
(0.0428058 0.00807799 0)
(0.0469228 0.00650836 0)
(0.0512707 0.00751073 0)
(0 0.00706068 0)
(0.0567613 0.0226772 0)
(0.0530629 0.0212639 0)
(0.0500086 0.0173984 0)
(0 0.00154847 0)
(0.0628429 0.00317933 0)
(0.0580511 -0.00220024 0)
(0 -0.014381 0)
(0 -0.011687 0)
(0.0769188 0.00233812 0)
(0 -0.00166841 0)
(0.0661494 0.0101017 0)
(0 0.0013898 0)
(0.0331842 0.00952211 0)
(0 -0.000543106 0)
(0.0049515 0.0122467 0)
(0 -0.000708681 0)
(0.0125907 0.0105837 0)
(0.0126192 0.00131192 0)
(0.0164786 0.00307453 0)
(0.0227712 0.00730602 0)
(0.0200249 0.0145112 0)
(0.0196296 0.00759511 0)
(0.00769561 0.019245 0)
)
;
    }
    front
    {
        type            empty;
    }
    back
    {
        type            empty;
    }
    air_to_aluminum
    {
        type            noSlip;
    }
}


// ************************************************************************* //
