/*--------------------------------*- C++ -*----------------------------------*\
| =========                 |                                                 |
| \\      /  F ield         | OpenFOAM: The Open Source CFD Toolbox           |
|  \\    /   O peration     | Version:                                        |
|   \\  /    A nd           | Website:  www.openfoam.com                      |
|    \\/     M anipulation  |                                                 |
\*---------------------------------------------------------------------------*/
FoamFile
{
    version     2.0;
    format      ascii;
    class       surfaceScalarField;
    location    "1875.0/air";
    object      phi;
}
// * * * * * * * * * * * * * * * * * * * * * * * * * * * * * * * * * * * * * //

dimensions      [1 0 -1 0 0 0 0];
oriented        oriented;


internalField   nonuniform List<scalar> 
4299
(
6.88273e-08
-6.88141e-08
1.06896e-07
-3.80549e-08
7.13356e-08
3.55735e-08
7.13488e-08
6.17364e-08
-1.30537e-07
1.08693e-07
-8.4997e-08
7.1655e-08
7.26262e-08
1.43017e-07
3.66793e-08
-1.67202e-07
6.8731e-08
-1.17032e-07
4.57019e-08
9.56718e-08
1.88734e-07
1.82208e-08
-1.85406e-07
3.75791e-08
-1.3637e-07
2.60349e-08
1.07236e-07
2.14784e-07
6.95374e-09
-1.92342e-07
1.95608e-08
-1.48951e-07
1.55857e-08
1.11235e-07
2.30387e-07
6.59066e-10
-1.9298e-07
1.06157e-08
-1.58875e-07
1.15234e-08
1.10359e-07
2.4193e-07
-4.22211e-09
-1.88733e-07
7.04635e-09
-1.70103e-07
1.16891e-08
1.05754e-07
2.53642e-07
-8.79472e-09
-1.79912e-07
7.14596e-09
-1.85997e-07
1.57567e-08
9.71885e-08
2.69424e-07
-1.59026e-08
-1.63983e-07
1.01795e-08
-2.12034e-07
2.52282e-08
8.21857e-08
2.94679e-07
-3.01027e-08
-1.3386e-07
1.43932e-08
-2.56499e-07
4.27632e-08
5.38517e-08
3.37466e-07
-5.89966e-08
-7.48561e-08
1.28924e-08
-3.28388e-07
6.98232e-08
-3.06817e-09
4.07304e-07
-1.11459e-07
3.65938e-08
-9.51096e-09
-4.30376e-07
9.85218e-08
-1.11123e-07
5.05829e-07
-1.91445e-07
2.28018e-07
-9.11872e-08
-5.30692e-07
9.18917e-08
-2.94229e-07
5.9772e-07
-2.85479e-07
5.13474e-07
-2.5869e-07
-5.57522e-07
-2.32717e-08
-5.2963e-07
5.74456e-07
-2.3967e-07
7.53121e-07
-3.90777e-07
-4.06427e-07
-2.02464e-07
-7.17852e-07
3.72008e-07
1.82731e-07
5.70421e-07
-3.18511e-08
-1.91788e-07
-2.63627e-07
-4.85908e-07
1.0834e-07
-7.02445e-08
7.02575e-08
-1.06839e-07
3.66079e-08
-6.99435e-08
-3.68831e-08
-6.99305e-08
-6.99158e-08
1.40186e-07
-1.08421e-07
7.51258e-08
-6.33037e-08
-8.1987e-08
-1.33221e-07
-4.34491e-08
1.83648e-07
-6.81805e-08
9.98702e-08
-3.85351e-08
-1.11619e-07
-1.71743e-07
-2.32126e-08
2.06874e-07
-3.67918e-08
1.13462e-07
-2.04349e-08
-1.27963e-07
-1.92165e-07
-1.23362e-08
2.19223e-07
-1.87022e-08
1.19842e-07
-9.41383e-09
-1.37238e-07
-2.01566e-07
-8.35107e-09
2.27587e-07
-9.97209e-09
1.21476e-07
-2.68634e-09
-1.44511e-07
-2.04239e-07
-9.14302e-09
2.36744e-07
-6.99361e-09
1.1934e-07
2.09809e-09
-1.53589e-07
-2.02128e-07
-1.43523e-08
2.51109e-07
-7.76505e-09
1.12766e-07
7.71374e-09
-1.69055e-07
-1.94401e-07
-2.49133e-08
2.76035e-07
-1.15026e-08
9.93673e-08
1.58106e-08
-1.96356e-07
-1.78578e-07
-4.23837e-08
3.18431e-07
-1.72778e-08
7.42715e-08
2.91856e-08
-2.42811e-07
-1.49381e-07
-6.73523e-08
3.85795e-07
-2.24769e-08
2.94072e-08
5.05854e-08
-3.15862e-07
-9.87838e-08
-9.70522e-08
4.82864e-07
-2.42116e-08
-4.34015e-08
7.85123e-08
-4.18547e-07
-2.0249e-08
-1.23535e-07
6.06437e-07
-2.97967e-08
-1.37022e-07
9.38518e-08
-5.42054e-07
7.36617e-08
-1.26597e-07
7.33137e-07
-6.62367e-08
-1.97028e-07
4.12771e-08
-6.492e-07
1.15075e-07
-3.29329e-08
7.66295e-07
-1.25839e-07
-1.03296e-07
-1.16483e-07
-6.57856e-07
-1.20874e-09
3.20798e-07
4.45453e-07
-5.93458e-08
2.78187e-07
-2.12087e-07
-5.04003e-07
-2.13038e-07
2.06893e-05
3.51753e-06
-2.42066e-05
1.75499e-05
3.13994e-06
1.49557e-05
2.59525e-06
2.04717e-06
1.29105e-05
1.61739e-05
1.98834e-06
-1.46444e-05
1.72948e-05
2.01923e-06
1.8026e-05
1.86457e-06
1.62531e-06
1.84486e-05
8.4967e-06
1.02803e-06
-7.53613e-06
9.40424e-06
1.11225e-06
1.02011e-05
1.06848e-06
9.18154e-07
1.0909e-05
8.09239e-06
8.31258e-07
-7.89567e-06
8.24588e-06
9.59292e-07
8.37961e-06
9.3619e-07
6.9731e-07
8.60287e-06
7.87413e-06
7.67765e-07
-7.81102e-06
7.92418e-06
9.09139e-07
7.93648e-06
9.24554e-07
6.68639e-07
7.96701e-06
5.82131e-06
9.83308e-07
-6.03721e-06
5.57571e-06
1.15443e-06
5.25584e-06
1.24443e-06
1.08745e-06
4.83768e-06
3.50115e-06
1.43807e-06
-3.95616e-06
2.98952e-06
1.66579e-06
2.35621e-06
1.87748e-06
1.95489e-06
1.48869e-06
2.68996e-06
1.8893e-06
-3.14139e-06
2.20289e-06
2.15263e-06
1.6254e-06
2.4547e-06
2.74924e-06
8.30758e-07
4.16359e-06
2.08498e-06
-4.35954e-06
3.99299e-06
2.32297e-06
3.84255e-06
2.60486e-06
2.92943e-06
3.66207e-06
7.12203e-06
2.01047e-06
-7.04789e-06
7.24154e-06
2.20309e-06
7.41881e-06
2.42722e-06
2.68758e-06
7.66028e-06
1.0611e-05
1.74143e-06
-1.03424e-05
1.0912e-05
1.90169e-06
1.12471e-05
2.09167e-06
2.30546e-06
1.16287e-05
1.40456e-05
1.28451e-06
-1.35892e-05
1.45803e-05
1.36651e-06
1.52151e-05
1.4564e-06
1.53429e-06
1.59859e-05
1.60047e-05
7.75425e-07
-1.5496e-05
1.67035e-05
6.67459e-07
1.76659e-05
4.93699e-07
2.31686e-07
1.89684e-05
1.45923e-05
6.81101e-07
-1.44981e-05
1.48718e-05
3.87892e-07
1.53354e-05
3.01008e-08
-4.52719e-07
1.60196e-05
1.00011e-05
1.46013e-06
-1.07801e-05
9.21164e-06
1.17731e-06
8.42053e-06
8.21219e-07
5.13244e-07
7.45412e-06
5.69617e-06
2.58256e-06
-6.81864e-06
4.34341e-06
2.53005e-06
2.69384e-06
2.47087e-06
2.47359e-06
7.34074e-07
2.51973e-06
3.16399e-06
-3.10137e-06
1.69115e-06
3.35842e-06
5.9107e-07
3.57082e-06
3.80614e-06
-7.41122e-07
-2.11897e-06
2.55306e-06
2.72894e-06
-1.64666e-06
2.88515e-06
-1.29914e-06
3.22238e-06
3.53601e-06
-1.02978e-06
-1.56189e-05
9.44401e-07
1.72245e-05
-1.40407e-05
1.30374e-06
-1.27557e-05
1.93401e-06
1.939e-06
-1.11623e-05
-2.54493e-05
2.8415e-05
-2.61529e-05
-2.68472e-05
-2.73558e-05
1.19704e-05
1.51321e-06
1.0836e-05
9.45428e-07
9.95021e-06
4.01998e-07
6.17828e-08
9.99701e-06
1.8627e-05
1.33633e-06
1.8516e-05
1.05836e-06
1.81169e-05
8.03064e-07
6.32978e-07
1.75467e-05
1.15849e-05
6.61408e-07
1.23298e-05
3.1438e-07
1.31767e-05
-4.31379e-08
-1.66678e-07
1.39765e-05
9.06535e-06
2.02192e-07
9.88606e-06
-5.02368e-07
1.09084e-05
-1.06112e-06
-6.7535e-07
1.14206e-05
8.09168e-06
8.0639e-08
8.23454e-06
-6.41451e-07
7.49313e-06
-3.16946e-07
2.21948e-06
4.59497e-06
4.29345e-06
6.26272e-07
3.16162e-06
4.92112e-07
2.40567e-07
2.60477e-06
7.69718e-06
-5.24096e-06
2.47373e-07
1.86829e-06
-1.50324e-06
2.24615e-06
-4.01791e-06
5.12745e-06
1.12306e-05
-7.54584e-06
-3.09023e-07
3.00829e-06
-1.54503e-06
3.48547e-06
-1.78172e-06
5.37692e-06
1.03324e-05
-8.63931e-07
3.38266e-06
3.28748e-06
3.16073e-06
3.7082e-06
4.05739e-06
4.48584e-06
6.74251e-06
7.664e-06
7.96115e-06
2.98623e-06
8.34692e-06
3.32213e-06
9.1273e-06
3.70587e-06
4.36582e-06
1.15079e-05
1.20752e-05
2.5392e-06
1.25996e-05
2.79727e-06
1.32165e-05
3.08834e-06
3.4241e-06
1.41577e-05
1.69305e-05
1.59412e-06
1.8039e-05
1.68843e-06
1.92299e-05
1.8969e-06
2.27729e-06
2.03759e-05
2.05477e-05
1.45629e-08
2.21842e-05
5.11809e-08
2.34288e-05
6.50084e-07
1.59667e-06
2.4106e-05
1.65949e-05
-5.62787e-07
1.63659e-05
2.74671e-07
1.51386e-05
1.87024e-06
3.63897e-06
1.30908e-05
6.11937e-06
7.69552e-07
3.83605e-06
2.55267e-06
4.26775e-07
5.2737e-06
7.705e-06
-3.64538e-06
-1.37959e-06
2.88534e-06
-3.35259e-06
4.52859e-06
-5.39833e-06
7.3193e-06
1.0193e-05
-7.89188e-06
-2.0279e-06
4.17447e-06
-2.54821e-06
5.05522e-06
-2.04136e-06
6.8209e-06
9.16477e-06
-1.00724e-06
-7.08335e-07
3.85298e-06
8.85347e-08
4.26038e-06
1.9281e-06
4.98695e-06
6.14562e-06
4.9559e-06
-9.75425e-06
2.44146e-06
-7.83023e-06
2.33307e-06
-5.74855e-06
2.90303e-06
3.14383e-06
-2.74734e-06
-2.35688e-05
-2.41654e-05
-2.01003e-05
-2.04311e-05
1.00912e-05
-9.4697e-08
1.02641e-05
-1.74057e-07
-2.28142e-07
1.04905e-05
1.7132e-05
3.19723e-07
1.66179e-05
3.38947e-07
3.95769e-07
1.59916e-05
1.43162e-05
-2.06344e-08
1.44439e-05
2.09401e-07
7.04867e-07
1.41312e-05
1.09659e-05
4.33795e-07
9.67865e-06
1.49155e-06
2.93541e-06
7.43308e-06
1.64828e-06
3.3713e-06
-2.04547e-06
5.16941e-06
6.86307e-06
-5.99404e-06
-8.81048e-06
6.93496e-06
-1.20182e-05
8.36981e-06
9.12249e-06
-1.42828e-05
-9.68464e-06
9.07244e-06
-1.15172e-05
1.01994e-05
1.025e-05
-1.26449e-05
-2.95896e-07
8.51217e-06
-1.32802e-07
1.00383e-05
1.0696e-05
-5.82602e-07
1.06933e-05
5.49517e-06
1.38017e-05
6.94084e-06
8.22222e-06
1.62821e-05
1.39602e-05
3.04795e-06
1.72067e-05
3.70143e-06
4.54495e-06
2.0892e-05
1.50771e-05
2.12869e-06
1.64681e-05
2.31115e-06
2.57541e-06
1.84394e-05
2.10117e-05
1.49223e-06
2.16258e-05
1.69629e-06
1.91829e-06
2.22821e-05
2.41821e-05
1.41402e-06
2.40341e-05
1.84241e-06
2.31078e-06
2.36401e-05
1.15752e-05
2.92703e-06
9.85353e-06
3.56115e-06
4.22703e-06
7.93359e-06
-6.05919e-06
5.33731e-06
-8.48069e-06
5.9792e-06
6.54671e-06
-1.08037e-05
-9.4134e-06
6.85401e-06
-1.09498e-05
7.51042e-06
8.00401e-06
-1.2412e-05
-3.51279e-07
6.19886e-06
2.70067e-07
6.8881e-06
7.46898e-06
8.02566e-07
7.04449e-06
4.1156e-06
9.33235e-06
4.60527e-06
5.1094e-06
1.16963e-05
-4.7382e-07
1.84272e-06
2.07918e-06
2.05357e-06
2.17412e-06
5.01621e-06
-1.75783e-05
-1.45234e-05
-1.36564e-05
1.05578e-05
-6.81675e-08
1.06221e-05
-6.5351e-08
-6.31754e-08
1.06839e-05
1.57624e-05
1.59806e-07
1.55132e-05
1.8235e-07
2.06876e-07
1.52412e-05
1.3841e-05
4.47804e-07
1.34373e-05
5.83282e-07
7.28687e-07
1.29117e-05
6.41976e-06
1.45243e-06
5.29964e-06
1.69291e-06
1.94256e-06
4.07367e-06
-7.32178e-06
2.77234e-06
-8.56516e-06
2.92862e-06
3.06431e-06
-9.69396e-06
-1.47526e-05
3.24176e-06
-1.5024e-05
3.20067e-06
3.11949e-06
-1.50774e-05
-1.27883e-05
3.38676e-06
-1.27845e-05
3.19937e-06
2.96319e-06
-1.26249e-05
-9.09131e-07
3.71068e-06
-1.31046e-06
3.59791e-06
3.4356e-06
-1.78575e-06
1.68451e-05
3.14859e-06
1.72117e-05
3.23147e-06
3.28216e-06
1.73646e-05
2.22145e-05
1.82877e-06
2.34937e-05
1.95482e-06
2.07368e-06
2.47044e-05
1.92719e-05
9.97171e-07
2.01719e-05
1.05586e-06
1.11473e-06
2.1132e-05
2.25515e-05
7.27567e-07
2.28434e-05
7.63672e-07
7.98198e-07
2.31598e-05
2.34374e-05
9.298e-07
2.32069e-05
9.93695e-07
1.05766e-06
2.29471e-05
7.19521e-06
1.66668e-06
6.43922e-06
1.74807e-06
1.8246e-06
5.67053e-06
-1.15675e-05
2.42936e-06
-1.23014e-05
2.48083e-06
2.52386e-06
-1.30018e-05
-1.28779e-05
2.89369e-06
-1.33144e-05
2.91596e-06
2.93214e-06
-1.37238e-05
9.62831e-07
2.73219e-06
1.10937e-06
2.76806e-06
2.80399e-06
1.23608e-06
1.24894e-05
1.94033e-06
1.32619e-05
1.99675e-06
2.05086e-06
1.4016e-05
6.07301e-06
8.84231e-07
7.17569e-06
8.94799e-07
9.12506e-07
8.3148e-06
-1.32277e-05
-1.27478e-05
-1.17196e-05
1.08682e-05
-1.89855e-07
1.08917e-05
-3.41197e-08
3.5498e-07
1.05187e-05
1.42804e-05
7.6257e-07
1.28908e-05
1.33819e-06
2.54573e-06
1.06667e-05
1.07219e-05
2.93304e-06
7.52531e-06
4.4957e-06
6.22681e-06
3.79179e-06
2.55838e-07
6.70992e-06
-3.41497e-06
8.12852e-06
8.87794e-06
-6.08764e-06
-1.1982e-05
8.98483e-06
-1.27905e-05
8.93865e-06
8.2323e-06
-1.2128e-05
-1.42198e-05
8.13907e-06
-1.20904e-05
6.82988e-06
5.35517e-06
-9.18878e-06
-1.14416e-05
6.96853e-06
-9.39936e-06
4.80178e-06
3.06455e-06
-7.09772e-06
-3.43185e-06
8.60666e-06
-5.30858e-06
6.67363e-06
4.93352e-06
-7.17801e-06
1.66606e-05
9.3055e-06
1.43776e-05
8.94846e-06
8.25836e-06
1.10439e-05
2.75639e-05
6.45046e-06
2.93495e-05
7.16422e-06
7.6702e-06
2.99362e-05
2.40887e-05
3.49753e-06
2.71736e-05
4.08321e-06
4.71581e-06
3.01313e-05
2.41813e-05
2.47595e-06
2.54897e-05
2.77559e-06
3.14072e-06
2.70664e-05
2.20897e-05
3.33263e-06
2.10816e-05
3.78287e-06
4.24032e-06
1.99796e-05
3.48937e-06
5.50798e-06
1.26552e-06
5.99936e-06
6.40647e-06
-9.09403e-07
-1.48048e-05
7.30832e-06
-1.62669e-05
7.4594e-06
7.47594e-06
-1.73373e-05
-1.47698e-05
8.35201e-06
-1.55733e-05
8.26256e-06
8.02522e-06
-1.61207e-05
1.47148e-06
8.11218e-06
1.52248e-06
8.20695e-06
8.13924e-06
1.40407e-06
1.61054e-05
6.02484e-06
1.79617e-05
6.35134e-06
6.57342e-06
1.9527e-05
1.1312e-05
3.02974e-06
1.42554e-05
3.40983e-06
3.75169e-06
1.70785e-05
-8.02682e-06
-7.19305e-06
-6.55021e-06
7.83406e-06
3.09201e-06
2.94539e-06
5.1584e-06
-1.2071e-06
3.6634e-06
2.62016e-06
-4.03049e-06
4.91032e-06
8.77113e-06
-4.44196e-07
1.05175e-05
-4.53034e-06
7.78654e-06
5.74808e-06
-7.6359e-06
-1.4491e-06
1.39557e-05
-3.57079e-06
1.26823e-05
-4.68204e-06
8.94064e-06
6.23986e-06
-5.15229e-06
-7.1448e-06
1.50288e-05
-5.58187e-06
1.11749e-05
-3.71235e-06
7.10444e-06
4.27495e-06
-1.73253e-06
-8.50473e-06
1.14536e-05
-4.1567e-06
6.86653e-06
-4.86437e-07
3.45338e-06
1.36068e-06
2.43575e-06
-3.76929e-06
6.0715e-06
3.81495e-07
2.73299e-06
3.06374e-06
7.75452e-07
-3.62799e-07
4.78625e-06
-3.9983e-06
2.98084e-06
-2.66959e-06
1.40443e-06
-2.24027e-06
3.45237e-07
-3.4721e-07
-2.25606e-06
-9.95427e-06
5.76123e-06
-1.18708e-05
3.32275e-06
-1.2952e-05
1.42608e-06
-1.12101e-07
-1.31879e-05
4.49013e-06
1.2302e-05
-1.52207e-06
9.32682e-06
-6.52785e-06
6.42925e-06
3.88053e-06
-1.05219e-05
2.83427e-05
1.3889e-05
2.42452e-05
1.34157e-05
1.86018e-05
1.20645e-05
1.00459e-05
1.24297e-05
3.42174e-05
9.80605e-06
3.62598e-05
1.13735e-05
3.59591e-05
1.23644e-05
1.24592e-05
3.35453e-05
3.00865e-05
6.78965e-06
3.24876e-05
8.97163e-06
3.34674e-05
1.1377e-05
1.30596e-05
3.28551e-05
1.80492e-05
8.70721e-06
1.6301e-05
1.06957e-05
1.51346e-05
1.25174e-05
1.33411e-05
1.48354e-05
-4.17665e-06
1.19584e-05
-6.01232e-06
1.25199e-05
-5.87933e-06
1.23834e-05
1.14445e-05
-3.97109e-06
-1.83006e-05
1.29234e-05
-1.79876e-05
1.2213e-05
-1.66985e-05
1.1103e-05
9.76558e-06
-1.50119e-05
-1.65154e-05
1.33251e-05
-1.64081e-05
1.21145e-05
-1.62259e-05
1.09268e-05
9.83025e-06
-1.62892e-05
9.28744e-07
1.37944e-05
2.2118e-07
1.28184e-05
-6.15814e-07
1.17624e-05
1.07227e-05
-1.50794e-06
2.16444e-05
1.16738e-05
2.29045e-05
1.15533e-05
2.35641e-05
1.10972e-05
1.04695e-05
2.38124e-05
2.14006e-05
7.35283e-06
2.55723e-05
7.38074e-06
2.89022e-05
7.76474e-06
7.33093e-06
3.20369e-05
1.57128e-06
2.75913e-06
1.07539e-05
1.17425e-05
-6.7824e-06
2.75988e-06
-1.0275e-05
3.49841e-06
-1.49129e-05
4.64172e-06
5.65877e-06
-2.05697e-05
-9.86777e-06
5.00407e-06
-1.13255e-05
4.96262e-06
-1.1886e-05
5.2051e-06
5.28911e-06
-1.15154e-05
-4.7857e-06
4.64724e-06
-3.57197e-06
3.75304e-06
-1.60567e-06
3.24017e-06
2.8725e-06
8.11133e-07
4.13944e-07
2.50708e-06
2.73579e-06
1.43378e-06
5.19647e-06
7.80333e-07
3.6427e-07
7.70467e-06
4.7679e-06
1.77441e-07
6.74612e-06
-5.44209e-07
8.4049e-06
-8.78927e-07
-1.03138e-06
9.80004e-06
5.89521e-06
-9.33164e-07
6.50005e-06
-1.14975e-06
6.81881e-06
-1.19748e-06
-1.1441e-06
6.9323e-06
-2.37549e-06
-8.13721e-07
-2.46594e-06
-1.05923e-06
-2.4726e-06
-1.19065e-06
-1.22192e-06
-2.3944e-06
-1.31993e-05
-8.02917e-07
-1.29581e-05
-1.3006e-06
-1.24013e-05
-1.74726e-06
-2.00292e-06
-1.16197e-05
-1.32053e-05
1.8789e-06
-1.44879e-05
-1.88223e-08
-1.46311e-05
-1.6039e-06
-2.6114e-06
-1.40221e-05
6.72701e-06
7.57623e-06
1.87143e-06
4.83292e-06
-1.81845e-06
2.0853e-06
-2.24613e-07
-4.20381e-06
2.96201e-05
1.15002e-05
2.48118e-05
9.63694e-06
1.9678e-05
7.21329e-06
4.17048e-06
1.52835e-05
3.10237e-05
1.33183e-05
2.86197e-05
1.20293e-05
2.63212e-05
9.50945e-06
6.05905e-06
2.44464e-05
1.545e-05
1.27004e-05
1.67606e-05
1.07319e-05
1.82773e-05
8.01987e-06
5.29422e-06
1.90726e-05
-1.0917e-06
9.84196e-06
1.72482e-06
7.93795e-06
3.62304e-06
6.13787e-06
4.77816e-06
4.14658e-06
-1.35333e-05
8.36695e-06
-1.26443e-05
7.04801e-06
-1.23817e-05
5.87146e-06
4.86767e-06
-1.24755e-05
-1.66735e-05
8.74865e-06
-1.7232e-05
7.60149e-06
-1.77669e-05
6.39971e-06
5.27178e-06
-1.81785e-05
-2.42168e-06
9.66389e-06
-3.33865e-06
8.52042e-06
-4.21975e-06
7.28235e-06
5.99806e-06
-4.94523e-06
2.37643e-05
9.70847e-06
2.34539e-05
8.82879e-06
2.28741e-05
7.86109e-06
6.78127e-06
2.20905e-05
3.45762e-05
7.16484e-06
3.6732e-05
6.6682e-06
3.83104e-05
6.27779e-06
5.39603e-06
3.96908e-05
1.91998e-05
1.97824e-05
1.97372e-05
2.47465e-05
8.18914e-07
3.24878e-09
7.73727e-07
4.51874e-08
6.59182e-07
1.14544e-07
4.69513e-07
1.89669e-07
2.32395e-07
2.37118e-07
-6.313e-10
2.33024e-07
-2.13202e-07
2.12557e-07
-3.69737e-07
1.56495e-07
-3.85686e-07
1.59503e-08
-2.98322e-07
-8.73172e-08
-1.73446e-07
-1.24813e-07
-6.28585e-08
-1.10523e-07
-3.14876e-08
-3.13095e-08
-1.23238e-07
9.18144e-08
-3.60667e-07
2.3747e-07
-7.41709e-07
3.80847e-07
-1.10484e-06
3.62434e-07
-4.67704e-07
-6.37837e-07
1.95248e-06
-2.41988e-06
1.95264e-06
2.52503e-06
1.3026e-08
2.4427e-06
1.27518e-07
2.22419e-06
3.33051e-07
1.82329e-06
5.90575e-07
1.25028e-06
8.10124e-07
5.92866e-07
8.90437e-07
-3.94956e-08
8.44902e-07
-5.29614e-07
6.46554e-07
-7.30551e-07
2.16874e-07
-6.57808e-07
-1.60013e-07
-4.4832e-07
-3.34235e-07
-2.40718e-07
-3.1806e-07
-1.8355e-07
-8.84176e-08
-3.78509e-07
2.86835e-07
-8.47242e-07
7.06232e-07
-1.52073e-06
1.05407e-06
-1.93379e-06
7.74752e-07
-9.80981e-07
-1.59123e-06
2.45979e-06
-5.86033e-06
4.41262e-06
4.11038e-06
2.51401e-08
4.02137e-06
2.16531e-07
3.77889e-06
5.75527e-07
3.30375e-06
1.06572e-06
2.55801e-06
1.55586e-06
1.59915e-06
1.8493e-06
5.90056e-07
1.85398e-06
-2.71413e-07
1.50795e-06
-7.66014e-07
7.11438e-07
-8.37998e-07
-8.79857e-08
-6.5088e-07
-5.21283e-07
-4.17638e-07
-5.51235e-07
-3.53259e-07
-1.52739e-07
-5.85761e-07
5.19394e-07
-1.08225e-06
1.20273e-06
-1.6858e-06
1.65735e-06
-1.96232e-06
1.05062e-06
-1.08786e-06
-2.46614e-06
2.33828e-06
-9.2862e-06
6.75109e-06
5.48751e-06
3.66793e-08
5.40506e-06
2.98978e-07
5.17635e-06
8.04241e-07
4.70898e-06
1.53309e-06
3.92401e-06
2.34083e-06
2.81692e-06
2.95638e-06
1.52801e-06
3.14289e-06
3.08221e-07
2.72767e-06
-5.49502e-07
1.56909e-06
-8.70336e-07
2.32883e-07
-7.86022e-07
-6.05524e-07
-5.74497e-07
-7.6269e-07
-5.12214e-07
-2.14968e-07
-7.36977e-07
7.442e-07
-1.1384e-06
1.60414e-06
-1.50532e-06
2.02406e-06
-1.60818e-06
1.15303e-06
-8.89923e-07
-3.18472e-06
2.19035e-06
-1.23662e-05
8.94159e-06
6.6271e-06
4.62757e-08
6.55665e-06
3.69432e-07
6.35655e-06
1.00434e-06
5.93546e-06
1.95418e-06
5.19491e-06
3.08138e-06
4.07291e-06
4.07838e-06
2.63952e-06
4.57628e-06
1.1364e-06
4.23075e-06
-1.03109e-07
2.80852e-06
-7.6015e-07
8.89942e-07
-8.54687e-07
-5.10913e-07
-7.05836e-07
-9.11469e-07
-6.52955e-07
-2.678e-07
-8.49249e-07
9.4052e-07
-1.12403e-06
1.8789e-06
-1.22999e-06
2.12988e-06
-1.14838e-06
1.07121e-06
-5.63741e-07
-3.76959e-06
2.05858e-06
-1.49882e-05
1.10003e-05
7.53182e-06
5.33318e-08
7.47559e-06
4.25659e-07
7.30916e-06
1.17078e-06
6.94825e-06
2.31509e-06
6.29257e-06
3.73706e-06
5.24535e-06
5.1256e-06
3.79742e-06
6.02421e-06
2.12089e-06
5.90726e-06
5.4883e-07
4.3805e-06
-4.94313e-07
1.93308e-06
-8.48843e-07
-1.56311e-07
-8.06369e-07
-9.53872e-07
-7.73343e-07
-3.0078e-07
-9.40556e-07
1.10774e-06
-1.11878e-06
2.05709e-06
-1.03225e-06
2.04326e-06
-7.61729e-07
8.00639e-07
-2.16147e-07
-4.31534e-06
1.93443e-06
-1.71385e-05
1.29348e-05
8.21801e-06
5.76036e-08
8.17694e-06
4.66727e-07
8.04553e-06
1.30218e-06
7.74791e-06
2.61271e-06
7.19084e-06
4.29414e-06
6.26568e-06
6.05076e-06
4.90138e-06
7.38851e-06
3.17354e-06
7.63508e-06
1.36192e-06
6.19206e-06
-5.87775e-08
3.35375e-06
-7.51985e-07
5.36961e-07
-8.67022e-07
-8.38762e-07
-8.7089e-07
-2.96868e-07
-1.02024e-06
1.25709e-06
-1.15348e-06
2.19028e-06
-9.73787e-07
1.86349e-06
-5.24843e-07
3.51711e-07
6.68691e-08
-4.90717e-06
1.8134e-06
-1.88848e-05
1.47482e-05
8.70535e-06
5.89507e-08
8.67993e-06
4.92148e-07
8.58374e-06
1.39837e-06
8.34886e-06
2.84759e-06
7.89159e-06
4.75141e-06
7.1061e-06
6.83625e-06
5.88568e-06
8.60892e-06
4.21336e-06
9.3074e-06
2.27523e-06
8.13015e-06
5.21417e-07
5.10753e-06
-5.41219e-07
1.59965e-06
-8.75525e-07
-5.04386e-07
-9.41644e-07
-2.30701e-07
-1.08895e-06
1.40439e-06
-1.22062e-06
2.32189e-06
-1.0184e-06
1.66122e-06
-4.25721e-07
-2.40953e-07
2.57087e-07
-5.59016e-06
1.6941e-06
-2.03215e-05
1.64423e-05
9.01193e-06
5.72026e-08
9.00265e-06
5.01433e-07
8.94171e-06
1.45931e-06
8.76841e-06
3.02088e-06
8.40804e-06
5.11178e-06
7.7637e-06
7.48058e-06
6.71585e-06
9.65677e-06
5.17723e-06
1.0846e-05
3.22505e-06
1.00823e-05
1.23877e-06
7.09379e-06
-1.97939e-07
3.03639e-06
-8.18358e-07
1.16101e-07
-9.79978e-07
-6.90279e-08
-1.14051e-06
1.56493e-06
-1.29247e-06
2.4738e-06
-1.09295e-06
1.46167e-06
-3.7259e-07
-9.61318e-07
4.2848e-07
-6.39144e-06
1.57695e-06
-2.14697e-05
1.80193e-05
9.15261e-06
5.21026e-08
9.16014e-06
4.93907e-07
9.13478e-06
1.48467e-06
9.02233e-06
3.13334e-06
8.75577e-06
5.37833e-06
8.24774e-06
7.98862e-06
7.38024e-06
1.05243e-05
6.02348e-06
1.22028e-05
4.15294e-06
1.19528e-05
2.04204e-06
9.20466e-06
2.69742e-07
4.80871e-06
-6.79507e-07
1.06541e-06
-9.78273e-07
2.29799e-07
-1.16431e-06
1.75098e-06
-1.33766e-06
2.64713e-06
-1.14305e-06
1.26706e-06
-3.20699e-07
-1.78368e-06
5.51783e-07
-7.26411e-06
1.46277e-06
-2.23804e-05
1.9482e-05
9.13944e-06
4.32826e-08
9.16467e-06
4.68677e-07
9.17556e-06
1.47378e-06
9.12379e-06
3.18511e-06
8.94895e-06
5.55317e-06
8.57143e-06
8.36614e-06
7.88108e-06
1.12146e-05
6.72974e-06
1.33541e-05
5.01246e-06
1.36701e-05
2.88244e-06
1.13347e-05
8.56609e-07
6.83455e-06
-4.38424e-07
2.3605e-06
-9.26852e-07
7.18292e-07
-1.14895e-06
1.97311e-06
-1.33153e-06
2.82971e-06
-1.13965e-06
1.0752e-06
-2.5246e-07
-2.67087e-06
6.43953e-07
-8.16066e-06
1.35299e-06
-2.30892e-05
2.0835e-05
8.98314e-06
3.0255e-08
9.02715e-06
4.24668e-07
9.07512e-06
1.42581e-06
9.08418e-06
3.17605e-06
8.99979e-06
5.63756e-06
8.74803e-06
8.61789e-06
8.22745e-06
1.17352e-05
7.28813e-06
1.42934e-05
5.77136e-06
1.51869e-05
3.71462e-06
1.33914e-05
1.53518e-06
9.014e-06
-8.34551e-08
3.97917e-06
-8.14073e-07
1.44897e-06
-1.08561e-06
2.24471e-06
-1.25994e-06
3.00406e-06
-1.06926e-06
8.84542e-07
-1.55949e-07
-3.58417e-06
7.17987e-07
-9.03467e-06
1.24604e-06
-2.3617e-05
2.2081e-05
8.69501e-06
1.23935e-08
8.75902e-06
3.60661e-07
8.84486e-06
1.33998e-06
8.91466e-06
3.10625e-06
8.91941e-06
5.6328e-06
8.78963e-06
8.74767e-06
8.43087e-06
1.2094e-05
7.7003e-06
1.5024e-05
6.41047e-06
1.64767e-05
4.50046e-06
1.53014e-05
2.26823e-06
1.12462e-05
3.70897e-07
5.87654e-06
-6.2729e-07
2.44722e-06
-9.69392e-07
2.58689e-06
-1.11895e-06
3.15366e-06
-9.24848e-07
6.90469e-07
-8.45121e-09
-4.50054e-06
7.82459e-07
-9.8256e-06
1.1416e-06
-2.39759e-05
2.32225e-05
8.28861e-06
-1.11092e-08
8.374e-06
2.75275e-07
8.49828e-06
1.2157e-06
8.628e-06
2.97653e-06
8.71952e-06
5.54129e-06
8.70764e-06
8.75955e-06
8.50316e-06
1.22984e-05
7.97323e-06
1.55539e-05
6.92105e-06
1.75289e-05
5.21103e-06
1.70114e-05
3.01868e-06
1.34386e-05
9.27157e-07
7.96807e-06
-3.51591e-07
3.726e-06
-7.98531e-07
3.03392e-06
-9.14149e-07
3.26934e-06
-7.07144e-07
4.835e-07
1.23186e-07
-5.33083e-06
8.44897e-07
-1.05473e-05
1.04026e-06
-2.4171e-05
2.42628e-05
7.78098e-06
-4.13698e-08
7.88943e-06
1.66822e-07
8.05254e-06
1.05259e-06
8.24024e-06
2.78883e-06
8.41403e-06
5.36749e-06
8.51408e-06
8.65949e-06
8.45598e-06
1.23565e-05
8.11648e-06
1.58934e-05
7.3019e-06
1.83435e-05
5.82656e-06
1.84867e-05
3.75312e-06
1.5512e-05
1.56176e-06
1.01594e-05
2.31684e-08
5.26461e-06
-5.7187e-07
3.62904e-06
-6.59272e-07
3.35682e-06
-4.36118e-07
2.60383e-07
2.93595e-07
-6.0605e-06
9.15828e-07
-1.11695e-05
9.43014e-07
-2.4198e-05
2.52058e-05
7.19305e-06
-8.00468e-08
7.32683e-06
3.30369e-08
7.52927e-06
8.50154e-07
7.77173e-06
2.54636e-06
8.02043e-06
5.1188e-06
8.22293e-06
8.45699e-06
8.30127e-06
1.22782e-05
8.14066e-06
1.60541e-05
7.55674e-06
1.89274e-05
6.33521e-06
1.97083e-05
4.44334e-06
1.74039e-05
2.24666e-06
1.23561e-05
4.9419e-07
7.01708e-06
-2.85204e-07
4.40849e-06
-3.66792e-07
3.43848e-06
-1.30456e-07
2.40756e-08
5.02022e-07
-6.69295e-06
1.00214e-06
-1.16696e-05
8.50885e-07
-2.40466e-05
2.60567e-05
6.54899e-06
-1.29528e-07
6.71135e-06
-1.2932e-07
6.95433e-06
6.07169e-07
7.24743e-06
2.25327e-06
7.56046e-06
4.80576e-06
7.85118e-06
8.16627e-06
8.0521e-06
1.20773e-05
8.05691e-06
1.60492e-05
7.69232e-06
1.9292e-05
6.73145e-06
2.06691e-05
5.06687e-06
1.90685e-05
2.94982e-06
1.44732e-05
1.06115e-06
8.90572e-06
7.80024e-08
5.39166e-06
-4.65318e-08
3.56307e-06
2.2015e-07
-2.42593e-07
7.45223e-07
-7.218e-06
1.10782e-06
-1.20322e-05
7.66752e-07
-2.37053e-05
2.68234e-05
5.87468e-06
-1.93272e-07
6.07015e-06
-3.2479e-07
6.35629e-06
3.21036e-07
6.69567e-06
1.91388e-06
7.05975e-06
4.44167e-06
7.41929e-06
7.80672e-06
7.72349e-06
1.17731e-05
7.87701e-06
1.58957e-05
7.71717e-06
1.94518e-05
7.01474e-06
2.13716e-05
5.60759e-06
2.04756e-05
3.64155e-06
1.64392e-05
1.7054e-06
1.08418e-05
5.51642e-07
6.54539e-06
3.36248e-07
3.77849e-06
5.98609e-07
-5.04966e-07
1.01973e-06
-7.63913e-06
1.23541e-06
-1.22478e-05
6.90724e-07
-2.31605e-05
2.75142e-05
5.19389e-06
-2.75131e-07
5.42838e-06
-5.59276e-07
5.76347e-06
-1.40525e-08
6.14702e-06
1.53032e-06
6.54748e-06
4.04118e-06
6.95127e-06
7.4029e-06
7.33294e-06
1.13914e-05
7.6136e-06
1.56151e-05
7.63996e-06
1.94254e-05
7.18551e-06
2.1826e-05
6.05129e-06
2.16098e-05
4.29227e-06
1.81982e-05
2.39497e-06
1.27391e-05
1.11469e-06
7.8256e-06
7.90591e-07
4.10256e-06
1.01019e-06
-7.24602e-07
1.32389e-06
-7.95285e-06
1.38878e-06
-1.23127e-05
6.45728e-07
-2.24173e-05
2.81601e-05
4.52529e-06
-3.80069e-07
4.81092e-06
-8.44901e-07
5.21137e-06
-4.14514e-07
5.64297e-06
1.09867e-06
6.06231e-06
3.62176e-06
6.4769e-06
6.98823e-06
6.90038e-06
1.09679e-05
7.2831e-06
1.52323e-05
7.48096e-06
1.92276e-05
7.26719e-06
2.20398e-05
6.41464e-06
2.24624e-05
4.89914e-06
1.97137e-05
3.106e-06
1.45322e-05
1.76191e-06
9.1696e-06
1.33048e-06
4.53391e-06
1.46032e-06
-8.54516e-07
1.64189e-06
-8.13446e-06
1.58212e-06
-1.22529e-05
4.92121e-07
-2.13271e-05
2.86524e-05
1.21405e-05
-1.36303e-06
1.42207e-05
-2.92506e-06
1.66932e-05
-2.88726e-06
1.88175e-05
-1.0263e-06
2.04484e-05
1.98958e-06
2.1778e-05
5.65717e-06
2.31697e-05
9.57491e-06
2.48601e-05
1.35413e-05
2.65871e-05
1.75003e-05
2.75768e-05
2.105e-05
2.68336e-05
2.32056e-05
2.37621e-05
2.27853e-05
1.8938e-05
1.93562e-05
1.43018e-05
1.38055e-05
1.15684e-05
7.26674e-06
1.03617e-05
3.5176e-07
9.29959e-06
-7.07261e-06
8.57235e-06
-1.15257e-05
6.11316e-06
-1.88676e-05
1.05597e-05
6.24627e-06
-3.99849e-06
1.09111e-05
-7.58921e-06
1.54818e-05
-7.45706e-06
1.87602e-05
-4.3041e-06
2.01983e-05
5.50768e-07
2.01959e-05
5.65739e-06
1.9683e-05
1.00848e-05
1.97229e-05
1.34987e-05
2.08588e-05
1.63629e-05
2.27793e-05
1.91288e-05
2.44987e-05
2.1486e-05
2.49572e-05
2.23268e-05
2.37304e-05
2.0583e-05
2.13973e-05
1.61385e-05
1.89089e-05
9.75483e-06
1.66076e-05
2.65269e-06
1.37987e-05
-4.26399e-06
1.10255e-05
-8.75248e-06
6.08283e-06
-1.39249e-05
1.99877e-06
4.94085e-06
-8.34122e-06
1.15054e-05
-1.41519e-05
1.70612e-05
-1.30102e-05
2.09296e-05
-8.1699e-06
2.30169e-05
-1.53415e-06
2.2731e-05
5.94403e-06
2.06938e-05
1.21205e-05
1.82926e-05
1.58969e-05
1.70602e-05
1.75923e-05
1.7675e-05
1.85121e-05
1.9636e-05
1.95242e-05
2.17523e-05
2.02102e-05
2.29472e-05
1.93881e-05
2.27975e-05
1.62881e-05
2.14516e-05
1.11006e-05
1.91856e-05
4.91858e-06
1.58933e-05
-9.71816e-07
1.2186e-05
-5.04524e-06
6.19651e-06
-7.93545e-06
6.57755e-07
5.73631e-06
-1.3381e-05
1.16818e-05
-2.00957e-05
1.62133e-05
-1.75403e-05
1.96533e-05
-1.16088e-05
2.22425e-05
-4.12202e-06
2.33734e-05
4.81475e-06
2.20775e-05
1.34169e-05
1.89229e-05
1.90497e-05
1.5693e-05
2.08189e-05
1.40826e-05
2.01197e-05
1.46266e-05
1.89787e-05
1.65904e-05
1.82458e-05
1.86909e-05
1.72874e-05
1.98967e-05
1.50823e-05
1.97284e-05
1.12689e-05
1.81644e-05
6.48256e-06
1.54238e-05
1.76867e-06
1.21381e-05
-1.75955e-06
8.1466e-06
-3.9442e-06
9.06639e-07
5.49165e-06
-1.90243e-05
9.71729e-06
-2.43205e-05
1.25444e-05
-2.03679e-05
1.51184e-05
-1.4184e-05
1.78446e-05
-6.8495e-06
2.02171e-05
2.44207e-06
2.07384e-05
1.28964e-05
1.86668e-05
2.1121e-05
1.51046e-05
2.43789e-05
1.2008e-05
2.32135e-05
1.07997e-05
2.01851e-05
1.1588e-05
1.74567e-05
1.33864e-05
1.54888e-05
1.49839e-05
1.34849e-05
1.55614e-05
1.06913e-05
1.4861e-05
7.18286e-06
1.313e-05
3.49954e-06
1.09304e-05
4.3986e-07
8.38655e-06
-1.40086e-06
1.48041e-06
4.86598e-06
-2.20254e-05
6.99409e-06
-2.64493e-05
8.80989e-06
-2.21852e-05
1.09942e-05
-1.63702e-05
1.31846e-05
-9.04195e-06
1.55055e-05
1.1959e-07
1.70639e-05
1.13381e-05
1.64498e-05
2.17358e-05
1.37441e-05
2.70834e-05
1.04106e-05
2.65448e-05
8.13474e-06
2.24592e-05
7.71007e-06
1.78807e-05
8.67744e-06
1.45213e-05
9.99894e-06
1.21634e-05
1.08298e-05
9.86033e-06
1.08739e-05
7.13854e-06
1.02924e-05
4.08062e-06
9.15806e-06
1.57364e-06
7.31777e-06
4.38573e-07
2.7596e-06
3.63724e-06
-2.48561e-05
4.5753e-06
-2.73908e-05
6.18426e-06
-2.37956e-05
8.12924e-06
-1.83165e-05
9.52472e-06
-1.04391e-05
1.09647e-05
-1.3221e-06
1.24116e-05
9.89093e-06
1.27121e-05
2.14361e-05
1.11832e-05
2.86123e-05
8.50165e-06
2.92248e-05
6.0847e-06
2.48748e-05
4.99463e-06
1.89703e-05
5.20702e-06
1.43088e-05
6.02966e-06
1.13405e-05
6.88749e-06
9.00206e-06
7.60104e-06
6.4244e-06
7.98114e-06
3.69972e-06
7.52298e-06
2.03072e-06
5.91016e-06
2.0503e-06
4.71252e-06
2.41304e-06
-2.76689e-05
2.49046e-06
-2.74693e-05
3.75978e-06
-2.50662e-05
5.05042e-06
-1.9608e-05
5.76109e-06
-1.11507e-05
6.4122e-06
-1.9743e-06
7.45588e-06
8.84717e-06
8.19137e-06
2.07018e-05
7.73333e-06
2.9071e-05
6.13516e-06
3.08223e-05
4.31468e-06
2.66944e-05
3.22532e-06
2.00593e-05
3.07551e-06
1.44582e-05
3.58774e-06
1.08276e-05
4.58636e-06
8.00256e-06
5.83912e-06
5.17056e-06
6.69035e-06
2.84721e-06
6.49116e-06
2.22863e-06
5.09246e-06
3.44784e-06
6.66253e-06
1.39168e-06
-2.5956e-05
4.75285e-07
-2.6554e-05
7.43782e-07
-2.53359e-05
1.23126e-06
-2.00959e-05
1.47689e-06
-1.13966e-05
1.7083e-06
-2.20608e-06
2.49424e-06
8.0615e-06
3.50465e-06
1.96927e-05
3.95253e-06
2.8624e-05
3.60041e-06
3.11741e-05
2.8585e-06
2.74358e-05
2.33696e-06
2.05803e-05
2.3108e-06
1.44835e-05
2.91504e-06
1.02221e-05
4.17047e-06
6.74581e-06
5.59718e-06
3.74244e-06
6.45646e-06
1.98663e-06
6.40899e-06
2.27491e-06
5.50689e-06
4.34875e-06
7.80863e-06
-3.11226e-08
-2.63658e-05
-1.86897e-06
-2.47175e-05
-2.51823e-06
-2.46876e-05
-2.84761e-06
-1.97666e-05
-2.88104e-06
-1.13628e-05
-2.78885e-06
-2.298e-06
-2.2589e-06
7.53194e-06
-9.64203e-07
1.83991e-05
4.24717e-07
2.72358e-05
1.33298e-06
3.02656e-05
1.96528e-06
2.68029e-05
2.42586e-06
2.01187e-05
2.96872e-06
1.39392e-05
3.98271e-06
9.2066e-06
5.40856e-06
5.31845e-06
6.67959e-06
2.47012e-06
7.35017e-06
1.31501e-06
7.43636e-06
2.18769e-06
7.1556e-06
4.62817e-06
7.91472e-06
-7.21977e-07
-2.17591e-05
-4.0467e-06
-2.13942e-05
-6.00552e-06
-2.27297e-05
-7.0142e-06
-1.87577e-05
-7.27934e-06
-1.10968e-05
-7.21105e-06
-2.3656e-06
-6.62787e-06
6.94904e-06
-5.04815e-06
1.68197e-05
-2.73031e-06
2.49181e-05
-3.08396e-07
2.78433e-05
1.87578e-06
2.46179e-05
3.57049e-06
1.84226e-05
5.01626e-06
1.24917e-05
6.59185e-06
7.62944e-06
8.08335e-06
3.82568e-06
9.06898e-06
1.48349e-06
9.41915e-06
9.63948e-07
9.42868e-06
2.1771e-06
9.55771e-06
4.49753e-06
7.12796e-06
-2.3552e-06
-2.07247e-05
-6.2739e-06
-1.74769e-05
-9.31418e-06
-1.96904e-05
-1.09691e-05
-1.71026e-05
-1.13987e-05
-1.06662e-05
-1.11818e-05
-2.58161e-06
-1.02478e-05
6.01536e-06
-8.11462e-06
1.46862e-05
-4.81045e-06
2.16134e-05
-9.99262e-07
2.40312e-05
2.67117e-06
2.09463e-05
5.69517e-06
1.5397e-05
8.26522e-06
9.9203e-06
1.04983e-05
5.39545e-06
1.204e-05
2.28324e-06
1.26481e-05
8.74562e-07
1.24606e-05
1.15043e-06
1.20249e-05
2.61156e-06
1.2146e-05
4.37449e-06
5.68256e-06
-3.74318e-06
-1.53202e-05
-7.89859e-06
-1.33228e-05
-1.17019e-05
-1.58881e-05
-1.40504e-05
-1.47543e-05
-1.47293e-05
-9.98652e-06
-1.42314e-05
-3.07834e-06
-1.27557e-05
4.54013e-06
-9.95119e-06
1.18815e-05
-5.75082e-06
1.74124e-05
-7.61125e-07
1.90407e-05
4.18869e-06
1.59955e-05
8.58395e-06
1.10011e-05
1.24304e-05
6.07383e-06
1.54156e-05
2.41034e-06
1.70509e-05
6.47622e-07
1.71829e-05
7.41487e-07
1.61916e-05
2.14019e-06
1.48794e-05
3.92208e-06
1.42843e-05
4.96754e-06
4.46887e-06
-5.09182e-06
-1.65328e-05
-8.29813e-06
-1.01176e-05
-1.23314e-05
-1.18559e-05
-1.5271e-05
-1.18152e-05
-1.64271e-05
-8.83019e-06
-1.58669e-05
-3.63741e-06
-1.39287e-05
2.6032e-06
-1.054e-05
8.49367e-06
-5.68794e-06
1.25606e-05
1.47804e-07
1.32052e-05
6.2191e-06
9.92479e-06
1.20935e-05
5.12786e-06
1.73208e-05
8.47548e-07
2.09204e-05
-1.1894e-06
2.23618e-05
-7.95168e-07
2.17523e-05
1.34907e-06
1.97957e-05
4.09482e-06
1.74276e-05
6.28855e-06
1.54107e-05
6.98281e-06
5.38016e-06
-4.52209e-06
-1.47325e-05
-7.15457e-06
-7.48592e-06
-1.07676e-05
-8.24382e-06
-1.37091e-05
-8.87409e-06
-1.52296e-05
-7.30973e-06
-1.5052e-05
-3.81427e-06
-1.31764e-05
7.29184e-07
-9.62554e-06
4.94468e-06
-4.52071e-06
7.45764e-06
1.82451e-06
6.86166e-06
8.91296e-06
2.8379e-06
1.57439e-05
-1.70242e-06
2.06921e-05
-4.10139e-06
2.28991e-05
-3.39797e-06
2.29499e-05
-8.47663e-07
2.15996e-05
2.6982e-06
1.96571e-05
6.03644e-06
1.73718e-05
8.57315e-06
1.45588e-05
9.79502e-06
9.15829e-06
-3.66439e-06
-1.23097e-05
-5.55471e-06
-5.59602e-06
-8.06583e-06
-5.73324e-06
-1.00935e-05
-6.84643e-06
-1.10987e-05
-6.30409e-06
-1.09813e-05
-3.93128e-06
-9.51599e-06
-7.35732e-07
-6.55899e-06
1.98839e-06
-2.06926e-06
2.96862e-06
3.45814e-06
1.33457e-06
8.39621e-06
-2.10044e-06
1.17018e-05
-5.0079e-06
1.31037e-05
-5.50251e-06
1.30908e-05
-3.3843e-06
1.2301e-05
-5.76679e-08
1.17683e-05
3.23087e-06
1.18108e-05
5.99361e-06
1.17323e-05
8.65109e-06
1.04313e-05
1.10952e-05
1.27706e-05
-3.91936e-06
-6.43854e-06
-5.18827e-06
-4.32733e-06
-6.64405e-06
-4.27767e-06
-7.91878e-06
-5.57125e-06
-8.48526e-06
-5.73628e-06
-8.23705e-06
-4.17786e-06
-7.43923e-06
-1.53272e-06
-6.13891e-06
6.87809e-07
-4.78723e-06
1.61638e-06
-4.40609e-06
9.53514e-07
-5.05165e-06
-1.45267e-06
-5.54431e-06
-4.51105e-06
-5.83676e-06
-5.20702e-06
-5.96727e-06
-3.25341e-06
-5.49035e-06
-5.36205e-07
-3.67757e-06
1.41503e-06
-9.17871e-07
3.23175e-06
1.97749e-06
5.75474e-06
3.53817e-06
9.53386e-06
1.32064e-05
-6.46994e-06
-6.38852e-06
-7.2609e-06
-3.53687e-06
-8.78018e-06
-2.75855e-06
-1.08897e-05
-3.46073e-06
-1.28157e-05
-3.80749e-06
-1.4435e-05
-2.55516e-06
-1.62751e-05
3.0937e-07
-1.8243e-05
2.65584e-06
-1.96707e-05
3.04417e-06
-2.11607e-05
2.44613e-06
-2.24883e-05
-1.20521e-07
-2.34173e-05
-3.57917e-06
-2.44381e-05
-4.18775e-06
-2.45939e-05
-3.10257e-06
-2.33843e-05
-1.7511e-06
-2.03076e-05
-1.66474e-06
-1.63063e-05
-7.70767e-07
-1.12979e-05
7.45117e-07
-7.28554e-06
5.51885e-06
8.64537e-06
-9.40397e-06
-4.06169e-06
-1.17138e-05
-1.22844e-06
-1.46364e-05
1.63049e-07
-1.82537e-05
1.57891e-07
-2.16135e-05
-4.4386e-07
-2.42613e-05
9.56781e-08
-2.59141e-05
1.96231e-06
-2.72768e-05
4.01673e-06
-2.63864e-05
2.15316e-06
-2.69858e-05
3.04697e-06
-3.03228e-05
3.22021e-06
-3.33541e-05
-5.45715e-07
-3.64718e-05
-1.07194e-06
-3.81884e-05
-1.3901e-06
-3.92251e-05
-7.18339e-07
-3.75321e-05
-3.35494e-06
-3.58118e-05
-2.48852e-06
-3.0336e-05
-4.72534e-06
-2.6515e-05
1.6965e-06
-6.55606e-07
-9.80503e-06
-1.1022e-05
-1.37156e-05
-1.69007e-05
-1.84129e-05
-1.89101e-05
-1.85345e-05
-2.21832e-05
-1.69102e-05
-1.55543e-05
-1.98269e-05
-2.11532e-05
-2.32087e-05
-2.45694e-05
-3.06694e-05
-2.92922e-05
-3.54633e-05
-3.0788e-05
-3.89818e-05
-1.82133e-06
1.8212e-06
1.00686e-07
-1.92217e-06
5.40092e-07
-4.39375e-07
3.76655e-07
1.63489e-07
2.87035e-07
8.96847e-08
2.90103e-07
-2.9883e-09
3.148e-07
-2.46109e-08
3.43555e-07
-2.86683e-08
3.76006e-07
-3.23696e-08
4.10289e-07
-3.42141e-08
4.41233e-07
-3.08933e-08
4.65297e-07
-2.40425e-08
4.84862e-07
-1.95808e-08
5.06797e-07
-2.19905e-08
5.38707e-07
-3.20006e-08
5.89664e-07
-5.10684e-08
6.6783e-07
-7.82885e-08
7.92764e-07
-1.25063e-07
9.61636e-07
-1.69013e-07
-2.15918e-07
-2.27722e-06
4.09829e-06
5.36261e-07
-4.73582e-06
1.06727e-06
-9.70371e-07
8.58146e-07
3.7266e-07
6.61927e-07
2.85958e-07
6.63028e-07
-4.01772e-09
7.28547e-07
-9.0049e-08
8.13359e-07
-1.13397e-07
9.09662e-07
-1.28592e-07
1.01064e-06
-1.35113e-07
1.10419e-06
-1.24391e-07
1.18035e-06
-1.00154e-07
1.23967e-06
-7.88903e-08
1.29281e-06
-7.51606e-08
1.35518e-06
-9.44388e-08
1.4449e-06
-1.40883e-07
1.58411e-06
-2.17607e-07
1.79351e-06
-3.34595e-07
2.12209e-06
-4.97737e-07
-5.79297e-07
-2.14791e-06
6.24607e-06
6.04701e-07
-7.48856e-06
1.05154e-06
-1.41722e-06
9.59556e-07
4.6466e-07
8.32317e-07
4.13231e-07
8.67677e-07
-3.93204e-08
9.65448e-07
-1.87751e-07
1.09049e-06
-2.38361e-07
1.23441e-06
-2.72441e-07
1.38833e-06
-2.88959e-07
1.53645e-06
-2.72434e-07
1.6637e-06
-2.27339e-07
1.7661e-06
-1.81253e-07
1.85219e-06
-1.61234e-07
1.93837e-06
-1.80648e-07
2.04514e-06
-2.47713e-07
2.20025e-06
-3.72806e-07
2.42172e-06
-5.56187e-07
2.78997e-06
-8.66131e-07
-9.84203e-07
-2.01752e-06
8.26345e-06
3.06354e-07
-9.81253e-06
6.75601e-07
-1.78649e-06
7.58385e-07
3.8184e-07
8.16367e-07
3.55259e-07
9.21345e-07
-1.44259e-07
1.04518e-06
-3.11532e-07
1.19331e-06
-3.86433e-07
1.36614e-06
-4.45208e-07
1.55665e-06
-4.79403e-07
1.74754e-06
-4.63236e-07
1.91979e-06
-3.99512e-07
2.06433e-06
-3.25725e-07
2.18514e-06
-2.81983e-07
2.2957e-06
-2.91187e-07
2.41454e-06
-3.66575e-07
2.56871e-06
-5.27042e-07
2.77454e-06
-7.62123e-07
3.12105e-06
-1.21278e-06
-1.38148e-06
-1.91575e-06
1.01791e-05
-1.35636e-07
-1.15927e-05
1.74744e-07
-2.09695e-06
4.23545e-07
1.32962e-07
6.78326e-07
1.0047e-07
8.45253e-07
-3.11163e-07
9.86023e-07
-4.5227e-07
1.14484e-06
-5.45213e-07
1.33306e-06
-6.3338e-07
1.54787e-06
-6.94141e-07
1.77159e-06
-6.86876e-07
1.98184e-06
-6.09674e-07
2.16457e-06
-5.0836e-07
2.31859e-06
-4.35914e-07
2.45298e-06
-4.25517e-07
2.58227e-06
-4.95843e-07
2.72949e-06
-6.74294e-07
2.90952e-06
-9.42239e-07
3.20557e-06
-1.50896e-06
-1.74084e-06
-1.82564e-06
1.20046e-05
-5.22926e-07
-1.28955e-05
-3.37116e-07
-2.28284e-06
1.01479e-07
-3.05717e-07
4.73356e-07
-2.71422e-07
6.64248e-07
-5.02047e-07
8.1102e-07
-5.99027e-07
9.72327e-07
-7.06497e-07
1.16831e-06
-8.29327e-07
1.40055e-06
-9.26323e-07
1.65101e-06
-9.37262e-07
1.89383e-06
-8.52396e-07
2.11013e-06
-7.24547e-07
2.29366e-06
-6.19338e-07
2.4488e-06
-5.80561e-07
2.58548e-06
-6.3247e-07
2.72125e-06
-8.10059e-07
2.86998e-06
-1.09103e-06
3.09915e-06
-1.73825e-06
-2.03919e-06
-1.74303e-06
1.37475e-05
-8.8327e-07
-1.37553e-05
-7.12262e-07
-2.45392e-06
-1.55352e-07
-8.62695e-07
2.15861e-07
-6.4265e-07
4.01097e-07
-6.87282e-07
5.45509e-07
-7.43435e-07
7.03563e-07
-8.64537e-07
9.03715e-07
-1.02945e-06
1.15046e-06
-1.17301e-06
1.42461e-06
-1.21134e-06
1.69633e-06
-1.12402e-06
1.94203e-06
-9.70136e-07
2.15071e-06
-8.27901e-07
2.32206e-06
-7.51796e-07
2.46132e-06
-7.71644e-07
2.57989e-06
-9.28608e-07
2.69132e-06
-1.20251e-06
2.84286e-06
-1.88988e-06
-2.2594e-06
-1.67806e-06
1.54254e-05
-1.18919e-06
-1.42442e-05
-9.85577e-07
-2.65758e-06
-4.09849e-07
-1.43847e-06
-9.16982e-08
-9.6081e-07
7.61047e-08
-8.55088e-07
2.1246e-07
-8.7979e-07
3.63808e-07
-1.01587e-06
5.66913e-07
-1.23253e-06
8.27045e-07
-1.4331e-06
1.12318e-06
-1.5074e-06
1.42097e-06
-1.42172e-06
1.69227e-06
-1.24133e-06
1.9217e-06
-1.0572e-06
2.10428e-06
-9.34254e-07
2.24032e-06
-9.07593e-07
2.33483e-06
-1.02309e-06
2.40198e-06
-1.26969e-06
2.4722e-06
-1.96017e-06
-2.39403e-06
-1.63083e-06
1.70561e-05
-1.44837e-06
-1.44267e-05
-1.23382e-06
-2.87215e-06
-7.06917e-07
-1.96539e-06
-4.43643e-07
-1.22409e-06
-2.90767e-07
-1.00796e-06
-1.68645e-07
-1.00191e-06
-2.42523e-08
-1.16025e-06
1.80704e-07
-1.43745e-06
4.53172e-07
-1.70552e-06
7.69591e-07
-1.82375e-06
1.09058e-06
-1.74262e-06
1.38354e-06
-1.53418e-06
1.62916e-06
-1.30271e-06
1.81786e-06
-1.12283e-06
1.94457e-06
-1.03421e-06
2.00803e-06
-1.08651e-06
2.025e-06
-1.28669e-06
2.02118e-06
-1.9564e-06
-2.44944e-06
-1.59682e-06
1.86527e-05
-1.67201e-06
-1.43515e-05
-1.48888e-06
-3.05528e-06
-1.04364e-06
-2.41064e-06
-8.23688e-07
-1.44404e-06
-6.88539e-07
-1.14311e-06
-5.80665e-07
-1.10978e-06
-4.43327e-07
-1.29758e-06
-2.36721e-07
-1.64403e-06
4.60049e-08
-1.9882e-06
3.80273e-07
-2.15796e-06
7.21207e-07
-2.08348e-06
1.03147e-06
-1.84436e-06
1.2884e-06
-1.55953e-06
1.47796e-06
-1.31229e-06
1.58935e-06
-1.14552e-06
1.61603e-06
-1.11315e-06
1.58126e-06
-1.25194e-06
1.52341e-06
-1.89859e-06
-2.44597e-06
-1.57351e-06
2.0226e-05
-1.87261e-06
-1.40525e-05
-1.75187e-06
-3.17602e-06
-1.40001e-06
-2.76249e-06
-1.21626e-06
-1.62779e-06
-1.10033e-06
-1.25903e-06
-1.00675e-06
-1.20335e-06
-8.77255e-07
-1.42706e-06
-6.71658e-07
-1.84961e-06
-3.81638e-07
-2.27819e-06
-3.36267e-08
-2.50593e-06
3.24221e-07
-2.44127e-06
6.47277e-07
-2.16734e-06
9.10261e-07
-1.82243e-06
1.09538e-06
-1.49732e-06
1.18629e-06
-1.23635e-06
1.17352e-06
-1.10035e-06
1.09222e-06
-1.17066e-06
1.00883e-06
-1.81522e-06
-2.41477e-06
-1.55876e-06
2.17846e-05
-2.05155e-06
-1.35597e-05
-2.01126e-06
-3.2163e-06
-1.75247e-06
-3.02128e-06
-1.60328e-06
-1.77697e-06
-1.50886e-06
-1.35344e-06
-1.43149e-06
-1.28072e-06
-1.31331e-06
-1.54523e-06
-1.11306e-06
-2.04985e-06
-8.20084e-07
-2.57115e-06
-4.61589e-07
-2.86439e-06
-9.20808e-08
-2.81073e-06
2.39688e-07
-2.49904e-06
5.03495e-07
-2.08616e-06
6.79284e-07
-1.67303e-06
7.46418e-07
-1.30343e-06
6.96434e-07
-1.05034e-06
5.81059e-07
-1.05529e-06
5.0051e-07
-1.73469e-06
-2.38979e-06
-1.55079e-06
2.33351e-05
-2.20645e-06
-1.29041e-05
-2.25088e-06
-3.17187e-06
-2.07973e-06
-3.19242e-06
-1.96637e-06
-1.89032e-06
-1.89668e-06
-1.42313e-06
-1.8392e-06
-1.3382e-06
-1.73793e-06
-1.64649e-06
-1.54988e-06
-2.23789e-06
-1.26083e-06
-2.86017e-06
-8.97527e-07
-3.22767e-06
-5.19369e-07
-3.18886e-06
-1.83519e-07
-2.83485e-06
7.65931e-08
-2.34621e-06
2.39188e-07
-1.83557e-06
2.82333e-07
-1.34653e-06
2.04338e-07
-9.72332e-07
7.50848e-08
-9.26049e-07
7.16689e-09
-1.66678e-06
-2.39112e-06
-1.54853e-06
2.48834e-05
-2.33459e-06
-1.2118e-05
-2.45518e-06
-3.05126e-06
-2.36353e-06
-3.28406e-06
-2.28741e-06
-1.96644e-06
-2.24574e-06
-1.4648e-06
-2.2126e-06
-1.37134e-06
-2.13491e-06
-1.72418e-06
-1.96796e-06
-2.40483e-06
-1.6928e-06
-3.13532e-06
-1.33289e-06
-3.58757e-06
-9.50859e-07
-3.57086e-06
-6.13366e-07
-3.17231e-06
-3.60589e-07
-2.59894e-06
-2.13261e-07
-1.98285e-06
-1.90647e-07
-1.36911e-06
-2.84683e-07
-8.78285e-07
-4.08777e-07
-8.0196e-07
-4.32835e-07
-1.64272e-06
-2.44346e-06
-1.55193e-06
2.6435e-05
-2.43471e-06
-1.12353e-05
-2.61159e-06
-2.87437e-06
-2.58862e-06
-3.30703e-06
-2.54921e-06
-2.00585e-06
-2.53767e-06
-1.47634e-06
-2.53251e-06
-1.3765e-06
-2.48459e-06
-1.77211e-06
-2.3484e-06
-2.54102e-06
-2.0998e-06
-3.38392e-06
-1.75559e-06
-3.93177e-06
-1.37737e-06
-3.94906e-06
-1.04081e-06
-3.50884e-06
-7.96137e-07
-2.84358e-06
-6.63701e-07
-2.11525e-06
-6.5393e-07
-1.37885e-06
-7.45009e-07
-7.87197e-07
-8.35727e-07
-7.11244e-07
-8.1249e-07
-1.66596e-06
-2.58006e-06
-1.5623e-06
2.7997e-05
-2.50815e-06
-1.02895e-05
-2.71092e-06
-2.67158e-06
-2.74359e-06
-3.27436e-06
-2.73742e-06
-2.01201e-06
-2.75581e-06
-1.45795e-06
-2.77999e-06
-1.35232e-06
-2.76564e-06
-1.78646e-06
-2.66829e-06
-2.63837e-06
-2.45968e-06
-3.59254e-06
-2.14741e-06
-4.24404e-06
-1.78548e-06
-4.31097e-06
-1.45382e-06
-3.84048e-06
-1.21544e-06
-3.08193e-06
-1.09263e-06
-2.23803e-06
-1.08386e-06
-1.3876e-06
-1.15073e-06
-7.20325e-07
-1.18068e-06
-6.81287e-07
-1.09077e-06
-1.75587e-06
-2.81872e-06
-1.58405e-06
2.95808e-05
-2.55871e-06
-9.31491e-06
-2.74848e-06
-2.48179e-06
-2.82257e-06
-3.20027e-06
-2.84325e-06
-1.99133e-06
-2.88871e-06
-1.41249e-06
-2.94062e-06
-1.30041e-06
-2.95976e-06
-1.76733e-06
-2.90498e-06
-2.69315e-06
-2.74683e-06
-3.75069e-06
-2.48368e-06
-4.50717e-06
-2.15552e-06
-4.63913e-06
-1.83669e-06
-4.15928e-06
-1.60105e-06
-3.31755e-06
-1.4783e-06
-2.36075e-06
-1.45551e-06
-1.41038e-06
-1.47411e-06
-7.01709e-07
-1.41025e-06
-7.45143e-07
-1.21557e-06
-1.95053e-06
-3.18256e-06
-1.62051e-06
3.1201e-05
-2.59313e-06
-8.34237e-06
-2.72624e-06
-2.34865e-06
-2.82645e-06
-3.10004e-06
-2.86584e-06
-1.95194e-06
-2.93352e-06
-1.3448e-06
-3.00907e-06
-1.22486e-06
-3.0575e-06
-1.71889e-06
-3.04273e-06
-2.70791e-06
-2.93822e-06
-3.8552e-06
-2.7367e-06
-4.70868e-06
-2.46121e-06
-4.91461e-06
-2.16861e-06
-4.45185e-06
-1.93346e-06
-3.55268e-06
-1.79669e-06
-2.4975e-06
-1.74074e-06
-1.4663e-06
-1.68706e-06
-7.55369e-07
-1.49876e-06
-9.33413e-07
-1.15133e-06
-2.29791e-06
-3.69811e-06
-1.69746e-06
3.28981e-05
-2.62182e-06
-7.41808e-06
-2.65513e-06
-2.3153e-06
-2.76277e-06
-2.99239e-06
-2.81308e-06
-1.90161e-06
-2.8974e-06
-1.26047e-06
-2.99159e-06
-1.13065e-06
-3.06238e-06
-1.64809e-06
-3.07878e-06
-2.69149e-06
-3.02093e-06
-3.91304e-06
-2.88243e-06
-4.84717e-06
-2.6724e-06
-5.12462e-06
-2.42209e-06
-4.70212e-06
-2.1907e-06
-3.78404e-06
-2.02462e-06
-2.66354e-06
-1.91367e-06
-1.57723e-06
-1.77319e-06
-8.95805e-07
-1.4589e-06
-1.24763e-06
-9.39212e-07
-2.81748e-06
-4.36689e-06
-1.67494e-06
3.45726e-05
-2.66611e-06
-6.42699e-06
-2.54855e-06
-2.43283e-06
-2.64452e-06
-2.89639e-06
-2.69846e-06
-1.84765e-06
-2.79528e-06
-1.16362e-06
-2.90403e-06
-1.02187e-06
-2.98995e-06
-1.56212e-06
-3.02413e-06
-2.65726e-06
-2.99498e-06
-3.94214e-06
-2.90444e-06
-4.93769e-06
-2.75649e-06
-5.27255e-06
-2.55732e-06
-4.90124e-06
-2.34024e-06
-4.00106e-06
-2.1416e-06
-2.86212e-06
-1.96267e-06
-1.75611e-06
-1.73863e-06
-1.11977e-06
-1.34551e-06
-1.64061e-06
-7.34165e-07
-3.42859e-06
-5.132e-06
-9.23598e-06
2.32384e-05
-9.83032e-06
-5.83181e-06
-8.60654e-06
-3.65657e-06
-8.83656e-06
-2.66617e-06
-9.08729e-06
-1.59673e-06
-9.62836e-06
-6.22312e-07
-1.02097e-05
-4.40225e-07
-1.06419e-05
-1.12934e-06
-1.07672e-05
-2.53127e-06
-1.05936e-05
-4.11495e-06
-1.02801e-05
-5.25046e-06
-9.9611e-06
-5.5911e-06
-9.50048e-06
-5.36153e-06
-8.82772e-06
-4.6734e-06
-7.93605e-06
-3.75321e-06
-6.81427e-06
-2.87714e-06
-5.54915e-06
-2.3839e-06
-4.15296e-06
-3.03545e-06
-2.25862e-06
-5.32128e-06
-7.78605e-06
-5.05299e-06
1.67782e-05
-6.45636e-06
-4.42411e-06
-5.54926e-06
-4.5636e-06
-5.2715e-06
-2.94365e-06
-5.75105e-06
-1.11685e-06
-6.67324e-06
3.0032e-07
-7.62888e-06
5.16149e-07
-8.19656e-06
-5.60407e-07
-8.06564e-06
-2.66025e-06
-7.34424e-06
-4.83392e-06
-6.52276e-06
-6.06959e-06
-6.12813e-06
-5.98403e-06
-5.81354e-06
-5.67518e-06
-5.19463e-06
-5.29179e-06
-4.1516e-06
-4.7957e-06
-2.89444e-06
-4.13351e-06
-2.2421e-06
-3.03514e-06
-2.42556e-06
-2.85059e-06
-2.03062e-06
-5.7149e-06
-1.00619e-05
6.74115e-06
1.08469e-05
1.49342e-06
8.32687e-07
-1.27679e-06
-1.79116e-06
-1.46049e-06
-2.75969e-06
-2.75308e-06
1.75998e-07
-4.3728e-06
1.92046e-06
-5.88262e-06
2.02685e-06
-6.61241e-06
1.71127e-07
-6.03298e-06
-3.23696e-06
-4.33167e-06
-6.53195e-06
-2.36695e-06
-8.0308e-06
-1.36608e-06
-6.98144e-06
-1.0916e-06
-5.94695e-06
-9.71283e-07
-5.41071e-06
-5.23262e-07
-5.2434e-06
2.97272e-07
-4.9543e-06
4.96229e-07
-3.23433e-06
-7.89212e-07
-1.56495e-06
-1.66579e-06
-4.83795e-06
-1.20055e-05
1.41193e-05
4.42111e-06
9.14299e-06
5.79992e-06
4.16643e-06
3.18785e-06
1.2591e-06
1.48755e-07
-9.45574e-07
2.38053e-06
-3.4734e-06
4.44834e-06
-5.61079e-06
4.16494e-06
-6.46215e-06
1.02407e-06
-5.54465e-06
-4.15246e-06
-3.09675e-06
-8.978e-06
-1.64017e-07
-1.09616e-05
1.79452e-06
-8.93722e-06
2.60924e-06
-6.75822e-06
2.7301e-06
-5.52847e-06
2.55281e-06
-5.06446e-06
2.59233e-06
-4.9938e-06
2.67415e-06
-3.31729e-06
1.18365e-06
-7.54651e-08
-9.99528e-07
-2.65474e-06
-1.25933e-05
1.40781e-05
1.31869e-07
1.16009e-05
8.26011e-06
6.84101e-06
7.94292e-06
2.88104e-06
4.10957e-06
-2.69854e-07
5.53088e-06
-3.60289e-06
7.78083e-06
-6.34177e-06
6.90404e-06
-7.57888e-06
2.26204e-06
-6.81924e-06
-4.91124e-06
-4.25286e-06
-1.15436e-05
-8.18242e-07
-1.43956e-05
2.22433e-06
-1.19791e-05
3.91238e-06
-8.44456e-06
4.71936e-06
-6.33276e-06
4.72063e-06
-5.06313e-06
4.23624e-06
-4.50818e-06
3.88985e-06
-2.97163e-06
2.67915e-06
1.13361e-06
-1.32789e-08
3.6865e-08
-1.26343e-05
8.15266e-06
-1.08686e-06
7.811e-06
8.58996e-06
5.88693e-06
9.8613e-06
2.99585e-06
7.00035e-06
-5.93464e-07
9.11892e-06
-4.63525e-06
1.18214e-05
-8.10087e-06
1.03693e-05
-9.98545e-06
4.14703e-06
-9.78836e-06
-5.10732e-06
-7.58528e-06
-1.37453e-05
-4.05615e-06
-1.79234e-05
-1.20275e-07
-1.59146e-05
2.66088e-06
-1.12251e-05
4.50984e-06
-8.18057e-06
5.28519e-06
-5.83665e-06
5.02593e-06
-4.24738e-06
4.24674e-06
-2.19245e-06
2.82354e-06
2.55529e-06
1.85725e-07
2.67352e-06
-1.23187e-05
-1.54029e-07
-3.32476e-06
2.18699e-06
6.24348e-06
3.56736e-06
8.47803e-06
2.11199e-06
8.45475e-06
-1.66946e-06
1.28981e-05
-6.20805e-06
1.6358e-05
-1.02038e-05
1.43645e-05
-1.26095e-05
6.5534e-06
-1.28894e-05
-4.82583e-06
-1.11034e-05
-1.55293e-05
-7.69962e-06
-2.1325e-05
-3.38083e-06
-2.02316e-05
9.5169e-08
-1.46998e-05
2.71487e-06
-1.07993e-05
4.3685e-06
-7.48921e-06
4.68441e-06
-4.56215e-06
3.73578e-06
-1.24359e-06
1.99668e-06
4.29318e-06
3.4858e-08
4.63418e-06
-1.2037e-05
-7.02165e-06
-7.91919e-06
-1.16205e-06
3.83243e-07
2.15259e-06
5.16245e-06
1.0509e-06
9.55479e-06
-2.90906e-06
1.68548e-05
-7.537e-06
2.09834e-05
-1.15494e-05
1.8376e-05
-1.39829e-05
8.98712e-06
-1.43787e-05
-4.42934e-06
-1.29098e-05
-1.69969e-05
-9.78665e-06
-2.44454e-05
-5.58758e-06
-2.4427e-05
-1.95516e-06
-1.83298e-05
6.56484e-07
-1.34083e-05
2.6548e-06
-9.48582e-06
3.36629e-06
-5.27252e-06
2.41154e-06
-2.88634e-07
4.54952e-07
6.24873e-06
-1.46923e-07
5.23493e-06
-1.45802e-05
-7.54146e-06
-1.4396e-05
-9.52526e-07
-6.20501e-06
2.04911e-06
2.16028e-06
3.61437e-07
1.12399e-05
-3.61644e-06
2.08286e-05
-7.84158e-06
2.52055e-05
-1.13108e-05
2.18436e-05
-1.33317e-05
1.10068e-05
-1.36307e-05
-4.1314e-06
-1.24162e-05
-1.82118e-05
-9.69566e-06
-2.71638e-05
-5.91229e-06
-2.82061e-05
-2.44419e-06
-2.17951e-05
-4.55068e-07
-1.53935e-05
9.62742e-07
-1.09006e-05
1.49455e-06
-5.80285e-06
4.15168e-07
7.90873e-07
-1.30407e-06
7.96706e-06
-8.09842e-07
4.73963e-06
-1.49515e-05
-2.51297e-06
-1.60697e-05
2.00333e-06
-1.07201e-05
2.74664e-06
1.4157e-06
2.38681e-07
1.3744e-05
-3.4135e-06
2.44758e-05
-6.746e-06
2.85343e-05
-9.22797e-06
2.43227e-05
-1.05538e-05
1.23302e-05
-1.06893e-05
-3.99767e-06
-9.74895e-06
-1.91532e-05
-7.53618e-06
-2.9376e-05
-4.40888e-06
-3.13302e-05
-1.41252e-06
-2.47889e-05
-1.44657e-07
-1.66581e-05
-7.72251e-09
-1.1034e-05
-3.27672e-07
-5.48135e-06
-1.53411e-06
1.99729e-06
-2.31251e-06
8.74453e-06
-7.48604e-07
3.1751e-06
-1.5687e-05
7.91972e-06
-8.65977e-06
6.034e-06
-8.82907e-06
3.56012e-06
3.88579e-06
5.09175e-07
1.67896e-05
-2.30322e-06
2.72825e-05
-4.28854e-06
3.05151e-05
-5.40676e-06
2.54374e-05
-5.74068e-06
1.26622e-05
-5.63746e-06
-4.10193e-06
-4.99456e-06
-1.97963e-05
-3.49136e-06
-3.0879e-05
-1.31679e-06
-3.3503e-05
7.33238e-07
-2.68362e-05
1.38054e-06
-1.73038e-05
2.98425e-07
-9.949e-06
-1.01997e-06
-4.16164e-06
-2.2089e-06
3.1859e-06
-2.01837e-06
8.55289e-06
3.49996e-07
8.05973e-07
-1.79282e-05
1.46123e-05
1.25075e-06
7.86713e-06
-2.07978e-06
3.49148e-06
8.25565e-06
8.23127e-07
1.94514e-05
-5.43627e-07
2.8643e-05
-8.56566e-07
3.08229e-05
-3.95671e-07
2.49731e-05
5.85451e-07
1.16807e-05
1.30458e-06
-4.82053e-06
1.66551e-06
-2.0156e-05
2.12545e-06
-3.13378e-05
3.01952e-06
-3.43962e-05
3.84808e-06
-2.76626e-05
3.54091e-06
-1.69959e-05
1.79857e-06
-8.20534e-06
-3.78607e-07
-1.98342e-06
-1.53115e-06
4.33772e-06
-8.03123e-07
7.82357e-06
1.39454e-06
-1.3919e-06
-2.00722e-05
1.13553e-05
9.00786e-06
5.07596e-06
4.1958e-06
1.95787e-06
1.13685e-05
9.77168e-07
2.04254e-05
1.68886e-06
2.79251e-05
3.46627e-06
2.90406e-05
5.7734e-06
2.26637e-05
7.7763e-06
9.67887e-06
8.78316e-06
-5.82558e-06
8.82893e-06
-2.02e-05
8.3613e-06
-3.08684e-05
7.93009e-06
-3.39637e-05
7.23649e-06
-2.69677e-05
5.69322e-06
-1.54519e-05
3.54259e-06
-6.05454e-06
1.03082e-06
5.28829e-07
-2.7096e-07
5.63853e-06
5.57352e-07
6.99415e-06
1.17103e-06
-2.0049e-06
-1.82579e-05
-7.11399e-07
1.38632e-05
-1.23273e-06
4.71513e-06
-5.13379e-07
1.06451e-05
1.18511e-06
1.87214e-05
4.28643e-06
2.48187e-05
8.05497e-06
2.52684e-05
1.18449e-05
1.88735e-05
1.46432e-05
6.88256e-06
1.59237e-05
-7.10389e-06
1.56489e-05
-1.99236e-05
1.4397e-05
-2.96147e-05
1.26195e-05
-3.21844e-05
1.0335e-05
-2.46822e-05
7.40996e-06
-1.25265e-05
4.71491e-06
-3.35978e-06
2.31515e-06
2.92849e-06
1.13997e-06
6.81291e-06
1.73966e-06
6.39351e-06
1.65969e-06
-1.92503e-06
-1.56821e-05
-1.29419e-05
1.4317e-05
-8.2795e-06
5.22262e-08
-2.99669e-06
5.36077e-06
1.8554e-06
1.38664e-05
7.1455e-06
1.95257e-05
1.25302e-05
1.9882e-05
1.73593e-05
1.40453e-05
2.05553e-05
3.68876e-06
2.17121e-05
-8.25874e-06
2.11127e-05
-1.93227e-05
1.92488e-05
-2.77484e-05
1.62671e-05
-2.92001e-05
1.25183e-05
-2.09323e-05
8.41572e-06
-8.42422e-06
5.16305e-06
-1.07609e-07
3.11446e-06
4.97682e-06
2.2837e-06
7.64314e-06
2.57493e-06
6.10114e-06
2.63531e-06
-1.98672e-06
-1.77396e-05
-1.76803e-05
1.37899e-05
-1.24834e-05
-5.14646e-06
-4.0581e-06
-3.06444e-06
3.34905e-06
6.45829e-06
1.0181e-05
1.26924e-05
1.64961e-05
1.35665e-05
2.16561e-05
8.8864e-06
2.47629e-05
5.83831e-07
2.57294e-05
-9.22336e-06
2.50909e-05
-1.86815e-05
2.2609e-05
-2.52621e-05
1.83355e-05
-2.49226e-05
1.33139e-05
-1.59094e-05
8.60912e-06
-3.72022e-06
5.17234e-06
3.32837e-06
3.508e-06
6.64086e-06
3.05391e-06
8.09656e-06
3.06351e-06
6.08937e-06
2.13846e-06
-1.06311e-06
-1.29614e-05
-5.04601e-06
1.38785e-05
-5.62681e-06
-4.56502e-06
-1.68469e-06
-7.00133e-06
5.69978e-06
-9.25636e-07
1.27616e-05
5.62966e-06
1.89674e-05
7.36058e-06
2.38728e-05
3.98172e-06
2.73599e-05
-2.90234e-06
2.92713e-05
-1.11323e-05
2.85485e-05
-1.79532e-05
2.45716e-05
-2.12776e-05
1.84829e-05
-1.88284e-05
1.23823e-05
-9.80756e-06
8.00975e-06
6.51058e-07
5.23494e-06
6.10195e-06
4.13885e-06
7.73628e-06
4.09646e-06
8.13758e-06
4.33474e-06
5.8485e-06
3.6856e-06
-4.14977e-07
-7.28872e-06
2.02147e-05
1.57415e-05
1.49759e-05
6.72492e-07
1.26983e-05
-4.70398e-06
1.38198e-05
-2.03918e-06
1.82148e-05
1.23216e-06
2.41559e-05
1.4149e-06
3.00994e-05
-1.965e-06
3.4426e-05
-7.22812e-06
3.54013e-05
-1.21029e-05
3.17406e-05
-1.42846e-05
2.44408e-05
-1.39682e-05
1.62069e-05
-1.05894e-05
9.8703e-06
-3.47062e-06
7.12504e-06
3.39487e-06
5.81217e-06
7.41341e-06
5.61426e-06
7.93297e-06
5.91396e-06
7.83608e-06
6.63692e-06
5.12364e-06
7.08425e-06
-8.62789e-07
-7.85279e-06
4.45903e-05
1.0805e-05
4.33695e-05
1.87258e-06
4.1698e-05
-3.01328e-06
4.00085e-05
-3.21446e-07
4.0375e-05
8.77658e-07
4.29593e-05
-1.16902e-06
4.47542e-05
-3.76109e-06
4.35067e-05
-5.97898e-06
3.86481e-05
-7.24163e-06
3.01641e-05
-5.79604e-06
2.03318e-05
-4.12911e-06
1.13e-05
-1.55547e-06
6.07958e-06
1.74815e-06
6.6282e-06
2.84494e-06
6.93852e-06
7.10185e-06
8.47771e-06
6.39275e-06
8.95039e-06
7.36201e-06
1.0322e-05
3.75137e-06
1.01811e-05
-7.20906e-07
5.50661e-07
4.26398e-05
4.14501e-05
4.98547e-05
5.06642e-05
4.82269e-05
4.63869e-05
4.25418e-05
3.62304e-05
2.83799e-05
1.97329e-05
1.20325e-05
7.03114e-06
3.18088e-06
7.93694e-06
5.91091e-06
1.15572e-05
8.53809e-06
1.0428e-05
1.04645e-05
)
;

boundaryField
{
    left_open
    {
        type            calculated;
        value           nonuniform List<scalar> 
40
(
-8.22163e-07
-2.53481e-06
-4.1225e-06
-5.49905e-06
-6.6367e-06
-7.53888e-06
-8.22228e-06
-8.7067e-06
-9.01018e-06
-9.14751e-06
-9.13062e-06
-8.97012e-06
-8.67715e-06
-8.26511e-06
-7.75072e-06
-7.15437e-06
-6.49951e-06
-5.81094e-06
-5.11204e-06
-4.42035e-06
-1.11575e-05
-3.6108e-06
-5.97763e-07
-6.95515e-07
1.53415e-07
-1.86288e-06
-8.07336e-07
3.99104e-07
-3.10244e-06
4.37042e-07
-3.88243e-06
1.31564e-06
-1.65901e-06
6.30269e-06
2.72407e-06
1.2439e-06
-1.95035e-06
6.41911e-06
7.07537e-06
5.29916e-06
)
;
    }
    right_open
    {
        type            calculated;
        value           nonuniform List<scalar> 
40
(
1.17739e-06
2.48531e-06
3.19471e-06
3.51817e-06
3.56479e-06
3.39739e-06
3.06297e-06
2.60677e-06
2.07655e-06
1.51993e-06
9.7762e-07
4.75528e-07
8.49632e-09
-3.80502e-07
-6.75884e-07
-8.52112e-07
-8.51715e-07
-6.35739e-07
-2.70309e-07
3.12009e-08
3.97084e-07
2.46424e-07
2.78463e-07
-4.10841e-07
2.88167e-08
-1.28925e-07
-2.45715e-07
2.39658e-06
-4.37319e-07
-1.1527e-08
2.59189e-06
3.53948e-06
-6.40037e-07
-9.12079e-07
4.69008e-06
-2.63658e-06
-1.98479e-06
7.64333e-06
1.78137e-06
4.5697e-06
)
;
    }
    base_side
    {
        type            calculated;
        value           uniform 0;
    }
    top
    {
        type            calculated;
        value           nonuniform List<scalar> 
65
(
4.45446e-07
-1.13502e-08
2.85712e-06
3.34452e-06
1.0704e-06
5.95651e-07
1.58931e-06
7.65755e-06
-3.1188e-06
1.69122e-06
7.49398e-06
7.83196e-07
9.84674e-07
-3.01998e-08
5.37277e-06
-4.72831e-06
3.67483e-06
-9.3936e-06
9.89266e-06
-1.12162e-05
-2.02174e-06
2.00209e-06
2.62321e-06
2.44345e-06
-1.34633e-06
2.92615e-06
-1.16242e-06
3.47036e-06
-1.01105e-06
-1.00286e-06
1.30304e-06
4.54474e-07
4.1392e-07
-1.16274e-07
-6.63857e-07
2.57297e-06
3.10602e-06
-7.70847e-07
6.18447e-06
-2.3256e-07
6.33613e-06
-2.96046e-07
6.07871e-06
6.3165e-06
3.82279e-07
-7.09303e-06
3.01331e-06
-1.13981e-05
-1.10813e-06
3.33379e-06
6.82913e-07
9.39341e-08
3.41077e-07
6.13809e-07
2.85341e-06
3.57254e-06
3.44526e-06
5.59829e-06
-1.91084e-06
9.12323e-06
7.48126e-07
1.03771e-05
1.86411e-06
-7.55262e-07
6.44825e-06
)
;
    }
    front
    {
        type            empty;
        value           nonuniform 0();
    }
    back
    {
        type            empty;
        value           nonuniform 0();
    }
    air_to_aluminum
    {
        type            calculated;
        value           nonuniform List<scalar> 
129
(
0
0
0
0
1.32349e-23
0
0
0
0
0
0
0
0
0
0
0
0
0
0
0
0
0
0
0
0
0
0
0
0
0
0
0
0
4.1359e-25
0
0
0
0
0
0
0
0
0
0
0
0
0
0
0
0
0
0
0
0
0
0
0
0
0
0
0
0
0
1.05879e-22
0
0
0
0
0
0
0
0
0
0
0
0
0
0
0
0
0
0
0
0
0
0
0
0
0
0
0
0
-4.23516e-22
0
-6.61744e-24
0
0
0
0
0
0
-6.61744e-24
0
0
0
1.05879e-22
0
0
0
0
0
0
0
0
0
0
0
-8.47033e-22
0
0
0
0
0
0
0
0
0
0
0
)
;
    }
}


// ************************************************************************* //
