/*--------------------------------*- C++ -*----------------------------------*\
| =========                 |                                                 |
| \\      /  F ield         | OpenFOAM: The Open Source CFD Toolbox           |
|  \\    /   O peration     | Version:                                        |
|   \\  /    A nd           | Website:  www.openfoam.com                      |
|    \\/     M anipulation  |                                                 |
\*---------------------------------------------------------------------------*/
FoamFile
{
    version     2.0;
    format      ascii;
    class       surfaceScalarField;
    location    "1805.5/air";
    object      phi;
}
// * * * * * * * * * * * * * * * * * * * * * * * * * * * * * * * * * * * * * //

dimensions      [1 0 -1 0 0 0 0];
oriented        oriented;


internalField   nonuniform List<scalar> 
4299
(
6.91989e-08
-6.91855e-08
1.0718e-07
-3.7968e-08
7.12953e-08
3.58983e-08
7.13087e-08
6.20164e-08
-1.31188e-07
1.09002e-07
-8.49401e-08
7.16561e-08
7.32579e-08
1.42978e-07
3.64537e-08
-1.67628e-07
6.91899e-08
-1.17662e-07
4.61875e-08
9.62743e-08
1.89179e-07
1.69931e-08
-1.84607e-07
3.86342e-08
-1.39288e-07
2.77751e-08
1.07148e-07
2.16968e-07
4.40722e-09
-1.88999e-07
2.19619e-08
-1.56825e-07
1.98527e-08
1.09275e-07
2.36836e-07
-4.73207e-09
-1.8425e-07
1.51942e-08
-1.76727e-07
2.01047e-08
1.04386e-07
2.56957e-07
-1.34682e-08
-1.7076e-07
1.48537e-08
-2.05015e-07
2.68224e-08
9.24486e-08
2.83799e-07
-2.25291e-08
-1.48201e-07
1.93167e-08
-2.46808e-07
3.94115e-08
7.2401e-08
3.23236e-07
-3.28612e-08
-1.15298e-07
2.76775e-08
-3.0726e-07
5.78722e-08
4.22814e-08
3.81143e-07
-4.60211e-08
-6.9217e-08
3.73657e-08
-3.90516e-07
8.1573e-08
-1.81065e-09
4.62765e-07
-6.93202e-08
1.76553e-10
3.82256e-08
-4.97898e-07
1.06747e-07
-7.01789e-08
5.69575e-07
-1.17517e-07
1.17762e-07
-1.88436e-09
-6.13396e-07
1.20475e-07
-1.92393e-07
6.90116e-07
-2.18963e-07
3.36751e-07
-1.26088e-07
-7.06262e-07
7.44271e-08
-3.92848e-07
7.64586e-07
-3.48008e-07
6.84705e-07
-3.6057e-07
-6.93868e-07
-8.14364e-08
-6.71996e-07
6.83165e-07
-3.20878e-07
1.00544e-06
-5.52694e-07
-4.62328e-07
-3.37495e-07
-8.87068e-07
3.4566e-07
7.12943e-08
9.34217e-07
-2.99805e-07
-9.13461e-08
-5.28071e-07
-6.58282e-07
-1.82958e-07
-7.06762e-08
7.06895e-08
-1.07119e-07
3.64561e-08
-6.98267e-08
-3.72789e-08
-6.98134e-08
-7.05266e-08
1.41229e-07
-1.08768e-07
7.4711e-08
-6.30179e-08
-8.30159e-08
-1.32818e-07
-4.43168e-08
1.8556e-07
-6.85812e-08
9.89887e-08
-3.78965e-08
-1.13687e-07
-1.70701e-07
-2.48347e-08
2.10407e-07
-3.75209e-08
1.11688e-07
-1.89659e-08
-1.3223e-07
-1.89654e-07
-1.58757e-08
2.26296e-07
-2.05002e-08
1.16324e-07
-6.41589e-09
-1.46303e-07
-1.96057e-07
-1.58512e-08
2.42159e-07
-1.41159e-08
1.14597e-07
2.60551e-09
-1.63017e-07
-1.93441e-07
-2.45659e-08
2.66734e-07
-1.56886e-08
1.05722e-07
1.35774e-08
-1.92284e-07
-1.79856e-07
-4.37036e-08
3.10442e-07
-2.47147e-08
8.67219e-08
2.84589e-08
-2.45474e-07
-1.51397e-07
-7.47053e-08
3.85147e-07
-4.10494e-08
5.30431e-08
4.90916e-08
-3.3564e-07
-1.02309e-07
-1.15194e-07
5.00343e-07
-6.47708e-08
2.61682e-09
6.97333e-08
-4.70116e-07
-3.25648e-08
-1.57613e-07
6.57986e-07
-9.96211e-08
-5.52595e-08
7.09161e-08
-6.40424e-07
3.8425e-08
-1.83801e-07
8.41885e-07
-1.51319e-07
-8.7366e-08
2.70043e-08
-8.18162e-07
6.56221e-08
-1.57633e-07
9.99704e-07
-1.77801e-07
-6.65491e-08
-3.16803e-08
-9.63411e-07
3.42379e-08
-4.21937e-08
1.04209e-06
-3.15029e-08
-7.67214e-08
4.85373e-09
-9.99252e-07
3.93462e-08
1.94961e-07
8.47109e-07
3.83497e-07
-2.6613e-07
3.03277e-07
-9.20534e-07
3.42333e-07
8.10888e-07
3.68884e-08
1.23439e-06
-6.92963e-07
9.28566e-07
-6.20474e-07
1.2689e-06
1.48731e-05
3.18721e-06
-1.80533e-05
1.22256e-05
2.65921e-06
1.01491e-05
2.09275e-06
1.56461e-06
8.60324e-06
1.84337e-05
2.70299e-06
-1.79466e-05
1.87053e-05
2.39184e-06
1.88175e-05
1.98667e-06
1.55436e-06
1.88352e-05
2.12546e-05
2.94779e-06
-2.14989e-05
2.10079e-05
2.6387e-06
2.07066e-05
2.28737e-06
1.93369e-06
2.03262e-05
2.4798e-05
3.85094e-06
-2.57012e-05
2.3878e-05
3.55854e-06
2.29334e-05
3.23146e-06
2.8988e-06
2.19673e-05
2.62402e-05
4.67813e-06
-2.70675e-05
2.5351e-05
4.44755e-06
2.44068e-05
4.17539e-06
3.88397e-06
2.34212e-05
2.52038e-05
5.23293e-06
-2.57586e-05
2.45651e-05
5.08613e-06
2.38495e-05
4.89088e-06
4.66219e-06
2.30711e-05
2.24945e-05
5.50459e-06
-2.27661e-05
2.21356e-05
5.44504e-06
2.16916e-05
5.33475e-06
5.18296e-06
2.11708e-05
1.92851e-05
5.52648e-06
-1.9307e-05
1.91787e-05
5.55141e-06
1.89814e-05
5.53203e-06
5.47146e-06
1.86929e-05
1.65495e-05
5.32789e-06
-1.6351e-05
1.6675e-05
5.42593e-06
1.67163e-05
5.49075e-06
5.51789e-06
1.667e-05
1.4719e-05
4.90369e-06
-1.42948e-05
1.50985e-05
5.04644e-06
1.54261e-05
5.1632e-06
5.24498e-06
1.56991e-05
1.36481e-05
4.22317e-06
-1.29675e-05
1.43219e-05
4.37266e-06
1.49844e-05
4.50082e-06
4.60066e-06
1.56289e-05
1.31515e-05
3.28287e-06
-1.2211e-05
1.41076e-05
3.41682e-06
1.50671e-05
3.54156e-06
3.65458e-06
1.60134e-05
1.34757e-05
2.20406e-06
-1.23967e-05
1.45783e-05
2.31439e-06
1.56824e-05
2.43764e-06
2.5736e-06
1.67636e-05
1.4738e-05
1.29138e-06
-1.38252e-05
1.56869e-05
1.36562e-06
1.66523e-05
1.47227e-06
1.61474e-06
1.7611e-05
1.52353e-05
9.10283e-07
-1.48539e-05
1.56588e-05
9.42355e-07
1.60808e-05
1.05035e-06
1.25902e-06
1.64363e-05
1.16485e-05
1.32384e-06
-1.20616e-05
1.10912e-05
1.49972e-06
1.03708e-05
1.77028e-06
2.10459e-06
9.52429e-06
2.32968e-06
2.48216e-06
-3.4886e-06
9.65194e-07
2.86341e-06
-5.0732e-07
3.24177e-06
3.58006e-06
-1.98395e-06
-8.76607e-06
3.66858e-06
7.57898e-06
-9.81895e-06
3.91584e-06
-1.06831e-05
4.10573e-06
4.30027e-06
-1.14031e-05
-1.42349e-05
3.31513e-06
1.45875e-05
-1.35452e-05
3.22591e-06
-1.30688e-05
3.62974e-06
3.94777e-06
-1.2715e-05
-6.78428e-06
9.51199e-06
-6.96874e-06
-4.08431e-06
-2.03027e-06
8.38281e-06
1.17419e-06
7.60493e-06
7.02041e-07
6.86426e-06
9.1696e-08
-4.65017e-07
7.14856e-06
1.88974e-05
1.12069e-06
1.88954e-05
7.13121e-07
1.86836e-05
3.11414e-07
-4.13859e-08
1.82657e-05
1.98557e-05
1.58964e-06
1.92953e-05
1.27175e-06
1.86084e-05
9.96627e-07
7.72274e-07
1.77939e-05
2.09775e-05
2.57812e-06
1.9961e-05
2.28656e-06
1.89149e-05
2.04119e-06
1.84126e-06
1.7845e-05
2.24094e-05
3.58925e-06
2.13878e-05
3.3072e-06
2.03751e-05
3.05287e-06
2.82322e-06
1.93923e-05
2.22486e-05
4.41142e-06
2.14049e-05
4.15033e-06
2.05677e-05
3.88939e-06
3.62068e-06
1.97697e-05
2.05867e-05
4.99537e-06
1.99601e-05
4.77665e-06
1.93199e-05
4.52931e-06
4.2391e-06
1.87013e-05
1.83196e-05
5.36862e-06
1.78752e-05
5.22104e-06
1.73797e-05
5.02477e-06
4.7643e-06
1.68546e-05
1.65376e-05
5.50103e-06
1.63243e-05
5.43444e-06
1.60362e-05
5.31299e-06
5.12637e-06
1.56743e-05
1.59151e-05
5.28513e-06
1.60706e-05
5.27909e-06
1.61601e-05
5.22365e-06
5.11534e-06
1.61714e-05
1.62456e-05
4.66856e-06
1.68229e-05
4.70197e-06
1.73486e-05
4.69828e-06
4.65638e-06
1.78078e-05
1.69273e-05
3.75486e-06
1.77899e-05
3.83972e-06
1.85843e-05
3.90418e-06
3.94386e-06
1.92971e-05
1.77981e-05
2.72053e-06
1.87651e-05
2.87287e-06
1.96451e-05
3.02421e-06
3.1711e-06
2.04179e-05
1.85342e-05
1.79717e-06
1.93866e-05
2.02024e-06
2.0132e-05
2.27836e-06
2.56274e-06
2.07398e-05
1.66825e-05
1.55041e-06
1.68105e-05
1.8913e-06
1.68258e-05
2.26144e-06
2.64893e-06
1.67373e-05
8.60183e-06
2.47133e-06
7.64874e-06
2.84227e-06
6.70184e-06
3.20567e-06
3.56679e-06
5.78084e-06
-3.41015e-06
3.89632e-06
-4.77321e-06
4.20415e-06
-6.0717e-06
4.50306e-06
4.80367e-06
-7.30951e-06
-1.20348e-05
4.52861e-06
-1.26191e-05
4.7893e-06
-1.31789e-05
5.06405e-06
5.35249e-06
-1.37261e-05
-1.2477e-05
4.29256e-06
-1.2334e-05
4.6486e-06
-1.22621e-05
4.99481e-06
5.3123e-06
-1.2219e-05
-7.39078e-07
-6.34474e-08
1.83118e-07
2.12183e-07
7.56594e-06
-4.18001e-07
8.06551e-06
-5.01283e-07
-5.70952e-07
8.63382e-06
1.8005e-05
-1.55002e-07
1.77391e-05
-2.33782e-07
-3.03459e-07
1.74726e-05
1.72841e-05
3.54881e-07
1.67505e-05
3.00241e-07
2.44299e-07
1.62035e-05
1.72455e-05
9.54327e-07
1.66533e-05
8.92822e-07
8.21061e-07
1.60773e-05
1.88492e-05
1.49733e-06
1.83251e-05
1.41709e-06
1.32311e-06
1.78235e-05
1.93457e-05
1.92131e-06
1.8949e-05
1.81392e-06
1.68836e-06
1.85841e-05
1.83668e-05
2.25584e-06
1.80518e-05
2.12913e-06
1.98208e-06
1.77583e-05
1.65472e-05
2.56337e-06
1.62337e-05
2.4429e-06
2.30396e-06
1.5912e-05
1.54387e-05
2.79918e-06
1.51741e-05
2.70763e-06
2.6023e-06
1.48758e-05
1.61447e-05
2.82596e-06
1.60873e-05
2.76516e-06
2.695e-06
1.59947e-05
1.80344e-05
2.5995e-06
1.82375e-05
2.56225e-06
2.51806e-06
1.84145e-05
1.9657e-05
2.23972e-06
1.99865e-05
2.23295e-06
2.22142e-06
2.02832e-05
2.08064e-05
1.8513e-06
2.11469e-05
1.8924e-06
1.93422e-06
2.1434e-05
2.10156e-05
1.57498e-06
2.12328e-05
1.67453e-06
1.77887e-06
2.13874e-05
1.66286e-05
1.6821e-06
1.64892e-05
1.81202e-06
1.94971e-06
1.63163e-05
5.25566e-06
2.20533e-06
4.72211e-06
2.34352e-06
2.50972e-06
4.15993e-06
-7.98164e-06
2.87707e-06
-8.65489e-06
3.01654e-06
3.19212e-06
-9.33726e-06
-1.40448e-05
3.19695e-06
-1.43421e-05
3.31533e-06
3.45385e-06
-1.46019e-05
-1.2165e-05
3.14471e-06
-1.20682e-05
3.2204e-06
3.28393e-06
-1.18963e-05
2.29599e-07
2.81995e-07
4.07337e-07
8.84408e-06
-2.11397e-07
9.06163e-06
-2.18801e-07
-2.26437e-07
9.28673e-06
1.7386e-05
-1.24541e-07
1.73003e-05
-1.32939e-07
-1.41113e-07
1.72151e-05
1.60073e-05
7.20921e-08
1.58102e-05
6.45144e-08
5.56385e-08
1.56139e-05
1.58826e-05
2.67103e-07
1.56916e-05
2.56017e-07
2.43714e-07
1.5504e-05
1.76508e-05
4.40059e-07
1.74818e-05
4.25371e-07
4.09762e-07
1.7316e-05
1.84635e-05
5.608e-07
1.83474e-05
5.41665e-07
5.22088e-07
1.82353e-05
1.76561e-05
6.63139e-07
1.75554e-05
6.42472e-07
6.21547e-07
1.74561e-05
1.57919e-05
7.83269e-07
1.56685e-05
7.65951e-07
7.48682e-07
1.55413e-05
1.47612e-05
8.97897e-07
1.46405e-05
8.86591e-07
8.75628e-07
1.45134e-05
1.59578e-05
9.34718e-07
1.59173e-05
9.27036e-07
9.20008e-07
1.58727e-05
1.84743e-05
8.74831e-07
1.85335e-05
8.67749e-07
8.61413e-07
1.85919e-05
2.03792e-05
7.78793e-07
2.04722e-05
7.74801e-07
7.71299e-07
2.05622e-05
2.15232e-05
6.8961e-07
2.16039e-05
6.94069e-07
6.9915e-07
2.1676e-05
2.14298e-05
6.46903e-07
2.14636e-05
6.60025e-07
6.74169e-07
2.14882e-05
1.62411e-05
7.21404e-07
1.61591e-05
7.4118e-07
7.65912e-07
1.60666e-05
3.93513e-06
9.45411e-07
3.69875e-06
9.76756e-07
1.01259e-06
3.45125e-06
-9.57446e-06
1.18271e-06
-9.811e-06
1.21344e-06
1.24717e-06
-1.00454e-05
-1.46781e-05
1.25974e-06
-1.47403e-05
1.27647e-06
1.29115e-06
-1.47833e-05
-1.18082e-05
1.17243e-06
-1.17041e-05
1.17315e-06
1.16913e-06
-1.15813e-05
4.83468e-07
5.70864e-07
6.66815e-07
9.97336e-06
-6.90928e-07
1.07066e-05
-7.38223e-07
-7.80942e-07
1.14817e-05
1.69588e-05
-4.34723e-07
1.67067e-05
-4.86556e-07
-5.345e-07
1.64593e-05
1.50768e-05
1.03936e-07
1.45693e-05
2.2712e-08
-7.04402e-08
1.4107e-05
1.49859e-05
6.23537e-07
1.4513e-05
4.97318e-07
3.63747e-07
1.40807e-05
1.68676e-05
1.07307e-06
1.64412e-05
9.24932e-07
7.74851e-07
1.60314e-05
1.79367e-05
1.3724e-06
1.76574e-05
1.20497e-06
1.05473e-06
1.73781e-05
1.71869e-05
1.64189e-06
1.69049e-05
1.48676e-06
1.38255e-06
1.65762e-05
1.51659e-05
2.01696e-06
1.47378e-05
1.91384e-06
1.89145e-06
1.42267e-05
1.41183e-05
2.41146e-06
1.36654e-05
2.36516e-06
2.41139e-06
1.31428e-05
1.57143e-05
2.56899e-06
1.553e-05
2.54765e-06
2.61608e-06
1.5322e-05
1.87491e-05
2.41095e-06
1.89044e-05
2.39042e-06
2.44386e-06
1.90727e-05
2.08033e-05
2.16943e-06
2.10258e-05
2.16656e-06
2.20493e-06
2.12614e-05
2.18247e-05
2.0204e-06
2.19113e-05
2.0793e-06
2.14534e-06
2.19692e-05
2.14967e-05
2.01089e-06
2.14328e-05
2.142e-06
2.28389e-06
2.12926e-05
1.57553e-05
2.31982e-06
1.534e-05
2.55467e-06
2.84019e-06
1.47801e-05
2.72189e-06
3.04667e-06
1.88886e-06
3.38482e-06
3.78961e-06
9.36077e-07
-1.06997e-05
3.70195e-06
-1.13146e-05
4.00153e-06
4.33021e-06
-1.18524e-05
-1.48049e-05
3.72689e-06
-1.46818e-05
3.88256e-06
4.03914e-06
-1.43855e-05
-1.11461e-05
3.29418e-06
-1.0541e-05
3.28011e-06
3.25656e-06
-9.75553e-06
9.99251e-07
1.48093e-06
2.12327e-06
1.30421e-05
-1.53406e-06
1.40856e-05
-1.75921e-06
1.45847e-05
-1.17066e-06
1.68964e-06
1.40947e-05
1.59843e-05
-1.06115e-06
1.52921e-05
-1.07791e-06
1.3824e-05
2.43656e-07
4.58477e-06
1.08245e-05
1.34249e-05
-3.761e-07
1.26239e-05
-2.81942e-07
1.11474e-05
1.68007e-06
7.12955e-06
8.50931e-06
1.34016e-05
3.06652e-07
1.2713e-05
4.03177e-07
1.16165e-05
2.73994e-06
8.88157e-06
9.78159e-06
1.53042e-05
1.03633e-06
1.43547e-05
1.34731e-06
1.30028e-05
4.05385e-06
1.05106e-05
1.1294e-05
1.67566e-05
1.65715e-06
1.55141e-05
2.57644e-06
1.34111e-05
6.10984e-06
1.27907e-05
1.1051e-05
1.57298e-05
2.4975e-06
1.40602e-05
4.22213e-06
1.14002e-05
8.71494e-06
1.53812e-05
8.74027e-06
1.30382e-05
3.67725e-06
1.13463e-05
5.88801e-06
9.1247e-06
1.08879e-05
1.72903e-05
7.17128e-06
1.20249e-05
4.78695e-06
1.09191e-05
6.97475e-06
1.0037e-05
1.17368e-05
1.78684e-05
9.43705e-06
1.48425e-05
5.25705e-06
1.44866e-05
7.31475e-06
1.47441e-05
1.14543e-05
1.72562e-05
1.534e-05
1.93961e-05
4.92058e-06
1.97478e-05
6.94283e-06
2.05171e-05
1.0657e-05
1.60572e-05
2.169e-05
2.18586e-05
4.30955e-06
2.26726e-05
6.10385e-06
2.37366e-05
9.55912e-06
1.46517e-05
2.51049e-05
2.21596e-05
4.10953e-06
2.26773e-05
5.56287e-06
2.34626e-05
8.7383e-06
1.3588e-05
2.4484e-05
2.08455e-05
4.54874e-06
2.02409e-05
6.14619e-06
1.96482e-05
9.29493e-06
1.38297e-05
1.93627e-05
1.33497e-05
5.96746e-06
1.14254e-05
8.04797e-06
9.55395e-06
1.11349e-05
1.4897e-05
8.45316e-06
-9.75544e-07
7.87177e-06
-2.82364e-06
9.88823e-06
-3.95411e-06
1.22595e-05
1.46823e-05
-3.74065e-06
-1.24896e-05
8.51749e-06
-1.23862e-05
9.79884e-06
-1.11899e-05
1.10836e-05
1.22017e-05
-8.68238e-06
-1.33319e-05
7.47596e-06
-1.14844e-05
7.96758e-06
-8.7685e-06
8.38814e-06
8.67502e-06
-5.21794e-06
-7.97711e-06
5.70322e-06
-5.5344e-06
5.53128e-06
-2.56406e-06
5.42471e-06
5.31275e-06
8.05231e-07
3.75357e-06
5.90154e-06
8.44635e-06
1.12321e-05
8.54331e-06
5.49494e-06
1.67677e-06
6.87138e-06
-4.4416e-06
6.15696e-06
6.71436e-06
-1.11336e-05
6.00411e-06
1.02381e-05
1.04775e-06
1.18714e-05
-2.67952e-06
9.94501e-06
8.91646e-06
-4.85612e-06
5.16337e-06
1.35267e-05
2.45558e-06
1.4642e-05
9.9108e-07
1.14718e-05
9.07145e-06
8.58939e-07
7.56144e-06
1.5705e-05
5.58952e-06
1.66736e-05
4.40324e-06
1.27174e-05
9.05122e-06
4.44646e-06
9.59742e-06
1.7363e-05
8.0806e-06
1.82388e-05
6.98857e-06
1.38644e-05
9.23153e-06
6.83386e-06
9.40168e-06
1.89774e-05
8.55717e-06
1.91251e-05
8.17146e-06
1.43032e-05
9.1762e-06
8.25765e-06
7.48462e-06
2.02174e-05
7.60509e-06
1.90552e-05
8.14294e-06
1.38246e-05
8.8595e-06
8.49602e-06
6.56123e-06
2.08403e-05
7.02409e-06
1.86562e-05
7.53958e-06
1.33692e-05
8.97012e-06
7.45932e-06
9.07277e-06
2.12314e-05
8.48748e-06
1.93031e-05
7.48639e-06
1.44179e-05
1.02502e-05
6.22263e-06
1.51227e-05
2.14682e-05
1.3247e-05
2.1225e-05
1.02413e-05
1.74583e-05
1.31691e-05
7.3298e-06
2.19905e-05
2.11664e-05
2.01426e-05
2.30975e-05
1.64061e-05
2.12181e-05
1.73001e-05
1.22781e-05
2.6045e-05
2.02028e-05
2.5344e-05
2.37979e-05
2.26372e-05
2.3932e-05
2.11623e-05
1.87704e-05
2.55085e-05
1.91409e-05
2.58146e-05
2.34703e-05
2.47955e-05
2.49394e-05
2.34411e-05
2.25009e-05
1.96384e-05
1.88233e-05
2.02826e-05
2.27943e-05
2.07336e-05
2.44658e-05
2.36071e-05
2.05479e-05
8.65206e-06
1.85953e-05
1.0115e-05
2.13116e-05
1.23029e-05
2.22684e-05
2.1316e-05
1.45942e-05
-1.86468e-06
1.67252e-05
1.49806e-06
1.79642e-05
5.7942e-06
1.79978e-05
1.67945e-05
1.03502e-05
-4.8768e-06
1.29531e-05
-3.47643e-08
1.3162e-05
5.29646e-06
1.27108e-05
1.16812e-05
1.04547e-05
-1.01269e-06
8.77425e-06
3.53683e-06
8.63965e-06
7.96749e-06
8.30584e-06
7.79042e-06
1.18802e-05
4.51618e-06
5.06986e-06
8.3577e-06
4.80363e-06
1.18479e-05
4.81972e-06
4.64893e-06
1.49917e-05
1.42502e-05
1.69389e-05
1.95855e-05
2.21059e-05
1.30273e-06
1.91364e-09
1.26866e-06
3.40689e-08
1.17782e-06
9.08406e-08
1.01655e-06
1.6127e-07
7.86323e-07
2.30228e-07
5.11603e-07
2.7472e-07
2.3765e-07
2.73953e-07
1.52141e-08
2.22431e-07
-1.44727e-07
1.59922e-07
-2.47261e-07
1.02527e-07
-3.02497e-07
5.52564e-08
-3.6108e-07
5.86081e-08
-3.9096e-07
2.99022e-08
-3.23477e-07
-6.7463e-08
-2.65383e-07
-5.80809e-08
-3.34825e-07
6.93127e-08
-7.03588e-07
3.68433e-07
-7.16792e-08
-6.32059e-07
2.15241e-06
-2.22459e-06
2.15152e-06
3.95082e-06
8.5092e-09
3.89275e-06
9.214e-08
3.73424e-06
2.49348e-07
3.42766e-06
4.67849e-07
2.94255e-06
7.1534e-07
2.28756e-06
9.29714e-07
1.52945e-06
1.03206e-06
7.87509e-07
9.64375e-07
1.78478e-07
7.68938e-07
-2.69515e-07
5.50506e-07
-5.68246e-07
3.53994e-07
-7.47452e-07
2.37824e-07
-7.61554e-07
4.40206e-08
-5.95898e-07
-2.33098e-07
-5.19799e-07
-1.34181e-07
-8.31741e-07
3.81082e-07
-1.4168e-06
9.53193e-07
-6.2282e-07
-1.42608e-06
2.6967e-06
-5.54428e-06
4.84742e-06
6.38576e-06
1.66379e-08
6.32569e-06
1.52213e-07
6.16113e-06
4.13902e-07
5.82955e-06
7.99436e-07
5.27139e-06
1.2735e-06
4.4529e-06
1.7482e-06
3.39981e-06
2.08514e-06
2.225e-06
2.13919e-06
1.11326e-06
1.88067e-06
2.12354e-07
1.45139e-06
-4.1927e-07
9.85604e-07
-7.79998e-07
5.98533e-07
-8.58433e-07
1.22462e-07
-6.91081e-07
-4.00425e-07
-6.25902e-07
-1.99377e-07
-1.01169e-06
7.66669e-07
-1.56176e-06
1.50303e-06
-8.9167e-07
-2.09606e-06
2.49158e-06
-8.92738e-06
7.33837e-06
8.47193e-06
2.42169e-08
8.41793e-06
2.06207e-07
8.26965e-06
5.6218e-07
7.96503e-06
1.10406e-06
7.43448e-06
1.80404e-06
6.61408e-06
2.56861e-06
5.47306e-06
3.22616e-06
4.05999e-06
3.55226e-06
2.54345e-06
3.3972e-06
1.16724e-06
2.82759e-06
1.03009e-07
2.04981e-06
-5.39448e-07
1.24094e-06
-7.96558e-07
3.79564e-07
-7.0321e-07
-4.93742e-07
-6.08932e-07
-2.93677e-07
-9.01418e-07
1.05895e-06
-1.32485e-06
1.92627e-06
-8.35034e-07
-2.58567e-06
2.24689e-06
-1.2009e-05
9.58476e-06
1.01924e-05
3.05332e-08
1.01466e-05
2.51938e-07
1.00198e-05
6.88988e-07
9.75593e-06
1.36797e-06
9.28828e-06
2.27169e-06
8.54444e-06
3.31244e-06
7.45768e-06
4.31292e-06
6.00371e-06
5.00624e-06
4.272e-06
5.12891e-06
2.50552e-06
4.59406e-06
1.00114e-06
3.55416e-06
-5.26424e-08
2.29465e-06
-5.91249e-07
9.18142e-07
-6.52465e-07
-4.32483e-07
-5.06151e-07
-4.40007e-07
-6.04783e-07
1.15741e-06
-8.52348e-07
2.17366e-06
-5.66428e-07
-2.87139e-06
2.03552e-06
-1.46107e-05
1.16199e-05
1.15921e-05
3.55192e-08
1.15545e-05
2.89488e-07
1.14484e-05
7.95152e-07
1.1224e-05
1.59232e-06
1.08217e-05
2.67395e-06
1.01737e-05
3.96048e-06
9.2036e-06
5.28303e-06
7.84081e-06
6.36902e-06
6.08419e-06
6.88553e-06
4.09675e-06
6.5815e-06
2.20266e-06
5.44823e-06
7.20305e-07
3.77694e-06
-2.02601e-07
1.84099e-06
-5.22846e-07
-1.12183e-07
-3.64499e-07
-5.98353e-07
-2.50201e-07
1.04296e-06
-2.98559e-07
2.22179e-06
-1.81035e-07
-2.98885e-06
1.85226e-06
-1.66437e-05
1.34718e-05
1.2728e-05
3.92724e-08
1.26982e-05
3.19347e-07
1.26108e-05
8.82484e-07
1.24218e-05
1.78136e-06
1.20777e-05
3.01801e-06
1.15186e-05
4.51961e-06
1.0674e-05
6.12767e-06
9.45938e-06
7.58361e-06
7.81024e-06
8.53467e-06
5.78243e-06
8.60931e-06
3.63636e-06
7.59429e-06
1.7544e-06
5.65884e-06
3.99149e-07
3.19618e-06
-2.71568e-07
5.58593e-07
-2.10794e-07
-6.591e-07
5.891e-08
7.73145e-07
2.15344e-07
2.0651e-06
1.54511e-07
-2.92819e-06
1.68616e-06
-1.8175e-05
1.51576e-05
1.36358e-05
4.17576e-08
1.36138e-05
3.41337e-07
1.35451e-05
9.51152e-07
1.33899e-05
1.93655e-06
1.30997e-05
3.30827e-06
1.26202e-05
4.9991e-06
1.18898e-05
6.85801e-06
1.08304e-05
8.64304e-06
9.35196e-06
1.00131e-05
7.42217e-06
1.05391e-05
5.1892e-06
9.82726e-06
3.01118e-06
7.83682e-06
1.2454e-06
4.96188e-06
1.5039e-07
1.65366e-06
-1.58589e-08
-4.92789e-07
3.19948e-07
4.37245e-07
5.90994e-07
1.7938e-06
3.88248e-07
-2.72571e-06
1.52676e-06
-1.93132e-05
1.6684e-05
1.4316e-05
4.27239e-08
1.4303e-05
3.54333e-07
1.42553e-05
9.98902e-07
1.41372e-05
2.05461e-06
1.3904e-05
3.54148e-06
1.35045e-05
5.39862e-06
1.28817e-05
7.48079e-06
1.19675e-05
9.55724e-06
1.06741e-05
1.13065e-05
8.92103e-06
1.22922e-05
6.74468e-06
1.20036e-05
4.41176e-06
1.01697e-05
2.3126e-06
7.06098e-06
7.68417e-07
3.1979e-06
1.97707e-07
7.80252e-08
4.7665e-07
1.58221e-07
7.84284e-07
1.48592e-06
5.67327e-07
-2.50905e-06
1.3692e-06
-2.01148e-05
1.80529e-05
1.47452e-05
4.18168e-08
1.47427e-05
3.56767e-07
1.47194e-05
1.02224e-06
1.46447e-05
2.12933e-06
1.44778e-05
3.70836e-06
1.41692e-05
5.70721e-06
1.36615e-05
7.98845e-06
1.28902e-05
1.03285e-05
1.17778e-05
1.2419e-05
1.0232e-05
1.3838e-05
8.21018e-06
1.40254e-05
5.86185e-06
1.2518e-05
3.53926e-06
9.38353e-06
1.60448e-06
5.13273e-06
5.52235e-07
1.13042e-06
5.863e-07
1.24092e-07
8.68619e-07
1.20335e-06
6.74677e-07
-2.3154e-06
1.21708e-06
-2.0657e-05
1.92695e-05
1.49014e-05
3.87684e-08
1.49106e-05
3.47493e-07
1.49143e-05
1.01857e-06
1.4888e-05
2.15568e-06
1.47964e-05
3.7999e-06
1.4593e-05
5.91064e-06
1.42182e-05
8.36322e-06
1.36029e-05
1.09439e-05
1.26729e-05
1.3349e-05
1.13414e-05
1.51696e-05
9.52735e-06
1.58394e-05
7.27552e-06
1.47699e-05
4.85173e-06
1.18073e-05
2.61789e-06
7.3666e-06
1.08386e-06
2.66462e-06
7.21402e-07
4.86526e-07
8.92626e-07
1.03188e-06
7.3772e-07
-2.16075e-06
1.0748e-06
-2.0994e-05
2.03439e-05
1.4787e-05
3.35012e-08
1.48081e-05
3.26311e-07
1.4839e-05
9.8768e-07
1.48617e-05
2.13302e-06
1.48482e-05
3.81344e-06
1.47577e-05
6.00111e-06
1.45318e-05
8.58915e-06
1.40937e-05
1.13819e-05
1.33609e-05
1.40817e-05
1.22493e-05
1.62812e-05
1.06675e-05
1.74212e-05
8.58853e-06
1.68489e-05
6.17659e-06
1.42192e-05
3.75031e-06
9.79291e-06
1.79851e-06
4.61662e-06
9.53683e-07
1.33138e-06
9.21546e-07
1.06378e-06
7.92248e-07
-2.03167e-06
9.41641e-07
-2.11433e-05
2.1285e-05
1.44343e-05
2.609e-08
1.44667e-05
2.93868e-07
1.45227e-05
9.31707e-07
1.45901e-05
2.06564e-06
1.46487e-05
3.75483e-06
1.46667e-05
5.98304e-06
1.45926e-05
8.66326e-06
1.4347e-05
1.16275e-05
1.38327e-05
1.4596e-05
1.29551e-05
1.71588e-05
1.16198e-05
1.87565e-05
9.76045e-06
1.87083e-05
7.45166e-06
1.6528e-05
4.94111e-06
1.23035e-05
2.67102e-06
6.88689e-06
1.33513e-06
2.66738e-06
1.01805e-06
1.38065e-06
8.64045e-07
-1.87787e-06
8.17951e-07
-2.10971e-05
2.21023e-05
1.38965e-05
1.66269e-08
1.39392e-05
2.51145e-07
1.40169e-05
8.54025e-07
1.41216e-05
1.96094e-06
1.424e-05
3.63641e-06
1.43507e-05
5.87238e-06
1.44145e-05
8.59944e-06
1.43591e-05
1.1683e-05
1.40772e-05
1.48779e-05
1.34528e-05
1.77832e-05
1.23793e-05
1.983e-05
1.07691e-05
2.03184e-05
8.63102e-06
1.8666e-05
6.13466e-06
1.47998e-05
3.65747e-06
9.36425e-06
1.88562e-06
4.4394e-06
1.22691e-06
2.0392e-06
9.73176e-07
-1.62432e-06
7.04771e-07
-2.08288e-05
2.28063e-05
1.3234e-05
5.08457e-09
1.32862e-05
1.98911e-07
1.33822e-05
7.57979e-07
1.35162e-05
1.82701e-06
1.36794e-05
3.47313e-06
1.38601e-05
5.69174e-06
1.40345e-05
8.42502e-06
1.4147e-05
1.15705e-05
1.40928e-05
1.49321e-05
1.37347e-05
1.81413e-05
1.29405e-05
2.06242e-05
1.16025e-05
2.16565e-05
9.68397e-06
2.05845e-05
7.28458e-06
1.71992e-05
4.70854e-06
1.19404e-05
2.59296e-06
6.5552e-06
1.56925e-06
3.06282e-06
1.13678e-06
-1.19203e-06
6.03883e-07
-2.0296e-05
2.34093e-05
1.25036e-05
-8.78828e-09
1.25652e-05
1.3734e-07
1.26772e-05
6.45972e-07
1.28333e-05
1.6709e-06
1.30271e-05
3.27932e-06
1.32538e-05
5.46503e-06
1.35051e-05
8.17374e-06
1.3748e-05
1.13276e-05
1.38949e-05
1.47851e-05
1.37995e-05
1.82368e-05
1.3298e-05
2.11257e-05
1.22527e-05
2.27018e-05
1.05908e-05
2.22464e-05
8.35504e-06
1.9435e-05
5.77763e-06
1.45179e-05
3.42379e-06
8.90927e-06
2.04564e-06
4.44098e-06
1.36875e-06
-5.15317e-07
5.17495e-07
-1.94449e-05
2.39259e-05
1.17524e-05
-2.55485e-08
1.18239e-05
6.57949e-08
1.1951e-05
5.18929e-07
1.21244e-05
1.49741e-06
1.23373e-05
3.0665e-06
1.25887e-05
5.21359e-06
1.28833e-05
7.87919e-06
1.32119e-05
1.09989e-05
1.3516e-05
1.44811e-05
1.36581e-05
1.80946e-05
1.34496e-05
2.13342e-05
1.27134e-05
2.3438e-05
1.13382e-05
2.36215e-05
9.31932e-06
2.14539e-05
6.82412e-06
1.70132e-05
4.33575e-06
1.13979e-05
2.64305e-06
6.13376e-06
1.67686e-06
4.5073e-07
4.49157e-07
-1.82174e-05
2.4374e-05
1.10131e-05
-4.61513e-08
1.10962e-05
-1.72833e-08
1.12391e-05
3.76e-07
1.1428e-05
1.30851e-06
1.16525e-05
2.84205e-06
1.19124e-05
4.95361e-06
1.22216e-05
7.57002e-06
1.25924e-05
1.06281e-05
1.30004e-05
1.40731e-05
1.33357e-05
1.77593e-05
1.34016e-05
2.12684e-05
1.29812e-05
2.38583e-05
1.19172e-05
2.46856e-05
1.01587e-05
2.32124e-05
7.81544e-06
1.93565e-05
5.28671e-06
1.39268e-05
3.34041e-06
8.0802e-06
2.0616e-06
1.72942e-06
4.0012e-07
-1.65562e-05
2.4773e-05
1.03023e-05
-7.20836e-08
1.03993e-05
-1.14318e-07
1.05607e-05
2.1464e-07
1.07661e-05
1.10311e-06
1.09999e-05
2.6082e-06
1.12593e-05
4.69421e-06
1.15626e-05
7.26675e-06
1.19389e-05
1.02519e-05
1.23976e-05
1.36145e-05
1.28692e-05
1.72876e-05
1.31708e-05
2.09668e-05
1.30559e-05
2.39732e-05
1.23162e-05
2.54253e-05
1.08515e-05
2.4677e-05
8.7184e-06
2.14896e-05
6.23427e-06
1.64111e-05
4.10628e-06
1.02084e-05
2.52442e-06
3.31121e-06
3.98148e-07
-1.44302e-05
2.517e-05
9.6194e-06
-1.05218e-07
9.73406e-06
-2.2898e-07
9.91718e-06
3.15161e-08
1.01423e-05
8.78024e-07
1.03888e-05
2.36165e-06
1.06475e-05
4.43554e-06
1.0935e-05
6.97923e-06
1.12896e-05
9.89725e-06
1.17506e-05
1.31535e-05
1.22985e-05
1.67397e-05
1.27898e-05
2.04755e-05
1.29679e-05
2.37951e-05
1.25694e-05
2.58237e-05
1.14306e-05
2.58158e-05
9.54902e-06
2.33712e-05
7.16811e-06
1.87922e-05
4.9189e-06
1.24578e-05
3.09487e-06
5.13521e-06
3.13931e-07
-1.16495e-05
2.54827e-05
3.17043e-05
-3.07867e-07
3.23541e-05
-8.7876e-07
3.33593e-05
-9.73727e-07
3.45585e-05
-3.21197e-07
3.58145e-05
1.10567e-06
3.70201e-05
3.22999e-06
3.81887e-05
5.81059e-06
3.94296e-05
8.65639e-06
4.09583e-05
1.16249e-05
4.29734e-05
1.47247e-05
4.54061e-05
1.80429e-05
4.76711e-05
2.15301e-05
4.87345e-05
2.47604e-05
4.75339e-05
2.70165e-05
4.34056e-05
2.74994e-05
3.65406e-05
2.56574e-05
2.81245e-05
2.08744e-05
1.95145e-05
1.37455e-05
7.65472e-06
2.09172e-07
1.50878e-05
1.86805e-05
-8.12222e-07
2.00903e-05
-2.28855e-06
2.22528e-05
-3.13612e-06
2.47732e-05
-2.84154e-06
2.70395e-05
-1.16055e-06
2.8841e-05
1.42816e-06
3.02102e-05
4.4406e-06
3.13389e-05
7.52673e-06
3.24935e-05
1.04695e-05
3.3944e-05
1.32736e-05
3.59816e-05
1.60052e-05
3.87015e-05
1.88102e-05
4.16716e-05
2.17904e-05
4.39203e-05
2.47679e-05
4.42789e-05
2.71408e-05
4.18804e-05
2.80558e-05
3.65133e-05
2.62418e-05
2.86007e-05
2.16585e-05
1.66495e-05
1.21591e-05
1.37998e-05
8.4481e-06
-2.73312e-06
1.24095e-05
-6.24998e-06
1.71567e-05
-7.88301e-06
2.15466e-05
-7.23017e-06
2.48628e-05
-4.47435e-06
2.67007e-05
-4.07611e-07
2.71915e-05
3.95009e-06
2.70197e-05
7.69657e-06
2.68604e-05
1.06258e-05
2.70888e-05
1.30427e-05
2.79361e-05
1.51565e-05
2.97113e-05
1.70344e-05
3.25637e-05
1.89379e-05
3.60679e-05
2.12637e-05
3.9158e-05
2.40507e-05
4.04839e-05
2.67298e-05
3.89032e-05
2.78226e-05
3.40492e-05
2.65127e-05
2.52048e-05
2.1003e-05
1.75092e-05
4.95986e-06
-6.69546e-06
1.08913e-05
-1.21805e-05
1.63052e-05
-1.32959e-05
2.0849e-05
-1.17726e-05
2.45862e-05
-8.20861e-06
2.70625e-05
-2.8785e-06
2.76073e-05
3.41111e-06
2.65107e-05
8.79577e-06
2.47703e-05
1.23645e-05
2.32786e-05
1.45303e-05
2.24282e-05
1.60035e-05
2.25194e-05
1.69414e-05
2.40046e-05
1.74521e-05
2.70418e-05
1.82265e-05
3.10242e-05
2.00685e-05
3.46281e-05
2.31259e-05
3.62938e-05
2.61569e-05
3.50391e-05
2.77675e-05
3.02545e-05
2.57876e-05
2.20628e-05
4.44708e-06
-1.11506e-05
9.63309e-06
-1.73647e-05
1.36871e-05
-1.73503e-05
1.72466e-05
-1.53341e-05
2.08126e-05
-1.17773e-05
2.40056e-05
-6.07196e-06
2.59461e-05
1.47485e-06
2.58274e-05
8.9202e-06
2.40249e-05
1.41692e-05
2.16246e-05
1.69281e-05
1.94116e-05
1.82121e-05
1.78349e-05
1.85149e-05
1.7532e-05
1.77538e-05
1.91366e-05
1.66219e-05
2.25964e-05
1.66091e-05
2.69232e-05
1.87995e-05
3.05365e-05
2.25438e-05
3.20398e-05
2.62642e-05
3.04333e-05
2.73943e-05
2.54285e-05
4.02682e-06
-1.54747e-05
7.7399e-06
-2.10787e-05
1.06057e-05
-2.02191e-05
1.34474e-05
-1.81803e-05
1.65607e-05
-1.48971e-05
1.96036e-05
-9.12183e-06
2.20387e-05
-9.63136e-07
2.31291e-05
7.83283e-06
2.23609e-05
1.49416e-05
2.0288e-05
1.90015e-05
1.76929e-05
2.08038e-05
1.51447e-05
2.10594e-05
1.34107e-05
1.94859e-05
1.3454e-05
1.65786e-05
1.56876e-05
1.43763e-05
1.95484e-05
1.49394e-05
2.37246e-05
1.83682e-05
2.67488e-05
2.32401e-05
2.73467e-05
2.67966e-05
2.70166e-05
3.85762e-06
-1.78483e-05
7.01392e-06
-2.42392e-05
9.60807e-06
-2.28159e-05
1.20079e-05
-2.05821e-05
1.44765e-05
-1.73697e-05
1.65952e-05
-1.1247e-05
1.8275e-05
-2.6496e-06
1.9366e-05
6.74047e-06
1.93896e-05
1.49214e-05
1.81766e-05
2.0217e-05
1.60209e-05
2.29581e-05
1.33505e-05
2.37265e-05
1.09548e-05
2.18795e-05
9.95067e-06
1.75826e-05
1.09859e-05
1.3342e-05
1.38152e-05
1.21113e-05
1.75522e-05
1.46318e-05
2.10029e-05
1.97896e-05
2.28736e-05
2.4926e-05
2.71241e-05
3.84511e-06
-2.25177e-05
7.49936e-06
-2.78997e-05
9.90102e-06
-2.52175e-05
1.15195e-05
-2.21986e-05
1.31174e-05
-1.89678e-05
1.44006e-05
-1.25333e-05
1.51003e-05
-3.35408e-06
1.54963e-05
6.34153e-06
1.56567e-05
1.47629e-05
1.5163e-05
2.0714e-05
1.37451e-05
2.43766e-05
1.15064e-05
2.59633e-05
9.16621e-06
2.42181e-05
7.84635e-06
1.89026e-05
8.16294e-06
1.30265e-05
9.98508e-06
1.02902e-05
1.28424e-05
1.17751e-05
1.59967e-05
1.66355e-05
1.83806e-05
2.2542e-05
2.61976e-05
4.84053e-06
-2.59449e-05
8.18849e-06
-3.12485e-05
9.74425e-06
-2.67702e-05
1.03175e-05
-2.27677e-05
1.10206e-05
-1.96695e-05
1.16431e-05
-1.31572e-05
1.17012e-05
-3.4146e-06
1.15859e-05
6.45506e-06
1.1637e-05
1.47133e-05
1.15423e-05
2.08124e-05
1.074e-05
2.5181e-05
9.09058e-06
2.7612e-05
7.24434e-06
2.60636e-05
6.20893e-06
1.99387e-05
6.33717e-06
1.28997e-05
7.48897e-06
9.13951e-06
9.53076e-06
9.73396e-06
1.21369e-05
1.40296e-05
1.46461e-05
2.00327e-05
2.44927e-05
5.15272e-06
-3.00206e-05
7.79166e-06
-3.38828e-05
8.15951e-06
-2.71327e-05
8.00383e-06
-2.26079e-05
8.14134e-06
-1.98057e-05
8.17481e-06
-1.31916e-05
7.78999e-06
-3.03117e-06
7.47625e-06
6.76818e-06
7.4964e-06
1.46949e-05
7.56359e-06
2.07488e-05
7.08217e-06
2.56648e-05
5.93833e-06
2.87558e-05
4.79487e-06
2.7207e-05
4.41103e-06
2.03241e-05
4.68508e-06
1.26273e-05
5.50097e-06
8.32472e-06
7.05726e-06
8.17841e-06
9.2272e-06
1.18601e-05
1.18349e-05
1.74251e-05
2.20327e-05
4.94009e-06
-3.22071e-05
5.78284e-06
-3.47168e-05
5.03522e-06
-2.63801e-05
4.78175e-06
-2.23524e-05
4.67819e-06
-1.97017e-05
4.19594e-06
-1.27097e-05
3.58108e-06
-2.41708e-06
3.21644e-06
7.13261e-06
3.23874e-06
1.46742e-05
3.25881e-06
2.07316e-05
2.8357e-06
2.60897e-05
2.14428e-06
2.94472e-05
1.87248e-06
2.74796e-05
2.31807e-06
1.98806e-05
2.84928e-06
1.20976e-05
3.50419e-06
7.67076e-06
4.84273e-06
6.8407e-06
6.77495e-06
9.92849e-06
9.64143e-06
1.45589e-05
1.8707e-05
3.63216e-06
-3.5288e-05
2.29578e-06
-3.33749e-05
1.09113e-06
-2.51747e-05
8.88965e-07
-2.21516e-05
3.29952e-07
-1.91423e-05
-3.91063e-07
-1.19877e-05
-9.79404e-07
-1.8286e-06
-1.29708e-06
7.45002e-06
-1.36492e-06
1.47426e-05
-1.60217e-06
2.09702e-05
-2.04113e-06
2.6529e-05
-2.0586e-06
2.94646e-05
-1.08427e-06
2.65067e-05
1.75558e-07
1.86225e-05
1.08227e-06
1.11914e-05
1.72617e-06
7.02717e-06
2.88756e-06
5.67966e-06
4.71128e-06
8.10504e-06
7.97389e-06
1.12968e-05
1.44706e-05
1.20384e-06
-3.09082e-05
-1.90105e-06
-3.02673e-05
-3.11042e-06
-2.39703e-05
-3.46331e-06
-2.18018e-05
-4.36706e-06
-1.82373e-05
-5.56883e-06
-1.07836e-05
-6.28404e-06
-1.11276e-06
-6.56361e-06
7.72881e-06
-6.8262e-06
1.50044e-05
-7.23514e-06
2.13786e-05
-7.23369e-06
2.65268e-05
-5.92444e-06
2.81554e-05
-3.3749e-06
2.39584e-05
-9.76989e-07
1.62247e-05
4.14318e-07
9.79931e-06
1.47997e-06
5.96069e-06
2.60266e-06
4.55636e-06
4.33005e-06
6.37712e-06
7.70484e-06
7.92217e-06
9.77944e-06
-2.32315e-06
-3.06948e-05
-6.07369e-06
-2.65209e-05
-7.47558e-06
-2.2577e-05
-8.57077e-06
-2.07096e-05
-1.01335e-05
-1.66718e-05
-1.16235e-05
-9.29018e-06
-1.24914e-05
-2.4415e-07
-1.28569e-05
8.09251e-06
-1.3114e-05
1.52592e-05
-1.30298e-05
2.12927e-05
-1.17407e-05
2.52366e-05
-8.63687e-06
2.50512e-05
-4.49209e-06
1.98133e-05
-8.32664e-07
1.25636e-05
2.01387e-06
6.95099e-06
4.32484e-06
3.64845e-06
5.87454e-06
3.00593e-06
7.33869e-06
4.91228e-06
9.89918e-06
5.3618e-06
5.85405e-06
-4.24496e-06
-2.18988e-05
-9.83562e-06
-2.09389e-05
-1.22122e-05
-2.02096e-05
-1.41782e-05
-1.8745e-05
-1.62877e-05
-1.45582e-05
-1.80139e-05
-7.55951e-06
-1.90368e-05
7.79567e-07
-1.93259e-05
8.37944e-06
-1.90312e-05
1.49617e-05
-1.76952e-05
1.99545e-05
-1.46197e-05
2.21595e-05
-9.75726e-06
2.01873e-05
-4.22247e-06
1.42766e-05
8.07869e-07
7.53106e-06
5.83313e-06
1.92447e-06
9.86887e-06
-3.87186e-07
1.19462e-05
9.29243e-07
1.26296e-05
4.22931e-06
1.34517e-05
4.54121e-06
4.45408e-06
-8.20473e-06
-1.1528e-05
-1.42685e-05
-1.48856e-05
-1.7342e-05
-1.71443e-05
-1.96984e-05
-1.63893e-05
-2.18911e-05
-1.23613e-05
-2.35886e-05
-5.85669e-06
-2.43594e-05
1.55254e-06
-2.42124e-05
8.23098e-06
-2.29085e-05
1.36551e-05
-2.0078e-05
1.71214e-05
-1.54617e-05
1.7541e-05
-9.51312e-06
1.42365e-05
-3.0824e-06
7.8439e-06
3.77584e-06
6.71958e-07
1.04676e-05
-4.76644e-06
1.43764e-05
-4.29439e-06
1.50706e-05
2.35519e-07
1.40937e-05
5.20568e-06
1.3358e-05
5.2787e-06
5.75377e-06
-1.25559e-05
-9.1756e-06
-1.83963e-05
-9.05539e-06
-2.20238e-05
-1.35242e-05
-2.43767e-05
-1.40383e-05
-2.61272e-05
-1.06082e-05
-2.73505e-05
-4.628e-06
-2.7616e-05
1.82213e-06
-2.65164e-05
7.1323e-06
-2.41328e-05
1.12704e-05
-2.02671e-05
1.3254e-05
-1.49546e-05
1.22268e-05
-8.91619e-06
8.19671e-06
-2.58353e-06
1.51051e-06
3.38311e-06
-5.29329e-06
6.6926e-06
-8.06944e-06
7.26944e-06
-4.86872e-06
6.59138e-06
9.10948e-07
6.52648e-06
5.26879e-06
6.40001e-06
5.40871e-06
8.66595e-06
-1.15081e-05
4.76761e-06
-1.89833e-05
-1.58892e-06
-2.40074e-05
-8.50738e-06
-2.73004e-05
-1.07489e-05
-2.88054e-05
-9.10367e-06
-2.91762e-05
-4.25448e-06
-2.8755e-05
1.40525e-06
-2.68299e-05
5.21034e-06
-2.36842e-05
8.12587e-06
-1.95462e-05
9.11592e-06
-1.43429e-05
7.02274e-06
-9.69258e-06
3.54581e-06
-6.93771e-06
-1.2425e-06
-6.6934e-06
-5.52886e-06
-8.20238e-06
-6.55066e-06
-7.78123e-06
-5.28753e-06
-5.7758e-06
-1.09872e-06
-3.92882e-06
3.41709e-06
-4.21505e-06
5.69369e-06
1.20258e-05
-6.33269e-06
6.85961e-06
-1.25655e-05
4.63839e-06
-1.95363e-05
-1.54207e-06
-2.57954e-05
-4.49303e-06
-2.94944e-05
-5.40644e-06
-3.01808e-05
-3.56912e-06
-3.03127e-05
1.53758e-06
-2.67411e-05
1.64002e-06
-2.31543e-05
4.54e-06
-2.0075e-05
6.03631e-06
-1.59096e-05
2.85704e-06
-1.46528e-05
2.29038e-06
-1.65713e-05
6.8208e-07
-2.02159e-05
-1.87324e-06
-2.49301e-05
-1.82889e-06
-2.58835e-05
-4.33724e-06
-2.14828e-05
-5.50582e-06
-1.77483e-05
-3.29059e-07
-1.57388e-05
3.67294e-06
1.0864e-05
1.04489e-06
-2.26859e-06
-5.92819e-06
-1.49413e-05
-2.16894e-05
-2.33296e-05
-2.90968e-05
-2.52731e-05
-2.29532e-05
-2.46231e-05
-1.98749e-05
-1.94917e-05
-2.1862e-05
-2.22597e-05
-2.77876e-05
-3.03898e-05
-2.31001e-05
-2.27359e-05
-1.95325e-05
-1.92522e-06
1.92512e-06
5.29994e-07
-2.45567e-06
1.32795e-06
-7.9805e-07
9.80872e-07
3.47016e-07
5.10517e-07
4.70268e-07
2.94477e-07
2.15952e-07
2.73406e-07
2.09879e-08
3.17641e-07
-4.43083e-08
3.73234e-07
-5.565e-08
4.13681e-07
-4.04847e-08
4.25657e-07
-1.19923e-08
4.18399e-07
7.25819e-09
4.11529e-07
6.88583e-09
4.25038e-07
-1.34786e-08
4.78566e-07
-5.34834e-08
6.1517e-07
-1.36542e-07
8.56069e-07
-2.40818e-07
1.28158e-06
-4.25409e-07
1.86757e-06
-5.85863e-07
-1.03044e-06
-2.31204e-06
4.23704e-06
1.23065e-06
-5.9988e-06
2.51655e-06
-2.08404e-06
2.39538e-06
4.68181e-07
1.6184e-06
1.2472e-06
9.9688e-07
8.37399e-07
7.63461e-07
2.54313e-07
7.66085e-07
-4.70165e-08
8.50812e-07
-1.4044e-07
9.32482e-07
-1.22201e-07
9.71386e-07
-5.09234e-08
9.75142e-07
3.49144e-09
9.78725e-07
3.30712e-09
1.02174e-06
-5.6475e-08
1.1464e-06
-1.78112e-07
1.40764e-06
-3.97723e-07
1.85949e-06
-6.92592e-07
2.52724e-06
-1.09305e-06
3.56114e-06
-1.61963e-06
-2.49317e-06
-2.13083e-06
6.36772e-06
1.39407e-06
-9.52406e-06
2.64484e-06
-3.33483e-06
2.89076e-06
2.2235e-07
2.3388e-06
1.7992e-06
1.63325e-06
1.5429e-06
1.22221e-06
6.65243e-07
1.12195e-06
5.31417e-08
1.17762e-06
-1.96175e-07
1.26129e-06
-2.05934e-07
1.30916e-06
-9.88285e-08
1.3191e-06
-6.48068e-09
1.32537e-06
-2.97596e-09
1.3711e-06
-1.022e-07
1.5037e-06
-3.10702e-07
1.77542e-06
-6.69411e-07
2.24706e-06
-1.16417e-06
2.91735e-06
-1.76324e-06
3.97057e-06
-2.6727e-06
-3.91507e-06
-1.96316e-06
8.33072e-06
1.13957e-06
-1.26271e-05
2.15929e-06
-4.35447e-06
2.66827e-06
-2.86467e-07
2.53247e-06
1.93513e-06
2.02767e-06
2.0477e-06
1.59393e-06
1.09887e-06
1.41528e-06
2.31675e-07
1.41843e-06
-1.99403e-07
1.47403e-06
-2.61596e-07
1.50463e-06
-1.29477e-07
1.49866e-06
-5.6728e-10
1.48286e-06
1.27921e-08
1.49493e-06
-1.14295e-07
1.57962e-06
-3.95406e-07
1.78876e-06
-8.78532e-07
2.19231e-06
-1.56766e-06
2.78343e-06
-2.35425e-06
3.75859e-06
-3.64768e-06
-5.23098e-06
-1.83088e-06
1.01614e-05
6.79821e-07
-1.5138e-05
1.41531e-06
-5.0898e-06
2.06885e-06
-9.39852e-07
2.3181e-06
1.68604e-06
2.1281e-06
2.23773e-06
1.80501e-06
1.42185e-06
1.61472e-06
4.21835e-07
1.57493e-06
-1.59693e-07
1.58672e-06
-2.73458e-07
1.57623e-06
-1.19056e-07
1.52846e-06
4.71253e-08
1.46246e-06
7.87354e-08
1.40799e-06
-5.9887e-08
1.40828e-06
-3.95727e-07
1.52314e-06
-9.93392e-07
1.85229e-06
-1.89674e-06
2.37929e-06
-2.88114e-06
3.33198e-06
-4.60013e-06
-6.48838e-06
-1.71718e-06
1.18784e-05
1.46286e-07
-1.70016e-05
6.86112e-07
-5.62949e-06
1.39331e-06
-1.64697e-06
1.88741e-06
1.19208e-06
1.98143e-06
2.14373e-06
1.82759e-06
1.57558e-06
1.68584e-06
5.63449e-07
1.62674e-06
-1.00674e-07
1.5901e-06
-2.36883e-07
1.52087e-06
-4.99138e-08
1.4094e-06
1.58498e-07
1.27084e-06
2.17208e-07
1.12999e-06
8.08802e-08
1.0364e-06
-3.02188e-07
1.07241e-06
-1.02941e-06
1.38412e-06
-2.20838e-06
1.92765e-06
-3.42451e-06
2.92551e-06
-5.59768e-06
-7.71064e-06
-1.61254e-06
1.34907e-05
-2.92636e-07
-1.83216e-05
1.10624e-07
-6.03274e-06
7.99479e-07
-2.33581e-06
1.38473e-06
6.06917e-07
1.66957e-06
1.8589e-06
1.68358e-06
1.56144e-06
1.62171e-06
6.25195e-07
1.56086e-06
-3.99005e-08
1.47354e-06
-1.49637e-07
1.3335e-06
9.00207e-08
1.14454e-06
3.47344e-07
9.22982e-07
4.38654e-07
6.96899e-07
3.06871e-07
5.3435e-07
-1.39695e-07
5.54697e-07
-1.04974e-06
9.38247e-07
-2.5918e-06
1.5907e-06
-4.07675e-06
2.63615e-06
-6.64272e-06
-8.84634e-06
-1.52154e-06
1.5012e-05
-6.90934e-07
-1.91522e-05
-3.62199e-07
-6.36149e-06
2.99098e-07
-2.99714e-06
8.78254e-07
2.77835e-08
1.26905e-06
1.46805e-06
1.42141e-06
1.40895e-06
1.43988e-06
6.06614e-07
1.37769e-06
2.22257e-08
1.23354e-06
-5.57123e-09
1.01586e-06
3.07582e-07
7.46799e-07
6.1628e-07
4.49019e-07
7.36315e-07
1.65259e-07
5.90539e-07
3.705e-09
2.18223e-08
9.17367e-08
-1.13772e-06
6.17263e-07
-3.11714e-06
1.42297e-06
-4.88216e-06
2.45722e-06
-7.67653e-06
-9.80673e-06
-1.45762e-06
1.64694e-05
-1.05845e-06
-1.95515e-05
-7.4773e-07
-6.67222e-06
-1.48813e-07
-3.5961e-06
3.94402e-07
-5.1546e-07
8.38013e-07
1.02436e-06
1.09004e-06
1.1568e-06
1.16441e-06
5.32159e-07
1.08391e-06
1.02672e-07
8.74091e-07
2.04157e-07
5.80014e-07
6.01533e-07
2.42541e-07
9.5362e-07
-1.04922e-07
1.08366e-06
-3.90703e-07
8.76248e-07
-4.85602e-07
1.16722e-07
-2.35208e-07
-1.388e-06
4.42768e-07
-3.79486e-06
1.37695e-06
-5.81601e-06
2.33334e-06
-8.63253e-06
-1.05345e-05
-1.41464e-06
1.78837e-05
-1.38615e-06
-1.958e-05
-1.10164e-06
-6.95674e-06
-5.72586e-07
-4.1252e-06
-4.71015e-08
-1.041e-06
4.11226e-07
5.65946e-07
7.19788e-07
8.48149e-07
8.09751e-07
4.4214e-07
6.86416e-07
2.25955e-07
4.06833e-07
4.83645e-07
5.05382e-08
9.57702e-07
-3.27734e-07
1.33177e-06
-6.73328e-07
1.42917e-06
-8.83991e-07
1.08687e-06
-8.29544e-07
6.23261e-08
-4.11969e-07
-1.80541e-06
3.64933e-07
-4.57149e-06
1.36551e-06
-6.81629e-06
2.21074e-06
-9.47747e-06
-1.10317e-05
-1.39078e-06
1.92741e-05
-1.6944e-06
-1.92764e-05
-1.45754e-06
-7.19361e-06
-9.80607e-07
-4.60216e-06
-4.89449e-07
-1.5322e-06
1.3642e-09
7.50624e-08
3.14784e-07
5.34672e-07
3.77152e-07
3.7974e-07
1.9269e-07
4.10367e-07
-1.44936e-07
8.21175e-07
-5.3442e-07
1.34707e-06
-9.06587e-07
1.70384e-06
-1.18284e-06
1.70536e-06
-1.24852e-06
1.15256e-06
-1.01791e-06
-1.68188e-07
-4.82125e-07
-2.341e-06
3.13926e-07
-5.3673e-06
1.32225e-06
-7.82439e-06
2.0626e-06
-1.02176e-05
-1.13406e-05
-1.38515e-06
2.06588e-05
-1.99482e-06
-1.86667e-05
-1.8276e-06
-7.36082e-06
-1.39192e-06
-5.03786e-06
-9.08217e-07
-2.01593e-06
-4.3419e-07
-3.99001e-07
-1.41323e-07
2.41782e-07
-1.35598e-07
3.73997e-07
-3.76503e-07
6.51223e-07
-7.43836e-07
1.18842e-06
-1.12263e-06
1.72577e-06
-1.43009e-06
2.01124e-06
-1.57152e-06
1.84677e-06
-1.45755e-06
1.03864e-06
-1.0819e-06
-5.43719e-07
-5.06955e-07
-2.91577e-06
2.41763e-07
-6.11584e-06
1.22303e-06
-8.80552e-06
1.88789e-06
-1.08824e-05
-1.15136e-05
-1.39634e-06
2.20548e-05
-2.29118e-06
-1.77719e-05
-2.21858e-06
-7.43342e-06
-1.82658e-06
-5.42985e-06
-1.34687e-06
-2.49564e-06
-9.02296e-07
-8.43572e-07
-6.62253e-07
1.74314e-09
-7.14772e-07
4.26509e-07
-9.88212e-07
9.24619e-07
-1.34149e-06
1.54163e-06
-1.65691e-06
2.04113e-06
-1.84002e-06
2.19433e-06
-1.80624e-06
1.81301e-06
-1.52725e-06
7.59729e-07
-1.07473e-06
-9.96114e-07
-5.2959e-07
-3.46077e-06
1.37119e-07
-6.78241e-06
1.07624e-06
-9.74453e-06
1.6975e-06
-1.15036e-05
-1.15959e-05
-1.42171e-06
2.3476e-05
-2.58013e-06
-1.66134e-05
-2.62729e-06
-7.38624e-06
-2.29522e-06
-5.76189e-06
-1.83194e-06
-2.9589e-06
-1.4288e-06
-1.24669e-06
-1.24445e-06
-1.82584e-07
-1.3324e-06
5.14457e-07
-1.59414e-06
1.18632e-06
-1.88408e-06
1.83153e-06
-2.08284e-06
2.23986e-06
-2.09972e-06
2.21122e-06
-1.89052e-06
1.60386e-06
-1.50027e-06
3.69572e-07
-1.04134e-06
-1.45493e-06
-5.63914e-07
-3.93807e-06
1.57738e-08
-7.36198e-06
9.02709e-07
-1.06313e-05
1.50189e-06
-1.21027e-05
-1.16215e-05
-1.4571e-06
2.49327e-05
-2.85191e-06
-1.52185e-05
-3.03727e-06
-7.20086e-06
-2.78746e-06
-6.01166e-06
-2.36076e-06
-3.38555e-06
-2.00141e-06
-1.60598e-06
-1.85357e-06
-3.304e-07
-1.93728e-06
5.98178e-07
-2.14042e-06
1.38945e-06
-2.31971e-06
2.0108e-06
-2.36244e-06
2.2826e-06
-2.20393e-06
2.05276e-06
-1.85729e-06
1.25729e-06
-1.42201e-06
-6.56245e-08
-1.00365e-06
-1.8732e-06
-6.03476e-07
-4.33813e-06
-1.11401e-07
-7.8539e-06
7.21181e-07
-1.14637e-05
1.30762e-06
-1.26891e-05
-1.1615e-05
-1.49667e-06
2.64291e-05
-3.09188e-06
-1.36232e-05
-3.41957e-06
-6.87315e-06
-3.26902e-06
-6.16217e-06
-2.89587e-06
-3.75864e-06
-2.5748e-06
-1.92701e-06
-2.43395e-06
-4.71214e-07
-2.47262e-06
6.36861e-07
-2.57577e-06
1.4926e-06
-2.61018e-06
2.04522e-06
-2.48432e-06
2.15678e-06
-2.1763e-06
1.7448e-06
-1.75115e-06
8.32205e-07
-1.3238e-06
-4.9289e-07
-9.63525e-07
-2.23338e-06
-6.34501e-07
-4.66703e-06
-2.23404e-07
-8.2648e-06
5.43668e-07
-1.22305e-05
1.11793e-06
-1.32633e-05
-1.15937e-05
-1.53449e-06
2.79633e-05
-3.28261e-06
-1.1875e-05
-3.73864e-06
-6.41711e-06
-3.69121e-06
-6.20954e-06
-3.37774e-06
-4.07205e-06
-3.08481e-06
-2.21988e-06
-2.92445e-06
-6.31537e-07
-2.8861e-06
5.98536e-07
-2.8624e-06
1.46894e-06
-2.74083e-06
1.92369e-06
-2.46442e-06
1.88043e-06
-2.05607e-06
1.33652e-06
-1.60849e-06
3.84689e-07
-1.21797e-06
-8.83333e-07
-9.13539e-07
-2.53772e-06
-6.44958e-07
-4.93545e-06
-3.09521e-07
-8.59998e-06
3.77193e-07
-1.29169e-05
9.34871e-07
-1.38209e-05
-1.15695e-05
-1.56237e-06
2.95255e-05
-3.40675e-06
-1.00305e-05
-3.96005e-06
-5.86378e-06
-4.00614e-06
-6.16337e-06
-3.74653e-06
-4.3316e-06
-3.46881e-06
-2.49754e-06
-3.27196e-06
-8.2834e-07
-3.14075e-06
4.67379e-07
-2.98475e-06
1.31298e-06
-2.72261e-06
1.66161e-06
-2.33695e-06
1.49484e-06
-1.88229e-06
8.81925e-07
-1.45037e-06
-4.71747e-08
-1.10433e-06
-1.2293e-06
-8.45767e-07
-2.79618e-06
-6.27687e-07
-5.15334e-06
-3.65982e-07
-8.86137e-06
2.27379e-07
-1.35099e-05
7.61058e-07
-1.43545e-05
-1.15506e-05
-1.59106e-06
3.11166e-05
-3.4514e-06
-8.17006e-06
-4.05506e-06
-5.26009e-06
-4.17675e-06
-6.04161e-06
-3.96065e-06
-4.54762e-06
-3.68218e-06
-2.77594e-06
-3.44089e-06
-1.06956e-06
-3.22083e-06
2.47374e-07
-2.95063e-06
1.04285e-06
-2.58471e-06
1.29576e-06
-2.1398e-06
1.04999e-06
-1.68229e-06
4.24472e-07
-1.28427e-06
-4.45137e-07
-9.78773e-07
-1.53472e-06
-7.55898e-07
-3.01894e-06
-5.79968e-07
-5.32905e-06
-3.90076e-07
-9.0509e-06
1.00448e-07
-1.4e-05
6.00761e-07
-1.48548e-05
-1.1542e-05
-1.51912e-06
3.26358e-05
-3.41828e-06
-6.27078e-06
-3.99843e-06
-4.67991e-06
-4.17062e-06
-5.86935e-06
-3.99498e-06
-4.72318e-06
-3.7066e-06
-3.06424e-06
-3.41627e-06
-1.35981e-06
-3.12622e-06
-4.26085e-08
-2.78121e-06
6.97902e-07
-2.36001e-06
8.74624e-07
-1.90109e-06
5.91128e-07
-1.4672e-06
-9.3684e-09
-1.10811e-06
-8.04176e-07
-8.36446e-07
-1.80631e-06
-6.41969e-07
-3.21329e-06
-5.02634e-07
-5.46816e-06
-3.79095e-07
-9.17406e-06
9.71922e-09
-1.43884e-05
4.65277e-07
-1.53102e-05
-1.15435e-05
-7.4385e-06
2.89513e-05
-1.16673e-05
-2.04157e-06
-1.34557e-05
-2.8914e-06
-1.40388e-05
-5.286e-06
-1.35227e-05
-5.23908e-06
-1.2535e-05
-4.05172e-06
-1.1293e-05
-2.6016e-06
-9.85087e-06
-1.48446e-06
-8.23722e-06
-9.15531e-07
-6.54038e-06
-8.22045e-07
-4.92403e-06
-1.02507e-06
-3.53383e-06
-1.39942e-06
-2.43615e-06
-1.90169e-06
-1.63432e-06
-2.60788e-06
-1.10638e-06
-3.74078e-06
-9.02661e-07
-5.671e-06
-9.17726e-07
-9.15739e-06
-3.27895e-07
-1.49761e-05
1.09395e-06
-1.67315e-05
-1.15487e-05
-5.07212e-06
2.91809e-05
-7.67271e-06
5.59419e-07
-7.50277e-06
-3.0613e-06
-6.78907e-06
-5.99953e-06
-5.72754e-06
-6.30049e-06
-4.81702e-06
-4.96216e-06
-3.99998e-06
-3.4186e-06
-3.05759e-06
-2.42683e-06
-1.96845e-06
-2.00465e-06
-8.57008e-07
-1.93349e-06
1.13901e-07
-1.99598e-06
8.36265e-07
-2.12178e-06
1.29176e-06
-2.35718e-06
1.52964e-06
-2.84571e-06
1.56384e-06
-3.7748e-06
1.32007e-06
-5.42669e-06
5.72179e-07
-8.40811e-06
-8.28079e-08
-1.43188e-05
3.805e-07
-1.71935e-05
-1.16677e-05
1.44435e-06
2.86063e-05
-1.50956e-06
3.5154e-06
-1.07918e-06
-3.49109e-06
1.09581e-06
-8.17414e-06
2.91987e-06
-8.12429e-06
4.14833e-06
-6.19038e-06
4.66921e-06
-3.93931e-06
4.95408e-06
-2.71163e-06
5.31182e-06
-2.36242e-06
5.69158e-06
-2.31336e-06
5.93167e-06
-2.23625e-06
5.92828e-06
-2.11863e-06
5.67841e-06
-2.1076e-06
5.25012e-06
-2.41774e-06
4.71844e-06
-3.24339e-06
3.99551e-06
-4.70374e-06
2.86228e-06
-7.27397e-06
1.38473e-06
-1.28389e-05
1.04557e-06
-1.68523e-05
-1.16437e-05
6.55772e-06
2.65054e-05
4.4764e-06
5.59777e-06
5.11702e-06
-4.12929e-06
6.67579e-06
-9.73212e-06
8.80247e-06
-1.02506e-05
1.01899e-05
-7.57719e-06
1.08953e-05
-4.64418e-06
1.12034e-05
-3.01926e-06
1.13338e-05
-2.49265e-06
1.13165e-05
-2.29604e-06
1.10894e-05
-2.00933e-06
1.05956e-05
-1.62529e-06
9.82598e-06
-1.33864e-06
8.83298e-06
-1.4255e-06
7.72481e-06
-2.13591e-06
6.51693e-06
-3.49619e-06
5.10954e-06
-5.86596e-06
3.43211e-06
-1.11591e-05
2.48989e-06
-1.59074e-05
-1.14902e-05
9.87357e-06
2.34788e-05
9.99582e-06
5.47306e-06
1.05888e-05
-4.72103e-06
1.11436e-05
-1.02871e-05
1.15476e-05
-1.06549e-05
1.15324e-05
-7.56114e-06
1.1578e-05
-4.68855e-06
1.19901e-05
-3.43023e-06
1.25687e-05
-3.07027e-06
1.30112e-05
-2.73792e-06
1.3128e-05
-2.12577e-06
1.28517e-05
-1.34928e-06
1.21953e-05
-6.83094e-07
1.12057e-05
-4.36975e-07
9.96153e-06
-8.92703e-07
8.52833e-06
-2.0634e-06
7.00657e-06
-4.34355e-06
5.46187e-06
-9.61195e-06
4.29831e-06
-1.47409e-05
-1.12228e-05
1.10643e-05
2.06945e-05
1.22343e-05
4.2991e-06
1.27222e-05
-5.21139e-06
1.23714e-05
-9.93914e-06
1.06418e-05
-8.92651e-06
8.3904e-06
-5.3091e-06
7.48997e-06
-3.78662e-06
8.24231e-06
-4.18093e-06
9.77367e-06
-4.60005e-06
1.12237e-05
-4.18659e-06
1.21761e-05
-3.07734e-06
1.25739e-05
-1.74693e-06
1.24974e-05
-6.07193e-07
1.2003e-05
5.64771e-08
1.10906e-05
1.90223e-08
9.75943e-06
-7.32426e-07
8.34383e-06
-2.92694e-06
7.10015e-06
-8.36552e-06
5.89504e-06
-1.35328e-05
-1.07487e-05
9.27916e-06
1.99354e-05
1.04832e-05
3.08965e-06
1.12691e-05
-6.00156e-06
9.96522e-06
-8.63869e-06
5.99812e-06
-4.96076e-06
2.52589e-06
-1.8365e-06
2.83497e-06
-4.09479e-06
5.62107e-06
-6.96637e-06
8.77385e-06
-7.75253e-06
1.11559e-05
-6.56862e-06
1.25314e-05
-4.45297e-06
1.30876e-05
-2.30339e-06
1.30713e-05
-5.91392e-07
1.26136e-05
5.13582e-07
1.16819e-05
9.50358e-07
1.02915e-05
6.5814e-07
9.04884e-06
-1.68277e-06
8.14031e-06
-7.45397e-06
6.89872e-06
-1.22884e-05
-9.95045e-06
5.45546e-06
2.19451e-05
7.25682e-06
1.28383e-06
8.46933e-06
-7.21653e-06
5.78397e-06
-5.9559e-06
3.53641e-07
4.68351e-07
-1.0473e-06
-4.35649e-07
2.19498e-06
-7.33751e-06
6.63967e-06
-1.14117e-05
1.06013e-05
-1.17148e-05
1.33198e-05
-9.28779e-06
1.46824e-05
-5.81644e-06
1.49476e-05
-2.56947e-06
1.44832e-05
-1.2782e-07
1.34505e-05
1.54566e-06
1.19363e-05
2.46406e-06
1.02106e-05
2.38414e-06
9.17188e-06
-6.41983e-07
8.51232e-06
-6.7913e-06
7.10561e-06
-1.08792e-05
-8.79563e-06
2.21365e-06
2.59426e-05
4.57196e-06
-1.07508e-06
5.65039e-06
-8.29592e-06
1.60929e-06
-1.91688e-06
-2.56214e-06
4.63859e-06
-1.27871e-06
-1.71947e-06
2.14276e-06
-1.07594e-05
6.39152e-06
-1.56601e-05
1.05095e-05
-1.5832e-05
1.35271e-05
-1.23046e-05
1.51171e-05
-7.40623e-06
1.5407e-05
-2.85989e-06
1.46452e-05
6.33052e-07
1.31324e-05
3.05749e-06
1.10732e-05
4.52247e-06
9.32052e-06
4.13734e-06
8.77154e-06
-9.02759e-08
8.24644e-06
-6.26342e-06
6.59114e-06
-9.22209e-06
-7.39648e-06
1.18348e-06
3.20662e-05
3.28901e-06
-3.17867e-06
3.60228e-06
-8.60914e-06
-8.12961e-07
2.49654e-06
-2.95331e-06
6.77792e-06
-1.6303e-06
-3.04268e-06
2.72887e-07
-1.2662e-05
3.68285e-06
-1.90691e-05
7.74891e-06
-1.98965e-05
1.10182e-05
-1.5572e-05
1.28935e-05
-9.28002e-06
1.34018e-05
-3.36782e-06
1.26978e-05
1.33642e-06
1.10495e-05
4.70461e-06
8.93689e-06
6.63422e-06
7.93062e-06
5.14496e-06
8.04095e-06
-1.97553e-07
7.44918e-06
-5.66968e-06
5.69963e-06
-7.47118e-06
-6.1549e-06
2.99171e-06
4.1316e-05
3.70591e-06
-3.88699e-06
2.6433e-06
-7.54557e-06
-1.23393e-06
6.37147e-06
-2.15393e-06
7.69759e-06
-1.89138e-06
-3.30499e-06
-1.06666e-06
-1.34861e-05
1.29094e-06
-2.14268e-05
4.79186e-06
-2.33974e-05
7.88465e-06
-1.86633e-05
9.64346e-06
-1.1037e-05
1.01074e-05
-3.83092e-06
9.44062e-06
2.00282e-06
7.85355e-06
6.29056e-06
6.41317e-06
8.07442e-06
6.70074e-06
4.85994e-06
7.14419e-06
-6.38596e-07
6.33351e-06
-4.85799e-06
4.80895e-06
-5.94544e-06
-5.61702e-06
7.73509e-06
5.23031e-05
5.69879e-06
-1.83678e-06
2.64065e-06
-4.48681e-06
-4.17108e-07
9.42585e-06
-3.68326e-07
7.64913e-06
-2.75406e-07
-3.39766e-06
2.19219e-07
-1.3981e-05
1.43037e-06
-2.26396e-05
3.5819e-06
-2.55513e-05
5.8197e-06
-2.09014e-05
6.94699e-06
-1.2163e-05
6.92848e-06
-3.81153e-06
6.08463e-06
2.84636e-06
4.81299e-06
7.56156e-06
4.73179e-06
8.15687e-06
5.98627e-06
3.60816e-06
6.20927e-06
-8.6051e-07
5.30531e-06
-3.95358e-06
4.49619e-06
-5.13501e-06
-6.32393e-06
1.41755e-05
6.05959e-05
9.16706e-06
3.20232e-06
4.00079e-06
6.78308e-07
1.79837e-06
1.16241e-05
2.37657e-06
7.07086e-06
2.68386e-06
-3.70502e-06
3.56643e-06
-1.48649e-05
4.22662e-06
-2.33025e-05
4.70432e-06
-2.60333e-05
5.37985e-06
-2.15799e-05
5.47989e-06
-1.22628e-05
4.73601e-06
-3.06702e-06
3.70428e-06
3.87795e-06
3.23652e-06
8.0296e-06
4.42435e-06
6.97119e-06
5.70378e-06
2.33025e-06
5.54573e-06
-7.02395e-07
4.70098e-06
-3.10838e-06
4.72506e-06
-5.15752e-06
-8.27865e-06
1.91227e-05
6.20578e-05
1.28484e-05
9.52494e-06
6.27816e-06
7.24353e-06
4.70857e-06
1.31896e-05
5.02567e-06
6.75381e-06
5.8715e-06
-4.55102e-06
7.3804e-06
-1.63747e-05
8.26589e-06
-2.41898e-05
7.60746e-06
-2.53795e-05
6.44172e-06
-2.04194e-05
5.28266e-06
-1.11051e-05
3.95879e-06
-1.74279e-06
3.09095e-06
4.74601e-06
3.6588e-06
7.46286e-06
5.24576e-06
5.3858e-06
5.95491e-06
1.62146e-06
5.54373e-06
-2.91489e-07
4.66699e-06
-2.23105e-06
4.69899e-06
-5.18763e-06
-1.0225e-05
2.09088e-05
5.58696e-05
1.48704e-05
1.56078e-05
8.53051e-06
1.35755e-05
7.16284e-06
1.45556e-05
7.50779e-06
6.41059e-06
8.85629e-06
-5.89827e-06
1.10622e-05
-1.85766e-05
1.2334e-05
-2.54582e-05
1.11693e-05
-2.42173e-05
8.46291e-06
-1.77193e-05
6.08582e-06
-8.7312e-06
4.54419e-06
-2.01074e-07
4.26812e-06
5.02276e-06
5.54309e-06
6.18904e-06
6.91337e-06
4.01607e-06
7.1084e-06
1.42618e-06
6.45287e-06
3.6379e-07
5.28584e-06
-1.06333e-06
4.51496e-06
-4.4146e-06
-1.07679e-05
2.05051e-05
4.58702e-05
1.53649e-05
2.07736e-05
1.06731e-05
1.82629e-05
1.01768e-05
1.50528e-05
1.17477e-05
4.83925e-06
1.42573e-05
-8.40451e-06
1.64499e-05
-2.07565e-05
1.68136e-05
-2.58092e-05
1.45551e-05
-2.19565e-05
1.05723e-05
-1.37425e-05
7.27354e-06
-5.43703e-06
5.84977e-06
1.22234e-06
6.33436e-06
4.53901e-06
7.96572e-06
4.55829e-06
9.10872e-06
2.87292e-06
9.00896e-06
1.52552e-06
8.02285e-06
1.34978e-06
6.41367e-06
5.46562e-07
4.67323e-06
-2.672e-06
-9.21604e-06
1.94576e-05
3.69716e-05
1.68184e-05
2.34184e-05
1.56718e-05
1.94009e-05
1.80004e-05
1.27132e-05
2.20613e-05
7.68678e-07
2.51822e-05
-1.15208e-05
2.52289e-05
-2.07843e-05
2.2209e-05
-2.27687e-05
1.71442e-05
-1.68845e-05
1.17899e-05
-8.39306e-06
8.09445e-06
-1.74664e-06
7.09684e-06
2.21901e-06
8.26806e-06
3.36831e-06
1.00664e-05
2.76025e-06
1.09392e-05
1.99995e-06
1.04508e-05
2.01383e-06
9.10985e-06
2.69076e-06
7.2693e-06
2.38785e-06
5.0356e-06
-4.36377e-07
-6.18537e-06
1.98596e-05
2.90192e-05
2.25303e-05
2.07331e-05
2.68728e-05
1.50366e-05
3.35344e-05
6.03117e-06
3.97309e-05
-5.4363e-06
4.0374e-05
-1.21583e-05
3.5303e-05
-1.56948e-05
2.61734e-05
-1.36167e-05
1.74224e-05
-8.12467e-06
1.11941e-05
-2.16853e-06
7.89041e-06
1.55301e-06
7.39316e-06
2.71571e-06
8.63318e-06
2.12903e-06
1.00142e-05
1.37986e-06
1.0283e-05
1.73132e-06
9.52054e-06
2.77623e-06
8.54467e-06
3.66676e-06
7.37068e-06
3.5627e-06
5.06385e-06
1.87217e-06
-2.089e-06
2.61342e-05
1.78674e-05
3.57154e-05
1.11353e-05
4.57278e-05
5.01026e-06
5.29373e-05
-1.186e-06
5.5743e-05
-8.23817e-06
4.97415e-05
-6.15285e-06
3.92753e-05
-5.21638e-06
2.32484e-05
2.42746e-06
1.31274e-05
2.00096e-06
9.01079e-06
1.94478e-06
6.99516e-06
3.5674e-06
5.60757e-06
4.10435e-06
4.83298e-06
2.90461e-06
4.98137e-06
1.2315e-06
5.15632e-06
1.55623e-06
5.35752e-06
2.5751e-06
5.8529e-06
3.17184e-06
6.40356e-06
3.01304e-06
5.53417e-06
2.74303e-06
1.90755e-06
3.75324e-05
4.61989e-05
5.26142e-05
4.80731e-05
4.63096e-05
3.33352e-05
2.61927e-05
1.09894e-05
5.66349e-06
6.4657e-06
5.41407e-06
2.5265e-06
-1.64824e-07
-1.01022e-06
-4.15375e-07
6.14175e-07
2.28126e-06
5.06485e-06
8.18358e-06
)
;

boundaryField
{
    left_open
    {
        type            calculated;
        value           nonuniform List<scalar> 
40
(
-1.30464e-06
-3.95742e-06
-6.39389e-06
-8.4795e-06
-1.01987e-05
-1.15971e-05
-1.27318e-05
-1.36383e-05
-1.4317e-05
-1.47443e-05
-1.48983e-05
-1.47817e-05
-1.44269e-05
-1.3887e-05
-1.32224e-05
-1.24898e-05
-1.17356e-05
-1.09925e-05
-1.02764e-05
-9.58626e-06
-3.15016e-05
-1.81762e-05
-6.52727e-06
-9.97432e-07
1.00249e-08
2.99205e-07
-1.48357e-06
8.21611e-07
-1.41512e-06
-1.07633e-06
-2.74972e-06
-5.49468e-07
-5.57168e-06
2.10563e-06
-4.54513e-06
-2.16299e-06
1.02002e-05
-2.43362e-06
4.22562e-06
1.0056e-05
)
;
    }
    right_open
    {
        type            calculated;
        value           nonuniform List<scalar> 
40
(
2.89819e-06
5.02408e-06
5.39275e-06
5.07484e-06
4.5898e-06
4.14833e-06
3.77252e-06
3.41827e-06
3.06167e-06
2.7084e-06
2.37185e-06
2.06115e-06
1.77993e-06
1.52766e-06
1.30123e-06
1.09669e-06
9.10821e-07
7.42233e-07
5.92166e-07
4.6691e-07
1.09929e-06
4.99469e-07
1.02161e-06
2.33655e-06
4.03146e-06
5.42166e-06
6.10131e-06
5.95153e-06
5.1926e-06
4.45858e-06
4.2716e-06
5.20368e-06
6.68057e-06
6.64656e-06
5.05965e-06
3.12324e-06
2.00663e-06
9.68802e-07
1.53864e-06
7.39761e-06
)
;
    }
    base_side
    {
        type            calculated;
        value           uniform 0;
    }
    top
    {
        type            calculated;
        value           nonuniform List<scalar> 
65
(
-4.2438e-06
7.94566e-06
2.1174e-06
4.5202e-06
1.34437e-06
-1.9267e-06
7.30148e-06
-2.18331e-06
2.22034e-06
7.70164e-06
-1.89141e-06
1.90755e-06
3.05575e-06
-1.46639e-06
3.6962e-06
-1.75902e-06
-1.27983e-05
-7.16315e-07
4.40154e-07
8.30362e-07
5.85032e-07
3.40757e-06
7.43472e-07
1.89225e-06
3.00022e-06
3.97214e-06
4.74769e-06
5.28291e-06
3.1272e-06
3.16796e-06
3.15857e-06
1.0963e-06
1.08575e-06
1.07318e-06
2.96173e-06
2.7984e-06
2.61415e-06
4.07262e-06
3.38277e-06
2.87912e-06
2.52602e-06
2.05038e-06
2.11349e-06
2.17154e-06
2.12678e-06
2.43192e-06
2.46493e-06
-1.4014e-06
3.35042e-06
-6.47051e-06
6.82581e-06
1.93282e-06
1.76353e-05
7.32587e-06
1.14246e-06
4.62027e-06
6.99337e-06
5.59685e-06
2.07749e-06
9.62028e-07
1.5466e-06
1.50584e-06
2.30488e-07
-3.74604e-07
2.69468e-06
)
;
    }
    front
    {
        type            empty;
        value           nonuniform 0();
    }
    back
    {
        type            empty;
        value           nonuniform 0();
    }
    air_to_aluminum
    {
        type            calculated;
        value           nonuniform List<scalar> 
129
(
0
0
0
0
0
0
0
0
0
0
6.61744e-24
0
-5.29396e-23
0
0
0
0
0
0
0
0
6.61744e-24
0
0
0
0
0
0
0
0
8.47033e-22
0
0
0
0
0
0
0
0
0
0
0
0
0
0
0
0
0
0
0
0
0
0
0
0
0
0
0
0
0
0
0
0
0
0
0
0
0
0
0
0
0
0
0
0
0
0
0
0
0
0
0
0
0
0
0
0
0
0
0
0
0
0
0
0
0
0
0
0
0
0
0
0
0
0
0
0
0
0
0
0
0
0
0
0
0
0
0
0
0
0
0
0
0
0
0
0
0
0
)
;
    }
}


// ************************************************************************* //
