/*--------------------------------*- C++ -*----------------------------------*\
| =========                 |                                                 |
| \\      /  F ield         | OpenFOAM: The Open Source CFD Toolbox           |
|  \\    /   O peration     | Version:                                        |
|   \\  /    A nd           | Website:  www.openfoam.com                      |
|    \\/     M anipulation  |                                                 |
\*---------------------------------------------------------------------------*/
FoamFile
{
    version     2.0;
    format      ascii;
    class       volScalarField;
    location    "1805.5/air";
    object      T;
}
// * * * * * * * * * * * * * * * * * * * * * * * * * * * * * * * * * * * * * //

dimensions      [0 0 0 1 0 0 0];


internalField   nonuniform List<scalar> 
2228
(
306.499
306.565
306.619
306.665
306.435
306.497
306.561
306.623
306.391
306.449
306.518
306.589
306.356
306.411
306.482
306.558
306.324
306.375
306.448
306.529
306.293
306.337
306.412
306.5
306.26
306.292
306.37
306.471
306.224
306.235
306.317
306.439
306.182
306.157
306.247
306.402
306.13
306.052
306.151
306.357
306.065
305.907
306.023
306.303
305.976
305.696
305.844
306.236
305.844
305.37
305.566
306.149
305.65
304.855
305.075
306.018
305.405
304.097
304.183
305.741
304.993
303.051
302.711
304.879
306.666
306.619
306.565
306.5
306.624
306.563
306.499
306.435
306.59
306.521
306.452
306.392
306.56
306.488
306.417
306.358
306.533
306.458
306.386
306.328
306.507
306.429
306.356
306.3
306.481
306.396
306.32
306.272
306.452
306.35
306.268
306.238
306.415
306.275
306.178
306.192
306.361
306.148
306.024
306.124
306.286
305.952
305.797
306.031
306.193
305.712
305.54
305.928
306.105
305.497
305.311
305.83
306.046
305.343
305.076
305.715
305.944
305.038
304.604
305.482
305.2
303.668
303.349
304.917
296.475
297.343
298.048
298.486
293.351
293.249
293.238
293.254
293.158
293.079
292.999
292.938
293.132
293.126
293.116
293.105
293.131
293.132
293.135
293.14
293.137
293.137
293.138
293.141
293.14
293.14
293.14
293.141
293.14
293.14
293.14
293.141
293.14
293.14
293.14
293.139
293.141
293.14
293.14
293.139
293.143
293.141
293.14
293.138
293.139
293.136
293.134
293.131
293.133
293.129
293.126
293.123
293.165
293.157
293.151
293.146
293.253
293.239
293.229
293.222
293.35
293.333
293.326
293.329
293.435
293.435
293.445
293.466
293.525
293.529
293.54
293.557
293.515
293.498
293.487
293.486
293.667
293.64
293.617
293.592
298.903
298.707
298.227
297.927
293.327
293.362
293.316
293.233
292.904
292.899
292.915
292.935
293.097
293.096
293.101
293.105
293.147
293.156
293.169
293.179
293.146
293.155
293.167
293.179
293.143
293.148
293.155
293.162
293.141
293.142
293.145
293.147
293.139
293.138
293.138
293.137
293.137
293.136
293.133
293.131
293.136
293.133
293.13
293.126
293.129
293.126
293.123
293.119
293.121
293.118
293.117
293.115
293.143
293.142
293.141
293.142
293.219
293.221
293.229
293.244
293.343
293.367
293.402
293.443
293.495
293.532
293.573
293.614
293.579
293.604
293.629
293.653
293.493
293.508
293.527
293.547
293.57
293.554
293.544
293.542
297.845
297.817
297.8
293.17
293.127
293.088
292.941
292.937
292.926
293.099
293.088
293.07
293.18
293.176
293.166
293.185
293.186
293.182
293.166
293.167
293.165
293.147
293.147
293.145
293.135
293.133
293.132
293.128
293.126
293.126
293.123
293.122
293.121
293.117
293.115
293.114
293.114
293.114
293.113
293.145
293.148
293.152
293.261
293.276
293.292
293.478
293.503
293.527
293.648
293.674
293.704
293.674
293.692
293.714
293.564
293.577
293.592
293.545
293.55
293.557
297.795
297.792
297.789
293.066
293.055
293.044
292.914
292.906
292.897
293.053
293.043
293.032
293.155
293.148
293.141
293.177
293.173
293.169
293.162
293.16
293.159
293.145
293.145
293.146
293.134
293.136
293.139
293.128
293.13
293.133
293.122
293.124
293.127
293.114
293.115
293.116
293.114
293.114
293.114
293.155
293.157
293.159
293.303
293.309
293.314
293.544
293.554
293.564
293.73
293.746
293.763
293.734
293.745
293.757
293.602
293.608
293.613
293.563
293.566
293.569
297.782
297.777
297.774
293.023
292.995
292.972
292.879
292.846
292.81
293.011
292.974
292.935
293.126
293.1
293.072
293.161
293.147
293.134
293.156
293.156
293.164
293.149
293.166
293.2
293.147
293.174
293.224
293.142
293.171
293.224
293.133
293.157
293.207
293.119
293.133
293.169
293.115
293.119
293.134
293.163
293.168
293.176
293.323
293.337
293.36
293.587
293.637
293.72
293.801
293.876
293.974
293.78
293.823
293.872
293.623
293.639
293.655
293.575
293.585
293.596
297.684
297.526
298.004
299.981
292.924
292.891
293.622
296.417
292.75
292.755
293.43
295.934
292.865
292.837
293.432
295.669
293.019
293.006
293.518
295.419
293.112
293.204
293.808
295.486
293.201
293.487
294.327
295.866
293.298
293.754
294.797
296.157
293.337
293.768
294.808
296.046
293.337
293.621
294.373
295.483
293.334
293.574
294.019
294.827
293.291
293.578
293.957
294.511
293.206
293.484
293.925
294.45
293.213
293.444
293.923
294.524
293.44
293.743
294.28
294.892
293.906
294.287
294.758
295.206
294.142
294.403
294.668
294.885
293.942
294.038
294.121
294.176
293.673
293.695
293.712
293.722
293.61
293.627
293.643
293.658
302.638
303.963
301.688
298.597
300.261
301.031
297.307
294.612
299.296
298.97
295.45
293.518
298.449
297.817
294.917
293.306
297.714
297.252
294.962
293.45
297.297
296.925
295.089
293.677
297.105
296.54
294.928
293.66
296.793
295.92
294.432
293.416
296.364
295.36
294.021
293.28
295.942
295.209
294.05
293.396
295.471
295.261
294.435
293.776
295.12
295.289
294.878
294.338
295.002
295.334
295.248
294.93
295.096
295.492
295.59
295.466
295.414
295.757
295.873
295.794
295.54
295.721
295.726
295.563
295.011
295.031
294.936
294.742
294.189
294.155
294.083
293.986
293.727
293.726
293.724
293.723
293.673
293.688
293.704
293.721
293.15
293.15
293.15
293.15
293.15
293.15
293.15
293.151
293.153
293.114
293.025
292.957
292.925
292.908
292.891
292.857
292.761
292.643
292.562
294.304
293.15
293.15
293.15
293.15
293.15
293.15
293.15
293.151
293.153
293.122
293.034
292.963
292.93
292.912
292.895
292.854
292.751
292.653
292.687
294.269
293.15
293.15
293.15
293.15
293.15
293.15
293.15
293.15
293.152
293.134
293.057
292.98
292.94
292.921
292.902
292.857
292.764
292.722
292.818
294.292
293.15
293.15
293.15
293.15
293.15
293.15
293.15
293.15
293.152
293.144
293.088
293.008
292.958
292.933
292.915
292.871
292.804
292.824
292.892
294.339
293.15
293.15
293.15
293.15
293.15
293.15
293.15
293.15
293.151
293.15
293.116
293.043
292.984
292.95
292.932
292.894
292.855
292.934
292.935
294.391
293.15
293.15
293.15
293.15
293.15
293.15
293.15
293.15
293.15
293.152
293.135
293.08
293.016
292.971
292.952
292.922
292.902
293.03
292.968
294.444
293.15
293.15
293.15
293.15
293.15
293.15
293.15
293.15
293.15
293.151
293.145
293.109
293.051
292.997
292.972
292.953
292.94
293.09
292.998
294.499
293.15
293.15
293.15
293.15
293.15
293.15
293.15
293.15
293.15
293.151
293.15
293.13
293.083
293.026
292.993
292.982
292.975
293.114
293.024
294.555
293.15
293.15
293.15
293.15
293.15
293.15
293.15
293.15
293.15
293.15
293.151
293.142
293.11
293.057
293.014
293.007
293.007
293.126
293.044
294.615
293.15
293.15
293.15
293.15
293.15
293.15
293.15
293.15
293.15
293.15
293.151
293.148
293.129
293.085
293.036
293.027
293.036
293.134
293.059
294.677
293.15
293.15
293.15
293.15
293.15
293.15
293.15
293.15
293.15
293.15
293.15
293.15
293.141
293.109
293.059
293.042
293.059
293.137
293.072
294.742
293.15
293.15
293.15
293.15
293.15
293.15
293.15
293.15
293.15
293.15
293.15
293.151
293.147
293.126
293.081
293.054
293.075
293.136
293.081
294.81
293.15
293.15
293.15
293.15
293.15
293.15
293.15
293.15
293.15
293.15
293.15
293.15
293.15
293.138
293.101
293.066
293.083
293.132
293.088
294.881
293.15
293.15
293.15
293.15
293.15
293.15
293.15
293.15
293.15
293.15
293.15
293.15
293.151
293.146
293.117
293.079
293.087
293.127
293.092
294.955
293.15
293.15
293.15
293.15
293.15
293.15
293.15
293.15
293.15
293.15
293.15
293.15
293.151
293.15
293.13
293.093
293.088
293.121
293.093
295.032
293.15
293.15
293.15
293.15
293.15
293.15
293.15
293.15
293.15
293.15
293.15
293.15
293.15
293.152
293.139
293.105
293.091
293.116
293.091
295.112
293.15
293.15
293.15
293.15
293.15
293.15
293.15
293.15
293.15
293.15
293.15
293.149
293.15
293.152
293.145
293.117
293.095
293.113
293.086
295.193
293.15
293.15
293.15
293.15
293.15
293.15
293.15
293.15
293.15
293.15
293.15
293.15
293.149
293.151
293.149
293.127
293.101
293.112
293.078
295.276
293.15
293.15
293.15
293.15
293.15
293.15
293.15
293.15
293.15
293.15
293.15
293.15
293.149
293.151
293.151
293.135
293.109
293.114
293.065
295.35
293.15
293.15
293.15
293.15
293.15
293.15
293.15
293.15
293.15
293.15
293.15
293.15
293.149
293.15
293.152
293.142
293.117
293.118
293.051
295.484
293.15
293.15
293.149
293.149
293.149
293.149
293.149
293.148
293.147
293.147
293.147
293.148
293.149
293.149
293.151
293.149
293.132
293.134
293.029
294.596
293.15
293.149
293.154
293.166
293.176
293.18
293.181
293.177
293.17
293.16
293.15
293.145
293.144
293.145
293.148
293.151
293.145
293.148
293.078
293.623
293.146
293.183
293.275
293.369
293.419
293.411
293.376
293.339
293.305
293.265
293.221
293.183
293.158
293.147
293.144
293.147
293.147
293.152
293.123
293.218
293.158
293.344
293.558
293.714
293.789
293.782
293.694
293.584
293.499
293.437
293.37
293.291
293.222
293.176
293.152
293.145
293.145
293.149
293.144
293.135
293.222
293.557
293.796
293.914
293.969
293.995
293.953
293.829
293.695
293.603
293.533
293.442
293.334
293.243
293.184
293.155
293.144
293.145
293.147
293.135
293.341
293.72
293.878
293.897
293.9
293.943
294.001
293.967
293.847
293.734
293.664
293.584
293.464
293.336
293.238
293.179
293.15
293.143
293.144
293.14
293.433
293.77
293.846
293.805
293.775
293.805
293.898
293.97
293.925
293.822
293.75
293.689
293.58
293.434
293.304
293.215
293.165
293.145
293.141
293.141
293.464
293.758
293.817
293.762
293.717
293.728
293.795
293.9
293.928
293.861
293.795
293.753
293.665
293.518
293.368
293.258
293.19
293.155
293.143
293.141
293.473
293.761
293.826
293.766
293.706
293.71
293.754
293.832
293.887
293.856
293.807
293.783
293.718
293.577
293.419
293.3
293.221
293.173
293.151
293.143
293.498
293.807
293.866
293.782
293.703
293.707
293.755
293.799
293.837
293.823
293.794
293.791
293.744
293.606
293.446
293.328
293.247
293.192
293.161
293.147
293.555
293.895
293.914
293.789
293.696
293.709
293.768
293.793
293.8
293.783
293.773
293.79
293.749
293.603
293.449
293.337
293.257
293.202
293.17
293.152
293.637
293.992
293.937
293.773
293.69
293.721
293.779
293.797
293.777
293.756
293.765
293.791
293.733
293.578
293.441
293.338
293.262
293.209
293.173
293.151
293.756
294.062
293.916
293.744
293.695
293.745
293.796
293.802
293.772
293.757
293.776
293.783
293.697
293.554
293.449
293.371
293.305
293.243
293.187
293.151
293.856
294.073
293.87
293.718
293.708
293.776
293.823
293.819
293.792
293.782
293.789
293.759
293.661
293.56
293.499
293.458
293.413
293.346
293.265
293.199
293.933
294.047
293.824
293.706
293.722
293.801
293.852
293.848
293.824
293.807
293.786
293.733
293.656
293.606
293.583
293.554
293.522
293.473
293.394
293.304
293.953
294.006
293.798
293.709
293.725
293.802
293.863
293.869
293.846
293.817
293.779
293.728
293.683
293.654
293.608
293.615
293.622
293.603
293.536
293.419
293.941
293.967
293.792
293.722
293.716
293.766
293.83
293.854
293.841
293.809
293.768
293.721
293.671
293.631
293.695
293.861
293.985
293.9
293.668
293.487
293.913
293.928
293.777
293.725
293.707
293.714
293.75
293.782
293.78
293.753
293.708
293.652
293.623
293.73
293.981
294.163
294.15
293.939
293.66
293.562
293.858
293.869
293.715
293.675
293.683
293.69
293.691
293.694
293.69
293.669
293.642
293.635
293.697
293.842
294.009
294.103
294.078
293.949
293.776
293.605
293.683
293.696
293.602
293.544
293.566
293.612
293.627
293.628
293.629
293.624
293.627
293.628
293.648
293.715
293.824
293.88
293.912
293.9
293.876
293.771
294.572
292.764
292.646
292.669
292.716
292.762
292.805
292.844
292.872
292.893
292.909
292.922
292.933
292.944
292.954
292.963
292.972
292.981
292.987
293
294.54
292.84
292.684
292.69
292.721
292.76
292.801
292.84
292.87
292.892
292.909
292.923
292.936
292.948
292.96
292.971
292.982
292.993
293.003
293.022
294.549
292.886
292.769
292.76
292.755
292.768
292.801
292.838
292.869
292.892
292.912
292.929
292.944
292.958
292.973
292.988
293.003
293.019
293.034
293.06
294.574
292.897
292.88
292.866
292.816
292.793
292.808
292.841
292.871
292.896
292.918
292.938
292.957
292.974
292.993
293.012
293.033
293.053
293.073
293.102
294.603
292.904
292.993
292.971
292.886
292.83
292.826
292.852
292.879
292.904
292.929
292.952
292.975
292.996
293.019
293.042
293.067
293.09
293.112
293.139
294.635
292.919
293.079
293.038
292.944
292.872
292.854
292.87
292.893
292.918
292.945
292.972
292.998
293.022
293.048
293.074
293.1
293.122
293.146
293.171
294.671
292.94
293.119
293.066
292.985
292.913
292.887
292.895
292.913
292.937
292.966
292.996
293.024
293.051
293.078
293.104
293.129
293.151
293.176
293.2
294.71
292.958
293.129
293.074
293.013
292.949
292.921
292.922
292.936
292.961
292.992
293.024
293.052
293.079
293.105
293.13
293.155
293.176
293.204
293.227
294.749
292.97
293.132
293.076
293.033
292.98
292.953
292.95
292.962
292.989
293.022
293.052
293.079
293.105
293.129
293.153
293.179
293.2
293.229
293.25
294.787
292.98
293.135
293.079
293.047
293.005
292.981
292.976
292.99
293.019
293.051
293.079
293.104
293.127
293.15
293.174
293.201
293.221
293.249
293.268
294.822
292.987
293.139
293.082
293.057
293.025
293.004
293.002
293.02
293.05
293.079
293.103
293.124
293.145
293.168
293.194
293.22
293.237
293.263
293.28
294.855
292.993
293.143
293.088
293.067
293.042
293.027
293.03
293.05
293.078
293.103
293.123
293.142
293.162
293.186
293.212
293.235
293.248
293.272
293.29
294.883
292.998
293.149
293.096
293.078
293.058
293.049
293.057
293.079
293.102
293.122
293.139
293.157
293.179
293.203
293.226
293.244
293.254
293.278
293.297
294.907
293.002
293.155
293.106
293.092
293.077
293.073
293.084
293.103
293.122
293.137
293.153
293.172
293.194
293.217
293.236
293.25
293.259
293.283
293.302
294.926
293.005
293.162
293.116
293.107
293.096
293.097
293.107
293.122
293.137
293.151
293.167
293.186
293.207
293.227
293.243
293.255
293.263
293.287
293.307
294.94
293.007
293.168
293.127
293.122
293.115
293.116
293.125
293.137
293.149
293.163
293.179
293.199
293.218
293.235
293.249
293.26
293.269
293.291
293.311
294.95
293.009
293.173
293.136
293.135
293.13
293.132
293.139
293.149
293.16
293.174
293.191
293.209
293.226
293.241
293.255
293.268
293.275
293.293
293.315
294.956
293.011
293.178
293.143
293.145
293.142
293.144
293.15
293.159
293.17
293.185
293.201
293.218
293.232
293.247
293.262
293.276
293.283
293.296
293.318
294.953
293.014
293.181
293.15
293.153
293.151
293.154
293.159
293.168
293.18
293.194
293.209
293.224
293.237
293.252
293.27
293.287
293.291
293.297
293.321
294.994
293.018
293.184
293.155
293.16
293.159
293.162
293.167
293.176
293.188
293.201
293.215
293.228
293.242
293.259
293.28
293.298
293.301
293.299
293.323
294.331
293.038
293.185
293.163
293.17
293.172
293.177
293.183
293.192
293.201
293.212
293.223
293.235
293.252
293.275
293.304
293.329
293.326
293.305
293.328
293.807
293.099
293.179
293.17
293.175
293.177
293.182
293.188
293.195
293.203
293.213
293.225
293.243
293.267
293.301
293.344
293.38
293.37
293.318
293.333
293.594
293.169
293.181
293.178
293.18
293.183
293.184
293.187
293.193
293.202
293.216
293.234
293.258
293.29
293.333
293.385
293.43
293.417
293.341
293.334
293.389
293.335
293.228
293.193
293.197
293.206
293.21
293.212
293.217
293.228
293.245
293.268
293.298
293.337
293.383
293.436
293.479
293.461
293.37
293.336
293.204
293.298
293.244
293.204
293.228
293.258
293.273
293.282
293.295
293.312
293.332
293.356
293.385
293.422
293.463
293.505
293.533
293.498
293.395
293.339
293.079
293.1
293.122
293.184
293.278
293.348
293.39
293.424
293.455
293.478
293.493
293.507
293.523
293.544
293.566
293.584
293.585
293.524
293.411
293.344
292.967
292.957
293.069
293.216
293.366
293.474
293.545
293.585
293.603
293.612
293.618
293.624
293.631
293.638
293.644
293.645
293.62
293.531
293.415
293.351
292.948
293.005
293.121
293.294
293.477
293.6
293.624
293.619
293.614
293.613
293.619
293.629
293.643
293.656
293.667
293.668
293.626
293.518
293.412
293.359
293.07
293.09
293.172
293.375
293.579
293.63
293.604
293.599
293.601
293.6
293.6
293.606
293.621
293.644
293.667
293.671
293.605
293.494
293.41
293.369
293.274
293.17
293.218
293.446
293.63
293.605
293.597
293.61
293.626
293.629
293.62
293.614
293.621
293.644
293.672
293.66
293.564
293.475
293.417
293.379
293.566
293.299
293.275
293.503
293.639
293.599
293.612
293.623
293.648
293.666
293.658
293.644
293.643
293.663
293.679
293.624
293.521
293.475
293.43
293.388
293.991
293.473
293.351
293.557
293.625
293.613
293.618
293.612
293.64
293.687
293.696
293.681
293.676
293.685
293.666
293.571
293.506
293.496
293.446
293.395
294.486
293.642
293.43
293.598
293.624
293.624
293.605
293.584
293.605
293.681
293.723
293.715
293.703
293.69
293.627
293.542
293.526
293.526
293.464
293.403
294.84
293.725
293.504
293.623
293.637
293.609
293.575
293.549
293.561
293.651
293.732
293.738
293.717
293.675
293.599
293.556
293.563
293.559
293.487
293.416
294.826
293.711
293.571
293.632
293.61
293.58
293.571
293.538
293.525
293.61
293.724
293.75
293.72
293.664
293.611
293.597
293.606
293.596
293.521
293.438
294.435
293.639
293.576
293.585
293.588
293.653
293.667
293.583
293.512
293.573
293.704
293.753
293.726
293.681
293.655
293.652
293.652
293.636
293.561
293.466
293.959
293.6
293.601
293.66
293.779
293.872
293.832
293.663
293.521
293.551
293.681
293.749
293.741
293.716
293.702
293.696
293.689
293.668
293.595
293.491
293.734
293.702
293.784
293.907
294.01
294.02
293.916
293.702
293.531
293.549
293.661
293.719
293.717
293.703
293.697
293.699
293.699
293.678
293.61
293.508
293.746
293.837
293.924
293.978
293.98
293.926
293.822
293.647
293.525
293.566
293.63
293.644
293.635
293.644
293.663
293.678
293.68
293.66
293.604
293.517
293.774
293.83
293.847
293.78
293.71
293.643
293.574
293.509
293.523
293.543
293.538
293.525
293.522
293.541
293.564
293.568
293.577
293.572
293.555
293.502
)
;

boundaryField
{
    left_open
    {
        type            inletOutlet;
        inletValue      uniform 293.15;
        value           nonuniform List<scalar> 
40
(
293.15
293.15
293.15
293.15
293.15
293.15
293.15
293.15
293.15
293.15
293.15
293.15
293.15
293.15
293.15
293.15
293.15
293.15
293.15
293.15
293.15
293.15
293.15
293.15
293.15
293.15
293.433
293.15
293.475
293.497
293.55
293.15
293.741
293.15
293.926
293.949
293.15
293.911
293.15
293.15
)
;
    }
    right_open
    {
        type            inletOutlet;
        inletValue      uniform 293.15;
        value           nonuniform List<scalar> 
40
(
293
293.021
293.059
293.1
293.137
293.168
293.197
293.224
293.247
293.265
293.279
293.288
293.296
293.302
293.306
293.311
293.314
293.317
293.32
293.323
293.327
293.333
293.334
293.335
293.338
293.343
293.35
293.358
293.368
293.379
293.387
293.395
293.402
293.414
293.436
293.463
293.489
293.507
293.515
293.5
)
;
    }
    base_side
    {
        type            zeroGradient;
    }
    top
    {
        type            inletOutlet;
        inletValue      uniform 293.15;
        value           nonuniform List<scalar> 
65
(
293.686
293.15
293.602
293.544
293.563
293.61
293.15
293.628
293.629
293.15
293.627
293.628
293.644
293.704
293.15
293.15
293.916
293.15
293.15
293.787
293.681
293.15
293.628
293.601
293.577
293.559
293.548
293.544
293.546
293.551
293.557
293.563
293.566
293.569
293.575
293.586
293.596
293.611
293.63
293.647
293.664
293.681
293.697
293.714
293.731
293.785
293.835
293.842
293.15
293.704
293.15
293.565
293.504
293.524
293.544
293.536
293.523
293.521
293.541
293.563
293.566
293.575
293.571
293.554
293.5
)
;
    }
    front
    {
        type            empty;
    }
    back
    {
        type            empty;
    }
    air_to_aluminum
    {
        type            compressible::turbulentTemperatureCoupledBaffleMixed;
        refValue        nonuniform List<scalar> 
129
(
306.49
306.483
306.468
306.446
306.561
306.612
306.658
306.695
306.695
306.658
306.612
306.561
306.49
306.483
306.468
306.446
306.42
306.445
306.39
306.403
306.36
306.367
306.332
306.335
306.304
306.306
306.279
306.28
306.255
306.257
306.234
306.235
306.215
306.216
306.199
306.2
306.184
306.185
306.172
306.173
306.162
306.163
306.155
306.156
306.15
306.15
306.147
306.147
306.147
306.147
306.147
306.147
306.683
306.653
306.623
306.594
306.568
306.544
306.522
306.502
306.484
306.469
306.455
306.444
306.435
306.428
306.423
306.42
306.42
306.42
306.42
306.42
306.42
306.42
306.683
306.653
306.623
306.594
306.568
306.544
306.522
306.502
306.484
306.469
306.455
306.444
306.435
306.428
306.423
306.42
306.42
306.42
306.42
306.445
306.403
306.367
306.335
306.306
306.28
306.257
306.235
306.216
306.2
306.185
306.173
306.163
306.156
306.15
306.148
306.42
306.39
306.36
306.331
306.304
306.279
306.255
306.234
306.215
306.199
306.184
306.172
306.162
306.155
306.15
306.148
306.148
306.147
306.147
306.147
)
;
        refGradient     uniform 0;
        valueFraction   nonuniform List<scalar> 
129
(
0.999971
0.999971
0.999971
0.999971
0.999855
0.999855
0.999855
0.999855
0.999855
0.999855
0.999855
0.999855
0.999971
0.999971
0.999971
0.999971
0.999971
0.999855
0.999971
0.999855
0.999971
0.999855
0.999971
0.999855
0.999971
0.999855
0.999971
0.999855
0.999971
0.999855
0.999971
0.999855
0.999971
0.999855
0.999971
0.999855
0.999971
0.999855
0.999971
0.999855
0.999971
0.999855
0.999971
0.999855
0.999971
0.999855
0.999964
0.999971
0.999964
0.999964
0.999855
0.999964
0.999918
0.999918
0.999918
0.999918
0.999918
0.999918
0.999918
0.999918
0.999918
0.999918
0.999918
0.999918
0.999918
0.999918
0.999918
0.999918
0.999964
0.999964
0.999964
0.999964
0.999964
0.999964
0.999918
0.999918
0.999918
0.999918
0.999918
0.999918
0.999918
0.999918
0.999918
0.999918
0.999918
0.999918
0.999918
0.999918
0.999918
0.999964
0.999964
0.999918
0.999964
0.999855
0.999855
0.999855
0.999855
0.999855
0.999855
0.999855
0.999855
0.999855
0.999855
0.999855
0.999855
0.999855
0.999855
0.999855
0.999855
0.999971
0.999971
0.999971
0.999971
0.999971
0.999971
0.999971
0.999971
0.999971
0.999971
0.999971
0.999971
0.999971
0.999971
0.999971
0.999964
0.999964
0.999964
0.999964
0.999971
)
;
        value           nonuniform List<scalar> 
129
(
306.49
306.482
306.468
306.446
306.561
306.612
306.658
306.695
306.695
306.658
306.612
306.561
306.49
306.482
306.468
306.446
306.419
306.445
306.39
306.403
306.36
306.367
306.331
306.335
306.304
306.306
306.278
306.28
306.255
306.257
306.234
306.235
306.215
306.216
306.198
306.2
306.184
306.185
306.172
306.173
306.162
306.163
306.155
306.155
306.149
306.15
306.146
306.146
306.147
306.147
306.147
306.147
306.683
306.653
306.623
306.594
306.568
306.544
306.522
306.502
306.484
306.469
306.455
306.444
306.435
306.428
306.423
306.42
306.419
306.42
306.42
306.42
306.42
306.42
306.683
306.653
306.623
306.594
306.568
306.544
306.522
306.502
306.484
306.469
306.455
306.444
306.435
306.428
306.423
306.42
306.42
306.42
306.42
306.445
306.403
306.367
306.335
306.306
306.28
306.257
306.235
306.216
306.2
306.185
306.173
306.163
306.156
306.15
306.148
306.419
306.39
306.36
306.331
306.304
306.278
306.255
306.234
306.215
306.198
306.184
306.172
306.162
306.154
306.149
306.148
306.148
306.147
306.147
306.146
)
;
        Tnbr            T;
        thicknessLayers 0();
        kappaLayers     0();
        kappaMethod     fluidThermo;
        kappa           none;
        alphaAni        none;
        alpha           none;
    }
}


// ************************************************************************* //
