/*--------------------------------*- C++ -*----------------------------------*\
| =========                 |                                                 |
| \\      /  F ield         | OpenFOAM: The Open Source CFD Toolbox           |
|  \\    /   O peration     | Version:                                        |
|   \\  /    A nd           | Website:  www.openfoam.com                      |
|    \\/     M anipulation  |                                                 |
\*---------------------------------------------------------------------------*/
FoamFile
{
    version     2.0;
    format      ascii;
    class       volScalarField;
    location    "1826.5/air";
    object      rho;
}
// * * * * * * * * * * * * * * * * * * * * * * * * * * * * * * * * * * * * * //

dimensions      [1 -3 0 0 0 0 0];


internalField   nonuniform List<scalar> 
2228
(
1.1513
1.15105
1.15085
1.15068
1.15154
1.1513
1.15106
1.15083
1.1517
1.15147
1.15122
1.15096
1.15183
1.15161
1.15134
1.15107
1.15194
1.15172
1.15145
1.15117
1.15204
1.15182
1.15155
1.15127
1.15214
1.15194
1.15166
1.15136
1.15224
1.15206
1.15178
1.15145
1.15235
1.15224
1.15194
1.15155
1.15249
1.15251
1.15217
1.15167
1.1527
1.15295
1.15255
1.15183
1.153
1.15368
1.15315
1.15206
1.15345
1.15481
1.15409
1.15239
1.15408
1.15647
1.15553
1.15283
1.15497
1.1589
1.15782
1.15349
1.15696
1.16264
1.16169
1.15511
1.15068
1.15085
1.15105
1.1513
1.15083
1.15106
1.1513
1.15154
1.15096
1.15122
1.15147
1.1517
1.15107
1.15134
1.1516
1.15183
1.15117
1.15145
1.15172
1.15194
1.15126
1.15155
1.15182
1.15204
1.15135
1.15164
1.15192
1.15213
1.15144
1.15175
1.15203
1.15222
1.15153
1.15187
1.15216
1.15232
1.15162
1.15204
1.15234
1.15243
1.15175
1.1523
1.15264
1.15257
1.15193
1.15276
1.15321
1.15281
1.15224
1.15366
1.15438
1.15323
1.15276
1.15533
1.1566
1.15406
1.15349
1.15785
1.16017
1.1561
1.15422
1.16035
1.1646
1.16125
1.19234
1.18877
1.18513
1.18169
1.20406
1.20436
1.20417
1.20357
1.20445
1.20473
1.20509
1.20544
1.20435
1.20438
1.20446
1.20459
1.20424
1.20425
1.20426
1.20427
1.20408
1.2041
1.20412
1.20413
1.204
1.204
1.20401
1.20402
1.20406
1.20405
1.20404
1.20403
1.20418
1.20416
1.20414
1.20412
1.20421
1.2042
1.20419
1.20418
1.20415
1.20417
1.20418
1.20418
1.20384
1.2039
1.20395
1.204
1.20321
1.20328
1.20335
1.20343
1.20259
1.2026
1.20262
1.20265
1.20253
1.20247
1.20243
1.20241
1.20254
1.20249
1.20243
1.20238
1.20247
1.20244
1.2024
1.20236
1.20232
1.20231
1.20229
1.20228
1.20211
1.20211
1.20212
1.20213
1.20269
1.20272
1.20273
1.20272
1.17894
1.17763
1.17651
1.17341
1.20246
1.20119
1.19995
1.19853
1.20572
1.20586
1.20586
1.20573
1.20478
1.20502
1.20528
1.20556
1.2043
1.20436
1.20445
1.20459
1.20414
1.20415
1.20416
1.20419
1.20403
1.20404
1.20405
1.20405
1.20403
1.20402
1.20402
1.20402
1.2041
1.20409
1.20407
1.20406
1.20416
1.20415
1.20413
1.20412
1.20418
1.20418
1.20417
1.20416
1.20404
1.20408
1.20411
1.20413
1.2035
1.20359
1.20367
1.20374
1.20269
1.20275
1.20283
1.20291
1.2024
1.2024
1.20242
1.20244
1.20234
1.20233
1.20234
1.20238
1.20233
1.20232
1.20235
1.2024
1.20228
1.20231
1.20237
1.20246
1.20216
1.20221
1.20229
1.2024
1.20273
1.20276
1.20282
1.20289
1.17127
1.16981
1.16846
1.19729
1.19628
1.19517
1.20554
1.20534
1.20507
1.20577
1.20591
1.20605
1.20473
1.20485
1.20498
1.20422
1.20425
1.2043
1.20406
1.20406
1.20407
1.20402
1.20402
1.20402
1.20405
1.20404
1.20404
1.20411
1.2041
1.20409
1.20415
1.20414
1.20414
1.20414
1.20414
1.20414
1.2038
1.20384
1.20388
1.20299
1.20305
1.20311
1.20247
1.20249
1.20251
1.20243
1.20247
1.20251
1.20247
1.20252
1.20258
1.20255
1.20262
1.20269
1.2025
1.20259
1.20268
1.20296
1.20302
1.20308
1.16769
1.16733
1.167
1.19438
1.19395
1.19351
1.20485
1.20472
1.20457
1.20613
1.20617
1.2062
1.20507
1.20513
1.20518
1.20433
1.20435
1.20438
1.20408
1.20408
1.20408
1.20402
1.20402
1.20402
1.20403
1.20403
1.20403
1.20408
1.20408
1.20408
1.20413
1.20413
1.20413
1.20414
1.20414
1.20414
1.20391
1.20392
1.20393
1.20315
1.20318
1.2032
1.20253
1.20253
1.20254
1.20254
1.20256
1.20257
1.20262
1.20264
1.20266
1.20274
1.20276
1.20279
1.20274
1.20277
1.2028
1.20311
1.20313
1.20314
1.16645
1.16586
1.16524
1.19263
1.19135
1.19004
1.20426
1.20372
1.2031
1.20626
1.20631
1.20631
1.20529
1.20545
1.20562
1.20443
1.20451
1.20461
1.20409
1.20411
1.20414
1.20402
1.20402
1.20402
1.20403
1.20402
1.20402
1.20407
1.20407
1.20406
1.20412
1.20412
1.20411
1.20414
1.20414
1.20414
1.20395
1.20399
1.20401
1.20325
1.20332
1.20339
1.20256
1.20259
1.20262
1.2026
1.20264
1.20269
1.2027
1.20276
1.20282
1.20283
1.20289
1.20295
1.20286
1.20293
1.203
1.20317
1.20321
1.20325
1.16363
1.16573
1.17214
1.17679
1.18775
1.18529
1.18479
1.18581
1.20204
1.20039
1.19866
1.19732
1.20624
1.20595
1.20541
1.20464
1.20584
1.2061
1.20629
1.20635
1.20477
1.20501
1.20528
1.20555
1.2042
1.20429
1.20443
1.2046
1.20402
1.20404
1.20407
1.20413
1.20401
1.204
1.204
1.204
1.20405
1.20403
1.20402
1.20401
1.2041
1.20408
1.20407
1.20405
1.20413
1.20412
1.20411
1.2041
1.20404
1.20407
1.20408
1.20408
1.20349
1.20361
1.20373
1.20383
1.20265
1.2027
1.20276
1.20285
1.20274
1.20279
1.20283
1.20286
1.20288
1.20296
1.20302
1.20307
1.20302
1.20309
1.20315
1.20321
1.20307
1.20314
1.20319
1.20324
1.20329
1.20332
1.20335
1.20337
1.17307
1.16764
1.1708
1.18281
1.18707
1.18577
1.18231
1.18791
1.19674
1.19647
1.19458
1.19239
1.20383
1.20321
1.20262
1.2011
1.20626
1.20605
1.20585
1.2057
1.2058
1.20598
1.20609
1.20635
1.20481
1.20503
1.20525
1.20551
1.20422
1.20434
1.20448
1.20464
1.20402
1.20405
1.2041
1.20416
1.204
1.20399
1.204
1.204
1.20403
1.20402
1.20401
1.20399
1.20408
1.20406
1.20405
1.20404
1.20408
1.20406
1.20404
1.20402
1.2039
1.20395
1.20397
1.20399
1.20296
1.20309
1.20325
1.2034
1.20288
1.2029
1.20293
1.20298
1.2031
1.20313
1.20315
1.20317
1.20326
1.20331
1.20336
1.20341
1.20329
1.20334
1.20339
1.20344
1.20339
1.20341
1.20343
1.20346
1.20432
1.20432
1.20431
1.20431
1.20432
1.20442
1.20471
1.20514
1.20553
1.20577
1.2059
1.20596
1.206
1.20605
1.2061
1.20613
1.2061
1.20596
1.20531
1.19867
1.20432
1.20432
1.20431
1.2043
1.20432
1.20445
1.20477
1.20521
1.20559
1.2058
1.20591
1.20597
1.20601
1.20606
1.2061
1.20611
1.20605
1.20583
1.2049
1.19872
1.20431
1.20431
1.20431
1.2043
1.20432
1.20446
1.2048
1.20526
1.20562
1.20582
1.20592
1.20598
1.20602
1.20606
1.20608
1.20604
1.20594
1.20572
1.20469
1.19859
1.20431
1.20431
1.20431
1.2043
1.20432
1.20443
1.20477
1.20524
1.20561
1.2058
1.20591
1.20598
1.20602
1.20605
1.20602
1.20592
1.2058
1.20563
1.2047
1.19841
1.20431
1.20431
1.20431
1.20431
1.20431
1.20439
1.20468
1.20514
1.20553
1.20575
1.20588
1.20597
1.20602
1.20602
1.20593
1.20576
1.20561
1.20551
1.20475
1.1982
1.20431
1.20431
1.20431
1.20431
1.20431
1.20435
1.20455
1.20498
1.2054
1.20566
1.20583
1.20595
1.206
1.20597
1.20582
1.20559
1.20541
1.20534
1.20479
1.19798
1.20431
1.20431
1.20431
1.20431
1.20431
1.20432
1.20444
1.20478
1.20521
1.20552
1.20574
1.20591
1.20596
1.2059
1.20572
1.20546
1.20527
1.20516
1.20481
1.19776
1.20431
1.20431
1.20431
1.20431
1.20431
1.20431
1.20436
1.20459
1.20499
1.20535
1.20562
1.20585
1.20593
1.20584
1.20564
1.20539
1.20521
1.205
1.20482
1.19752
1.20431
1.20431
1.20431
1.20431
1.20431
1.20431
1.20433
1.20445
1.20476
1.20513
1.20546
1.20575
1.20588
1.20579
1.20559
1.20538
1.20522
1.20489
1.2048
1.19727
1.20431
1.20431
1.20431
1.20431
1.20431
1.20431
1.20431
1.20436
1.20457
1.2049
1.20525
1.20561
1.20583
1.20576
1.20557
1.2054
1.20527
1.20482
1.20478
1.19701
1.20431
1.20431
1.20431
1.20431
1.20431
1.20431
1.20431
1.20432
1.20444
1.20469
1.20502
1.20542
1.20575
1.20573
1.20557
1.20543
1.2053
1.2048
1.20474
1.19674
1.20431
1.20431
1.20431
1.20431
1.20431
1.20431
1.20431
1.20431
1.20436
1.20452
1.2048
1.20517
1.20561
1.20571
1.20558
1.20545
1.2053
1.20478
1.20471
1.19645
1.20431
1.20431
1.20431
1.20431
1.20431
1.20431
1.20431
1.20431
1.20432
1.20441
1.20461
1.20493
1.20539
1.20564
1.20558
1.20547
1.20527
1.20474
1.20469
1.19616
1.20431
1.20431
1.20431
1.20431
1.20431
1.20431
1.20431
1.20431
1.20431
1.20435
1.20447
1.20471
1.20512
1.20549
1.20553
1.20544
1.20521
1.20469
1.20468
1.19587
1.20431
1.20431
1.20431
1.20431
1.20431
1.20431
1.20431
1.20431
1.2043
1.20432
1.20438
1.20454
1.20486
1.20526
1.20541
1.20536
1.20512
1.20462
1.20467
1.19558
1.20431
1.20431
1.20431
1.20431
1.20431
1.20431
1.20431
1.20431
1.2043
1.20431
1.20433
1.20442
1.20464
1.20499
1.2052
1.20521
1.20499
1.20455
1.20468
1.19529
1.2043
1.2043
1.2043
1.2043
1.20431
1.20431
1.20431
1.20431
1.20431
1.2043
1.20431
1.20436
1.20448
1.20473
1.20495
1.205
1.20484
1.20448
1.20469
1.19502
1.2043
1.2043
1.2043
1.2043
1.2043
1.2043
1.2043
1.2043
1.20431
1.2043
1.2043
1.20432
1.20438
1.20454
1.20472
1.20478
1.20469
1.2044
1.20472
1.19477
1.2043
1.2043
1.2043
1.2043
1.2043
1.2043
1.2043
1.2043
1.2043
1.2043
1.2043
1.20431
1.20433
1.20442
1.20453
1.20459
1.20455
1.20434
1.20476
1.19461
1.2043
1.2043
1.2043
1.2043
1.2043
1.2043
1.2043
1.2043
1.2043
1.2043
1.2043
1.2043
1.20431
1.20435
1.20441
1.20446
1.20446
1.20429
1.2048
1.1942
1.2043
1.2043
1.2043
1.2043
1.2043
1.2043
1.2043
1.2043
1.2043
1.2043
1.2043
1.2043
1.2043
1.20431
1.20432
1.20433
1.20435
1.20423
1.20483
1.19925
1.2043
1.2043
1.2043
1.2043
1.2043
1.2043
1.2043
1.20431
1.20431
1.20431
1.20431
1.20431
1.20431
1.2043
1.2043
1.2043
1.20431
1.20426
1.2045
1.20317
1.2043
1.2043
1.2043
1.20428
1.20424
1.2042
1.20419
1.2042
1.20422
1.20425
1.20427
1.20429
1.2043
1.2043
1.2043
1.2043
1.20431
1.20429
1.20434
1.2042
1.2043
1.20426
1.20412
1.20398
1.20387
1.20378
1.20374
1.20378
1.20387
1.20397
1.20406
1.20413
1.20418
1.20422
1.20424
1.20425
1.20425
1.20426
1.20426
1.20431
1.20429
1.20392
1.20348
1.20322
1.20316
1.20317
1.20318
1.20326
1.20342
1.2036
1.20376
1.20388
1.20397
1.20403
1.20407
1.20409
1.20411
1.20413
1.20415
1.20421
1.20413
1.20331
1.20267
1.20238
1.20243
1.2026
1.20273
1.20289
1.20317
1.20341
1.20357
1.20368
1.20375
1.20381
1.20385
1.20388
1.2039
1.20393
1.20397
1.20404
1.20379
1.20262
1.20199
1.20179
1.20192
1.20219
1.20243
1.20275
1.20313
1.20339
1.20354
1.20367
1.20377
1.20385
1.20391
1.20397
1.204
1.20401
1.204
1.20399
1.20338
1.20205
1.20158
1.20151
1.20167
1.20197
1.2023
1.20278
1.20324
1.20357
1.20382
1.20397
1.20404
1.20408
1.2041
1.20411
1.20414
1.20417
1.20416
1.2041
1.20305
1.20173
1.20149
1.20148
1.20159
1.2019
1.20234
1.20294
1.20349
1.20387
1.20405
1.20407
1.20404
1.204
1.20398
1.20401
1.20406
1.20413
1.20419
1.2042
1.2028
1.20158
1.20156
1.2015
1.20159
1.20194
1.20252
1.20321
1.20376
1.20402
1.20403
1.20397
1.20387
1.20378
1.20374
1.20375
1.20382
1.20395
1.20409
1.2042
1.20263
1.20152
1.20154
1.20152
1.20165
1.2021
1.20279
1.20349
1.2039
1.20398
1.20391
1.2038
1.20366
1.20354
1.20347
1.20345
1.20347
1.20359
1.20381
1.20404
1.20256
1.20148
1.20152
1.20155
1.20178
1.20234
1.20309
1.20368
1.20386
1.20382
1.20372
1.20354
1.20331
1.20312
1.20312
1.20319
1.20317
1.20317
1.20333
1.20363
1.20248
1.20145
1.20151
1.20162
1.20197
1.20263
1.20333
1.20371
1.20365
1.20353
1.20338
1.20313
1.2028
1.20249
1.20241
1.20263
1.203
1.20295
1.20287
1.20302
1.20239
1.20143
1.20154
1.20172
1.20218
1.20288
1.20347
1.20357
1.20334
1.20313
1.20291
1.20265
1.20241
1.20236
1.20236
1.20231
1.20249
1.20278
1.20284
1.20263
1.2022
1.20142
1.20158
1.20184
1.20237
1.20305
1.20349
1.20343
1.20315
1.20289
1.20268
1.20252
1.20244
1.20249
1.20251
1.20241
1.20232
1.20251
1.20272
1.20266
1.20214
1.20143
1.20162
1.20193
1.20247
1.2031
1.20347
1.20343
1.20324
1.20303
1.20286
1.20276
1.20266
1.20267
1.20263
1.20242
1.20224
1.20231
1.20253
1.2026
1.20214
1.20145
1.20166
1.20196
1.20245
1.20299
1.20331
1.20339
1.20332
1.20318
1.20303
1.20289
1.20277
1.20278
1.20268
1.20227
1.20206
1.20213
1.20234
1.20247
1.20214
1.20148
1.20167
1.20193
1.20231
1.2027
1.20294
1.20303
1.20303
1.20298
1.2029
1.20281
1.20277
1.20286
1.20272
1.202
1.20182
1.20198
1.2022
1.2023
1.20206
1.20146
1.20163
1.20181
1.20205
1.20228
1.20241
1.20248
1.20254
1.2026
1.20266
1.20274
1.20284
1.20301
1.20282
1.20186
1.20174
1.20187
1.20201
1.20208
1.20251
1.20192
1.20196
1.20204
1.20211
1.20222
1.20245
1.20269
1.20288
1.20294
1.20298
1.20306
1.20315
1.20325
1.20317
1.20278
1.2026
1.20255
1.2026
1.20264
1.19961
1.20724
1.20551
1.2054
1.20535
1.20535
1.20533
1.20529
1.20521
1.20509
1.20492
1.2047
1.2045
1.20437
1.20432
1.20431
1.20431
1.20432
1.20432
1.20432
1.19991
1.20688
1.20542
1.20537
1.20532
1.20532
1.2053
1.20527
1.20519
1.20505
1.20486
1.20463
1.20445
1.20434
1.20431
1.20431
1.20431
1.20432
1.20432
1.20432
1.19994
1.20634
1.20528
1.20531
1.20525
1.20527
1.20526
1.20523
1.20515
1.20498
1.20475
1.20453
1.20438
1.20432
1.20431
1.20431
1.20431
1.20431
1.20431
1.20431
1.19982
1.20592
1.20513
1.20521
1.20516
1.2052
1.2052
1.20518
1.20509
1.20489
1.20464
1.20444
1.20434
1.20431
1.20431
1.20431
1.20431
1.20431
1.20431
1.20431
1.19965
1.20562
1.20498
1.20508
1.20506
1.20511
1.20513
1.20512
1.20501
1.20478
1.20453
1.20437
1.20432
1.20431
1.20431
1.20431
1.20431
1.20431
1.20431
1.20431
1.19946
1.20541
1.20484
1.20495
1.20494
1.20501
1.20505
1.20505
1.20492
1.20467
1.20444
1.20433
1.20431
1.20431
1.20431
1.20431
1.20431
1.20431
1.20431
1.20431
1.19928
1.20524
1.20469
1.20481
1.20483
1.20491
1.20497
1.20497
1.20482
1.20457
1.20438
1.20432
1.20431
1.20431
1.20431
1.20431
1.20431
1.20431
1.20431
1.20431
1.19911
1.20511
1.20456
1.20467
1.20471
1.20481
1.20488
1.20489
1.20473
1.20449
1.20434
1.20431
1.20431
1.20431
1.20431
1.20431
1.20431
1.20431
1.20431
1.20431
1.19894
1.20499
1.20444
1.20455
1.2046
1.20471
1.2048
1.2048
1.20464
1.20442
1.20432
1.20431
1.20431
1.20431
1.20431
1.20431
1.20431
1.20431
1.20431
1.20431
1.19879
1.20489
1.20433
1.20444
1.2045
1.20461
1.20471
1.20472
1.20456
1.20438
1.20431
1.20431
1.20431
1.20431
1.20431
1.20431
1.20431
1.20431
1.20431
1.20431
1.19864
1.2048
1.20424
1.20434
1.2044
1.20452
1.20463
1.20464
1.20449
1.20434
1.2043
1.20431
1.20431
1.20431
1.20431
1.20431
1.20431
1.20431
1.20431
1.20431
1.1985
1.20472
1.20416
1.20424
1.2043
1.20443
1.20456
1.20457
1.20444
1.20432
1.2043
1.20431
1.20431
1.20431
1.20431
1.20431
1.20431
1.20431
1.20431
1.20431
1.19837
1.20464
1.20409
1.20415
1.20422
1.20435
1.20449
1.2045
1.20439
1.20431
1.2043
1.20431
1.20431
1.20431
1.20431
1.20431
1.20431
1.20431
1.20431
1.20431
1.19824
1.20457
1.20402
1.20408
1.20414
1.20428
1.20443
1.20445
1.20436
1.2043
1.2043
1.20431
1.20431
1.20431
1.20431
1.20431
1.20431
1.20431
1.20431
1.20431
1.19811
1.2045
1.20396
1.20401
1.20406
1.20421
1.20437
1.2044
1.20434
1.2043
1.20431
1.20431
1.20431
1.20431
1.20431
1.20431
1.20431
1.20431
1.20431
1.20431
1.19798
1.20444
1.20391
1.20394
1.20399
1.20415
1.20432
1.20436
1.20432
1.2043
1.20431
1.20431
1.20431
1.20431
1.20431
1.20431
1.20431
1.20431
1.20431
1.20431
1.19785
1.20437
1.20386
1.20388
1.20393
1.2041
1.20427
1.20433
1.2043
1.20429
1.20431
1.20431
1.20431
1.20431
1.20431
1.2043
1.2043
1.2043
1.2043
1.2043
1.19771
1.2043
1.20381
1.20383
1.20388
1.20404
1.20423
1.2043
1.20429
1.20429
1.2043
1.2043
1.20431
1.20431
1.20431
1.2043
1.2043
1.2043
1.2043
1.2043
1.19761
1.20424
1.20376
1.20377
1.20382
1.204
1.20419
1.20428
1.20428
1.20428
1.20429
1.20429
1.2043
1.20431
1.20431
1.2043
1.2043
1.2043
1.2043
1.2043
1.19731
1.20418
1.2037
1.20372
1.20377
1.20395
1.20416
1.20426
1.20427
1.20428
1.20428
1.20428
1.2043
1.20431
1.20431
1.2043
1.2043
1.2043
1.2043
1.2043
1.19995
1.20394
1.20354
1.2036
1.20366
1.20385
1.20408
1.20421
1.20423
1.20421
1.2042
1.20423
1.20429
1.20431
1.20431
1.2043
1.2043
1.2043
1.2043
1.2043
1.19982
1.20334
1.20327
1.20338
1.20348
1.20369
1.20395
1.20409
1.2041
1.20405
1.20408
1.2042
1.2043
1.20431
1.2043
1.2043
1.2043
1.2043
1.2043
1.2043
1.19605
1.2018
1.20305
1.20316
1.2033
1.20352
1.20378
1.20392
1.20391
1.20389
1.20403
1.20424
1.20433
1.20432
1.20427
1.20422
1.2042
1.20425
1.20429
1.2043
1.19696
1.19886
1.2028
1.20297
1.20312
1.20333
1.20357
1.20371
1.20371
1.20379
1.20407
1.20431
1.20429
1.20403
1.20363
1.20328
1.20329
1.20368
1.20412
1.20431
1.20089
1.19788
1.2013
1.20286
1.20296
1.2031
1.20332
1.20346
1.20353
1.20374
1.20409
1.2042
1.2038
1.20298
1.20214
1.20181
1.20212
1.20278
1.20365
1.2043
1.20421
1.19902
1.1996
1.20207
1.20279
1.20294
1.20304
1.20321
1.20336
1.20366
1.20398
1.2038
1.20294
1.2018
1.20103
1.20092
1.20118
1.20179
1.20284
1.2041
1.20558
1.20119
1.19897
1.20033
1.20194
1.20277
1.20281
1.20295
1.20316
1.2035
1.2037
1.20324
1.20214
1.20102
1.20048
1.20041
1.20052
1.20093
1.20183
1.20345
1.2055
1.20323
1.19974
1.19895
1.20004
1.20183
1.20272
1.20268
1.20293
1.20325
1.20334
1.20273
1.2016
1.20067
1.20032
1.20027
1.20033
1.20065
1.20128
1.20288
1.20493
1.20449
1.20138
1.19887
1.19837
1.19975
1.20206
1.20254
1.20264
1.20294
1.20297
1.20234
1.20131
1.20056
1.20032
1.20022
1.20033
1.2007
1.2011
1.20253
1.20445
1.20493
1.20303
1.19996
1.19788
1.19786
1.2002
1.20229
1.20239
1.20259
1.20262
1.20205
1.20117
1.20055
1.2003
1.20012
1.20046
1.20087
1.20107
1.20223
1.20418
1.20487
1.20416
1.20151
1.19855
1.19704
1.19827
1.20116
1.20224
1.20229
1.20228
1.20183
1.20107
1.20052
1.20022
1.20017
1.20076
1.2011
1.20111
1.20199
1.20405
1.20463
1.20469
1.20294
1.19992
1.19737
1.1972
1.19962
1.20178
1.20212
1.20199
1.2016
1.20098
1.20046
1.20016
1.20049
1.20115
1.2013
1.20115
1.20182
1.20403
1.20437
1.20478
1.20402
1.20159
1.19867
1.19728
1.19856
1.2009
1.20191
1.20183
1.20143
1.20089
1.20042
1.20033
1.20097
1.2014
1.20139
1.20117
1.20166
1.20403
1.20416
1.20458
1.20463
1.20325
1.20065
1.19851
1.19844
1.20008
1.20146
1.2017
1.20137
1.20089
1.20056
1.20076
1.20126
1.20133
1.20135
1.20118
1.20151
1.20371
1.20402
1.20427
1.20466
1.20439
1.20275
1.20053
1.19935
1.19982
1.2009
1.20143
1.20131
1.20098
1.20081
1.20101
1.20102
1.20091
1.20112
1.20116
1.20134
1.20322
1.20372
1.20402
1.20435
1.20468
1.2042
1.20262
1.20095
1.2003
1.2006
1.20102
1.20109
1.20094
1.20083
1.20071
1.20034
1.2002
1.20063
1.20103
1.20115
1.20328
1.20362
1.20393
1.20411
1.20444
1.20468
1.20406
1.20263
1.20135
1.20081
1.20077
1.20075
1.20062
1.20042
1.20003
1.19949
1.19934
1.19996
1.20079
1.20114
1.20354
1.20378
1.204
1.2041
1.20421
1.20454
1.20464
1.20387
1.20252
1.20143
1.20087
1.20057
1.20032
1.20001
1.19951
1.19893
1.1987
1.1994
1.20055
1.20113
1.20358
1.20379
1.20401
1.20415
1.20417
1.20432
1.20465
1.20451
1.20352
1.20231
1.20145
1.20098
1.20058
1.2001
1.19945
1.19879
1.19863
1.19942
1.20061
1.20125
1.20353
1.20363
1.20376
1.20396
1.2041
1.20417
1.20442
1.2047
1.20411
1.20285
1.20181
1.20114
1.20066
1.20028
1.20031
1.20024
1.20036
1.20091
1.20138
1.20151
)
;

boundaryField
{
    left_open
    {
        type            calculated;
        value           nonuniform List<scalar> 
40
(
1.20432
1.20432
1.20431
1.20431
1.20431
1.20431
1.20431
1.20431
1.20431
1.20431
1.20431
1.20431
1.20431
1.20431
1.20431
1.20431
1.2043
1.2043
1.2043
1.2043
1.2043
1.2043
1.2043
1.20429
1.20429
1.20429
1.20428
1.20428
1.20428
1.20428
1.20427
1.20427
1.20427
1.20426
1.20221
1.20426
1.20214
1.20425
1.20425
1.20247
)
;
    }
    right_open
    {
        type            calculated;
        value           nonuniform List<scalar> 
40
(
1.20432
1.20432
1.20431
1.20431
1.20431
1.20431
1.20431
1.20431
1.20431
1.20431
1.20431
1.20431
1.20431
1.20431
1.20431
1.20431
1.2043
1.2043
1.2043
1.2043
1.2043
1.2043
1.2043
1.20429
1.20429
1.20429
1.20428
1.20428
1.20428
1.20224
1.20427
1.20427
1.20427
1.20426
1.20426
1.20116
1.20426
1.20113
1.20425
1.20151
)
;
    }
    base_side
    {
        type            calculated;
        value           nonuniform List<scalar> 
40
(
1.20432
1.20432
1.20431
1.20431
1.20432
1.20442
1.20471
1.20514
1.20553
1.20577
1.2059
1.20596
1.206
1.20605
1.2061
1.20613
1.2061
1.20596
1.20531
1.19867
1.19961
1.20724
1.20551
1.2054
1.20535
1.20535
1.20533
1.20529
1.20521
1.20509
1.20492
1.20471
1.2045
1.20437
1.20432
1.20431
1.20431
1.20432
1.20432
1.20432
)
;
    }
    top
    {
        type            calculated;
        value           nonuniform List<scalar> 
65
(
1.20425
1.20194
1.20425
1.20205
1.20425
1.20224
1.20425
1.20271
1.20425
1.20425
1.20425
1.20425
1.20315
1.20325
1.20317
1.20279
1.20261
1.20425
1.20261
1.20425
1.2027
1.20273
1.20425
1.20425
1.20425
1.20425
1.20425
1.20425
1.20299
1.20305
1.2031
1.20313
1.20425
1.20425
1.20425
1.20425
1.20425
1.2033
1.20333
1.20335
1.20425
1.20425
1.20425
1.20344
1.20347
1.20353
1.20363
1.20377
1.20396
1.2041
1.20417
1.2044
1.20471
1.20418
1.20293
1.20185
1.20112
1.20063
1.20026
1.20425
1.20023
1.20038
1.20425
1.20141
1.20151
)
;
    }
    front
    {
        type            empty;
    }
    back
    {
        type            empty;
    }
    air_to_aluminum
    {
        type            calculated;
        value           nonuniform List<scalar> 
129
(
1.15134
1.15137
1.15142
1.1515
1.15107
1.15088
1.15071
1.15057
1.15057
1.15071
1.15088
1.15107
1.15134
1.15137
1.15142
1.1515
1.1516
1.1515
1.15171
1.15166
1.15182
1.1518
1.15193
1.15191
1.15203
1.15202
1.15213
1.15212
1.15221
1.15221
1.15229
1.15229
1.15236
1.15236
1.15242
1.15242
1.15248
1.15247
1.15252
1.15252
1.15256
1.15256
1.15259
1.15258
1.15261
1.1526
1.15262
1.15262
1.15262
1.15261
1.15261
1.15261
1.15061
1.15072
1.15084
1.15094
1.15104
1.15113
1.15121
1.15128
1.15135
1.15141
1.15146
1.1515
1.15153
1.15156
1.15158
1.15159
1.15159
1.15158
1.15158
1.15158
1.15158
1.15158
1.15061
1.15072
1.15084
1.15094
1.15104
1.15113
1.15121
1.15128
1.15135
1.15141
1.15146
1.1515
1.15153
1.15156
1.15158
1.15158
1.15158
1.15158
1.15158
1.1515
1.15166
1.1518
1.15192
1.15202
1.15212
1.15221
1.15229
1.15236
1.15242
1.15247
1.15252
1.15255
1.15258
1.1526
1.15261
1.1516
1.15171
1.15182
1.15193
1.15203
1.15213
1.15221
1.15229
1.15236
1.15242
1.15248
1.15252
1.15256
1.15258
1.1526
1.15261
1.15261
1.15261
1.15261
1.15261
)
;
    }
}


// ************************************************************************* //
