/*--------------------------------*- C++ -*----------------------------------*\
| =========                 |                                                 |
| \\      /  F ield         | OpenFOAM: The Open Source CFD Toolbox           |
|  \\    /   O peration     | Version:                                        |
|   \\  /    A nd           | Website:  www.openfoam.com                      |
|    \\/     M anipulation  |                                                 |
\*---------------------------------------------------------------------------*/
FoamFile
{
    version     2.0;
    format      ascii;
    class       surfaceScalarField;
    location    "1935.0/air";
    object      phi;
}
// * * * * * * * * * * * * * * * * * * * * * * * * * * * * * * * * * * * * * //

dimensions      [1 0 -1 0 0 0 0];
oriented        oriented;


internalField   nonuniform List<scalar> 
4299
(
6.90309e-08
-6.90177e-08
1.06815e-07
-3.77707e-08
7.09929e-08
3.58348e-08
7.1006e-08
6.19124e-08
-1.30917e-07
1.08721e-07
-8.45666e-08
7.14419e-08
7.31271e-08
1.42461e-07
3.6213e-08
-1.67117e-07
6.91987e-08
-1.17539e-07
4.64532e-08
9.58854e-08
1.88927e-07
1.59296e-08
-1.83034e-07
3.90914e-08
-1.40689e-07
2.9212e-08
1.05777e-07
2.18152e-07
1.81909e-09
-1.8484e-07
2.3299e-08
-1.62158e-07
2.41834e-08
1.04904e-07
2.42348e-07
-1.4116e-08
-1.70715e-07
1.76296e-08
-1.93901e-07
3.12609e-08
9.12767e-08
2.73619e-07
-3.82299e-08
-1.32489e-07
1.80491e-08
-2.50213e-07
5.30876e-08
5.62161e-08
3.26709e-07
-8.15161e-08
-5.10151e-08
1.93547e-08
-3.51226e-07
9.51421e-08
-1.96741e-08
4.21828e-07
-1.48482e-07
9.73521e-08
1.47138e-08
-5.14772e-07
1.60641e-07
-1.65868e-07
5.82395e-07
-2.23962e-07
3.21155e-07
-2.37616e-09
-7.36752e-07
2.30729e-07
-3.99272e-07
8.13014e-07
-2.63814e-07
5.84983e-07
-2.93122e-08
-9.70946e-07
2.49884e-07
-6.78083e-07
1.06293e-06
-2.21848e-07
8.07279e-07
-4.16402e-08
-1.14952e-06
1.79688e-07
-8.97705e-07
1.243e-06
-1.1487e-07
9.23013e-07
-3.20374e-08
-1.2298e-06
2.5282e-08
-9.52245e-07
1.26907e-06
-3.36837e-08
9.57642e-07
-1.09879e-07
-1.15105e-06
-2.06098e-07
-8.52817e-07
1.06407e-06
-1.22497e-07
1.08075e-06
-4.67129e-07
-8.04421e-07
-5.66818e-07
-7.50419e-07
4.98307e-07
-3.7585e-07
1.45676e-06
-1.12708e-06
-5.23478e-08
-1.13935e-06
-7.38315e-07
-6.42759e-07
-7.0311e-08
7.03241e-08
-1.067e-07
3.64021e-08
-6.96702e-08
-3.70166e-08
-6.96571e-08
-7.01349e-08
1.40472e-07
-1.08399e-07
7.46791e-08
-6.3023e-08
-8.23793e-08
-1.32667e-07
-4.39024e-08
1.84388e-07
-6.83473e-08
9.91372e-08
-3.82065e-08
-1.12507e-07
-1.7086e-07
-2.40418e-08
2.08443e-07
-3.72048e-08
1.12313e-07
-1.99191e-08
-1.29779e-07
-1.90766e-07
-1.38748e-08
2.22331e-07
-1.95444e-08
1.17996e-07
-8.49273e-09
-1.40818e-07
-1.99245e-07
-1.10096e-08
2.33354e-07
-1.15919e-08
1.18592e-07
-1.5683e-09
-1.50827e-07
-2.008e-07
-1.37084e-08
2.47076e-07
-9.91317e-09
1.14812e-07
4.13317e-09
-1.64859e-07
-1.96653e-07
-2.19108e-08
2.69001e-07
-1.29735e-08
1.0589e-07
1.04658e-08
-1.88282e-07
-1.86173e-07
-3.68373e-08
3.05853e-07
-2.04547e-08
8.95262e-08
1.91448e-08
-2.27862e-07
-1.67012e-07
-6.00803e-08
3.65949e-07
-3.15037e-08
6.09709e-08
3.27471e-08
-2.92091e-07
-1.34248e-07
-9.12688e-08
4.57235e-07
-4.10409e-08
1.07655e-08
5.54781e-08
-3.8859e-07
-7.87539e-08
-1.21744e-07
5.78996e-07
-3.27036e-08
-7.82488e-08
9.35992e-08
-5.14876e-07
1.48601e-08
-1.16109e-07
6.95132e-07
2.72712e-08
-2.21557e-07
1.51502e-07
-6.3906e-07
1.66383e-07
5.45167e-09
6.89745e-07
1.86191e-07
-4.02042e-07
2.32474e-07
-6.85163e-07
3.98907e-07
2.29029e-07
4.60871e-07
3.92604e-07
-5.64949e-07
2.37082e-07
-5.29189e-07
6.36083e-07
4.84423e-07
-2.31966e-08
3.60377e-07
-4.39605e-07
-1.79358e-08
-1.50024e-07
6.18294e-07
1.43507e-05
5.65611e-06
-2.00072e-05
9.52045e-06
4.82929e-06
5.5003e-06
4.02155e-06
4.22035e-06
1.28772e-06
1.24228e-05
6.57448e-06
-1.33412e-05
1.05434e-05
6.7083e-06
7.44431e-06
7.1226e-06
9.17551e-06
2.49878e-06
5.37142e-06
7.03208e-06
-5.82686e-06
3.60891e-06
8.47369e-06
-2.31234e-07
1.09619e-05
1.36491e-05
-4.70258e-06
-2.60853e-06
1.01386e-05
-4.98998e-07
-7.00272e-06
1.28604e-05
-1.10918e-05
1.50437e-05
1.4717e-05
-1.21594e-05
-1.59392e-05
1.4943e-05
1.11269e-05
-1.89546e-05
1.58691e-05
-1.8447e-05
1.45371e-05
1.09512e-05
-1.46723e-05
-2.59675e-05
1.68582e-05
2.40457e-05
-2.41263e-05
1.40236e-05
-1.93797e-05
9.79178e-06
5.70136e-06
-1.4125e-05
-2.73068e-05
1.57288e-05
2.84105e-05
-2.36828e-05
1.03734e-05
-1.94607e-05
5.55384e-06
2.47446e-06
-1.6238e-05
-2.02444e-05
1.42201e-05
2.17016e-05
-1.84525e-05
8.53517e-06
-1.69243e-05
4.00054e-06
1.13182e-06
-1.55898e-05
-6.04725e-06
1.24485e-05
7.78364e-06
-5.48083e-06
7.94002e-06
-5.40498e-06
3.91082e-06
1.08875e-06
-5.3658e-06
6.29177e-06
9.87359e-06
-3.69472e-06
7.1753e-06
7.07783e-06
6.82553e-06
4.2792e-06
2.35004e-06
5.57566e-06
9.39613e-06
7.54051e-06
-7.02437e-06
1.02926e-05
6.21023e-06
9.62163e-06
4.96597e-06
4.21616e-06
7.75981e-06
5.68885e-06
6.47924e-06
-4.61796e-06
5.79448e-06
6.10819e-06
4.95188e-06
5.80689e-06
5.62882e-06
3.53485e-06
1.50574e-06
6.20713e-06
-1.23879e-06
1.43463e-06
6.17365e-06
1.11418e-06
6.12192e-06
6.0346e-06
7.03746e-07
8.30109e-07
5.7936e-06
-4.2133e-07
1.22688e-06
5.77277e-06
1.65021e-06
5.69529e-06
5.55891e-06
2.12336e-06
3.37141e-06
4.7117e-06
-2.29139e-06
4.4918e-06
4.65089e-06
5.64429e-06
4.5417e-06
4.38835e-06
6.81409e-06
6.73095e-06
3.14615e-06
-5.16513e-06
8.35281e-06
3.02944e-06
9.99145e-06
2.90356e-06
2.76351e-06
1.16168e-05
1.31031e-05
1.70185e-06
-1.16584e-05
1.459e-05
1.54317e-06
1.60981e-05
1.3962e-06
1.2642e-06
1.75981e-05
2.46051e-05
8.87602e-07
-2.37896e-05
2.53994e-05
7.50361e-07
2.62356e-05
5.61692e-07
4.22367e-07
2.70791e-05
3.91322e-05
4.86859e-07
-3.87279e-05
3.92891e-05
5.96881e-07
3.96075e-05
2.46438e-07
1.20171e-07
3.99126e-05
4.1426e-05
-4.28765e-05
3.97844e-05
3.80684e-05
3.83615e-05
-2.69835e-06
5.4489e-06
-6.31767e-06
3.55148e-06
-7.22151e-06
1.26743e-07
-1.63748e-06
-6.25841e-06
-2.48844e-06
1.0442e-05
-5.88626e-06
6.92793e-06
-7.99237e-06
2.19957e-06
4.71174e-07
-1.01095e-05
-6.94374e-06
1.2682e-05
-7.70627e-06
7.67194e-06
-9.12036e-06
3.6001e-06
2.57589e-06
-1.12241e-05
-1.0352e-05
1.08756e-05
-8.66977e-06
5.9845e-06
-8.6514e-06
3.58086e-06
3.15336e-06
-9.22742e-06
-1.04043e-05
6.61556e-06
-8.25742e-06
3.84045e-06
-7.75916e-06
3.08356e-06
3.04818e-06
-7.65436e-06
-1.07466e-05
3.24022e-06
-9.4018e-06
2.49645e-06
-8.8387e-06
2.52038e-06
2.67547e-06
-8.46655e-06
-1.42629e-05
1.26592e-06
-1.28944e-05
1.12978e-06
-1.17967e-05
1.42431e-06
1.74744e-06
-1.08676e-05
-1.41997e-05
-1.247e-07
-1.27302e-05
-3.37357e-07
-1.14281e-05
1.24534e-07
5.61216e-07
-1.02403e-05
-5.32479e-06
-1.6562e-07
-5.30166e-06
-3.59336e-07
-5.21022e-06
3.39647e-08
4.21292e-07
-5.0698e-06
3.90241e-06
1.51145e-06
2.08162e-06
1.46117e-06
4.10064e-07
1.70436e-06
1.92377e-06
-1.09342e-06
5.33028e-06
3.93921e-06
2.89148e-06
3.89661e-06
7.08224e-07
3.88451e-06
3.82095e-06
-1.19148e-06
1.95949e-06
5.50981e-06
4.78524e-07
5.37345e-06
-8.25391e-07
5.1851e-06
4.93619e-06
-1.94317e-06
3.21281e-07
5.88853e-06
1.74385e-08
5.67438e-06
-1.91848e-07
5.39222e-06
5.0423e-06
-2.99472e-07
2.649e-06
5.36098e-06
3.21916e-06
5.10285e-06
3.82446e-06
4.78602e-06
4.41311e-06
4.45315e-06
7.98252e-06
4.1921e-06
9.13145e-06
3.95372e-06
1.02437e-05
3.67379e-06
3.35471e-06
1.13023e-05
1.3203e-05
2.6065e-06
1.47253e-05
2.43199e-06
1.61603e-05
2.23942e-06
2.02669e-06
1.74888e-05
1.90726e-05
1.13284e-06
2.05038e-05
1.00144e-06
2.18747e-05
8.69118e-07
7.34804e-07
2.3167e-05
2.79324e-05
2.81199e-07
2.87934e-05
1.41795e-07
2.96559e-05
7.84133e-09
-9.76846e-08
3.04894e-05
4.03464e-05
-1.50029e-07
4.06509e-05
-1.60405e-07
4.09952e-05
-3.34768e-07
-5.20859e-07
4.14197e-05
3.85434e-05
3.84458e-05
3.81976e-05
3.78885e-05
-5.40509e-06
-8.61e-07
-4.67832e-06
-7.30791e-07
-5.80616e-07
-4.0993e-06
-1.1327e-05
3.58976e-07
-1.25557e-05
5.02805e-07
6.5562e-07
-1.37859e-05
-1.23064e-05
1.4436e-06
-1.32743e-05
1.47351e-06
1.51579e-06
-1.41313e-05
-9.57027e-06
1.78707e-06
-9.88151e-06
1.78526e-06
1.7933e-06
-1.01587e-05
-7.62012e-06
1.75226e-06
-7.60434e-06
1.76872e-06
1.78845e-06
-7.60042e-06
-8.27498e-06
1.56023e-06
-8.10529e-06
1.59848e-06
1.62913e-06
-7.94659e-06
-1.03948e-05
1.08792e-06
-9.94488e-06
1.14884e-06
1.18819e-06
-9.50373e-06
-9.63564e-06
4.83857e-07
-9.05415e-06
5.67797e-07
6.22513e-07
-8.48815e-06
-4.98874e-06
4.02976e-07
-4.90477e-06
4.83976e-07
5.42053e-07
-4.82419e-06
-1.84042e-06
1.14949e-06
-2.53e-06
1.1731e-06
1.18338e-06
-3.17173e-06
-2.13902e-06
2.09583e-06
-3.00913e-06
2.04217e-06
1.97548e-06
-3.8021e-06
-2.49448e-06
2.64602e-06
-2.98279e-06
2.52958e-06
2.39868e-06
-3.40668e-06
-3.23685e-07
2.66963e-06
-3.17007e-07
2.52246e-06
2.36374e-06
-2.82388e-07
4.80566e-06
2.31696e-06
5.15683e-06
2.17122e-06
2.01794e-06
5.50261e-06
1.1859e-05
1.76036e-06
1.23881e-05
1.64235e-06
1.51962e-06
1.28866e-05
1.82104e-05
1.03913e-06
1.88914e-05
9.61538e-07
8.80713e-07
1.95306e-05
2.38376e-05
3.68687e-07
2.4475e-05
3.2427e-07
2.81071e-07
2.50747e-05
3.09706e-05
-1.12102e-07
3.14437e-05
-1.48505e-07
-1.81127e-07
3.19061e-05
4.16162e-05
-3.08128e-07
4.17826e-05
-3.14505e-07
-2.99832e-07
4.19016e-05
3.76621e-05
3.7384e-05
3.70475e-05
-3.94373e-06
-1.55677e-07
-3.80817e-06
-1.35455e-07
-1.14859e-07
-3.69298e-06
-1.42076e-05
2.68381e-07
-1.46264e-05
2.85743e-07
3.01171e-07
-1.504e-05
-1.43998e-05
5.38048e-07
-1.46545e-05
5.41549e-07
5.4372e-07
-1.48959e-05
-1.026e-05
6.39458e-07
-1.03583e-05
6.399e-07
6.38755e-07
-1.04533e-05
-7.60011e-06
6.38794e-07
-7.60168e-06
6.41095e-07
6.42751e-07
-7.60607e-06
-7.88509e-06
5.77065e-07
-7.82463e-06
5.80401e-07
5.8419e-07
-7.7663e-06
-9.34455e-06
4.17938e-07
-9.18509e-06
4.20988e-07
4.25284e-07
-9.02614e-06
-8.29971e-06
2.29586e-07
-8.11122e-06
2.32583e-07
2.35345e-07
-7.92121e-06
-4.80579e-06
2.1123e-07
-4.78755e-06
2.14375e-07
2.13749e-07
-4.76591e-06
-3.38023e-06
4.19599e-07
-3.58336e-06
4.17373e-07
4.12152e-07
-3.78188e-06
-4.05524e-06
6.72463e-07
-4.29913e-06
6.61017e-07
6.48508e-07
-4.53572e-06
-3.54075e-06
8.06331e-07
-3.66727e-06
7.87354e-07
7.68477e-07
-3.7874e-06
-2.68813e-07
7.92667e-07
-2.52755e-07
7.7122e-07
7.49619e-07
-2.33965e-07
5.62045e-06
6.74838e-07
5.73692e-06
6.54757e-07
6.34569e-07
5.85199e-06
1.30511e-05
5.10417e-07
1.32111e-05
4.94839e-07
4.79109e-07
1.33667e-05
1.9753e-05
2.88051e-07
1.99704e-05
2.77532e-07
2.68235e-07
2.01814e-05
2.52708e-05
9.19616e-08
2.54627e-05
8.56184e-08
8.08671e-08
2.56501e-05
3.20782e-05
-8.00635e-08
3.22503e-05
-8.64909e-08
-8.88945e-08
3.24201e-05
4.19135e-05
-9.18825e-08
4.19129e-05
-8.59125e-08
-7.86919e-08
4.19028e-05
3.69188e-05
3.67772e-05
3.66246e-05
-3.45793e-06
-2.33027e-07
-3.40043e-06
-5.40659e-08
1.21964e-07
-3.51769e-06
-1.61967e-05
9.30746e-07
-1.72945e-05
1.0509e-06
1.16103e-06
-1.83266e-05
-1.55424e-05
1.58039e-06
-1.61097e-05
1.62103e-06
1.65877e-06
-1.66049e-05
-1.06717e-05
1.79871e-06
-1.08576e-05
1.80662e-06
1.81489e-06
-1.10143e-05
-7.63218e-06
1.82366e-06
-7.66044e-06
1.83365e-06
1.83796e-06
-7.68477e-06
-7.6228e-06
1.67949e-06
-7.47426e-06
1.68447e-06
1.67601e-06
-7.31291e-06
-8.58127e-06
1.23469e-06
-8.12565e-06
1.22888e-06
1.20544e-06
-7.65506e-06
-7.34865e-06
6.62292e-07
-6.7691e-06
6.49449e-07
6.22951e-07
-6.18653e-06
-4.67195e-06
5.6845e-07
-4.57449e-06
5.52115e-07
5.26631e-07
-4.47803e-06
-4.34274e-06
1.12901e-06
-4.86731e-06
1.07645e-06
1.00961e-06
-5.35046e-06
-5.18667e-06
1.77942e-06
-5.77221e-06
1.6616e-06
1.52827e-06
-6.29114e-06
-4.09449e-06
2.08615e-06
-4.35346e-06
1.92031e-06
1.74519e-06
-4.57055e-06
-1.5562e-07
2.00766e-06
-6.03534e-08
1.82495e-06
1.63836e-06
4.64161e-08
6.17457e-06
1.68514e-06
6.48432e-06
1.51528e-06
1.3435e-06
6.77927e-06
1.37922e-05
1.25977e-06
1.41843e-05
1.12343e-06
9.84697e-07
1.45434e-05
2.07264e-05
7.14929e-07
2.12237e-05
6.26372e-07
5.32961e-07
2.16756e-05
2.61711e-05
1.93864e-07
2.66524e-05
1.44956e-07
8.90734e-08
2.70961e-05
3.28575e-05
-2.43454e-07
3.32735e-05
-2.71211e-07
-3.09751e-07
3.36722e-05
4.19003e-05
-2.40901e-07
4.18679e-05
-2.3885e-07
-2.30966e-07
4.1789e-05
3.61371e-05
3.56151e-05
3.50364e-05
-4.18867e-06
6.58232e-07
-5.89004e-06
1.27348e-06
-7.8894e-06
1.86015e-06
2.37427e-06
-9.63617e-06
-1.99452e-05
2.28893e-06
-2.12901e-05
2.62899e-06
-2.23751e-05
2.95331e-06
3.27555e-06
-2.32707e-05
-1.736e-05
3.04757e-06
-1.78809e-05
3.15212e-06
-1.81631e-05
3.23642e-06
3.29264e-06
-1.81804e-05
-1.11792e-05
3.21105e-06
-1.12558e-05
3.22692e-06
-1.12367e-05
3.21531e-06
3.16089e-06
-1.11068e-05
-7.71188e-06
3.23598e-06
-7.67749e-06
3.19057e-06
-7.55881e-06
3.09507e-06
2.94514e-06
-7.34413e-06
-6.99348e-06
2.91563e-06
-6.59093e-06
2.78736e-06
-6.09525e-06
2.59899e-06
2.36059e-06
-5.51086e-06
-6.77325e-06
2.03383e-06
-5.8314e-06
1.84553e-06
-4.83768e-06
1.60531e-06
1.33013e-06
-3.80717e-06
-5.12942e-06
9.76842e-07
-4.09176e-06
8.07982e-07
-3.09129e-06
6.04978e-07
3.7847e-07
-2.13947e-06
-4.3042e-06
8.03299e-07
-4.12637e-06
6.30509e-07
-3.91913e-06
3.98176e-07
1.15308e-07
-3.65545e-06
-6.12178e-06
1.57447e-06
-6.71933e-06
1.22805e-06
-7.11443e-06
7.93394e-07
2.85083e-07
-7.284e-06
-7.07549e-06
2.35859e-06
-7.67821e-06
1.83077e-06
-8.12247e-06
1.23781e-06
5.91808e-07
-8.42892e-06
-4.86721e-06
2.65507e-06
-5.09408e-06
2.05759e-06
-5.28753e-06
1.4313e-06
7.79344e-07
-5.47493e-06
2.6978e-07
2.43164e-06
4.92426e-07
1.83491e-06
6.8577e-07
1.23793e-06
6.45385e-07
8.19701e-07
7.26713e-06
1.94396e-06
7.69728e-06
1.40491e-06
8.0645e-06
8.70802e-07
3.45553e-07
8.36429e-06
1.51104e-05
1.37733e-06
1.55784e-05
9.37188e-07
1.59503e-05
4.99168e-07
8.15793e-08
1.62143e-05
2.23366e-05
7.16551e-07
2.28698e-05
4.04089e-07
2.32899e-05
7.90513e-08
-2.40323e-07
2.36117e-05
2.77928e-05
1.94241e-08
2.8398e-05
-2.01806e-07
2.89041e-05
-4.27835e-07
-6.66682e-07
2.93295e-05
3.42992e-05
-6.08162e-07
3.48375e-05
-7.40856e-07
3.53024e-05
-8.93744e-07
-1.06029e-06
3.56948e-05
4.1553e-05
-3.72629e-07
4.12107e-05
-3.99082e-07
4.07103e-05
-3.94098e-07
-3.93454e-07
4.00426e-05
3.38032e-05
3.24323e-05
3.09336e-05
2.93205e-05
-1.25454e-05
2.91656e-06
-1.6146e-05
3.60559e-06
-2.04782e-05
4.33512e-06
4.93118e-06
-2.54078e-05
-2.39683e-05
3.61756e-06
-2.42612e-05
3.90018e-06
-2.40025e-05
4.07691e-06
4.05163e-06
-2.3123e-05
-1.78652e-05
3.30155e-06
-1.7212e-05
3.24601e-06
-1.62646e-05
3.12878e-06
2.93381e-06
-1.51472e-05
-1.08586e-05
3.0519e-06
-1.05018e-05
2.88828e-06
-1.00504e-05
2.67696e-06
2.42548e-06
-9.54212e-06
-7.0364e-06
2.74359e-06
-6.64937e-06
2.50104e-06
-6.20353e-06
2.23112e-06
1.95028e-06
-5.72825e-06
-4.85429e-06
2.08701e-06
-4.14977e-06
1.79657e-06
-3.42507e-06
1.50647e-06
1.23005e-06
-2.7048e-06
-2.75936e-06
1.03926e-06
-1.71531e-06
7.5256e-07
-6.94323e-07
4.85519e-07
2.44972e-07
2.90804e-07
-1.24133e-06
1.41352e-07
-3.43793e-07
-1.44655e-07
5.77076e-07
-4.34934e-07
-6.95505e-07
1.51807e-06
-3.27152e-06
-2.42008e-07
-2.80075e-06
-6.14816e-07
-2.26615e-06
-9.68921e-07
-1.27536e-06
-1.68567e-06
-7.28094e-06
-2.4477e-07
-7.13257e-06
-7.62843e-07
-6.86511e-06
-1.23599e-06
-1.63536e-06
-6.50469e-06
-8.59733e-06
-7.59816e-08
-8.67654e-06
-6.83147e-07
-8.6334e-06
-1.27855e-06
-1.80822e-06
-8.4599e-06
-5.63642e-06
8.57649e-08
-5.79804e-06
-5.21193e-07
-5.90538e-06
-1.1708e-06
-1.78751e-06
-5.92561e-06
8.4437e-07
6.10314e-08
8.51325e-07
-5.28286e-07
7.93041e-07
-1.11274e-06
-1.69527e-06
7.00509e-07
8.59839e-06
-1.7329e-07
8.74467e-06
-6.75024e-07
8.79816e-06
-1.16692e-06
-1.65039e-06
8.75234e-06
1.64181e-05
-3.77203e-07
1.65503e-05
-8.07691e-07
1.66203e-05
-1.23769e-06
-1.66007e-06
1.66289e-05
2.38126e-05
-5.78342e-07
2.3934e-05
-9.29668e-07
2.39925e-05
-1.29704e-06
-1.6704e-06
2.40016e-05
2.96721e-05
-9.22151e-07
2.99384e-05
-1.19724e-06
3.01315e-05
-1.49177e-06
-1.80362e-06
3.0263e-05
3.60149e-05
-1.24354e-06
3.62566e-05
-1.44047e-06
3.64048e-05
-1.6416e-06
-1.84689e-06
3.64464e-05
3.92881e-05
-4.89906e-07
3.85239e-05
-6.77215e-07
3.77314e-05
-8.50175e-07
-9.4853e-07
3.6832e-05
2.77238e-05
2.62473e-05
2.48733e-05
2.3504e-05
2.43764e-06
7.06477e-09
2.38282e-06
5.4815e-08
2.23994e-06
1.42879e-07
1.96954e-06
2.704e-07
1.56256e-06
4.06983e-07
1.06974e-06
4.92854e-07
5.88576e-07
4.81282e-07
2.16029e-07
3.72767e-07
3.22852e-09
2.13005e-07
-7.91191e-08
8.24413e-08
-1.1217e-07
3.30708e-08
-1.55448e-07
4.32807e-08
-1.90634e-07
3.51922e-08
-1.9309e-07
2.46396e-09
-1.81085e-07
-1.20096e-08
-1.67424e-07
-1.36261e-08
-2.68614e-07
1.01317e-07
5.44576e-08
-3.22893e-07
1.69063e-06
-1.63606e-06
1.69087e-06
6.11686e-06
1.69172e-08
6.04611e-06
1.25571e-07
5.84661e-06
3.42374e-07
5.42759e-06
6.89424e-07
4.71301e-06
1.12156e-06
3.70383e-06
1.50204e-06
2.5239e-06
1.66129e-06
1.40394e-06
1.4929e-06
5.75437e-07
1.04173e-06
1.13761e-07
5.44242e-07
-1.0329e-07
2.50156e-07
-2.13094e-07
1.5309e-07
-2.52948e-07
7.50509e-08
-2.17903e-07
-3.25758e-08
-1.88926e-07
-4.09914e-08
-1.35683e-07
-6.68334e-08
-3.28216e-07
2.93969e-07
5.52046e-08
-7.06166e-07
2.24296e-06
-3.82374e-06
3.93407e-06
8.72253e-06
2.51126e-08
8.66309e-06
1.85017e-07
8.48773e-06
5.1773e-07
8.09717e-06
1.07999e-06
7.37801e-06
1.84072e-06
6.25289e-06
2.62716e-06
4.75507e-06
3.15913e-06
3.09456e-06
3.15353e-06
1.61911e-06
2.51739e-06
6.16741e-07
1.54678e-06
9.56223e-08
7.7134e-07
-1.23595e-07
3.72318e-07
-1.80209e-07
1.31666e-07
-1.14071e-07
-9.87129e-08
-5.89838e-08
-9.60789e-08
7.75458e-08
-2.03322e-07
-4.08396e-08
4.12461e-07
2.03355e-07
-9.50267e-07
2.20012e-06
-5.82048e-06
6.13441e-06
1.04872e-05
3.06479e-08
1.04436e-05
2.28545e-07
1.03086e-05
6.52723e-07
9.99402e-06
1.39461e-06
9.38576e-06
2.44898e-06
8.36704e-06
3.64588e-06
6.87095e-06
4.65523e-06
4.98548e-06
5.03906e-06
3.03068e-06
4.47235e-06
1.44981e-06
3.12785e-06
4.98655e-07
1.7226e-06
7.52562e-08
7.95741e-07
-3.36907e-08
2.40611e-07
3.71399e-08
-1.69549e-07
1.60506e-07
-2.19444e-07
3.37955e-07
-3.80726e-07
4.95235e-07
2.5527e-07
5.55727e-07
-1.01071e-06
2.11227e-06
-7.37703e-06
8.2469e-06
1.16136e-05
3.35789e-08
1.15857e-05
2.56475e-07
1.14904e-05
7.48025e-07
1.12536e-05
1.63135e-06
1.07765e-05
2.92611e-06
9.94197e-06
4.4804e-06
8.62887e-06
5.96833e-06
6.79362e-06
6.87434e-06
4.62242e-06
6.64366e-06
2.57473e-06
5.17574e-06
1.12677e-06
3.17072e-06
3.90649e-07
1.53191e-06
1.57313e-07
4.73947e-07
2.14582e-07
-2.2683e-07
4.00619e-07
-4.05485e-07
6.23876e-07
-6.03947e-07
9.4114e-07
-6.19203e-08
9.40872e-07
-1.01043e-06
2.03288e-06
-8.46906e-06
1.028e-05
1.22627e-05
3.41895e-08
1.22492e-05
2.70031e-07
1.21897e-05
8.07502e-07
1.2022e-05
1.79904e-06
1.16635e-05
3.28463e-06
1.10148e-05
5.12908e-06
9.94737e-06
7.03576e-06
8.33205e-06
8.48967e-06
6.19273e-06
8.78304e-06
3.88213e-06
7.4865e-06
1.97969e-06
5.07335e-06
8.49179e-07
2.66251e-06
4.13292e-07
9.09844e-07
4.16815e-07
-2.30372e-07
6.42003e-07
-6.30687e-07
9.02852e-07
-8.64775e-07
1.28881e-06
-4.47829e-07
1.26618e-06
-9.87797e-07
1.9541e-06
-9.157e-06
1.22343e-05
1.25568e-05
3.27468e-08
1.25565e-05
2.70319e-07
1.25292e-05
8.34862e-07
1.24211e-05
1.90706e-06
1.2163e-05
3.54282e-06
1.1675e-05
5.61702e-06
1.08472e-05
7.8636e-06
9.52063e-06
9.8162e-06
7.58823e-06
1.07155e-05
5.2335e-06
9.84135e-06
3.00837e-06
7.29866e-06
1.46963e-06
4.20138e-06
7.52038e-07
1.62747e-06
6.43636e-07
-1.21989e-07
8.73126e-07
-8.60206e-07
1.16035e-06
-1.152e-06
1.55544e-06
-8.42894e-07
1.51764e-06
-9.50022e-07
1.87629e-06
-9.51569e-06
1.41108e-05
1.25854e-05
2.94251e-08
1.25978e-05
2.58e-07
1.25998e-05
8.32784e-07
1.2544e-05
1.96293e-06
1.23702e-05
3.71654e-06
1.20151e-05
5.97221e-06
1.13934e-05
8.4852e-06
1.03569e-05
1.08528e-05
8.72314e-06
1.23492e-05
6.50418e-06
1.20604e-05
4.12874e-06
9.67427e-06
2.24126e-06
6.08901e-06
1.19562e-06
2.67317e-06
9.07255e-07
1.66359e-07
1.09292e-06
-1.04592e-06
1.38812e-06
-1.44723e-06
1.76071e-06
-1.21549e-06
1.70398e-06
-8.93335e-07
1.80475e-06
-9.6165e-06
1.59158e-05
1.24136e-05
2.43015e-08
1.24384e-05
2.33232e-07
1.24683e-05
8.02826e-07
1.24592e-05
1.9721e-06
1.23576e-05
3.81805e-06
1.21119e-05
6.21792e-06
1.16593e-05
8.93786e-06
1.08801e-05
1.16319e-05
9.57014e-06
1.36592e-05
7.60615e-06
1.40244e-05
5.24769e-06
1.20329e-05
3.12179e-06
8.21506e-06
1.75195e-06
4.04311e-06
1.22557e-06
6.92736e-07
1.31051e-06
-1.13091e-06
1.5854e-06
-1.72218e-06
1.91776e-06
-1.54791e-06
1.83108e-06
-8.06708e-07
1.73596e-06
-9.52145e-06
1.76519e-05
1.20892e-05
1.73692e-08
1.21268e-05
1.95676e-07
1.21841e-05
7.45523e-07
1.2218e-05
1.93822e-06
1.21794e-05
3.85665e-06
1.2025e-05
6.37224e-06
1.17092e-05
9.25376e-06
1.11445e-05
1.21966e-05
1.01412e-05
1.46625e-05
8.49197e-06
1.56736e-05
6.2846e-06
1.42404e-05
4.05016e-06
1.04497e-05
2.40583e-06
5.68755e-06
1.61222e-06
1.48637e-06
1.5407e-06
-1.05943e-06
1.75841e-06
-1.93999e-06
2.03687e-06
-1.82646e-06
1.91274e-06
-6.82657e-07
1.66784e-06
-9.27665e-06
1.932e-05
1.16484e-05
8.54863e-09
1.16996e-05
1.44464e-07
1.17847e-05
6.60423e-07
1.18596e-05
1.86334e-06
1.1877e-05
3.83926e-06
1.17998e-05
6.4494e-06
1.1595e-05
9.45861e-06
1.12036e-05
1.2588e-05
1.04688e-05
1.53972e-05
9.14776e-06
1.69947e-05
7.1821e-06
1.62061e-05
4.96244e-06
1.26695e-05
3.1229e-06
7.52722e-06
2.06636e-06
2.54299e-06
1.79675e-06
-7.89872e-07
1.91842e-06
-2.06177e-06
2.12838e-06
-2.03655e-06
1.96175e-06
-5.16132e-07
1.60037e-06
-8.91539e-06
2.09206e-05
1.11184e-05
-2.30861e-09
1.11847e-05
7.81316e-08
1.12992e-05
5.45992e-07
1.14146e-05
1.74788e-06
1.14833e-05
3.77061e-06
1.14719e-05
6.46075e-06
1.13575e-05
9.57305e-06
1.1104e-05
1.28415e-05
1.05932e-05
1.5908e-05
9.58284e-06
1.80051e-05
7.90766e-06
1.78813e-05
5.80383e-06
1.47734e-05
3.85942e-06
9.47177e-06
2.57315e-06
3.82935e-06
2.08498e-06
-3.01719e-07
2.07708e-06
-2.05401e-06
2.20267e-06
-2.16232e-06
1.98929e-06
-3.02888e-07
1.53499e-06
-8.46123e-06
2.24558e-05
1.05191e-05
-1.55127e-08
1.06026e-05
-5.40195e-09
1.07492e-05
3.99399e-07
1.09067e-05
1.59038e-06
1.10242e-05
3.65313e-06
1.10698e-05
6.41511e-06
1.10289e-05
9.61395e-06
1.08841e-05
1.29863e-05
1.0554e-05
1.62382e-05
9.8198e-06
1.87392e-05
8.44995e-06
1.92512e-05
6.53449e-06
1.6689e-05
4.57211e-06
1.14343e-05
3.10859e-06
5.293e-06
2.40322e-06
4.03657e-07
2.24242e-06
-1.89337e-06
2.26885e-06
-2.18896e-06
2.00552e-06
-3.97362e-08
1.47426e-06
-7.93012e-06
2.39302e-05
9.86409e-06
-3.14772e-08
9.96769e-06
-1.09003e-07
1.01508e-05
2.16313e-07
1.03539e-05
1.38729e-06
1.05202e-05
3.48678e-06
1.06166e-05
6.31874e-06
1.06353e-05
9.59526e-06
1.0575e-05
1.30466e-05
1.03867e-05
1.64265e-05
9.88717e-06
1.92387e-05
8.81318e-06
2.03252e-05
7.1305e-06
1.83718e-05
5.22465e-06
1.33403e-05
3.6451e-06
6.8727e-06
2.74224e-06
1.30655e-06
2.41765e-06
-1.56894e-06
2.33367e-06
-2.10524e-06
2.01977e-06
2.73956e-07
1.4216e-06
-7.33214e-06
2.53521e-05
9.16191e-06
-5.07209e-08
9.28933e-06
-2.36426e-07
9.51495e-06
-9.30585e-09
9.76948e-06
1.13276e-06
9.98714e-06
3.26912e-06
1.01305e-05
6.17541e-06
1.01975e-05
9.52827e-06
1.02015e-05
1.30425e-05
1.01218e-05
1.65062e-05
9.81446e-06
1.9546e-05
9.01154e-06
2.11281e-05
7.58192e-06
1.98015e-05
5.79053e-06
1.51318e-05
4.1549e-06
8.5085e-06
3.0873e-06
2.37422e-06
2.60129e-06
-1.08309e-06
2.40113e-06
-1.90539e-06
2.04072e-06
6.34126e-07
1.38082e-06
-6.67243e-06
2.67331e-05
8.41862e-06
-7.39557e-08
8.5747e-06
-3.92501e-07
8.85084e-06
-2.85442e-07
9.16496e-06
8.18641e-07
9.43794e-06
2.99614e-06
9.62607e-06
5.98726e-06
9.73222e-06
9.42209e-06
9.78379e-06
1.2991e-05
9.78447e-06
1.65056e-05
9.62948e-06
1.9701e-05
9.06459e-06
2.1693e-05
7.88967e-06
2.09764e-05
6.25339e-06
1.67682e-05
4.61585e-06
1.01462e-05
3.42363e-06
3.56654e-06
2.78912e-06
-4.48742e-07
2.47295e-06
-1.58955e-06
2.07544e-06
1.03135e-06
1.35549e-06
-5.95266e-06
2.80889e-05
7.64088e-06
-1.02308e-07
7.83166e-06
-5.83279e-07
8.16832e-06
-6.22086e-07
8.55204e-06
4.34912e-07
8.88491e-06
2.66322e-06
9.11582e-06
5.75628e-06
9.25304e-06
9.28479e-06
9.33783e-06
1.29061e-05
9.39534e-06
1.6448e-05
9.35699e-06
1.97393e-05
8.99395e-06
2.2056e-05
8.06214e-06
2.19083e-05
6.60586e-06
1.82246e-05
5.01213e-06
1.17401e-05
3.73763e-06
4.84116e-06
2.97518e-06
3.13563e-07
2.5487e-06
-1.16345e-06
2.12844e-06
1.45129e-06
1.34969e-06
-5.17407e-06
2.94389e-05
6.83711e-06
-1.36751e-07
7.06872e-06
-8.14877e-07
7.47808e-06
-1.03144e-06
7.9449e-06
-3.19631e-08
8.34314e-06
2.26482e-06
8.61321e-06
5.48602e-06
8.77216e-06
9.12565e-06
8.87679e-06
1.28014e-05
8.97099e-06
1.63538e-05
9.01818e-06
1.96921e-05
8.82104e-06
2.22531e-05
8.11248e-06
2.26168e-05
6.84795e-06
1.94892e-05
5.33409e-06
1.32542e-05
4.01783e-06
6.15756e-06
3.1524e-06
1.17884e-06
2.62667e-06
-6.38125e-07
2.20235e-06
1.87524e-06
1.36415e-06
-4.33601e-06
3.08034e-05
6.01217e-06
-1.74387e-07
6.28989e-06
-1.09258e-06
6.79573e-06
-1.5373e-06
7.37165e-06
-6.08037e-07
7.84257e-06
1.79359e-06
8.14106e-06
5.18712e-06
8.30522e-06
8.9611e-06
8.41361e-06
1.26927e-05
8.52615e-06
1.62411e-05
8.63172e-06
1.95865e-05
8.56584e-06
2.2319e-05
8.05484e-06
2.31278e-05
6.98313e-06
2.0561e-05
5.57641e-06
1.46611e-05
4.25481e-06
7.47932e-06
3.31362e-06
2.11989e-06
2.70475e-06
-2.96929e-08
2.29967e-06
2.27991e-06
1.42498e-06
-3.46146e-06
3.22288e-05
5.16757e-06
-2.07981e-07
5.52168e-06
-1.44666e-06
6.1899e-06
-2.2056e-06
6.92209e-06
-1.34049e-06
7.45972e-06
1.2555e-06
7.74986e-06
4.89635e-06
7.8773e-06
8.83303e-06
7.95777e-06
1.26118e-05
8.06658e-06
1.6132e-05
8.2093e-06
1.94437e-05
8.24993e-06
2.22783e-05
7.91667e-06
2.34611e-05
7.03457e-06
2.14431e-05
5.74842e-06
1.59474e-05
4.44443e-06
8.78348e-06
3.45315e-06
3.11103e-06
2.78403e-06
6.38962e-07
2.44662e-06
2.61688e-06
1.4171e-06
-2.43212e-06
3.36465e-05
1.33392e-05
-9.81573e-07
1.69165e-05
-5.02472e-06
2.19255e-05
-7.21551e-06
2.62737e-05
-5.68938e-06
2.86741e-05
-1.14627e-06
2.93204e-05
4.2468e-06
2.89403e-05
9.20843e-06
2.83942e-05
1.31533e-05
2.81765e-05
1.63464e-05
2.84332e-05
1.91852e-05
2.88745e-05
2.18364e-05
2.86028e-05
2.37326e-05
2.66698e-05
2.33763e-05
2.30239e-05
1.95939e-05
1.86362e-05
1.31719e-05
1.47661e-05
6.98047e-06
1.1892e-05
3.5109e-06
1.10105e-05
3.49623e-06
9.68049e-06
-1.10386e-06
2.33222e-05
8.62478e-06
-3.40775e-06
1.52106e-05
-1.16133e-05
2.23853e-05
-1.43915e-05
2.78209e-05
-1.11237e-05
3.06995e-05
-4.02151e-06
3.07652e-05
4.18345e-06
2.89166e-05
1.10555e-05
2.64854e-05
1.55796e-05
2.44595e-05
1.83667e-05
2.32595e-05
2.03812e-05
2.29241e-05
2.21697e-05
2.29306e-05
2.37254e-05
2.22905e-05
2.40163e-05
2.04231e-05
2.14618e-05
1.76527e-05
1.59428e-05
1.48647e-05
9.76736e-06
1.29693e-05
5.40364e-06
1.30478e-05
3.41517e-06
1.06589e-05
1.28222e-06
2.064e-05
9.22915e-06
-6.67905e-06
1.61754e-05
-1.85648e-05
2.28605e-05
-2.10804e-05
2.77678e-05
-1.60323e-05
3.06896e-05
-6.94157e-06
3.13328e-05
3.5449e-06
2.96046e-05
1.27871e-05
2.64682e-05
1.87149e-05
2.31533e-05
2.16769e-05
2.04302e-05
2.30993e-05
1.86801e-05
2.39168e-05
1.79097e-05
2.44946e-05
1.74868e-05
2.44389e-05
1.6693e-05
2.2256e-05
1.54012e-05
1.72345e-05
1.4068e-05
1.10986e-05
1.37396e-05
5.72878e-06
1.46098e-05
2.5416e-06
9.86395e-06
6.02244e-06
2.4675e-05
9.76731e-06
-1.0392e-05
1.54911e-05
-2.42952e-05
2.03155e-05
-2.59106e-05
2.38142e-05
-1.95363e-05
2.6317e-05
-9.44824e-06
2.7742e-05
2.12052e-06
2.74557e-05
1.30773e-05
2.53447e-05
2.08284e-05
2.22222e-05
2.47976e-05
1.89375e-05
2.63797e-05
1.61193e-05
2.67315e-05
1.42978e-05
2.63145e-05
1.34668e-05
2.52694e-05
1.31204e-05
2.26024e-05
1.29149e-05
1.74388e-05
1.3081e-05
1.09294e-05
1.49389e-05
3.86655e-06
1.60073e-05
1.4681e-06
9.66105e-06
1.23566e-05
3.38423e-05
8.6752e-06
-1.46367e-05
1.28862e-05
-2.85122e-05
1.59612e-05
-2.8992e-05
1.83081e-05
-2.18899e-05
2.01655e-05
-1.13127e-05
2.17291e-05
5.53061e-07
2.26369e-05
1.21714e-05
2.21397e-05
2.13295e-05
2.02876e-05
2.66509e-05
1.7555e-05
2.911e-05
1.45314e-05
2.97519e-05
1.20309e-05
2.88129e-05
1.06626e-05
2.66367e-05
1.03497e-05
2.29143e-05
1.07788e-05
1.70073e-05
1.23207e-05
9.38335e-06
1.56301e-05
5.51976e-07
1.4885e-05
2.20376e-06
5.59909e-06
2.1622e-05
5.05539e-05
6.44753e-06
-1.9014e-05
9.32242e-06
-3.13918e-05
1.15087e-05
-3.11852e-05
1.34565e-05
-2.38439e-05
1.47816e-05
-1.26442e-05
1.57923e-05
-4.62767e-07
1.69193e-05
1.10447e-05
1.75798e-05
2.06734e-05
1.7213e-05
2.70209e-05
1.56705e-05
3.0652e-05
1.32255e-05
3.21944e-05
1.06731e-05
3.13631e-05
8.9809e-06
2.8327e-05
8.47586e-06
2.3417e-05
9.04038e-06
1.64389e-05
1.13075e-05
7.11146e-06
1.35521e-05
-1.69799e-06
9.12366e-06
6.6166e-06
-4.18493e-06
3.48856e-05
7.03662e-05
4.17058e-06
-2.23784e-05
5.77558e-06
-3.30018e-05
7.54307e-06
-3.29606e-05
9.31913e-06
-2.56259e-05
1.02945e-05
-1.36236e-05
1.08064e-05
-9.78559e-07
1.15804e-05
1.02709e-05
1.27375e-05
1.95208e-05
1.35158e-05
2.6247e-05
1.32476e-05
3.09213e-05
1.18106e-05
3.36297e-05
9.76747e-06
3.34038e-05
8.09433e-06
2.99973e-05
7.28436e-06
2.4223e-05
7.45062e-06
1.62676e-05
9.04701e-06
5.51092e-06
7.66566e-06
-3.21141e-07
-5.45713e-07
1.48076e-05
-1.46138e-05
4.88654e-05
8.40526e-05
2.73518e-06
-2.372e-05
2.92531e-06
-3.31972e-05
4.17686e-06
-3.42207e-05
5.52885e-06
-2.69848e-05
6.2017e-06
-1.42988e-05
6.55541e-06
-1.33413e-06
7.07404e-06
9.75306e-06
8.33517e-06
1.82639e-05
9.75427e-06
2.48325e-05
1.04803e-05
3.01969e-05
1.01353e-05
3.39737e-05
8.9787e-06
3.45581e-05
7.65634e-06
3.13162e-05
6.56901e-06
2.5305e-05
5.98495e-06
1.68464e-05
5.16424e-06
6.32857e-06
-7.77519e-07
5.62036e-06
-1.00686e-05
2.40973e-05
-1.8544e-05
5.72565e-05
8.70294e-05
1.17168e-06
-2.40335e-05
9.93975e-07
-3.3024e-05
1.61762e-06
-3.48517e-05
2.19019e-06
-2.75651e-05
2.57011e-06
-1.46807e-05
2.90622e-06
-1.6705e-06
3.40974e-06
9.25103e-06
4.59517e-06
1.70823e-05
6.19337e-06
2.32381e-05
7.50809e-06
2.88837e-05
8.1631e-06
3.33179e-05
8.10176e-06
3.46174e-05
7.40343e-06
3.20106e-05
6.31788e-06
2.63845e-05
5.00893e-06
1.81507e-05
1.17982e-06
1.01553e-05
-8.72678e-06
1.55358e-05
-1.70184e-05
3.24421e-05
-1.65443e-05
5.68192e-05
7.81815e-05
3.07861e-07
-2.3957e-05
-1.71495e-08
-3.27019e-05
-3.07128e-09
-3.48699e-05
-5.1031e-07
-2.70636e-05
-7.25743e-07
-1.44674e-05
-5.06113e-07
-1.89004e-06
9.84822e-08
8.64807e-06
1.13543e-06
1.60483e-05
2.63504e-06
2.1741e-05
4.28328e-06
2.72361e-05
5.88798e-06
3.17124e-05
7.01642e-06
3.34873e-05
7.27854e-06
3.17447e-05
6.7942e-06
2.68643e-05
4.97649e-06
1.9965e-05
-1.76434e-06
1.68931e-05
-1.38187e-05
2.76033e-05
-2.0097e-05
3.88151e-05
-1.30659e-05
4.99806e-05
6.15908e-05
-1.5176e-07
-2.37695e-05
-3.50398e-07
-3.25046e-05
-9.38996e-07
-3.42804e-05
-2.46618e-06
-2.55379e-05
-3.79003e-06
-1.31448e-05
-4.31124e-06
-1.36901e-06
-3.79544e-06
8.1331e-06
-2.89616e-06
1.51505e-05
-1.48665e-06
2.03323e-05
6.63939e-07
2.50851e-05
3.31081e-06
2.90648e-05
5.92256e-06
3.08749e-05
7.79976e-06
2.9867e-05
8.34023e-06
2.63236e-05
5.76836e-06
2.25334e-05
-3.37456e-06
2.603e-05
-1.50312e-05
3.92686e-05
-1.86717e-05
4.25331e-05
-9.54085e-06
4.10404e-05
4.5271e-05
-3.65084e-08
-2.51221e-05
-3.87525e-07
-3.21533e-05
-1.6717e-06
-3.29911e-05
-4.30522e-06
-2.29009e-05
-6.81581e-06
-1.06327e-05
-8.30314e-06
1.18012e-07
-8.54386e-06
8.37343e-06
-7.96589e-06
1.45725e-05
-6.36996e-06
1.87362e-05
-3.20648e-06
2.19217e-05
1.31054e-06
2.45495e-05
6.1903e-06
2.59992e-05
9.86369e-06
2.61989e-05
1.05112e-05
2.56764e-05
5.90415e-06
2.71319e-05
-4.92823e-06
3.68522e-05
-1.37548e-05
4.80984e-05
-1.36843e-05
4.24967e-05
-5.7345e-06
3.31625e-05
3.50086e-05
8.02823e-07
-2.16368e-05
-6.72831e-07
-3.06756e-05
-2.79858e-06
-3.08572e-05
-6.36928e-06
-1.93243e-05
-1.0001e-05
-6.9965e-06
-1.24559e-05
2.57348e-06
-1.35603e-05
9.47668e-06
-1.3065e-05
1.4077e-05
-1.04508e-05
1.61227e-05
-5.1598e-06
1.66336e-05
2.21821e-06
1.71773e-05
8.99392e-06
1.92314e-05
1.2286e-05
2.29078e-05
1.06147e-05
2.73361e-05
2.79543e-06
3.49346e-05
-7.94353e-06
4.75815e-05
-1.1949e-05
5.2107e-05
-8.253e-06
3.88081e-05
-3.0496e-06
2.79536e-05
3.07048e-05
-6.49946e-07
-1.83906e-05
-2.1051e-06
-2.92161e-05
-4.81152e-06
-2.81405e-05
-8.81117e-06
-1.53193e-05
-1.29262e-05
-2.87624e-06
-1.58923e-05
5.54242e-06
-1.71831e-05
1.07659e-05
-1.59671e-05
1.28603e-05
-1.14475e-05
1.16043e-05
-3.62007e-06
8.81006e-06
5.16933e-06
8.39251e-06
1.02691e-05
1.41275e-05
1.00606e-05
2.30969e-05
4.8873e-06
3.24855e-05
-4.75281e-06
4.45591e-05
-1.19163e-05
5.47431e-05
-1.05386e-05
5.07359e-05
-5.1626e-06
3.3428e-05
-2.16216e-06
2.49304e-05
2.80941e-05
-3.21438e-06
-1.90273e-05
-4.77822e-06
-2.76454e-05
-7.95113e-06
-2.49565e-05
-1.17644e-05
-1.15035e-05
-1.53058e-05
6.6736e-07
-1.78066e-05
8.04743e-06
-1.8345e-05
1.13026e-05
-1.60322e-05
1.05445e-05
-1.04326e-05
6.00385e-06
-2.89173e-06
1.27104e-06
2.6374e-06
2.86226e-06
3.67273e-06
1.30755e-05
4.52061e-07
2.62907e-05
-6.2909e-06
3.92096e-05
-1.33672e-05
5.163e-05
-1.48455e-05
5.62274e-05
-9.80075e-06
4.56974e-05
-5.04297e-06
2.86611e-05
-2.25021e-06
2.21232e-05
2.35392e-05
-5.06634e-06
-1.58784e-05
-8.47176e-06
-2.42314e-05
-1.22458e-05
-2.11718e-05
-1.52248e-05
-8.52594e-06
-1.74658e-05
2.90508e-06
-1.85259e-05
9.1097e-06
-1.79313e-05
1.07069e-05
-1.53861e-05
7.99474e-06
-1.14073e-05
2.02324e-06
-7.67583e-06
-2.45454e-06
-6.5857e-06
1.77956e-06
-8.71979e-06
1.52e-05
-1.28356e-05
3.03874e-05
-1.71197e-05
4.34865e-05
-1.86706e-05
5.31844e-05
-1.48315e-05
5.2396e-05
-8.49095e-06
3.93574e-05
-4.88642e-06
2.50458e-05
-1.18973e-06
1.84218e-05
1.71833e-05
-7.92219e-06
-1.33413e-05
-1.30675e-05
-1.90764e-05
-1.76322e-05
-1.65977e-05
-1.94205e-05
-6.74246e-06
-1.96706e-05
3.14629e-06
-1.90544e-05
8.49093e-06
-1.76076e-05
9.25842e-06
-1.59267e-05
6.30933e-06
-1.51014e-05
1.19715e-06
-1.54491e-05
-2.09307e-06
-1.71901e-05
3.5443e-06
-2.01221e-05
1.81321e-05
-2.25235e-05
3.27689e-05
-2.23903e-05
4.33471e-05
-1.80874e-05
4.88858e-05
-1.01366e-05
4.44472e-05
-2.95072e-06
3.21629e-05
1.32692e-06
2.07526e-05
5.42321e-06
1.43172e-05
1.09464e-05
-8.79663e-06
-5.08409e-06
-1.72521e-05
-1.06114e-05
-2.35321e-05
-1.03095e-05
-2.42534e-05
-6.02729e-06
-2.21937e-05
1.07481e-06
-2.02992e-05
6.58922e-06
-1.84212e-05
7.37665e-06
-1.76212e-05
5.50469e-06
-1.93429e-05
2.91717e-06
-2.25348e-05
1.11567e-06
-2.54127e-05
6.46051e-06
-2.66847e-05
1.94167e-05
-2.54085e-05
3.14615e-05
-2.04031e-05
3.83146e-05
-1.1434e-05
3.99039e-05
-5.79631e-07
3.35777e-05
8.77298e-06
2.27856e-05
1.49595e-05
1.45448e-05
1.94702e-05
9.79701e-06
6.62813e-06
-9.29101e-06
1.35106e-06
-1.87323e-05
-1.16243e-06
-2.7952e-05
-1.08379e-06
-2.90931e-05
-4.88776e-06
-2.65319e-05
-1.49594e-06
-2.40522e-05
4.101e-06
-2.19215e-05
5.24029e-06
-2.07514e-05
4.32879e-06
-2.35572e-05
5.71772e-06
-2.71209e-05
4.69088e-06
-3.08213e-05
1.02081e-05
-3.05155e-05
1.91516e-05
-2.36811e-05
2.46077e-05
-1.28386e-05
2.74284e-05
-6.84276e-07
2.77141e-05
1.36324e-05
1.92293e-05
2.37686e-05
1.26214e-05
3.17194e-05
6.58253e-06
3.51725e-05
6.35002e-06
3.08876e-06
-7.2957e-06
-1.23498e-05
-2.40221e-05
-2.4103e-05
-2.18284e-05
-2.44666e-05
-2.44599e-05
-2.01969e-05
-2.47559e-05
-2.59947e-05
-3.05094e-05
-3.20571e-05
-2.07752e-05
-3.82287e-06
1.04691e-05
2.72707e-05
3.47199e-05
4.36275e-05
4.14889e-05
-1.96316e-06
1.96332e-06
4.35742e-07
-2.39897e-06
1.15131e-06
-7.15678e-07
8.49225e-07
3.02026e-07
5.36666e-07
3.12502e-07
4.04165e-07
1.32423e-07
3.73121e-07
3.09722e-08
3.7861e-07
-5.52638e-09
3.92674e-07
-1.40669e-08
4.10192e-07
-1.74993e-08
4.38319e-07
-2.81055e-08
4.8613e-07
-4.78074e-08
5.56992e-07
-7.09035e-08
6.46205e-07
-8.93199e-08
7.43541e-07
-9.75181e-08
8.38158e-07
-9.48645e-08
9.20432e-07
-8.25595e-08
9.88104e-07
-6.79602e-08
1.03719e-06
-4.93486e-08
-2.68422e-08
-2.35213e-06
4.3156e-06
1.12506e-06
-5.87622e-06
2.21303e-06
-1.80375e-06
2.04034e-06
4.74657e-07
1.49269e-06
8.60109e-07
1.12037e-06
5.04676e-07
9.85479e-07
1.65794e-07
9.82518e-07
-2.61003e-09
1.03009e-06
-6.16534e-08
1.09622e-06
-8.36169e-08
1.18033e-06
-1.12194e-07
1.29239e-06
-1.5985e-07
1.43744e-06
-2.15962e-07
1.60935e-06
-2.61294e-07
1.7937e-06
-2.82005e-07
1.97436e-06
-2.75733e-07
2.13767e-06
-2.46134e-07
2.27718e-06
-2.0776e-07
2.39201e-06
-1.64465e-07
-1.00836e-07
-2.14742e-06
6.46318e-06
1.34882e-06
-9.37251e-06
2.36946e-06
-2.82447e-06
2.44876e-06
3.95314e-07
2.04474e-06
1.26409e-06
1.64888e-06
9.00477e-07
1.45561e-06
3.58996e-07
1.42941e-06
2.35333e-08
1.48853e-06
-1.20798e-07
1.58294e-06
-1.78024e-07
1.69877e-06
-2.28002e-07
1.8397e-06
-3.00754e-07
2.00987e-06
-3.86115e-07
2.20522e-06
-4.56664e-07
2.41417e-06
-4.91028e-07
2.62249e-06
-4.84212e-07
2.81801e-06
-4.41883e-07
2.99193e-06
-3.81956e-07
3.15102e-06
-3.23848e-07
-2.17811e-07
-1.95726e-06
8.4206e-06
1.164e-06
-1.24938e-05
1.96339e-06
-3.62388e-06
2.22598e-06
1.32688e-07
2.11106e-06
1.37897e-06
1.87876e-06
1.13273e-06
1.72774e-06
5.0995e-07
1.70248e-06
4.87364e-08
1.76238e-06
-1.80736e-07
1.86259e-06
-2.78251e-07
1.98287e-06
-3.48268e-07
2.1216e-06
-4.39455e-07
2.28213e-06
-5.46608e-07
2.46368e-06
-6.38185e-07
2.65987e-06
-6.87249e-07
2.86124e-06
-6.85677e-07
3.05899e-06
-6.39831e-07
3.24347e-06
-5.66682e-07
3.42528e-06
-5.05947e-07
-3.62564e-07
-1.80425e-06
1.0225e-05
7.627e-07
-1.50608e-05
1.29289e-06
-4.15407e-06
1.66253e-06
-2.36967e-07
1.82807e-06
1.21339e-06
1.82423e-06
1.13651e-06
1.78542e-06
5.48691e-07
1.79856e-06
3.55398e-08
1.86519e-06
-2.47411e-07
1.95858e-06
-3.71667e-07
2.06199e-06
-4.51666e-07
2.17418e-06
-5.51605e-07
2.30017e-06
-6.72552e-07
2.44348e-06
-7.81441e-07
2.60389e-06
-8.47653e-07
2.77789e-06
-8.59738e-07
2.96073e-06
-8.22819e-07
3.14272e-06
-7.48887e-07
3.33016e-06
-6.93636e-07
-5.13107e-07
-1.67079e-06
1.1896e-05
2.79211e-07
-1.70108e-05
6.21394e-07
-4.49624e-06
1.04877e-06
-6.64369e-07
1.39754e-06
8.64558e-07
1.5821e-06
9.51901e-07
1.66593e-06
4.64804e-07
1.73631e-06
-3.4897e-08
1.81477e-06
-3.25915e-07
1.89221e-06
-4.49132e-07
1.96236e-06
-5.21808e-07
2.03033e-06
-6.19534e-07
2.10554e-06
-7.47698e-07
2.19648e-06
-8.72326e-07
2.30955e-06
-9.60693e-07
2.44764e-06
-9.97859e-07
2.60953e-06
-9.84821e-07
2.78527e-06
-9.24794e-07
2.96897e-06
-8.7753e-07
-6.49325e-07
-1.54659e-06
1.34427e-05
-1.51986e-07
-1.84054e-05
1.11855e-07
-4.76006e-06
5.53878e-07
-1.10643e-06
9.63221e-07
4.55157e-07
1.25407e-06
6.60998e-07
1.43019e-06
2.88636e-07
1.54767e-06
-1.52418e-07
1.62767e-06
-4.05948e-07
1.67513e-06
-4.96608e-07
1.69838e-06
-5.4504e-07
1.71143e-06
-6.32547e-07
1.72852e-06
-7.64723e-07
1.76304e-06
-9.06784e-07
1.82816e-06
-1.02578e-06
1.93279e-06
-1.10251e-06
2.07728e-06
-1.12939e-06
2.24952e-06
-1.09715e-06
2.42817e-06
-1.05632e-06
-7.60396e-07
-1.43604e-06
1.48789e-05
-5.05989e-07
-1.93355e-05
-2.92311e-07
-4.97371e-06
1.83821e-07
-1.58258e-06
5.74417e-07
6.45172e-08
9.03274e-07
3.32099e-07
1.12491e-06
6.69692e-08
1.25579e-06
-2.83329e-07
1.31161e-06
-4.61782e-07
1.31236e-06
-4.9735e-07
1.2806e-06
-5.13265e-07
1.23659e-06
-5.885e-07
1.19733e-06
-7.25402e-07
1.1809e-06
-8.90301e-07
1.20727e-06
-1.05213e-06
1.28946e-06
-1.18471e-06
1.4259e-06
-1.26588e-06
1.60003e-06
-1.27137e-06
1.7777e-06
-1.23407e-06
-8.47682e-07
-1.35321e-06
1.62323e-05
-8.4508e-07
-1.98436e-05
-6.11829e-07
-5.20693e-06
-1.34327e-07
-2.06009e-06
2.20644e-07
-2.90478e-07
5.43271e-07
9.45339e-09
7.59614e-07
-1.49384e-07
8.60569e-07
-3.84287e-07
8.66174e-07
-4.67386e-07
8.11473e-07
-4.42641e-07
7.26561e-07
-4.28332e-07
6.31943e-07
-4.93846e-07
5.45883e-07
-6.39296e-07
4.91832e-07
-8.36209e-07
4.95392e-07
-1.05566e-06
5.69874e-07
-1.2592e-06
7.08302e-07
-1.40434e-06
8.89241e-07
-1.45235e-06
1.07214e-06
-1.41701e-06
-9.21666e-07
-1.29232e-06
1.75248e-05
-1.15398e-06
-1.9982e-05
-9.19921e-07
-5.44095e-06
-4.68545e-07
-2.51145e-06
-1.40196e-07
-6.18824e-07
1.43462e-07
-2.74196e-07
3.10341e-07
-3.16247e-07
3.50217e-07
-4.24148e-07
2.97055e-07
-4.14213e-07
1.92886e-07
-3.38462e-07
6.58104e-08
-3.01239e-07
-6.65008e-08
-3.61509e-07
-1.84917e-07
-5.20848e-07
-2.58054e-07
-7.63045e-07
-2.59802e-07
-1.0539e-06
-1.8046e-07
-1.33855e-06
-3.23893e-08
-1.55243e-06
1.56912e-07
-1.64167e-06
3.5037e-07
-1.61049e-06
-9.9743e-07
-1.25231e-06
1.87772e-05
-1.45633e-06
-1.9778e-05
-1.26388e-06
-5.63336e-06
-8.60021e-07
-2.91527e-06
-5.66503e-07
-9.1231e-07
-3.43251e-07
-4.97413e-07
-2.4808e-07
-4.11382e-07
-2.72322e-07
-3.99881e-07
-3.71512e-07
-3.15012e-07
-5.09431e-07
-2.00536e-07
-6.6528e-07
-1.45381e-07
-8.21735e-07
-2.05038e-07
-9.53127e-07
-3.89437e-07
-1.02728e-06
-6.88874e-07
-1.01965e-06
-1.06153e-06
-9.25926e-07
-1.43227e-06
-7.64508e-07
-1.71385e-06
-5.60269e-07
-1.84592e-06
-3.57728e-07
-1.81304e-06
-1.07488e-06
-1.23384e-06
2.00112e-05
-1.76607e-06
-1.92458e-05
-1.66324e-06
-5.73614e-06
-1.33562e-06
-3.24284e-06
-1.08954e-06
-1.15834e-06
-9.38218e-07
-6.48681e-07
-9.0741e-07
-4.4215e-07
-9.75007e-07
-3.3226e-07
-1.10005e-06
-1.8996e-07
-1.25638e-06
-4.42092e-08
-1.42699e-06
2.5232e-08
-1.59095e-06
-4.10718e-08
-1.71897e-06
-2.6141e-07
-1.77956e-06
-6.28273e-07
-1.75304e-06
-1.08804e-06
-1.63963e-06
-1.54568e-06
-1.45974e-06
-1.89374e-06
-1.24031e-06
-2.06536e-06
-1.0286e-06
-2.02475e-06
-1.16314e-06
-1.23801e-06
2.12493e-05
-2.08768e-06
-1.83961e-05
-2.11384e-06
-5.70994e-06
-1.8928e-06
-3.46383e-06
-1.70785e-06
-1.34323e-06
-1.61816e-06
-7.38323e-07
-1.62865e-06
-4.31628e-07
-1.71563e-06
-2.45263e-07
-1.84951e-06
-5.60837e-08
-2.01181e-06
1.18084e-07
-2.18414e-06
1.97559e-07
-2.34101e-06
1.15801e-07
-2.45207e-06
-1.50345e-07
-2.48872e-06
-5.91622e-07
-2.436e-06
-1.14076e-06
-2.29764e-06
-1.68404e-06
-2.09478e-06
-2.09661e-06
-1.85823e-06
-2.30191e-06
-1.6378e-06
-2.24519e-06
-1.2775e-06
-1.26605e-06
2.25155e-05
-2.41934e-06
-1.72428e-05
-2.5978e-06
-5.53143e-06
-2.50041e-06
-3.56117e-06
-2.3807e-06
-1.46289e-06
-2.33387e-06
-7.85107e-07
-2.36325e-06
-4.02229e-07
-2.45361e-06
-1.54893e-07
-2.58605e-06
7.63428e-08
-2.74441e-06
2.76438e-07
-2.90682e-06
3.59961e-07
-3.04444e-06
2.53427e-07
-3.12773e-06
-6.70523e-08
-3.13131e-06
-5.88046e-07
-3.04442e-06
-1.22764e-06
-2.87421e-06
-1.85426e-06
-2.64297e-06
-2.32785e-06
-2.38637e-06
-2.55851e-06
-2.15761e-06
-2.47395e-06
-1.42702e-06
-1.3192e-06
2.38348e-05
-2.75619e-06
-1.58059e-05
-3.09026e-06
-5.19732e-06
-3.11528e-06
-3.53612e-06
-3.05626e-06
-1.52186e-06
-3.03711e-06
-8.0423e-07
-3.07241e-06
-3.66921e-07
-3.15834e-06
-6.89667e-08
-3.28262e-06
2.00614e-07
-3.42846e-06
4.22271e-07
-3.57068e-06
5.02179e-07
-3.67828e-06
3.61026e-07
-3.72303e-06
-2.23021e-08
-3.68231e-06
-6.28764e-07
-3.54952e-06
-1.36043e-06
-3.33652e-06
-2.06726e-06
-3.06893e-06
-2.59544e-06
-2.78832e-06
-2.83913e-06
-2.55252e-06
-2.70975e-06
-1.61807e-06
-1.39847e-06
2.52333e-05
-3.09339e-06
-1.41109e-05
-3.56814e-06
-4.72254e-06
-3.70035e-06
-3.40388e-06
-3.69335e-06
-1.52884e-06
-3.69336e-06
-8.04198e-07
-3.72901e-06
-3.31268e-07
-3.80654e-06
8.55766e-09
-3.917e-06
3.11072e-07
-4.04218e-06
5.47446e-07
-4.15417e-06
6.14159e-07
-4.21998e-06
4.26843e-07
-4.21247e-06
-2.9818e-08
-4.11123e-06
-7.30006e-07
-3.91451e-06
-1.55715e-06
-3.64138e-06
-2.34039e-06
-3.32424e-06
-2.91258e-06
-3.01161e-06
-3.15175e-06
-2.77039e-06
-2.95097e-06
-1.8576e-06
-1.50638e-06
2.67397e-05
-3.42705e-06
-1.21902e-05
-4.01555e-06
-4.13402e-06
-4.23227e-06
-3.18715e-06
-4.26593e-06
-1.49517e-06
-4.27989e-06
-7.9023e-07
-4.3129e-06
-2.98254e-07
-4.37852e-06
7.41717e-08
-4.46905e-06
4.01602e-07
-4.56465e-06
6.43038e-07
-4.63485e-06
6.84357e-07
-4.64408e-06
4.36076e-07
-4.56577e-06
-1.08131e-07
-4.38199e-06
-9.1377e-07
-4.09816e-06
-1.84097e-06
-3.74329e-06
-2.69524e-06
-3.35773e-06
-3.29811e-06
-2.99391e-06
-3.51555e-06
-2.73609e-06
-3.20878e-06
-2.15961e-06
-1.64048e-06
2.83802e-05
-3.75315e-06
-1.00776e-05
-4.42422e-06
-3.46295e-06
-4.70001e-06
-2.91135e-06
-4.75939e-06
-1.43578e-06
-4.78027e-06
-7.69348e-07
-4.80616e-06
-2.72363e-07
-4.85475e-06
1.22761e-07
-4.91763e-06
4.64477e-07
-4.97269e-06
6.981e-07
-4.98691e-06
6.98577e-07
-4.92112e-06
3.70294e-07
-4.74976e-06
-2.79481e-07
-4.45998e-06
-1.20352e-06
-4.06974e-06
-2.23115e-06
-3.62034e-06
-3.14455e-06
-3.15429e-06
-3.76406e-06
-2.70933e-06
-3.96041e-06
-2.38648e-06
-3.53157e-06
-2.56036e-06
-1.83602e-06
3.02161e-05
-4.06503e-06
-7.84852e-06
-4.7878e-06
-2.74017e-06
-5.09966e-06
-2.59949e-06
-5.16781e-06
-1.36762e-06
-5.18233e-06
-7.54827e-07
-5.19083e-06
-2.63862e-07
-5.21353e-06
1.45465e-07
-5.23816e-06
4.89107e-07
-5.23876e-06
6.98699e-07
-5.18043e-06
6.40259e-07
-5.02043e-06
2.10314e-07
-4.73652e-06
-5.63354e-07
-4.32633e-06
-1.61363e-06
-3.82791e-06
-2.72943e-06
-3.29696e-06
-3.67532e-06
-2.77131e-06
-4.28948e-06
-2.24065e-06
-4.49083e-06
-1.77577e-06
-3.99629e-06
-3.11682e-06
-1.8864e-06
3.21025e-05
-4.35935e-06
-5.37553e-06
-5.08322e-06
-2.0163e-06
-5.41858e-06
-2.26413e-06
-5.48798e-06
-1.29822e-06
-5.47895e-06
-7.63847e-07
-5.4498e-06
-2.93016e-07
-5.43038e-06
1.26054e-07
-5.40132e-06
4.60053e-07
-5.32972e-06
6.27115e-07
-5.18225e-06
4.92802e-07
-4.91649e-06
-5.54003e-08
-4.51832e-06
-9.61441e-07
-3.99802e-06
-2.13379e-06
-3.4166e-06
-3.31064e-06
-2.84097e-06
-4.25066e-06
-2.30992e-06
-4.82017e-06
-1.76203e-06
-5.03833e-06
-1.16947e-06
-4.58851e-06
-3.83784e-06
-1.38349e-05
2.05295e-05
-1.84697e-05
-7.40553e-07
-2.12392e-05
7.5321e-07
-2.27104e-05
-7.92897e-07
-2.31769e-05
-8.31663e-07
-2.31363e-05
-8.0448e-07
-2.27977e-05
-6.31574e-07
-2.22139e-05
-4.577e-07
-2.13492e-05
-4.04472e-07
-2.01203e-05
-6.0165e-07
-1.84664e-05
-1.1608e-06
-1.64095e-05
-2.11178e-06
-1.40366e-05
-3.3337e-06
-1.15292e-05
-4.64029e-06
-9.04919e-06
-5.78954e-06
-6.75799e-06
-6.54051e-06
-4.92774e-06
-6.64876e-06
-3.54289e-06
-6.42114e-06
-1.88135e-06
-6.24783e-06
-6.37244e-06
-1.61253e-05
1.35322e-05
-1.81311e-05
1.26531e-06
-1.87435e-05
1.36576e-06
-1.89209e-05
-6.1546e-07
-1.8566e-05
-1.18641e-06
-1.78186e-05
-1.55177e-06
-1.67872e-05
-1.66282e-06
-1.55146e-05
-1.73005e-06
-1.40209e-05
-1.89794e-06
-1.2323e-05
-2.29919e-06
-1.04654e-05
-3.01793e-06
-8.52974e-06
-4.04689e-06
-6.5889e-06
-5.27392e-06
-4.6742e-06
-6.55433e-06
-2.75268e-06
-7.71041e-06
-8.20655e-07
-8.47193e-06
5.51054e-07
-8.01982e-06
8.78456e-08
-5.95688e-06
-9.13533e-07
-5.24448e-06
-6.55054e-06
-1.17645e-05
1.01504e-05
-1.28528e-05
2.35362e-06
-1.24727e-05
9.85833e-07
-1.18867e-05
-1.20137e-06
-1.09778e-05
-2.09517e-06
-9.84368e-06
-2.68576e-06
-8.57615e-06
-2.93021e-06
-7.25818e-06
-3.04785e-06
-5.95236e-06
-3.20357e-06
-4.72116e-06
-3.53018e-06
-3.61423e-06
-4.12462e-06
-2.65233e-06
-5.00854e-06
-1.82111e-06
-6.10492e-06
-1.02812e-06
-7.34715e-06
-6.38304e-08
-8.67464e-06
1.23441e-06
-9.77032e-06
2.67151e-06
-9.45742e-06
2.48089e-06
-5.76683e-06
2.91753e-07
-3.05533e-06
-5.7639e-06
-7.47917e-06
8.08817e-06
-7.35504e-06
2.22948e-06
-6.37453e-06
5.32429e-09
-5.53552e-06
-2.04049e-06
-4.49684e-06
-3.13398e-06
-3.32388e-06
-3.85881e-06
-2.08936e-06
-4.16474e-06
-9.35789e-07
-4.20134e-06
6.95047e-10
-4.1399e-06
6.60805e-07
-4.19009e-06
1.0325e-06
-4.49609e-06
1.12086e-06
-5.09666e-06
1.0066e-06
-5.99042e-06
8.20591e-07
-7.16092e-06
7.62996e-07
-8.61688e-06
1.2638e-06
-1.02711e-05
2.67076e-06
-1.0865e-05
3.36366e-06
-6.46091e-06
1.21278e-06
-9.05566e-07
-3.63614e-06
-3.53568e-06
5.89579e-06
-2.24276e-06
9.36503e-07
-7.9155e-07
-1.44604e-06
2.56245e-07
-3.0885e-06
1.1709e-06
-4.0488e-06
2.08274e-06
-4.77073e-06
3.03548e-06
-5.11739e-06
3.91057e-06
-5.07614e-06
4.54015e-06
-4.76901e-06
4.81129e-06
-4.4606e-06
4.69673e-06
-4.3808e-06
4.2414e-06
-4.64052e-06
3.52585e-06
-5.27402e-06
2.66191e-06
-6.29613e-06
1.79472e-06
-7.74891e-06
1.27e-06
-9.74579e-06
1.94822e-06
-1.15431e-05
3.20187e-06
-7.71558e-06
1.72421e-06
5.70645e-07
-1.43011e-06
7.02773e-07
2.48818e-06
3.41672e-06
-1.77738e-06
5.50779e-06
-3.53656e-06
6.65371e-06
-4.23362e-06
7.26406e-06
-4.65841e-06
7.63247e-06
-5.13854e-06
8.00051e-06
-5.48489e-06
8.3635e-06
-5.43848e-06
8.59117e-06
-4.99583e-06
8.5508e-06
-4.41915e-06
8.17866e-06
-4.00738e-06
7.47031e-06
-3.9307e-06
6.44684e-06
-4.24891e-06
5.1569e-06
-5.00449e-06
3.68039e-06
-6.27081e-06
2.19345e-06
-8.25749e-06
1.5816e-06
-1.09303e-05
2.61604e-06
-8.7506e-06
1.67358e-06
1.51172e-06
1.81653e-07
5.02163e-06
-2.24174e-06
9.00047e-06
-5.75296e-06
1.18345e-05
-6.3659e-06
1.322e-05
-5.61442e-06
1.34672e-05
-4.90193e-06
1.31149e-05
-4.78385e-06
1.26374e-05
-5.00589e-06
1.22483e-05
-5.04842e-06
1.19339e-05
-4.68052e-06
1.15936e-05
-4.07777e-06
1.11281e-05
-3.54049e-06
1.04363e-05
-3.23726e-06
9.4054e-06
-3.21602e-06
7.95932e-06
-3.55607e-06
6.10896e-06
-4.41812e-06
3.93184e-06
-6.07837e-06
2.03702e-06
-9.03398e-06
2.20116e-06
-8.91478e-06
1.39947e-06
2.31217e-06
1.79965e-06
6.02312e-06
-6.74263e-06
1.07284e-05
-1.0452e-05
1.46143e-05
-1.02445e-05
1.69468e-05
-7.93946e-06
1.76025e-05
-5.55117e-06
1.70543e-05
-4.23109e-06
1.59931e-05
-3.942e-06
1.49328e-05
-3.98686e-06
1.40962e-05
-3.84304e-06
1.35062e-05
-3.48706e-06
1.30652e-05
-3.09849e-06
1.25737e-05
-2.74432e-06
1.17703e-05
-2.4107e-06
1.04259e-05
-2.20931e-06
8.4563e-06
-2.44579e-06
5.90951e-06
-3.5291e-06
3.16435e-06
-6.28685e-06
2.15418e-06
-7.90409e-06
1.23296e-06
3.23224e-06
3.2639e-06
1.66571e-06
-1.00911e-05
6.88526e-06
-1.5669e-05
1.19042e-05
-1.52609e-05
1.55358e-05
-1.15679e-05
1.7373e-05
-7.38466e-06
1.76054e-05
-4.45988e-06
1.68218e-05
-3.15597e-06
1.57042e-05
-2.86801e-06
1.4758e-05
-2.89626e-06
1.41929e-05
-2.92146e-06
1.39248e-05
-2.82965e-06
1.36849e-05
-2.50329e-06
1.31563e-05
-1.88046e-06
1.20468e-05
-1.09768e-06
1.01766e-05
-5.7311e-07
7.56024e-06
-9.10151e-07
4.47791e-06
-3.20232e-06
2.51734e-06
-5.94252e-06
1.37781e-06
4.37053e-06
6.01834e-06
-3.62323e-06
-1.29703e-05
1.62976e-06
-2.09196e-05
7.15758e-06
-2.07873e-05
1.12685e-05
-1.56777e-05
1.37717e-05
-9.88678e-06
1.48602e-05
-5.54729e-06
1.48875e-05
-3.18242e-06
1.43908e-05
-2.37089e-06
1.39057e-05
-2.41082e-06
1.36685e-05
-2.68382e-06
1.35864e-05
-2.74685e-06
1.34547e-05
-2.37045e-06
1.30957e-05
-1.52018e-06
1.23052e-05
-3.05578e-07
1.07934e-05
9.40733e-07
8.44672e-06
1.43883e-06
5.45773e-06
-2.11171e-07
2.95577e-06
-3.43931e-06
1.50796e-06
5.81727e-06
6.80472e-06
-6.08522e-06
-1.53411e-05
-1.50216e-06
-2.54978e-05
3.81966e-06
-2.61068e-05
7.66114e-06
-1.95178e-05
9.9582e-06
-1.21828e-05
1.12492e-05
-6.83756e-06
1.18557e-05
-3.78866e-06
1.20449e-05
-2.55991e-06
1.20348e-05
-2.4005e-06
1.18696e-05
-2.518e-06
1.16065e-05
-2.48285e-06
1.13645e-05
-2.12744e-06
1.11716e-05
-1.32625e-06
1.08281e-05
3.91083e-08
9.95574e-06
1.81452e-06
8.25302e-06
3.14335e-06
5.79952e-06
2.24422e-06
3.25978e-06
-8.98294e-07
1.29951e-06
7.77659e-06
7.58678e-06
-4.44617e-06
-1.68164e-05
-1.30062e-06
-2.86362e-05
2.93242e-06
-3.03356e-05
6.11849e-06
-2.27024e-05
7.7853e-06
-1.38485e-05
8.77067e-06
-7.82209e-06
9.41572e-06
-4.43324e-06
9.61843e-06
-2.76229e-06
9.22307e-06
-2.00466e-06
8.40899e-06
-1.70321e-06
7.82495e-06
-1.89798e-06
7.80597e-06
-2.1075e-06
8.16801e-06
-1.6873e-06
8.46882e-06
-2.60771e-07
8.35098e-06
1.9334e-06
7.40024e-06
4.09544e-06
5.66106e-06
3.98502e-06
3.44781e-06
1.31617e-06
1.1893e-06
1.0034e-05
1.01384e-05
1.13194e-06
-1.72474e-05
2.10926e-06
-2.9607e-05
4.34327e-06
-3.25633e-05
6.26566e-06
-2.46227e-05
7.0274e-06
-1.46093e-05
7.34598e-06
-8.13985e-06
7.34011e-06
-4.42681e-06
6.56456e-06
-1.98627e-06
4.92946e-06
-3.69045e-07
3.65171e-06
-4.25004e-07
3.78056e-06
-2.02616e-06
4.84425e-06
-3.17012e-06
6.06563e-06
-2.90742e-06
6.90315e-06
-1.09719e-06
7.09664e-06
1.74086e-06
6.57746e-06
4.6157e-06
5.39978e-06
5.16414e-06
3.43758e-06
3.27948e-06
9.31797e-07
1.25388e-05
9.55593e-06
8.26534e-06
-1.6766e-05
7.70103e-06
-2.90407e-05
7.51153e-06
-3.2367e-05
7.34878e-06
-2.44572e-05
6.68376e-06
-1.39437e-05
5.88359e-06
-7.33895e-06
4.63522e-06
-3.17786e-06
2.33027e-06
3.19089e-07
1.0021e-07
1.86114e-06
-5.17573e-07
1.9288e-07
6.92558e-07
-3.23573e-06
2.61254e-06
-5.08904e-06
4.49795e-06
-4.79142e-06
5.82645e-06
-2.42437e-06
6.29593e-06
1.2724e-06
6.04941e-06
4.86323e-06
5.25098e-06
5.96393e-06
3.30582e-06
5.22563e-06
7.5432e-07
1.50891e-05
1.14829e-05
1.59848e-05
-1.61312e-05
1.42196e-05
-2.72785e-05
1.15786e-05
-2.97212e-05
8.7981e-06
-2.16741e-05
6.24661e-06
-1.13918e-05
4.04721e-06
-5.13889e-06
1.48313e-06
-6.13262e-07
-1.41672e-06
3.21894e-06
-3.49064e-06
3.93469e-06
-3.69032e-06
3.9232e-07
-2.40975e-06
-4.51647e-06
-2.24023e-07
-7.27453e-06
2.23293e-06
-7.2474e-06
4.1967e-06
-4.38696e-06
5.28445e-06
1.85678e-07
5.53389e-06
4.61483e-06
5.09993e-06
6.39926e-06
2.84343e-06
7.48295e-06
5.0043e-07
1.74307e-05
1.02012e-05
2.3326e-05
-1.54658e-05
2.03971e-05
-2.4355e-05
1.53642e-05
-2.4686e-05
1.00066e-05
-1.63152e-05
5.75356e-06
-7.13893e-06
2.45195e-06
-1.83667e-06
-4.66359e-07
2.30515e-06
-3.16598e-06
5.91792e-06
-5.11157e-06
5.87946e-06
-5.7774e-06
1.05739e-06
-5.04708e-06
-5.24787e-06
-3.09442e-06
-9.22827e-06
-7.10465e-07
-9.63139e-06
1.70416e-06
-6.80085e-06
3.5278e-06
-1.63719e-06
4.56929e-06
3.57433e-06
4.38166e-06
6.58822e-06
1.32913e-06
1.05357e-05
-1.214e-07
1.88792e-05
7.75379e-06
2.95895e-05
-1.48025e-05
2.49188e-05
-1.96892e-05
1.7481e-05
-1.72477e-05
1.02198e-05
-9.0551e-06
5.34196e-06
-2.26188e-06
1.9657e-06
1.53989e-06
-4.15677e-07
4.68604e-06
-2.10908e-06
7.61031e-06
-3.51251e-06
7.28202e-06
-4.85337e-06
2.39745e-06
-5.38177e-06
-4.72047e-06
-4.88201e-06
-9.73016e-06
-3.72892e-06
-1.07858e-05
-1.89025e-06
-8.63971e-06
2.37858e-07
-3.76512e-06
1.66519e-06
2.14745e-06
1.04185e-06
7.21184e-06
-1.77556e-06
1.33516e-05
-6.96375e-07
1.77982e-05
6.86005e-06
3.33821e-05
-1.1746e-05
2.56905e-05
-1.20003e-05
1.63543e-05
-7.91237e-06
8.70404e-06
-1.40872e-06
5.02469e-06
1.41596e-06
2.29781e-06
4.26671e-06
1.66984e-06
5.31314e-06
1.94595e-06
7.33287e-06
1.7628e-06
7.46416e-06
9.79831e-07
3.18016e-06
-1.2822e-06
-2.45719e-06
-3.71025e-06
-7.30352e-06
-5.71316e-06
-8.78538e-06
-6.36817e-06
-7.98629e-06
-5.5157e-06
-4.61863e-06
-4.71337e-06
1.34411e-06
-4.73514e-06
7.23218e-06
-5.25871e-06
1.3873e-05
-7.45485e-07
1.32824e-05
1.73858e-06
2.98342e-05
-4.75282e-06
1.99223e-05
-2.08983e-06
1.11953e-05
8.12173e-07
5.44638e-06
4.33515e-06
4.92062e-06
1.94005e-06
2.88394e-06
6.30275e-06
4.67493e-06
3.52129e-06
7.59923e-06
4.40745e-06
8.91096e-06
6.15096e-06
9.82667e-06
2.26435e-06
6.06664e-06
1.30624e-06
9.16973e-07
-2.15125e-06
-4.60507e-06
-3.26585e-06
-8.99982e-06
-3.59267e-06
-1.06904e-05
-2.92971e-06
-1.07866e-05
1.43817e-06
-7.86442e-06
4.30729e-06
-5.15832e-06
1.11641e-05
8.55864e-07
7.26526e-06
3.45767e-06
1.62237e-05
9.47736e-06
5.53676e-06
2.78482e-06
6.38842e-06
1.87247e-06
6.26837e-06
1.1716e-05
9.59439e-06
1.4321e-05
8.757e-06
5.23079e-06
2.07461e-07
-4.92961e-06
-6.53307e-06
-9.85107e-06
-4.17284e-06
-2.00118e-06
6.69154e-06
)
;

boundaryField
{
    left_open
    {
        type            calculated;
        value           nonuniform List<scalar> 
40
(
-2.4447e-06
-6.12672e-06
-8.73073e-06
-1.04927e-05
-1.16165e-05
-1.22633e-05
-1.25554e-05
-1.25821e-05
-1.24085e-05
-1.20823e-05
-1.16396e-05
-1.11075e-05
-1.05059e-05
-9.84812e-06
-9.14267e-06
-8.39539e-06
-7.61253e-06
-6.80267e-06
-5.97453e-06
-5.13397e-06
-1.25655e-05
-6.19956e-06
-5.96041e-06
-6.05831e-06
-4.43428e-06
-2.07064e-06
-8.06539e-07
-1.39759e-06
-8.62372e-07
-3.86881e-07
-3.84986e-08
1.38652e-06
-4.28732e-06
-2.59505e-06
3.85053e-06
1.91409e-06
5.38265e-06
5.41087e-07
2.85701e-06
4.90495e-06
)
;
    }
    right_open
    {
        type            calculated;
        value           nonuniform List<scalar> 
40
(
1.06384e-06
2.46579e-06
3.26775e-06
3.5698e-06
3.48049e-06
3.10502e-06
2.53913e-06
1.86492e-06
1.14609e-06
4.26119e-07
-2.80284e-07
-9.40333e-07
-1.52345e-06
-2.00809e-06
-2.36146e-06
-2.53086e-06
-2.43408e-06
-1.98571e-06
-1.21924e-06
-4.48242e-07
6.55076e-07
-7.33641e-07
-4.94851e-07
-9.16478e-07
-4.83087e-07
6.07936e-08
-2.19752e-07
-2.34307e-07
-1.37652e-06
7.19312e-07
5.14561e-07
-1.36252e-06
1.51162e-06
-1.17263e-06
1.78067e-06
2.32517e-06
1.96948e-07
4.3731e-06
-8.6388e-07
-3.73407e-07
)
;
    }
    base_side
    {
        type            calculated;
        value           uniform 0;
    }
    top
    {
        type            calculated;
        value           nonuniform List<scalar> 
65
(
3.74267e-06
3.89267e-06
1.05878e-05
-4.80601e-06
-3.76958e-06
6.73121e-06
5.22162e-06
6.28524e-08
1.02689e-05
5.92953e-06
1.47459e-05
2.07486e-05
1.33513e-05
1.04714e-05
1.34126e-05
2.42467e-06
5.1813e-06
-2.30992e-06
8.49887e-06
1.7151e-06
1.9388e-06
2.2391e-06
1.96279e-06
-1.72333e-07
-3.31218e-07
-6.20221e-08
-8.57668e-08
-2.10759e-07
-8.10901e-08
-3.57791e-08
3.73461e-08
3.70451e-08
5.59218e-08
7.41437e-08
2.47198e-07
2.83804e-07
3.48365e-07
8.61534e-07
9.72702e-07
1.10543e-06
1.2203e-06
1.1072e-06
7.99573e-07
5.24225e-07
4.21087e-07
2.52768e-06
4.6555e-06
4.75128e-06
7.08834e-06
-1.661e-06
1.08157e-05
-8.70773e-07
-1.03563e-06
8.26797e-06
-2.45727e-06
6.8676e-06
1.37671e-06
1.75793e-06
1.54298e-06
-1.32665e-06
4.74901e-06
-1.37149e-06
8.98774e-06
-1.42765e-06
1.05205e-05
)
;
    }
    front
    {
        type            empty;
        value           nonuniform 0();
    }
    back
    {
        type            empty;
        value           nonuniform 0();
    }
    air_to_aluminum
    {
        type            calculated;
        value           nonuniform List<scalar> 
129
(
0
0
0
0
0
0
0
0
0
0
0
0
0
0
0
0
0
0
0
-6.61744e-24
0
-6.61744e-24
0
-6.61744e-24
0
0
0
0
-8.47033e-22
0
-8.47033e-22
0
0
-5.29396e-23
0
0
0
0
0
0
0
0
0
0
0
0
0
0
0
0
0
0
0
0
0
0
0
0
0
0
0
0
0
0
0
0
0
0
0
0
0
1.05879e-22
0
1.05879e-22
0
0
0
0
0
0
0
0
0
0
0
0
0
0
0
0
0
0
0
0
0
0
0
0
0
-6.61744e-24
0
0
1.32349e-23
0
0
0
0
0
0
0
0
0
0
0
0
0
-8.47033e-22
0
0
0
0
0
0
0
0
0
0
0
0
)
;
    }
}


// ************************************************************************* //
