/*--------------------------------*- C++ -*----------------------------------*\
| =========                 |                                                 |
| \\      /  F ield         | OpenFOAM: The Open Source CFD Toolbox           |
|  \\    /   O peration     | Version:                                        |
|   \\  /    A nd           | Website:  www.openfoam.com                      |
|    \\/     M anipulation  |                                                 |
\*---------------------------------------------------------------------------*/
FoamFile
{
    version     2.0;
    format      ascii;
    class       volScalarField;
    location    "1680/air";
    object      T;
}
// * * * * * * * * * * * * * * * * * * * * * * * * * * * * * * * * * * * * * //

dimensions      [0 0 0 1 0 0 0];


internalField   nonuniform List<scalar> 
2228
(
305.605
305.67
305.724
305.77
305.541
305.603
305.667
305.728
305.497
305.557
305.625
305.694
305.463
305.521
305.592
305.664
305.434
305.491
305.562
305.637
305.407
305.463
305.535
305.612
305.381
305.434
305.507
305.587
305.356
305.404
305.478
305.564
305.33
305.367
305.444
305.54
305.3
305.317
305.398
305.513
305.259
305.237
305.329
305.48
305.199
305.102
305.215
305.434
305.104
304.87
305.018
305.365
304.953
304.486
304.678
305.258
304.723
303.882
304.074
305.058
304.239
302.945
303.024
304.517
305.77
305.724
305.67
305.605
305.729
305.668
305.604
305.541
305.695
305.626
305.558
305.498
305.665
305.594
305.523
305.464
305.638
305.565
305.494
305.435
305.613
305.539
305.468
305.409
305.59
305.514
305.441
305.384
305.567
305.485
305.411
305.359
305.541
305.444
305.365
305.33
305.506
305.372
305.277
305.285
305.451
305.233
305.111
305.214
305.364
304.995
304.85
305.111
305.246
304.678
304.542
304.996
305.124
304.377
304.255
304.885
305.032
304.17
303.981
304.731
304.787
303.912
303.644
304.407
295.737
296.576
297.433
298.217
293.124
292.965
292.975
293.104
293.153
293.018
292.868
292.74
293.169
293.157
293.124
293.069
293.146
293.151
293.155
293.155
293.141
293.142
293.144
293.148
293.142
293.141
293.141
293.141
293.141
293.141
293.141
293.14
293.14
293.14
293.14
293.14
293.143
293.143
293.143
293.144
293.169
293.17
293.171
293.172
293.251
293.255
293.26
293.266
293.381
293.389
293.399
293.41
293.494
293.506
293.519
293.532
293.601
293.612
293.624
293.634
293.704
293.706
293.705
293.7
293.755
293.742
293.725
293.703
293.766
293.752
293.73
293.708
293.769
293.752
293.744
293.756
293.714
293.72
293.726
293.742
298.858
299.129
299.216
299.464
293.351
293.597
293.781
293.922
292.654
292.609
292.598
292.607
292.997
292.915
292.832
292.753
293.145
293.124
293.089
293.04
293.153
293.156
293.156
293.151
293.143
293.146
293.149
293.154
293.14
293.141
293.142
293.143
293.14
293.14
293.14
293.141
293.144
293.145
293.145
293.145
293.174
293.175
293.176
293.177
293.273
293.28
293.287
293.294
293.422
293.434
293.445
293.455
293.546
293.559
293.568
293.574
293.642
293.644
293.643
293.66
293.688
293.676
293.699
293.805
293.683
293.7
293.822
294.028
293.708
293.766
293.903
294.079
293.795
293.87
293.974
294.086
293.764
293.802
293.842
293.884
299.604
299.678
299.742
294.017
294.076
294.132
292.624
292.643
292.666
292.696
292.658
292.623
292.994
292.957
292.916
293.141
293.13
293.116
293.157
293.158
293.16
293.145
293.147
293.149
293.141
293.141
293.142
293.145
293.145
293.146
293.178
293.178
293.179
293.298
293.301
293.303
293.46
293.463
293.465
293.579
293.586
293.601
293.7
293.747
293.802
293.946
294.036
294.056
294.136
294.135
294.076
294.174
294.183
294.148
294.155
294.184
294.195
293.934
293.962
293.99
299.79
299.816
299.842
294.172
294.192
294.213
292.685
292.695
292.707
292.601
292.59
292.58
292.887
292.871
292.855
293.105
293.098
293.091
293.16
293.16
293.159
293.15
293.151
293.152
293.142
293.142
293.142
293.146
293.146
293.146
293.179
293.179
293.179
293.304
293.304
293.304
293.467
293.468
293.469
293.615
293.624
293.633
293.842
293.861
293.879
294.025
294.003
293.979
294.018
293.988
293.959
294.107
294.086
294.065
294.193
294.191
294.188
294.004
294.01
294.014
299.894
299.995
300.133
294.255
294.332
294.433
292.73
292.772
292.825
292.563
292.54
292.524
292.824
292.777
292.729
293.076
293.051
293.022
293.158
293.155
293.151
293.153
293.156
293.158
293.143
293.144
293.145
293.146
293.146
293.146
293.179
293.179
293.179
293.304
293.304
293.303
293.472
293.478
293.485
293.652
293.677
293.695
293.909
293.923
293.889
293.931
293.87
293.826
293.91
293.86
293.836
294.027
293.978
293.941
294.182
294.165
294.144
294.024
294.042
294.055
300.407
301.036
301.914
302.687
294.637
295.27
296.745
298.735
292.924
293.203
293.986
295.548
292.515
292.558
292.789
293.483
292.663
292.582
292.535
292.626
292.975
292.904
292.819
292.727
293.14
293.12
293.091
293.047
293.161
293.164
293.165
293.162
293.147
293.15
293.154
293.158
293.146
293.147
293.148
293.149
293.178
293.176
293.174
293.171
293.3
293.292
293.28
293.265
293.495
293.497
293.485
293.459
293.714
293.71
293.64
293.522
293.795
293.699
293.662
293.687
293.796
293.805
293.856
293.924
293.827
293.836
293.845
293.838
293.898
293.844
293.774
293.691
294.11
294.055
293.989
293.916
294.067
294.074
294.061
294.048
303.132
302.681
300.295
297.679
300.3
300.529
297.267
294.233
297.451
298.859
297.827
295.253
294.729
296.27
297.161
296.699
293.022
293.809
294.838
295.678
292.669
292.731
293.013
293.554
292.986
292.914
292.854
292.829
293.155
293.138
293.114
293.071
293.162
293.167
293.171
293.169
293.151
293.155
293.16
293.16
293.168
293.166
293.167
293.159
293.248
293.233
293.216
293.179
293.413
293.337
293.256
293.247
293.445
293.47
293.598
293.767
293.773
293.893
293.998
294.043
293.979
293.998
293.973
293.916
293.811
293.77
293.725
293.695
293.613
293.558
293.533
293.537
293.85
293.8
293.77
293.759
294.016
294.006
294
293.982
293.15
293.15
293.15
293.15
293.15
293.15
293.148
293.141
293.126
293.112
293.106
293.108
293.112
293.102
293.046
292.923
292.773
292.656
292.68
294.369
293.15
293.15
293.15
293.15
293.15
293.15
293.148
293.142
293.127
293.112
293.107
293.109
293.112
293.097
293.031
292.915
292.796
292.717
292.781
294.332
293.15
293.15
293.15
293.15
293.15
293.15
293.149
293.143
293.129
293.114
293.108
293.111
293.113
293.092
293.03
292.947
292.882
292.837
292.868
294.338
293.15
293.15
293.15
293.15
293.15
293.15
293.149
293.145
293.132
293.116
293.11
293.113
293.113
293.093
293.048
293.007
292.993
292.965
292.909
294.361
293.15
293.15
293.15
293.15
293.15
293.15
293.15
293.147
293.136
293.12
293.113
293.115
293.114
293.099
293.074
293.065
293.081
293.068
292.933
294.39
293.15
293.15
293.15
293.15
293.15
293.15
293.15
293.148
293.14
293.125
293.115
293.116
293.117
293.108
293.098
293.105
293.128
293.132
292.955
294.423
293.15
293.15
293.15
293.15
293.15
293.15
293.15
293.149
293.144
293.131
293.119
293.118
293.119
293.117
293.116
293.126
293.144
293.158
292.978
294.459
293.15
293.15
293.15
293.15
293.15
293.15
293.15
293.15
293.147
293.136
293.123
293.119
293.122
293.124
293.128
293.136
293.146
293.165
292.996
294.499
293.15
293.15
293.15
293.15
293.15
293.15
293.15
293.15
293.148
293.141
293.128
293.121
293.124
293.129
293.134
293.14
293.145
293.167
293.011
294.54
293.15
293.15
293.15
293.15
293.15
293.15
293.15
293.15
293.149
293.145
293.133
293.124
293.126
293.131
293.138
293.142
293.145
293.166
293.022
294.582
293.15
293.15
293.15
293.15
293.15
293.15
293.15
293.15
293.15
293.147
293.138
293.128
293.127
293.133
293.139
293.144
293.144
293.165
293.032
294.626
293.15
293.15
293.15
293.15
293.15
293.15
293.15
293.15
293.15
293.149
293.142
293.132
293.129
293.133
293.139
293.144
293.144
293.165
293.04
294.669
293.15
293.15
293.15
293.15
293.15
293.15
293.15
293.15
293.15
293.149
293.145
293.137
293.131
293.134
293.139
293.144
293.144
293.164
293.047
294.713
293.15
293.15
293.15
293.15
293.15
293.15
293.15
293.15
293.15
293.15
293.147
293.141
293.134
293.135
293.139
293.144
293.144
293.164
293.052
294.756
293.15
293.15
293.15
293.15
293.15
293.15
293.15
293.15
293.15
293.15
293.149
293.144
293.138
293.137
293.14
293.144
293.144
293.164
293.056
294.8
293.15
293.15
293.15
293.15
293.15
293.15
293.15
293.15
293.15
293.15
293.149
293.146
293.141
293.139
293.141
293.145
293.145
293.164
293.059
294.843
293.15
293.15
293.15
293.15
293.15
293.15
293.15
293.15
293.15
293.15
293.15
293.148
293.144
293.141
293.142
293.145
293.145
293.164
293.061
294.884
293.15
293.15
293.15
293.15
293.15
293.15
293.15
293.15
293.15
293.15
293.15
293.149
293.146
293.144
293.144
293.146
293.145
293.164
293.061
294.926
293.15
293.15
293.15
293.15
293.15
293.15
293.15
293.15
293.15
293.15
293.15
293.149
293.147
293.146
293.145
293.147
293.146
293.164
293.061
294.957
293.15
293.15
293.15
293.15
293.15
293.15
293.15
293.15
293.15
293.15
293.15
293.149
293.148
293.147
293.146
293.148
293.146
293.164
293.06
295.043
293.15
293.15
293.15
293.15
293.15
293.149
293.149
293.149
293.149
293.15
293.15
293.15
293.149
293.149
293.148
293.149
293.147
293.161
293.067
294.199
293.149
293.152
293.164
293.173
293.174
293.167
293.158
293.152
293.148
293.147
293.148
293.149
293.149
293.15
293.15
293.15
293.148
293.155
293.112
293.583
293.148
293.199
293.276
293.327
293.33
293.295
293.245
293.201
293.171
293.154
293.147
293.145
293.146
293.147
293.147
293.148
293.147
293.149
293.134
293.268
293.165
293.311
293.449
293.519
293.521
293.471
293.393
293.312
293.243
293.194
293.165
293.15
293.145
293.144
293.144
293.144
293.144
293.146
293.142
293.162
293.223
293.475
293.638
293.686
293.658
293.594
293.521
293.448
293.368
293.288
293.224
293.184
293.162
293.152
293.148
293.147
293.146
293.146
293.145
293.143
293.295
293.612
293.778
293.797
293.734
293.663
293.617
293.583
293.521
293.423
293.323
293.25
293.206
293.182
293.169
293.162
293.157
293.152
293.148
293.143
293.362
293.699
293.859
293.855
293.771
293.706
293.686
293.681
293.648
293.554
293.429
293.327
293.263
293.225
293.202
293.185
293.171
293.159
293.15
293.144
293.418
293.749
293.901
293.884
293.796
293.737
293.718
293.715
293.711
293.648
293.515
293.389
293.309
293.258
293.221
293.192
293.171
293.156
293.147
293.142
293.458
293.776
293.918
293.903
293.82
293.758
293.722
293.705
293.717
293.696
293.572
293.425
293.323
293.25
293.201
293.172
293.155
293.146
293.141
293.14
293.49
293.794
293.914
293.915
293.846
293.78
293.731
293.699
293.707
293.713
293.603
293.432
293.298
293.215
293.176
293.159
293.15
293.145
293.142
293.142
293.519
293.808
293.892
293.914
293.866
293.803
293.748
293.708
293.704
293.719
293.609
293.407
293.266
293.208
293.192
293.182
293.174
293.168
293.166
293.168
293.546
293.817
293.862
293.879
293.853
293.802
293.756
293.72
293.715
293.718
293.574
293.371
293.274
293.255
293.248
293.235
293.226
293.224
293.23
293.242
293.585
293.826
293.842
293.836
293.814
293.79
293.763
293.739
293.73
293.686
293.491
293.367
293.354
293.363
293.346
293.314
293.297
293.302
293.324
293.358
293.619
293.835
293.843
293.832
293.818
293.798
293.773
293.742
293.696
293.603
293.478
293.506
293.566
293.574
293.524
293.451
293.4
293.391
293.418
293.464
293.647
293.844
293.851
293.843
293.821
293.787
293.742
293.683
293.609
293.552
293.662
293.782
293.84
293.825
293.744
293.639
293.556
293.521
293.533
293.573
293.686
293.849
293.846
293.822
293.78
293.726
293.663
293.612
293.622
293.8
293.914
293.929
293.924
293.92
293.872
293.789
293.712
293.671
293.671
293.693
293.706
293.844
293.83
293.786
293.728
293.675
293.653
293.703
293.849
293.926
293.875
293.858
293.874
293.887
293.901
293.867
293.824
293.8
293.793
293.775
293.694
293.833
293.819
293.776
293.729
293.714
293.758
293.849
293.89
293.827
293.774
293.82
293.875
293.87
293.856
293.848
293.821
293.79
293.766
293.772
293.67
293.804
293.83
293.814
293.793
293.798
293.832
293.865
293.836
293.726
293.654
293.707
293.826
293.902
293.918
293.921
293.923
293.913
293.884
293.824
293.575
293.629
293.656
293.687
293.668
293.665
293.663
293.679
293.647
293.586
293.513
293.455
293.499
293.563
293.596
293.629
293.645
293.643
293.665
293.708
294.372
292.5
292.683
292.749
292.801
292.842
292.873
292.896
292.911
292.921
292.928
292.935
292.942
292.949
292.957
292.964
292.972
292.98
292.985
293.007
294.329
292.589
292.714
292.767
292.811
292.85
292.878
292.899
292.914
292.924
292.932
292.939
292.947
292.956
292.964
292.974
292.983
292.993
293
293.028
294.343
292.709
292.798
292.806
292.834
292.865
292.889
292.908
292.921
292.931
292.94
292.949
292.959
292.969
292.981
292.993
293.006
293.02
293.03
293.069
294.38
292.797
292.905
292.859
292.87
292.891
292.908
292.922
292.933
292.943
292.953
292.963
292.976
292.99
293.006
293.022
293.04
293.057
293.072
293.119
294.42
292.858
292.984
292.913
292.913
292.924
292.934
292.941
292.949
292.959
292.969
292.982
292.998
293.016
293.037
293.057
293.08
293.1
293.118
293.165
294.459
292.898
293.035
292.962
292.958
292.961
292.964
292.966
292.97
292.978
292.99
293.005
293.024
293.047
293.071
293.095
293.121
293.141
293.159
293.199
294.494
292.925
293.068
293.004
292.999
292.998
292.995
292.993
292.994
293.001
293.014
293.031
293.054
293.079
293.107
293.132
293.157
293.175
293.19
293.22
294.524
292.943
293.092
293.039
293.035
293.031
293.026
293.021
293.02
293.026
293.039
293.059
293.084
293.112
293.14
293.163
293.184
293.198
293.208
293.231
294.548
292.958
293.11
293.066
293.065
293.061
293.054
293.048
293.045
293.051
293.065
293.087
293.113
293.142
293.168
293.186
293.201
293.211
293.215
293.236
294.566
292.969
293.126
293.088
293.09
293.086
293.079
293.072
293.07
293.076
293.091
293.114
293.141
293.167
293.187
293.199
293.208
293.214
293.217
293.239
294.58
292.979
293.139
293.107
293.111
293.107
293.101
293.095
293.093
293.1
293.115
293.138
293.163
293.184
293.198
293.204
293.208
293.213
293.216
293.241
294.589
292.986
293.152
293.122
293.128
293.124
293.119
293.114
293.114
293.121
293.137
293.159
293.18
293.194
293.201
293.202
293.204
293.209
293.214
293.245
294.593
292.992
293.162
293.135
293.141
293.139
293.135
293.131
293.132
293.14
293.156
293.175
293.19
293.198
293.199
293.198
293.199
293.206
293.215
293.25
294.595
292.996
293.171
293.144
293.151
293.15
293.148
293.145
293.147
293.156
293.171
293.185
293.194
293.196
293.195
293.193
293.195
293.204
293.217
293.256
294.595
292.999
293.177
293.15
293.158
293.157
293.157
293.157
293.16
293.169
293.18
293.19
293.194
293.193
293.191
293.19
293.193
293.204
293.221
293.264
294.594
293.001
293.182
293.153
293.162
293.162
293.164
293.165
293.169
293.177
293.185
293.19
293.191
293.189
293.188
293.188
293.192
293.206
293.226
293.271
294.592
293.001
293.185
293.155
293.164
293.165
293.167
293.17
293.175
293.181
293.186
293.188
293.188
293.187
293.187
293.188
293.193
293.209
293.233
293.279
294.591
293
293.186
293.157
293.167
293.167
293.168
293.172
293.177
293.182
293.185
293.185
293.186
293.187
293.188
293.189
293.196
293.215
293.241
293.287
294.583
292.999
293.188
293.161
293.174
293.171
293.169
293.172
293.177
293.181
293.183
293.183
293.185
293.189
293.19
293.192
293.2
293.222
293.25
293.294
294.619
292.998
293.191
293.17
293.185
293.179
293.172
293.171
293.176
293.179
293.181
293.183
293.188
293.192
293.193
293.196
293.206
293.231
293.259
293.3
294.032
293.01
293.201
293.18
293.182
293.185
293.184
293.177
293.175
293.177
293.181
293.19
293.2
293.204
293.206
293.213
293.229
293.258
293.28
293.312
293.618
293.074
293.199
293.107
293.072
293.128
293.186
293.203
293.193
293.188
293.196
293.214
293.227
293.229
293.234
293.25
293.277
293.306
293.312
293.327
293.511
293.147
293.124
292.866
292.824
292.927
293.096
293.211
293.237
293.228
293.233
293.253
293.261
293.261
293.276
293.303
293.334
293.349
293.337
293.338
294.417
293.163
293.028
292.809
292.762
292.792
292.968
293.177
293.274
293.282
293.284
293.297
293.298
293.31
293.331
293.355
293.379
293.377
293.356
293.345
295.101
293.82
293.186
293.066
292.958
292.893
292.974
293.177
293.314
293.335
293.334
293.338
293.354
293.38
293.392
293.398
293.406
293.395
293.371
293.353
294.519
294.379
293.789
293.435
293.165
293.064
293.108
293.266
293.375
293.378
293.377
293.399
293.439
293.462
293.456
293.439
293.427
293.412
293.387
293.364
293.549
294.248
294.137
293.725
293.303
293.188
293.265
293.383
293.424
293.419
293.442
293.491
293.532
293.54
293.523
293.489
293.458
293.437
293.41
293.381
293.154
293.886
294.149
293.829
293.383
293.282
293.392
293.461
293.464
293.479
293.527
293.576
293.6
293.6
293.58
293.546
293.504
293.472
293.444
293.404
293.156
293.696
294.067
293.815
293.415
293.367
293.481
293.506
293.51
293.547
293.599
293.639
293.659
293.654
293.627
293.591
293.553
293.515
293.484
293.434
293.223
293.697
294.033
293.756
293.426
293.449
293.536
293.54
293.56
293.609
293.666
293.711
293.729
293.714
293.674
293.622
293.582
293.551
293.522
293.464
293.298
293.827
294.025
293.651
293.441
293.524
293.567
293.572
293.609
293.671
293.737
293.782
293.793
293.774
293.725
293.654
293.594
293.567
293.548
293.488
293.4
294.022
293.888
293.532
293.502
293.577
293.588
293.605
293.656
293.727
293.795
293.835
293.846
293.83
293.778
293.691
293.604
293.566
293.559
293.507
293.681
294.023
293.642
293.532
293.575
293.604
293.608
293.636
293.695
293.77
293.831
293.868
293.886
293.877
293.83
293.733
293.619
293.559
293.56
293.519
293.939
293.734
293.559
293.594
293.619
293.621
293.625
293.658
293.718
293.788
293.842
293.878
293.897
293.896
293.866
293.774
293.637
293.553
293.556
293.526
293.898
293.547
293.6
293.623
293.632
293.636
293.641
293.668
293.718
293.776
293.826
293.86
293.877
293.884
293.878
293.8
293.65
293.546
293.551
293.535
293.785
293.665
293.757
293.734
293.694
293.662
293.651
293.664
293.698
293.742
293.784
293.815
293.833
293.856
293.874
293.807
293.649
293.537
293.548
293.535
293.712
293.803
293.895
293.966
293.999
293.918
293.784
293.703
293.687
293.706
293.737
293.764
293.793
293.841
293.869
293.793
293.627
293.525
293.549
293.534
293.616
293.767
293.841
293.875
293.904
293.968
294.003
293.939
293.842
293.789
293.779
293.788
293.815
293.856
293.853
293.745
293.582
293.512
293.556
293.535
293.799
293.874
293.906
293.892
293.867
293.878
293.951
294.02
294.029
293.98
293.904
293.844
293.821
293.812
293.762
293.644
293.521
293.509
293.565
293.527
293.952
293.883
293.794
293.696
293.673
293.69
293.734
293.758
293.753
293.714
293.656
293.617
293.591
293.568
293.53
293.494
293.471
293.49
293.522
293.499
)
;

boundaryField
{
    left_open
    {
        type            inletOutlet;
        inletValue      uniform 293.15;
        value           nonuniform List<scalar> 
40
(
293.15
293.15
293.15
293.15
293.15
293.15
293.15
293.15
293.15
293.15
293.15
293.15
293.15
293.15
293.15
293.15
293.15
293.15
293.15
293.15
293.15
293.15
293.15
293.15
293.15
293.15
293.15
293.15
293.15
293.15
293.15
293.15
293.581
293.615
293.15
293.681
293.703
293.691
293.667
293.574
)
;
    }
    right_open
    {
        type            inletOutlet;
        inletValue      uniform 293.15;
        value           nonuniform List<scalar> 
40
(
293.006
293.027
293.069
293.119
293.164
293.199
293.22
293.231
293.237
293.239
293.242
293.245
293.25
293.256
293.263
293.271
293.279
293.286
293.293
293.3
293.312
293.327
293.337
293.344
293.352
293.363
293.38
293.15
293.431
293.461
293.486
293.15
293.518
293.526
293.534
293.15
293.15
293.535
293.527
293.498
)
;
    }
    base_side
    {
        type            zeroGradient;
    }
    top
    {
        type            inletOutlet;
        inletValue      uniform 293.15;
        value           nonuniform List<scalar> 
65
(
293.574
293.15
293.651
293.685
293.15
293.663
293.15
293.675
293.643
293.586
293.514
293.454
293.15
293.561
293.591
293.625
293.15
293.639
293.658
293.704
293.15
293.15
293.15
293.731
293.15
293.779
293.816
293.15
293.901
293.928
293.958
293.978
293.988
293.15
293.15
294.022
294.037
294.053
294.071
294.062
294.055
293.15
294.013
294.009
293.985
293.15
293.15
293.782
293.15
293.678
293.15
293.15
293.755
293.15
293.704
293.649
293.613
293.15
293.15
293.527
293.491
293.47
293.49
293.521
293.498
)
;
    }
    front
    {
        type            empty;
    }
    back
    {
        type            empty;
    }
    air_to_aluminum
    {
        type            compressible::turbulentTemperatureCoupledBaffleMixed;
        refValue        nonuniform List<scalar> 
129
(
305.595
305.588
305.573
305.552
305.666
305.717
305.763
305.8
305.8
305.763
305.717
305.666
305.595
305.588
305.573
305.552
305.525
305.551
305.496
305.508
305.466
305.473
305.437
305.441
305.41
305.412
305.385
305.386
305.361
305.363
305.34
305.341
305.322
305.323
305.305
305.306
305.291
305.292
305.279
305.28
305.269
305.27
305.261
305.262
305.256
305.257
305.253
305.253
305.254
305.254
305.254
305.254
305.788
305.757
305.727
305.699
305.673
305.649
305.627
305.607
305.589
305.574
305.56
305.549
305.54
305.533
305.528
305.525
305.525
305.525
305.525
305.525
305.525
305.525
305.788
305.757
305.727
305.699
305.673
305.649
305.627
305.607
305.589
305.574
305.56
305.549
305.54
305.533
305.528
305.525
305.525
305.525
305.525
305.551
305.508
305.472
305.441
305.412
305.386
305.363
305.341
305.323
305.306
305.292
305.28
305.27
305.263
305.258
305.255
305.525
305.496
305.466
305.437
305.41
305.385
305.361
305.34
305.322
305.305
305.291
305.279
305.269
305.262
305.257
305.255
305.255
305.254
305.254
305.254
)
;
        refGradient     uniform 0;
        valueFraction   nonuniform List<scalar> 
129
(
0.999971
0.999971
0.999971
0.999971
0.999855
0.999855
0.999855
0.999855
0.999855
0.999855
0.999855
0.999855
0.999971
0.999971
0.999971
0.999971
0.999971
0.999855
0.999971
0.999855
0.999971
0.999855
0.999971
0.999855
0.999971
0.999855
0.999971
0.999855
0.999971
0.999855
0.999971
0.999855
0.999971
0.999855
0.999971
0.999855
0.999971
0.999855
0.999971
0.999855
0.999971
0.999855
0.999971
0.999855
0.999971
0.999855
0.999964
0.999971
0.999964
0.999964
0.999855
0.999964
0.999918
0.999918
0.999918
0.999918
0.999918
0.999918
0.999918
0.999918
0.999918
0.999918
0.999918
0.999918
0.999918
0.999918
0.999918
0.999918
0.999964
0.999964
0.999964
0.999964
0.999964
0.999964
0.999918
0.999918
0.999918
0.999918
0.999918
0.999918
0.999918
0.999918
0.999918
0.999918
0.999918
0.999918
0.999918
0.999918
0.999918
0.999964
0.999964
0.999918
0.999964
0.999855
0.999855
0.999855
0.999855
0.999855
0.999855
0.999855
0.999855
0.999855
0.999855
0.999855
0.999855
0.999855
0.999855
0.999855
0.999855
0.999971
0.999971
0.999971
0.999971
0.999971
0.999971
0.999971
0.999971
0.999971
0.999971
0.999971
0.999971
0.999971
0.999971
0.999971
0.999964
0.999964
0.999964
0.999964
0.999971
)
;
        value           nonuniform List<scalar> 
129
(
305.595
305.588
305.573
305.551
305.666
305.717
305.763
305.8
305.8
305.763
305.717
305.666
305.595
305.588
305.573
305.551
305.525
305.551
305.495
305.508
305.466
305.473
305.437
305.441
305.41
305.412
305.384
305.386
305.361
305.363
305.34
305.341
305.321
305.323
305.305
305.306
305.29
305.292
305.278
305.28
305.269
305.27
305.261
305.262
305.256
305.257
305.253
305.253
305.253
305.254
305.254
305.254
305.788
305.757
305.727
305.699
305.673
305.649
305.627
305.607
305.589
305.574
305.56
305.549
305.54
305.533
305.528
305.525
305.525
305.525
305.525
305.525
305.525
305.525
305.788
305.757
305.727
305.699
305.673
305.649
305.627
305.607
305.589
305.574
305.56
305.549
305.54
305.533
305.528
305.525
305.525
305.525
305.525
305.551
305.508
305.472
305.441
305.412
305.386
305.363
305.341
305.323
305.306
305.292
305.28
305.27
305.263
305.257
305.255
305.525
305.495
305.466
305.437
305.41
305.384
305.361
305.34
305.321
305.305
305.291
305.279
305.269
305.262
305.256
305.255
305.255
305.254
305.254
305.254
)
;
        Tnbr            T;
        thicknessLayers 0();
        kappaLayers     0();
        kappaMethod     fluidThermo;
        kappa           none;
        alphaAni        none;
        alpha           none;
    }
}


// ************************************************************************* //
