/*--------------------------------*- C++ -*----------------------------------*\
| =========                 |                                                 |
| \\      /  F ield         | OpenFOAM: The Open Source CFD Toolbox           |
|  \\    /   O peration     | Version:                                        |
|   \\  /    A nd           | Website:  www.openfoam.com                      |
|    \\/     M anipulation  |                                                 |
\*---------------------------------------------------------------------------*/
FoamFile
{
    version     2.0;
    format      ascii;
    class       volScalarField;
    location    "1400/air";
    object      T;
}
// * * * * * * * * * * * * * * * * * * * * * * * * * * * * * * * * * * * * * //

dimensions      [0 0 0 1 0 0 0];


internalField   nonuniform List<scalar> 
2228
(
303.592
303.657
303.711
303.757
303.529
303.591
303.654
303.715
303.486
303.545
303.613
303.681
303.452
303.511
303.58
303.651
303.423
303.482
303.552
303.624
303.397
303.455
303.526
303.599
303.373
303.43
303.501
303.576
303.35
303.404
303.476
303.554
303.327
303.373
303.447
303.532
303.301
303.333
303.41
303.508
303.268
303.273
303.356
303.48
303.221
303.174
303.272
303.443
303.151
303.01
303.132
303.39
303.04
302.736
302.897
303.308
302.851
302.278
302.488
303.171
302.41
301.527
301.763
302.842
303.757
303.711
303.657
303.592
303.715
303.654
303.591
303.528
303.68
303.612
303.545
303.486
303.65
303.579
303.509
303.452
303.623
303.549
303.478
303.422
303.597
303.519
303.448
303.394
303.571
303.488
303.414
303.367
303.544
303.45
303.374
303.338
303.515
303.4
303.319
303.305
303.478
303.324
303.232
303.261
303.425
303.192
303.064
303.193
303.34
302.938
302.721
303.072
303.196
302.477
302.133
302.879
302.986
301.816
301.392
302.654
302.749
301.127
300.668
302.449
302.587
300.63
299.996
302.134
295.406
296.196
297.02
297.798
293.163
293.116
293.202
293.396
293.116
293.036
292.943
292.864
293.143
293.129
293.097
293.047
293.161
293.158
293.153
293.143
293.188
293.182
293.177
293.173
293.205
293.202
293.197
293.191
293.209
293.209
293.207
293.204
293.206
293.208
293.209
293.209
293.203
293.205
293.207
293.208
293.196
293.2
293.202
293.204
293.187
293.191
293.193
293.195
293.177
293.179
293.182
293.183
293.168
293.17
293.171
293.173
293.161
293.164
293.165
293.165
293.154
293.157
293.159
293.16
293.155
293.151
293.15
293.15
293.194
293.173
293.158
293.147
293.3
293.268
293.24
293.216
293.34
293.336
293.33
293.321
298.372
298.645
298.892
299.494
293.697
294.013
294.305
294.631
292.823
292.83
292.882
292.973
292.98
292.908
292.84
292.788
293.121
293.084
293.032
292.968
293.168
293.158
293.14
293.109
293.186
293.182
293.177
293.167
293.199
293.195
293.191
293.186
293.206
293.203
293.199
293.195
293.208
293.206
293.203
293.2
293.204
293.204
293.203
293.2
293.196
293.197
293.196
293.195
293.185
293.185
293.186
293.186
293.173
293.174
293.174
293.175
293.166
293.166
293.166
293.166
293.161
293.161
293.16
293.159
293.151
293.151
293.151
293.149
293.14
293.134
293.129
293.124
293.196
293.179
293.165
293.159
293.309
293.298
293.298
293.325
299.966
300.323
300.681
294.929
295.187
295.498
293.073
293.17
293.296
292.759
292.749
292.752
292.912
292.87
292.829
293.075
293.044
293.008
293.154
293.141
293.123
293.182
293.178
293.171
293.192
293.19
293.187
293.197
293.195
293.193
293.198
293.196
293.194
293.194
293.193
293.191
293.185
293.184
293.184
293.174
293.174
293.174
293.165
293.165
293.165
293.158
293.157
293.156
293.147
293.146
293.143
293.121
293.119
293.118
293.165
293.179
293.204
293.379
293.436
293.505
300.899
301.001
301.09
295.736
295.87
296.012
293.399
293.46
293.529
292.762
292.771
292.783
292.802
292.789
292.776
292.981
292.966
292.951
293.108
293.099
293.09
293.166
293.162
293.158
293.185
293.184
293.183
293.192
293.191
293.19
293.193
293.192
293.192
293.19
293.19
293.19
293.183
293.183
293.183
293.174
293.174
293.174
293.165
293.164
293.164
293.155
293.155
293.155
293.141
293.14
293.139
293.119
293.12
293.121
293.232
293.248
293.265
293.554
293.577
293.6
301.234
301.347
301.386
296.297
296.732
297.169
293.679
293.951
294.28
292.814
292.89
293.006
292.755
292.732
292.724
292.921
292.875
292.829
293.069
293.034
292.995
293.149
293.131
293.108
293.179
293.173
293.163
293.189
293.186
293.183
293.191
293.189
293.188
293.189
293.187
293.186
293.182
293.182
293.181
293.173
293.173
293.173
293.164
293.164
293.163
293.154
293.152
293.15
293.137
293.134
293.13
293.123
293.129
293.137
293.298
293.359
293.424
293.644
293.7
293.742
301.373
300.106
298.695
299.367
297.841
298.211
297.907
297.674
294.852
295.635
296.184
296.38
293.256
293.736
294.32
294.815
292.755
292.894
293.169
293.537
292.775
292.742
292.779
292.909
292.933
292.854
292.794
292.776
293.067
293.002
292.929
292.863
293.144
293.106
293.054
292.992
293.176
293.159
293.131
293.092
293.185
293.179
293.167
293.148
293.185
293.183
293.179
293.171
293.18
293.179
293.178
293.176
293.173
293.173
293.173
293.172
293.162
293.161
293.16
293.158
293.147
293.142
293.137
293.13
293.124
293.116
293.107
293.098
293.151
293.172
293.195
293.221
293.518
293.63
293.728
293.808
293.789
293.825
293.859
293.897
300.559
299.737
297.927
296.328
298.22
296.806
294.541
293.578
296.761
296.595
295.185
293.797
295.239
295.686
295.693
295.096
293.903
294.325
294.801
295.108
293.103
293.338
293.67
294.163
292.813
292.891
293.015
293.29
292.819
292.803
292.807
292.87
292.93
292.877
292.833
292.796
293.043
292.99
292.937
292.875
293.119
293.082
293.04
292.986
293.157
293.137
293.111
293.077
293.171
293.162
293.149
293.131
293.171
293.168
293.163
293.155
293.156
293.154
293.15
293.143
293.122
293.114
293.105
293.097
293.091
293.088
293.092
293.104
293.26
293.317
293.385
293.442
293.87
293.921
293.957
293.982
293.924
293.966
293.989
294.023
293.043
292.978
292.94
292.905
292.881
292.864
292.855
292.85
292.849
292.85
292.852
292.857
292.867
292.874
292.863
292.839
292.817
292.814
292.916
294.308
293.023
292.959
292.926
292.897
292.877
292.865
292.858
292.855
292.855
292.856
292.858
292.863
292.871
292.874
292.86
292.837
292.819
292.83
292.992
294.292
293.005
292.944
292.918
292.895
292.88
292.871
292.866
292.865
292.866
292.867
292.869
292.873
292.877
292.876
292.863
292.847
292.838
292.856
293.036
294.316
293.002
292.946
292.924
292.904
292.892
292.885
292.881
292.88
292.88
292.881
292.881
292.883
292.884
292.882
292.876
292.875
292.874
292.881
293.035
294.354
293.017
292.965
292.944
292.925
292.913
292.906
292.902
292.9
292.898
292.896
292.894
292.893
292.893
292.893
292.899
292.912
292.92
292.915
293.024
294.396
293.045
292.998
292.975
292.956
292.943
292.934
292.929
292.925
292.919
292.912
292.906
292.903
292.904
292.909
292.924
292.946
292.961
292.957
293.016
294.439
293.077
293.037
293.014
292.994
292.979
292.968
292.961
292.955
292.945
292.932
292.919
292.914
292.916
292.925
292.945
292.968
292.987
292.997
293.012
294.484
293.106
293.075
293.054
293.035
293.018
293.006
292.997
292.989
292.978
292.959
292.937
292.925
292.927
292.939
292.958
292.976
292.994
293.028
293.013
294.53
293.127
293.107
293.09
293.073
293.057
293.044
293.033
293.025
293.014
292.993
292.962
292.938
292.937
292.948
292.964
292.975
292.991
293.044
293.019
294.578
293.14
293.128
293.117
293.104
293.091
293.079
293.068
293.059
293.05
293.032
292.996
292.957
292.945
292.954
292.967
292.973
292.986
293.048
293.027
294.626
293.147
293.141
293.134
293.126
293.117
293.107
293.097
293.089
293.081
293.068
293.038
292.989
292.958
292.959
292.968
292.972
292.987
293.053
293.033
294.675
293.149
293.147
293.144
293.139
293.134
293.127
293.12
293.113
293.107
293.098
293.077
293.031
292.982
292.968
292.971
292.975
292.993
293.061
293.037
294.722
293.15
293.149
293.148
293.146
293.143
293.139
293.135
293.13
293.125
293.119
293.107
293.074
293.021
292.989
292.982
292.985
293.006
293.072
293.041
294.767
293.15
293.15
293.149
293.149
293.147
293.146
293.143
293.14
293.137
293.133
293.126
293.108
293.066
293.025
293.006
293.005
293.024
293.086
293.043
294.809
293.15
293.15
293.15
293.15
293.149
293.148
293.147
293.146
293.144
293.142
293.138
293.129
293.103
293.067
293.042
293.034
293.048
293.102
293.044
294.845
293.15
293.15
293.15
293.15
293.15
293.15
293.149
293.148
293.148
293.146
293.145
293.141
293.128
293.103
293.08
293.069
293.075
293.119
293.044
294.874
293.15
293.15
293.15
293.15
293.15
293.15
293.15
293.15
293.149
293.149
293.148
293.146
293.141
293.128
293.112
293.101
293.1
293.134
293.042
294.893
293.15
293.15
293.15
293.15
293.15
293.15
293.15
293.15
293.15
293.149
293.149
293.148
293.147
293.141
293.132
293.125
293.119
293.148
293.039
294.903
293.15
293.15
293.15
293.15
293.15
293.15
293.15
293.15
293.15
293.15
293.15
293.149
293.149
293.147
293.143
293.139
293.132
293.158
293.034
294.893
293.15
293.15
293.15
293.15
293.15
293.15
293.15
293.15
293.15
293.15
293.15
293.15
293.15
293.149
293.147
293.146
293.139
293.164
293.031
294.921
293.15
293.15
293.15
293.15
293.15
293.15
293.15
293.15
293.15
293.15
293.15
293.15
293.15
293.15
293.15
293.15
293.145
293.17
293.036
293.998
293.15
293.15
293.15
293.15
293.151
293.151
293.151
293.151
293.151
293.151
293.15
293.15
293.15
293.15
293.15
293.151
293.148
293.161
293.103
293.37
293.151
293.157
293.162
293.164
293.165
293.163
293.161
293.16
293.158
293.156
293.155
293.155
293.154
293.154
293.154
293.154
293.153
293.156
293.139
293.185
293.187
293.25
293.257
293.239
293.218
293.202
293.192
293.188
293.185
293.183
293.181
293.18
293.18
293.181
293.183
293.186
293.185
293.179
293.167
293.154
293.256
293.391
293.379
293.307
293.259
293.245
293.245
293.248
293.248
293.245
293.24
293.235
293.231
293.226
293.222
293.218
293.215
293.213
293.203
293.176
293.349
293.515
293.443
293.332
293.294
293.294
293.292
293.284
293.274
293.264
293.254
293.242
293.23
293.221
293.216
293.209
293.203
293.204
293.213
293.201
293.434
293.581
293.455
293.343
293.32
293.31
293.289
293.27
293.255
293.244
293.233
293.227
293.228
293.233
293.232
293.219
293.201
293.19
293.2
293.207
293.466
293.595
293.445
293.349
293.328
293.306
293.28
293.258
293.243
293.236
293.238
293.249
293.268
293.281
293.277
293.252
293.215
293.187
293.189
293.203
293.468
293.588
293.433
293.356
293.337
293.316
293.291
293.265
293.249
293.25
293.265
293.293
293.323
293.342
293.337
293.301
293.243
293.193
293.18
293.197
293.455
293.578
293.429
293.368
293.353
293.339
293.316
293.283
293.265
293.272
293.299
293.337
293.377
293.404
293.403
293.362
293.286
293.208
293.175
293.193
293.455
293.57
293.431
293.38
293.364
293.361
293.343
293.309
293.288
293.297
293.328
293.374
293.42
293.455
293.462
293.427
293.342
293.236
293.174
293.182
293.445
293.566
293.437
293.386
293.373
293.383
293.369
293.338
293.32
293.328
293.361
293.409
293.456
293.491
293.504
293.483
293.404
293.279
293.182
293.17
293.426
293.564
293.44
293.379
293.391
293.41
293.399
293.377
293.367
293.378
293.41
293.453
293.491
293.515
293.526
293.52
293.463
293.334
293.202
293.161
293.411
293.563
293.438
293.375
293.408
293.436
293.437
293.428
293.426
293.439
293.463
293.492
293.513
293.523
293.53
293.535
293.509
293.395
293.236
293.158
293.394
293.562
293.433
293.373
293.409
293.442
293.46
293.468
293.475
293.484
293.497
293.508
293.513
293.515
293.52
293.531
293.532
293.455
293.284
293.162
293.389
293.56
293.441
293.365
293.388
293.419
293.443
293.461
293.475
293.485
293.493
293.497
293.5
293.503
293.508
293.519
293.535
293.503
293.345
293.18
293.388
293.555
293.471
293.381
293.366
293.385
293.41
293.435
293.455
293.469
293.48
293.488
293.494
293.497
293.498
293.503
293.525
293.529
293.409
293.222
293.386
293.544
293.515
293.452
293.42
293.415
293.425
293.44
293.456
293.468
293.478
293.484
293.487
293.485
293.481
293.48
293.503
293.529
293.458
293.296
293.405
293.537
293.554
293.538
293.523
293.514
293.507
293.498
293.49
293.482
293.475
293.466
293.455
293.446
293.439
293.437
293.463
293.498
293.456
293.377
293.386
293.479
293.508
293.472
293.441
293.415
293.396
293.379
293.373
293.37
293.372
293.368
293.359
293.354
293.359
293.359
293.375
293.378
293.366
293.349
294.314
292.745
292.728
292.829
292.955
293.047
293.079
293.077
293.068
293.065
293.073
293.099
293.134
293.152
293.152
293.15
293.15
293.15
293.15
293.15
294.277
292.815
292.761
292.837
292.946
293.038
293.078
293.081
293.072
293.067
293.072
293.096
293.132
293.152
293.152
293.15
293.15
293.15
293.15
293.15
294.278
292.88
292.851
292.893
292.963
293.037
293.078
293.085
293.078
293.07
293.073
293.094
293.131
293.152
293.151
293.15
293.15
293.15
293.15
293.15
294.293
292.913
292.966
292.978
293.003
293.05
293.083
293.09
293.084
293.075
293.075
293.095
293.131
293.151
293.151
293.15
293.15
293.15
293.15
293.15
294.313
292.937
293.07
293.053
293.049
293.072
293.091
293.096
293.09
293.081
293.08
293.099
293.134
293.151
293.151
293.15
293.15
293.15
293.15
293.15
294.335
292.963
293.129
293.097
293.085
293.093
293.101
293.102
293.095
293.087
293.087
293.106
293.138
293.151
293.15
293.15
293.15
293.15
293.15
293.15
294.359
292.983
293.152
293.119
293.109
293.109
293.11
293.107
293.101
293.094
293.094
293.114
293.143
293.151
293.15
293.15
293.15
293.15
293.15
293.15
294.383
292.997
293.16
293.129
293.123
293.12
293.118
293.113
293.106
293.101
293.103
293.123
293.146
293.151
293.15
293.15
293.15
293.15
293.15
293.15
294.406
293.006
293.163
293.134
293.131
293.127
293.124
293.119
293.113
293.108
293.113
293.132
293.148
293.15
293.15
293.15
293.15
293.15
293.15
293.15
294.428
293.013
293.165
293.137
293.136
293.133
293.129
293.124
293.119
293.117
293.123
293.14
293.15
293.15
293.15
293.15
293.15
293.15
293.15
293.15
294.449
293.018
293.166
293.14
293.14
293.137
293.134
293.13
293.126
293.125
293.132
293.144
293.15
293.15
293.15
293.15
293.15
293.15
293.15
293.15
294.468
293.021
293.166
293.142
293.144
293.141
293.139
293.136
293.133
293.133
293.139
293.147
293.15
293.15
293.15
293.15
293.15
293.15
293.15
293.15
294.486
293.023
293.167
293.144
293.146
293.144
293.143
293.14
293.139
293.14
293.144
293.149
293.15
293.15
293.15
293.15
293.15
293.15
293.15
293.15
294.502
293.024
293.167
293.145
293.148
293.146
293.145
293.144
293.143
293.144
293.147
293.15
293.15
293.15
293.15
293.15
293.15
293.15
293.15
293.15
294.518
293.025
293.168
293.146
293.149
293.148
293.147
293.147
293.146
293.147
293.149
293.15
293.15
293.15
293.15
293.15
293.15
293.15
293.15
293.15
294.531
293.024
293.168
293.146
293.15
293.149
293.149
293.148
293.148
293.149
293.149
293.15
293.15
293.15
293.15
293.151
293.151
293.151
293.15
293.15
294.543
293.023
293.168
293.146
293.15
293.149
293.149
293.149
293.149
293.149
293.15
293.15
293.15
293.15
293.151
293.152
293.153
293.152
293.151
293.15
294.554
293.023
293.168
293.147
293.15
293.149
293.149
293.149
293.149
293.15
293.15
293.15
293.15
293.15
293.152
293.156
293.159
293.158
293.153
293.15
294.556
293.023
293.168
293.147
293.15
293.149
293.15
293.149
293.149
293.15
293.15
293.15
293.15
293.152
293.156
293.165
293.173
293.171
293.159
293.15
294.598
293.027
293.168
293.147
293.15
293.149
293.149
293.149
293.149
293.149
293.149
293.15
293.15
293.154
293.165
293.184
293.199
293.195
293.171
293.151
293.986
293.051
293.164
293.147
293.15
293.149
293.149
293.149
293.149
293.148
293.148
293.149
293.156
293.178
293.22
293.272
293.301
293.282
293.22
293.157
293.617
293.106
293.156
293.148
293.149
293.148
293.147
293.146
293.146
293.147
293.152
293.167
293.206
293.283
293.386
293.47
293.494
293.439
293.309
293.17
293.479
293.145
293.151
293.148
293.147
293.146
293.145
293.144
293.146
293.152
293.17
293.213
293.3
293.432
293.566
293.652
293.663
293.58
293.405
293.193
293.92
293.176
293.147
293.147
293.146
293.145
293.145
293.146
293.15
293.164
293.2
293.278
293.413
293.579
293.714
293.779
293.764
293.675
293.5
293.237
294.435
293.368
293.144
293.144
293.143
293.144
293.147
293.153
293.161
293.18
293.232
293.346
293.519
293.696
293.805
293.825
293.789
293.731
293.586
293.296
294.489
293.635
293.146
293.139
293.142
293.149
293.153
293.159
293.174
293.199
293.262
293.405
293.605
293.772
293.838
293.814
293.79
293.781
293.673
293.35
294.224
293.806
293.154
293.143
293.161
293.181
293.185
293.177
293.181
293.213
293.286
293.452
293.667
293.813
293.833
293.789
293.796
293.842
293.76
293.4
293.902
293.879
293.175
293.19
293.245
293.258
293.258
293.229
293.203
293.222
293.305
293.486
293.707
293.83
293.817
293.772
293.811
293.897
293.822
293.46
293.636
293.904
293.252
293.308
293.416
293.376
293.35
293.307
293.254
293.238
293.32
293.51
293.731
293.833
293.802
293.763
293.823
293.921
293.825
293.522
293.433
293.899
293.406
293.449
293.645
293.512
293.435
293.384
293.314
293.268
293.338
293.53
293.744
293.831
293.792
293.758
293.83
293.904
293.773
293.554
293.28
293.842
293.61
293.568
293.855
293.647
293.503
293.447
293.365
293.31
293.367
293.552
293.753
293.827
293.786
293.755
293.832
293.856
293.712
293.56
293.174
293.715
293.761
293.722
293.952
293.753
293.554
293.498
293.417
293.37
293.416
293.581
293.76
293.824
293.786
293.751
293.832
293.8
293.683
293.568
293.112
293.535
293.781
293.84
294.032
293.8
293.593
293.551
293.487
293.452
293.488
293.62
293.769
293.823
293.792
293.749
293.838
293.768
293.693
293.573
293.088
293.337
293.668
293.859
294.074
293.792
293.623
293.608
293.576
293.556
293.578
293.668
293.78
293.823
293.796
293.751
293.84
293.773
293.733
293.594
293.081
293.17
293.487
293.805
294.069
293.737
293.655
293.666
293.661
293.657
293.671
293.72
293.793
293.822
293.788
293.758
293.817
293.797
293.789
293.636
293.079
293.099
293.352
293.778
294.018
293.688
293.696
293.716
293.717
293.718
293.73
293.756
293.797
293.807
293.77
293.763
293.795
293.815
293.846
293.698
293.18
293.198
293.372
293.882
293.906
293.652
293.716
293.764
293.77
293.736
293.732
293.746
293.766
293.765
293.75
293.766
293.783
293.84
293.892
293.745
293.509
293.517
293.621
294.106
293.771
293.6
293.667
293.693
293.669
293.645
293.67
293.731
293.782
293.804
293.809
293.803
293.809
293.883
293.914
293.754
294.017
294.001
293.996
294.245
293.722
293.511
293.53
293.538
293.53
293.534
293.555
293.596
293.66
293.728
293.783
293.824
293.865
293.889
293.852
293.708
294.097
294.202
294.213
294.192
293.824
293.515
293.428
293.448
293.473
293.488
293.502
293.518
293.549
293.587
293.626
293.646
293.637
293.605
293.586
293.577
)
;

boundaryField
{
    left_open
    {
        type            inletOutlet;
        inletValue      uniform 293.15;
        value           nonuniform List<scalar> 
40
(
293.045
293.025
293.007
293.004
293.018
293.046
293.078
293.106
293.127
293.15
293.15
293.15
293.15
293.15
293.15
293.15
293.15
293.15
293.15
293.15
293.15
293.15
293.15
293.15
293.15
293.15
293.15
293.15
293.15
293.15
293.15
293.15
293.15
293.411
293.15
293.389
293.388
293.15
293.405
293.386
)
;
    }
    right_open
    {
        type            inletOutlet;
        inletValue      uniform 293.15;
        value           nonuniform List<scalar> 
40
(
293.15
293.15
293.15
293.15
293.15
293.15
293.15
293.15
293.15
293.15
293.15
293.15
293.15
293.15
293.15
293.15
293.15
293.15
293.15
293.15
293.15
293.15
293.15
293.15
293.15
293.15
293.15
293.15
293.15
293.15
293.15
293.569
293.15
293.15
293.628
293.689
293.738
293.749
293.705
293.576
)
;
    }
    base_side
    {
        type            zeroGradient;
    }
    top
    {
        type            inletOutlet;
        inletValue      uniform 293.15;
        value           nonuniform List<scalar> 
65
(
293.15
293.15
293.507
293.15
293.438
293.15
293.395
293.378
293.373
293.15
293.372
293.367
293.358
293.15
293.359
293.359
293.374
293.378
293.366
293.349
293.341
293.337
293.332
293.324
293.314
293.301
293.292
293.298
293.328
293.366
293.421
293.468
293.492
293.515
293.561
293.63
293.689
293.754
293.15
293.15
293.884
293.15
293.15
293.15
293.15
293.15
293.15
294.223
294.172
293.784
293.491
293.424
293.451
293.475
293.489
293.503
293.519
293.55
293.589
293.626
293.644
293.635
293.603
293.585
293.576
)
;
    }
    front
    {
        type            empty;
    }
    back
    {
        type            empty;
    }
    air_to_aluminum
    {
        type            compressible::turbulentTemperatureCoupledBaffleMixed;
        refValue        nonuniform List<scalar> 
129
(
303.583
303.576
303.561
303.54
303.654
303.704
303.749
303.786
303.786
303.749
303.704
303.654
303.583
303.576
303.561
303.54
303.513
303.539
303.484
303.496
303.455
303.461
303.426
303.429
303.399
303.401
303.374
303.375
303.351
303.352
303.33
303.331
303.311
303.312
303.295
303.296
303.281
303.282
303.269
303.27
303.259
303.26
303.252
303.253
303.247
303.248
303.244
303.244
303.245
303.245
303.245
303.245
303.774
303.743
303.713
303.684
303.658
303.634
303.612
303.592
303.574
303.559
303.545
303.534
303.525
303.518
303.513
303.51
303.51
303.511
303.511
303.511
303.511
303.511
303.774
303.743
303.713
303.684
303.658
303.634
303.612
303.592
303.574
303.559
303.545
303.534
303.525
303.518
303.513
303.511
303.51
303.51
303.51
303.539
303.496
303.461
303.429
303.401
303.375
303.352
303.331
303.312
303.296
303.282
303.27
303.26
303.253
303.248
303.245
303.513
303.484
303.455
303.426
303.399
303.374
303.351
303.33
303.311
303.295
303.281
303.269
303.26
303.252
303.247
303.245
303.245
303.245
303.245
303.245
)
;
        refGradient     uniform 0;
        valueFraction   nonuniform List<scalar> 
129
(
0.999971
0.999971
0.999971
0.999971
0.999855
0.999855
0.999855
0.999855
0.999855
0.999855
0.999855
0.999855
0.999971
0.999971
0.999971
0.999971
0.999971
0.999855
0.999971
0.999855
0.999971
0.999855
0.999971
0.999855
0.999971
0.999855
0.999971
0.999855
0.999971
0.999855
0.999971
0.999855
0.999971
0.999855
0.999971
0.999855
0.999971
0.999855
0.999971
0.999855
0.999971
0.999855
0.999971
0.999855
0.999971
0.999855
0.999964
0.999971
0.999964
0.999964
0.999855
0.999964
0.999918
0.999918
0.999918
0.999918
0.999918
0.999918
0.999918
0.999918
0.999918
0.999918
0.999918
0.999918
0.999918
0.999918
0.999918
0.999918
0.999964
0.999964
0.999964
0.999964
0.999964
0.999964
0.999918
0.999918
0.999918
0.999918
0.999918
0.999918
0.999918
0.999918
0.999918
0.999918
0.999918
0.999918
0.999918
0.999918
0.999918
0.999964
0.999964
0.999918
0.999964
0.999855
0.999855
0.999855
0.999855
0.999855
0.999855
0.999855
0.999855
0.999855
0.999855
0.999855
0.999855
0.999855
0.999855
0.999855
0.999855
0.999971
0.999971
0.999971
0.999971
0.999971
0.999971
0.999971
0.999971
0.999971
0.999971
0.999971
0.999971
0.999971
0.999971
0.999971
0.999964
0.999964
0.999964
0.999964
0.999971
)
;
        value           nonuniform List<scalar> 
129
(
303.583
303.576
303.561
303.54
303.654
303.704
303.749
303.786
303.786
303.749
303.704
303.654
303.583
303.575
303.561
303.54
303.513
303.539
303.484
303.497
303.454
303.461
303.426
303.429
303.399
303.401
303.374
303.375
303.351
303.352
303.33
303.331
303.311
303.312
303.295
303.296
303.281
303.282
303.269
303.27
303.259
303.26
303.252
303.253
303.247
303.248
303.244
303.244
303.244
303.245
303.245
303.245
303.774
303.743
303.713
303.684
303.658
303.634
303.612
303.592
303.574
303.559
303.545
303.534
303.525
303.518
303.513
303.51
303.51
303.51
303.51
303.51
303.51
303.51
303.774
303.743
303.713
303.684
303.658
303.634
303.612
303.592
303.574
303.559
303.545
303.534
303.525
303.518
303.513
303.51
303.51
303.51
303.51
303.539
303.496
303.461
303.429
303.401
303.375
303.352
303.331
303.312
303.296
303.282
303.27
303.26
303.253
303.248
303.245
303.513
303.484
303.454
303.426
303.399
303.374
303.351
303.33
303.311
303.295
303.281
303.269
303.259
303.252
303.247
303.245
303.245
303.245
303.244
303.244
)
;
        Tnbr            T;
        thicknessLayers 0();
        kappaLayers     0();
        kappaMethod     fluidThermo;
        kappa           none;
        alphaAni        none;
        alpha           none;
    }
}


// ************************************************************************* //
