/*--------------------------------*- C++ -*----------------------------------*\
| =========                 |                                                 |
| \\      /  F ield         | OpenFOAM: The Open Source CFD Toolbox           |
|  \\    /   O peration     | Version:                                        |
|   \\  /    A nd           | Website:  www.openfoam.com                      |
|    \\/     M anipulation  |                                                 |
\*---------------------------------------------------------------------------*/
FoamFile
{
    version     2.0;
    format      ascii;
    class       volVectorField;
    location    "1853.5/air";
    object      U;
}
// * * * * * * * * * * * * * * * * * * * * * * * * * * * * * * * * * * * * * //

dimensions      [0 1 -1 0 0 0 0];


internalField   nonuniform List<vector> 
2228
(
(0.000280356 -0.000273895 0)
(0.00085622 -0.000125289 0)
(0.000872029 0.000130927 0)
(0.000291395 0.000275625 0)
(0.000216825 -0.000912158 0)
(0.000861913 -0.000547094 0)
(0.00093317 0.000496792 0)
(0.000264851 0.000937848 0)
(0.000121447 -0.00135278 0)
(0.000540463 -0.000866039 0)
(0.000604876 0.000774023 0)
(0.000154601 0.00143193 0)
(6.10981e-05 -0.00160286 0)
(0.000290141 -0.00105577 0)
(0.000332138 0.000943161 0)
(7.79345e-05 0.00172059 0)
(2.51381e-05 -0.00172524 0)
(0.000140266 -0.00115861 0)
(0.000175571 0.0010273 0)
(4.10367e-05 0.00186675 0)
(-2.49693e-06 -0.00177252 0)
(5.38722e-05 -0.00122549 0)
(0.000110307 0.00105864 0)
(3.13058e-05 0.00194908 0)
(-3.39966e-05 -0.00176737 0)
(-4.93151e-06 -0.00129819 0)
(0.000112436 0.00105248 0)
(4.31961e-05 0.00202372 0)
(-8.11725e-05 -0.00170489 0)
(-6.52625e-05 -0.00141886 0)
(0.000174769 0.0010045 0)
(7.9102e-05 0.00213546 0)
(-0.000160625 -0.00155149 0)
(-0.000155259 -0.00164084 0)
(0.000305235 0.000889307 0)
(0.000148382 0.00233672 0)
(-0.000285551 -0.00125298 0)
(-0.000285946 -0.00203621 0)
(0.000516696 0.0006627 0)
(0.000264105 0.00269539 0)
(-0.000439585 -0.000777943 0)
(-0.000376877 -0.00269209 0)
(0.000819267 0.000275308 0)
(0.000430685 0.00329191 0)
(-0.000531868 -0.000205851 0)
(-0.000194402 -0.00367217 0)
(0.00121946 -0.000227393 0)
(0.000633738 0.00420088 0)
(-0.000411806 0.000149159 0)
(0.000354176 -0.00500464 0)
(0.00158292 -0.000708424 0)
(0.000774762 0.00540069 0)
(-4.47517e-05 4.28915e-05 0)
(0.000357706 -0.00638992 0)
(0.00120206 -0.000970262 0)
(0.000639873 0.00668879 0)
(-0.000143845 -0.000182015 0)
(-0.0022127 -0.00633164 0)
(-0.00126784 -0.000544294 0)
(0.000148069 0.00750579 0)
(-0.00261051 0.004637 0)
(-0.00817053 -0.00394148 0)
(-0.00737019 -0.00194222 0)
(-0.00265253 0.00370508 0)
(-0.000291563 0.000275797 0)
(-0.000872074 0.000130874 0)
(-0.000855706 -0.00012527 0)
(-0.000280053 -0.000273541 0)
(-0.000265306 0.000938283 0)
(-0.000933718 0.000496125 0)
(-0.000861237 -0.0005476 0)
(-0.000216392 -0.000911185 0)
(-0.000155326 0.00143333 0)
(-0.000606248 0.000772627 0)
(-0.00053976 -0.000867511 0)
(-0.000120768 -0.00135074 0)
(-7.91158e-05 0.00172386 0)
(-0.000334918 0.000940678 0)
(-0.000289496 -0.00105924 0)
(-6.00239e-05 -0.00159933 0)
(-4.27783e-05 0.00187324 0)
(-0.000180594 0.00102334 0)
(-0.000140403 -0.00116552 0)
(-2.36124e-05 -0.00171971 0)
(-3.36839e-05 0.00196061 0)
(-0.000118649 0.00105338 0)
(-5.6896e-05 -0.00123715 0)
(4.03543e-06 -0.00176544 0)
(-4.56256e-05 0.00204212 0)
(-0.000125149 0.00104851 0)
(-7.29342e-06 -0.00131472 0)
(3.31364e-05 -0.00176269 0)
(-7.97522e-05 0.00216223 0)
(-0.000192719 0.00101016 0)
(2.99224e-05 -0.00143837 0)
(7.20698e-05 -0.00171479 0)
(-0.000144412 0.00237172 0)
(-0.000329933 0.000925332 0)
(7.60867e-05 -0.00165839 0)
(0.000133268 -0.00160623 0)
(-0.000253117 0.00273769 0)
(-0.000545223 0.000761421 0)
(0.000166028 -0.00204181 0)
(0.000231441 -0.00139842 0)
(-0.000418803 0.0033382 0)
(-0.000809223 0.000447673 0)
(0.000380484 -0.00267547 0)
(0.000385893 -0.00101975 0)
(-0.000636296 0.00420882 0)
(-0.000981116 -0.000175201 0)
(0.00087225 -0.00361333 0)
(0.000614649 -0.000363863 0)
(-0.000814012 0.00517366 0)
(-0.00059603 -0.00140204 0)
(0.00179617 -0.0046772 0)
(0.000928895 0.000914995 0)
(-0.000623446 0.00572612 0)
(0.00110497 -0.00341489 0)
(0.00304042 -0.00545902 0)
(0.0013745 0.0029866 0)
(0.000481984 0.00464637 0)
(0.00345775 -0.00553058 0)
(0.00309723 -0.00543561 0)
(0.0014408 0.00581038 0)
(0.0017667 0.00186044 0)
(0.00222577 -0.00597105 0)
(-0.00104702 -0.00405015 0)
(-0.000556898 0.00420477 0)
(0.0113458 0.0529554 0)
(-0.00874305 0.0352918 0)
(-0.0231494 0.0259289 0)
(-0.0299553 0.0133024 0)
(-0.0116226 0.0942955 0)
(-0.0280351 0.0818936 0)
(-0.0345718 0.0545815 0)
(-0.0361091 0.0229265 0)
(-0.0372979 0.123874 0)
(-0.0407209 0.10107 0)
(-0.0380579 0.0609527 0)
(-0.0349934 0.0266476 0)
(-0.0497388 0.122236 0)
(-0.0432258 0.0827665 0)
(-0.0361526 0.0399802 0)
(-0.030979 0.0111476 0)
(-0.0401663 0.0915024 0)
(-0.0295169 0.0484371 0)
(-0.0228002 0.0148677 0)
(-0.0196785 -0.00294985 0)
(-0.01821 0.0517288 0)
(-0.0108827 0.0215707 0)
(-0.00950314 0.0049839 0)
(-0.0115427 0.000747958 0)
(-0.0120575 0.0266607 0)
(-0.0119332 0.01783 0)
(-0.0142587 0.0157467 0)
(-0.0174089 0.0163017 0)
(-0.0256725 0.0260389 0)
(-0.0262972 0.0247844 0)
(-0.0267332 0.0241142 0)
(-0.0271386 0.0232702 0)
(-0.0340194 0.0237566 0)
(-0.0328343 0.0225431 0)
(-0.0315122 0.0212219 0)
(-0.0302191 0.0199019 0)
(-0.0354049 0.014813 0)
(-0.0339436 0.0148198 0)
(-0.0321076 0.0142486 0)
(-0.0300249 0.0134949 0)
(-0.0231669 0.0158738 0)
(-0.0255094 0.00942722 0)
(-0.0270939 0.00460557 0)
(-0.0278303 0.00245855 0)
(0.0036428 0.0359545 0)
(-0.000307033 0.0306168 0)
(-0.00450245 0.0239456 0)
(-0.008869 0.016092 0)
(0.0208516 0.0432951 0)
(0.019713 0.0424731 0)
(0.0178816 0.040439 0)
(0.0151456 0.0369421 0)
(0.0242914 0.0397973 0)
(0.0251506 0.0408876 0)
(0.0257376 0.0419024 0)
(0.0257975 0.0424959 0)
(0.0246124 0.0358706 0)
(0.0254424 0.0365153 0)
(0.0263602 0.0375489 0)
(0.0273142 0.038963 0)
(0.0281984 0.0338813 0)
(0.0284982 0.0340451 0)
(0.0288541 0.0343742 0)
(0.0293274 0.0350145 0)
(0.0320083 0.0335218 0)
(0.0322463 0.0342251 0)
(0.0324647 0.0348736 0)
(0.0326726 0.0355749 0)
(0.0290672 0.0289942 0)
(0.0300726 0.0301277 0)
(0.0310237 0.0310556 0)
(0.0320117 0.0318755 0)
(0.0063375 0.0281079 0)
(0.00812981 0.0297891 0)
(0.00976002 0.0310362 0)
(0.011389 0.0317432 0)
(-0.0138408 0.0170641 0)
(-0.0143884 0.0124505 0)
(-0.0149345 0.0203111 0)
(-0.0117938 0.00680467 0)
(-0.0308289 0.00117265 0)
(-0.0300821 -0.00853641 0)
(-0.0286566 -0.00937334 0)
(-0.026704 -0.00840939 0)
(-0.0366359 0.00284082 0)
(-0.0383457 -0.00447672 0)
(-0.0398762 -0.00599644 0)
(-0.0411852 -0.00584526 0)
(-0.0332817 0.00897855 0)
(-0.0328409 0.00221542 0)
(-0.0328398 -0.000432828 0)
(-0.0330441 -0.00137396 0)
(-0.0281199 -0.00164673 0)
(-0.0267197 -0.00512968 0)
(-0.0261858 -0.00475368 0)
(-0.0262693 -0.00316514 0)
(-0.0196066 -0.00745067 0)
(-0.0207713 -0.00552868 0)
(-0.022305 -0.00202053 0)
(-0.0238773 0.00131375 0)
(-0.0149326 0.00262876 0)
(-0.0182605 0.00572262 0)
(-0.0211602 0.00839724 0)
(-0.0235932 0.0104377 0)
(-0.0202709 0.0171826 0)
(-0.02255 0.0176997 0)
(-0.0242838 0.0178574 0)
(-0.0255759 0.0177906 0)
(-0.0272985 0.0222321 0)
(-0.0272726 0.0211396 0)
(-0.0271124 0.020095 0)
(-0.0268681 0.0191356 0)
(-0.0289468 0.0186935 0)
(-0.0277275 0.0176476 0)
(-0.0265835 0.016762 0)
(-0.025526 0.0160178 0)
(-0.028024 0.0127323 0)
(-0.0261767 0.0120722 0)
(-0.0244788 0.0115814 0)
(-0.0229325 0.0112729 0)
(-0.0274389 0.00225439 0)
(-0.0259391 0.00262477 0)
(-0.0238384 0.00309656 0)
(-0.021641 0.00386965 0)
(-0.0130162 0.00672063 0)
(-0.0162776 -0.00194744 0)
(-0.0182545 -0.00615986 0)
(-0.0187393 -0.00606232 0)
(0.0112836 0.0316067 0)
(0.00638337 0.0243513 0)
(0.000722008 0.0150784 0)
(-0.00475157 0.00350775 0)
(0.025085 0.0423357 0)
(0.0233469 0.041001 0)
(0.0203025 0.0377403 0)
(0.0157205 0.0315082 0)
(0.0282097 0.0407153 0)
(0.0288568 0.0427032 0)
(0.0289715 0.0446038 0)
(0.0280075 0.0454784 0)
(0.0299232 0.0360992 0)
(0.0306594 0.0378395 0)
(0.0315468 0.0405273 0)
(0.0324146 0.0441738 0)
(0.0328335 0.0363705 0)
(0.0330371 0.0373798 0)
(0.0334377 0.0388561 0)
(0.0342038 0.0413192 0)
(0.0329923 0.0324992 0)
(0.0340175 0.0329129 0)
(0.035133 0.0330813 0)
(0.0363709 0.0334536 0)
(0.0132289 0.033049 0)
(0.0152015 0.0335663 0)
(0.0171943 0.0351862 0)
(0.0192697 0.0369685 0)
(-0.00851332 0.0180218 0)
(-0.00422088 0.00200716 0)
(3.18083e-05 0.0145863 0)
(-0.00114411 0.0156559 0)
(-0.0250951 -0.00839935 0)
(-0.0240552 -0.00802352 0)
(-0.0232019 -0.00750484 0)
(-0.0420369 -0.00510224 0)
(-0.0425722 -0.00425472 0)
(-0.0431833 -0.00325931 0)
(-0.0332701 -0.00131838 0)
(-0.0335054 -0.000983603 0)
(-0.0338037 -0.000514334 0)
(-0.0265883 -0.00160883 0)
(-0.0269759 -0.000474391 0)
(-0.0274307 0.000628911 0)
(-0.0250812 0.00354396 0)
(-0.0259995 0.00487264 0)
(-0.0268806 0.00602135 0)
(-0.0251524 0.0116317 0)
(-0.0261432 0.0122505 0)
(-0.0270283 0.0127481 0)
(-0.0263535 0.0176363 0)
(-0.0268015 0.017439 0)
(-0.0271845 0.0172255 0)
(-0.0266637 0.0184499 0)
(-0.0264927 0.0179732 0)
(-0.0263195 0.0175295 0)
(-0.0247774 0.0155162 0)
(-0.0242624 0.0151939 0)
(-0.0237778 0.0149028 0)
(-0.0218443 0.0111354 0)
(-0.0211111 0.01109 0)
(-0.0204322 0.0110745 0)
(-0.0200266 0.0045969 0)
(-0.0189699 0.00513728 0)
(-0.0180274 0.00568379 0)
(-0.0181332 -0.00461625 0)
(-0.017368 -0.00318897 0)
(-0.0165239 -0.00156245 0)
(-0.00799721 -0.00378542 0)
(-0.00973431 -0.00586493 0)
(-0.0109128 -0.00551641 0)
(0.0111636 0.0245731 0)
(0.00753788 0.0183051 0)
(0.00405691 0.0114364 0)
(0.0262363 0.0448566 0)
(0.0242696 0.0429587 0)
(0.0216803 0.0394893 0)
(0.0328192 0.0473798 0)
(0.032818 0.0495106 0)
(0.0323874 0.050938 0)
(0.0351285 0.0441148 0)
(0.0359505 0.046761 0)
(0.0369094 0.0498271 0)
(0.037422 0.0343189 0)
(0.0380807 0.0356378 0)
(0.038952 0.03788 0)
(0.0208278 0.0384813 0)
(0.0219551 0.0403367 0)
(0.0233838 0.0431649 0)
(0.00133135 0.0088152 0)
(0.00600276 0.00657471 0)
(0.010841 0.00695257 0)
(-0.0227522 -0.00709032 0)
(-0.0225464 -0.00685209 0)
(-0.0222668 -0.00658108 0)
(-0.0435644 -0.00250222 0)
(-0.0437647 -0.00205175 0)
(-0.0438817 -0.00158218 0)
(-0.0339499 -0.000122035 0)
(-0.0340556 0.000128362 0)
(-0.0341308 0.000396109 0)
(-0.0276914 0.0013699 0)
(-0.0278632 0.00177192 0)
(-0.0280316 0.00219266 0)
(-0.027382 0.00670753 0)
(-0.027667 0.00702668 0)
(-0.0279542 0.00732731 0)
(-0.0275205 0.0130229 0)
(-0.0277802 0.0131212 0)
(-0.0280282 0.0131976 0)
(-0.0273944 0.0170812 0)
(-0.0275024 0.0169806 0)
(-0.0275975 0.0168747 0)
(-0.0262144 0.0172489 0)
(-0.0261586 0.0170946 0)
(-0.0260963 0.0169418 0)
(-0.0234872 0.0147177 0)
(-0.0233373 0.0146218 0)
(-0.0231834 0.0145293 0)
(-0.0200247 0.0110751 0)
(-0.0198148 0.011084 0)
(-0.0196025 0.0111015 0)
(-0.0174722 0.00605528 0)
(-0.0171941 0.00626457 0)
(-0.0169176 0.00648964 0)
(-0.0159934 -0.000456965 0)
(-0.0157344 0.000122363 0)
(-0.0154728 0.00070523 0)
(-0.0113524 -0.00445602 0)
(-0.0115227 -0.00379776 0)
(-0.0115955 -0.00307665 0)
(0.00201246 0.00719503 0)
(0.001001 0.00528455 0)
(0.000100037 0.0036845 0)
(0.0196746 0.0363527 0)
(0.0184811 0.0344663 0)
(0.0173364 0.0323608 0)
(0.0317801 0.0513876 0)
(0.0313181 0.0513333 0)
(0.0308338 0.0510024 0)
(0.03732 0.0520776 0)
(0.0376194 0.0532388 0)
(0.0378369 0.0543539 0)
(0.0391812 0.040057 0)
(0.0395073 0.0414351 0)
(0.0396471 0.0429469 0)
(0.024368 0.0455524 0)
(0.0252232 0.0469591 0)
(0.0260626 0.0482304 0)
(0.0132145 0.0116179 0)
(0.0134942 0.0128543 0)
(0.0144011 0.00856087 0)
(-0.0219298 -0.00590538 0)
(-0.0214626 -0.00471066 0)
(-0.0210029 -0.00332336 0)
(-0.0443073 -0.000674302 0)
(-0.0447906 0.000632294 0)
(-0.0453262 0.00201607 0)
(-0.0343527 0.000916972 0)
(-0.0345589 0.00163232 0)
(-0.0348012 0.00240968 0)
(-0.0284022 0.00293409 0)
(-0.0288271 0.00389926 0)
(-0.0293096 0.00478784 0)
(-0.0284882 0.00785574 0)
(-0.029157 0.00859712 0)
(-0.0298099 0.00923129 0)
(-0.0284998 0.0133144 0)
(-0.0290877 0.0135194 0)
(-0.0296292 0.0136608 0)
(-0.0277759 0.0166609 0)
(-0.0279951 0.0164037 0)
(-0.0281822 0.0161429 0)
(-0.0259755 0.0166578 0)
(-0.0258182 0.0162813 0)
(-0.0256579 0.0159242 0)
(-0.0228998 0.0143641 0)
(-0.0225288 0.014134 0)
(-0.0221772 0.0139169 0)
(-0.0192248 0.0111374 0)
(-0.0187382 0.0111726 0)
(-0.018292 0.011209 0)
(-0.0164421 0.00689735 0)
(-0.0158446 0.00742 0)
(-0.015326 0.00790013 0)
(-0.0150212 0.00175099 0)
(-0.0144616 0.00313126 0)
(-0.0140135 0.00437747 0)
(-0.0116437 -0.00158129 0)
(-0.0114961 0.000746457 0)
(-0.011328 0.0029618 0)
(-0.00153149 0.00137358 0)
(-0.00331533 0.00109501 0)
(-0.00446453 0.00295637 0)
(0.0150159 0.0280115 0)
(0.0116082 0.0213644 0)
(0.00846843 0.0156865 0)
(0.0296811 0.0497467 0)
(0.0274788 0.0460764 0)
(0.0246627 0.0407257 0)
(0.0381163 0.0562716 0)
(0.0379578 0.0579682 0)
(0.0372338 0.0580187 0)
(0.0400001 0.0460955 0)
(0.0404148 0.0510575 0)
(0.0409087 0.0557121 0)
(0.0277529 0.0509615 0)
(0.0300749 0.0561278 0)
(0.0328079 0.0610883 0)
(0.0176432 0.0025604 0)
(0.0212147 0.013686 0)
(0.02325 0.0141568 0)
(-0.0210004 -0.00102599 0)
(-0.0228348 0.00320228 0)
(-0.024633 0.0098092 0)
(-0.0258364 0.016724 0)
(-0.0459942 0.00404953 0)
(-0.0465972 0.0068136 0)
(-0.0465805 0.00983186 0)
(-0.0460065 0.0127361 0)
(-0.0350598 0.00356668 0)
(-0.0352144 0.00507459 0)
(-0.0351025 0.00654937 0)
(-0.0347327 0.00784207 0)
(-0.0299385 0.00590718 0)
(-0.0306245 0.00718434 0)
(-0.0312097 0.00830339 0)
(-0.0317059 0.00927149 0)
(-0.0306366 0.00996247 0)
(-0.0315302 0.0107464 0)
(-0.0322833 0.0113463 0)
(-0.0329091 0.0118001 0)
(-0.0302759 0.0137717 0)
(-0.0309453 0.0138641 0)
(-0.0314663 0.0138611 0)
(-0.0318664 0.013788 0)
(-0.0283773 0.0157816 0)
(-0.0285568 0.0153594 0)
(-0.0286593 0.014938 0)
(-0.0287026 0.0145159 0)
(-0.0254355 0.0154612 0)
(-0.0251713 0.0149172 0)
(-0.0249174 0.014396 0)
(-0.0246736 0.0138855 0)
(-0.0217347 0.0136363 0)
(-0.0212445 0.0132907 0)
(-0.0208239 0.0129408 0)
(-0.0204622 0.0125734 0)
(-0.0177601 0.0112565 0)
(-0.0172001 0.0112891 0)
(-0.0167513 0.0112722 0)
(-0.0163893 0.0111878 0)
(-0.0147526 0.00849387 0)
(-0.014205 0.00912095 0)
(-0.0138278 0.00957891 0)
(-0.0135752 0.00985554 0)
(-0.013589 0.00588118 0)
(-0.0133002 0.00746372 0)
(-0.0132689 0.00865855 0)
(-0.0134311 0.00950425 0)
(-0.0112645 0.00565283 0)
(-0.0115391 0.0084672 0)
(-0.012173 0.0106165 0)
(-0.0130731 0.0122105 0)
(-0.00523648 0.00668093 0)
(-0.00573085 0.0113153 0)
(-0.00639738 0.0148737 0)
(-0.00742949 0.0174898 0)
(0.00521612 0.0112251 0)
(0.00305035 0.0121521 0)
(0.00234488 0.0166491 0)
(0.00212546 0.0211461 0)
(0.0203641 0.0318432 0)
(0.0155014 0.0221336 0)
(0.0124626 0.0176152 0)
(0.0114251 0.0184347 0)
(0.0348699 0.0544176 0)
(0.0303194 0.0453303 0)
(0.0254962 0.0348143 0)
(0.0219083 0.0264305 0)
(0.0406781 0.0593733 0)
(0.0389364 0.0570462 0)
(0.0360438 0.048124 0)
(0.0327401 0.0358618 0)
(0.0365863 0.0665032 0)
(0.0410281 0.0692215 0)
(0.0446082 0.0655723 0)
(0.0472463 0.0570571 0)
(0.0309429 0.00328826 0)
(0.0400279 0.0205952 0)
(0.0443781 0.0221602 0)
(0.0510768 0.00573178 0)
(-0.0293761 0.0240086 0)
(-0.03624 0.0316801 0)
(-0.044861 0.0403159 0)
(-0.046794 0.0475192 0)
(-0.045345 0.0155345 0)
(-0.0446688 0.0179355 0)
(-0.0431013 0.0198243 0)
(-0.0387135 0.0203281 0)
(-0.0341595 0.00885691 0)
(-0.03328 0.0095539 0)
(-0.0316769 0.00993116 0)
(-0.0293281 0.00989152 0)
(-0.0321456 0.0100864 0)
(-0.0324885 0.0107446 0)
(-0.0325987 0.0111988 0)
(-0.0325195 0.0112839 0)
(-0.0334201 0.0121253 0)
(-0.0338117 0.0123333 0)
(-0.0340866 0.0124112 0)
(-0.0343199 0.0123 0)
(-0.0321579 0.0136522 0)
(-0.0323475 0.0134552 0)
(-0.0324599 0.0131899 0)
(-0.0325443 0.0128415 0)
(-0.0286907 0.0140856 0)
(-0.0286279 0.0136394 0)
(-0.0285314 0.0131703 0)
(-0.0284219 0.0126754 0)
(-0.0244338 0.0133749 0)
(-0.0241926 0.0128557 0)
(-0.0239569 0.012323 0)
(-0.0237404 0.0117777 0)
(-0.0201468 0.0121778 0)
(-0.0198659 0.0117447 0)
(-0.0196176 0.011267 0)
(-0.0194059 0.0107446 0)
(-0.0160939 0.0110202 0)
(-0.0158502 0.010757 0)
(-0.0156491 0.0103906 0)
(-0.0154766 0.00992568 0)
(-0.0134164 0.00994719 0)
(-0.0133352 0.00986209 0)
(-0.0133226 0.00961863 0)
(-0.0133636 0.00924255 0)
(-0.0137352 0.0100541 0)
(-0.0141505 0.0103705 0)
(-0.0146872 0.0105079 0)
(-0.0153798 0.010472 0)
(-0.0141528 0.0133537 0)
(-0.0153535 0.0141266 0)
(-0.0167245 0.0145701 0)
(-0.0183736 0.0146495 0)
(-0.00874695 0.0194127 0)
(-0.0102284 0.0207494 0)
(-0.0119248 0.0214872 0)
(-0.0139878 0.0215355 0)
(0.00183649 0.024514 0)
(0.00130762 0.0267792 0)
(0.000547977 0.0280628 0)
(-0.000531176 0.0282734 0)
(0.0116742 0.0219427 0)
(0.0124914 0.0257582 0)
(0.0134031 0.028761 0)
(0.01427 0.0305501 0)
(0.0202636 0.0221358 0)
(0.0204381 0.0215834 0)
(0.0218407 0.0231728 0)
(0.0241585 0.0255687 0)
(0.0297891 0.0241877 0)
(0.0277942 0.0157018 0)
(0.0271184 0.0109529 0)
(0.0278156 0.00941044 0)
(0.0491839 0.0472788 0)
(0.0502216 0.0369478 0)
(0.050854 0.0269776 0)
(0.0518689 0.017341 0)
(0.0584975 0.0115653 0)
(0.0605791 0.0111399 0)
(0.0611681 0.00526572 0)
(0.0649578 -0.00588358 0)
(-0.00810619 -0.00015584 0)
(-0.00237847 -9.33849e-05 0)
(-0.00140442 -5.58341e-05 0)
(-0.000351329 -3.49565e-06 0)
(-0.000456157 -4.12862e-07 0)
(-0.000547412 7.29617e-06 0)
(-0.000660154 -2.62687e-06 0)
(-0.000429705 -2.11934e-05 0)
(0.000283478 -4.91086e-05 0)
(0.0014065 -6.77176e-05 0)
(0.00244293 -5.8297e-05 0)
(0.00307227 -3.89812e-05 0)
(0.00314087 -3.73181e-06 0)
(0.00297886 8.68786e-06 0)
(0.0034313 4.24939e-06 0)
(0.00306636 7.42522e-05 0)
(0.00414057 4.70427e-05 0)
(0.000653576 9.67914e-06 0)
(0.00869373 -0.00077413 0)
(0.0110397 0.00138739 0)
(-0.015795 -0.0012492 0)
(-0.00491469 -0.00108561 0)
(-0.00285126 -0.000444119 0)
(-0.000356158 -0.0001431 0)
(-0.000593793 2.11997e-05 0)
(-0.000946013 5.37794e-05 0)
(-0.0013424 -2.19697e-05 0)
(-0.000949624 -0.000173582 0)
(0.000368968 -0.0003429 0)
(0.00236361 -0.000410442 0)
(0.00403748 -0.000301738 0)
(0.00475547 -0.000126939 0)
(0.00444921 3.99408e-05 0)
(0.00416921 -3.88796e-05 0)
(0.00570285 -0.000122856 0)
(0.00604443 -2.275e-05 0)
(0.00918671 6.76888e-05 0)
(0.00560256 -8.98812e-05 0)
(0.0137208 -0.0030212 0)
(0.0182165 0.00425496 0)
(-0.0163205 -0.00254118 0)
(-0.0055592 -0.00235445 0)
(-0.00250482 -0.00102778 0)
(0.000892205 -0.000372295 0)
(0.000565328 0.000102286 0)
(-0.000267242 0.00017572 0)
(-0.00119103 -3.51767e-07 0)
(-0.00103759 -0.000345488 0)
(0.000274048 -0.000699366 0)
(0.00239967 -0.000810794 0)
(0.0040877 -0.000537612 0)
(0.00451051 -0.000141029 0)
(0.00386334 0.000131395 0)
(0.00385518 -0.00019942 0)
(0.00645728 -0.000469392 0)
(0.0077572 -0.000359529 0)
(0.0118216 -0.000294619 0)
(0.010367 1.88921e-05 0)
(0.0152655 -0.00477819 0)
(0.0198703 0.00789087 0)
(-0.013527 -0.00360133 0)
(-0.00535116 -0.00362344 0)
(-0.00114582 -0.00180897 0)
(0.00293694 -0.000693126 0)
(0.00286914 0.000249509 0)
(0.001436 0.000428444 0)
(-0.000301785 0.000135337 0)
(-0.0008008 -0.000450875 0)
(5.32885e-05 -0.00102688 0)
(0.00189553 -0.00119098 0)
(0.00334791 -0.000726102 0)
(0.00346322 -9.6472e-05 0)
(0.002769 0.000194414 0)
(0.00347472 -0.000526473 0)
(0.00705323 -0.00102152 0)
(0.00918415 -0.000845096 0)
(0.0132465 -0.000895473 0)
(0.013894 6.15158e-05 0)
(0.0163592 -0.00591098 0)
(0.0196877 0.0117497 0)
(-0.00983509 -0.00427997 0)
(-0.00477496 -0.00472502 0)
(0.000376396 -0.00278486 0)
(0.00508718 -0.00114167 0)
(0.00584372 0.000400766 0)
(0.00407684 0.0008379 0)
(0.00140374 0.000452697 0)
(-0.000123734 -0.000406292 0)
(-9.23853e-05 -0.00124471 0)
(0.00117984 -0.00149275 0)
(0.00228932 -0.000855619 0)
(0.00223352 -3.57545e-05 0)
(0.0018384 0.000152213 0)
(0.00355514 -0.00104267 0)
(0.00789578 -0.00173578 0)
(0.0105529 -0.00137944 0)
(0.0140586 -0.00160894 0)
(0.0162139 1.08933e-05 0)
(0.0171837 -0.00649576 0)
(0.0189553 0.0155105 0)
(-0.00627173 -0.00460691 0)
(-0.00393985 -0.00561184 0)
(0.00162131 -0.0038937 0)
(0.00684016 -0.00177528 0)
(0.00884954 0.000447857 0)
(0.00739997 0.00134869 0)
(0.00401063 0.000983016 0)
(0.00123562 -0.000142602 0)
(0.000117832 -0.00129364 0)
(0.00057303 -0.00168176 0)
(0.00127991 -0.000938025 0)
(0.00121948 -1.10775e-05 0)
(0.00137692 -4.40763e-05 0)
(0.00415633 -0.00173546 0)
(0.00896664 -0.0025464 0)
(0.0117646 -0.00187794 0)
(0.0143071 -0.00232897 0)
(0.0174585 -0.000151173 0)
(0.0175549 -0.00668053 0)
(0.0180897 0.019109 0)
(-0.00324896 -0.00466053 0)
(-0.00288683 -0.00629256 0)
(0.00257743 -0.00503919 0)
(0.00804304 -0.00259527 0)
(0.0113323 0.000284154 0)
(0.010913 0.00183447 0)
(0.00741206 0.00169597 0)
(0.00348063 0.000385177 0)
(0.000959104 -0.00112043 0)
(0.000349103 -0.00173449 0)
(0.000594039 -0.00098664 0)
(0.000654055 -6.0137e-05 0)
(0.00147102 -0.000406276 0)
(0.00514333 -0.00256619 0)
(0.0101294 -0.0033818 0)
(0.0126793 -0.00226001 0)
(0.0139297 -0.00297867 0)
(0.0177282 -0.000418865 0)
(0.0174421 -0.00661005 0)
(0.01722 0.0225648 0)
(-0.0010046 -0.0045438 0)
(-0.00170035 -0.00680869 0)
(0.00336934 -0.00615079 0)
(0.00884226 -0.00354199 0)
(0.0130396 -0.000133413 0)
(0.014063 0.00215389 0)
(0.0112423 0.00248276 0)
(0.00663238 0.00117062 0)
(0.00265976 -0.000676721 0)
(0.000725501 -0.00162547 0)
(0.000405176 -0.0010037 0)
(0.000630858 -0.000195833 0)
(0.00208706 -0.000910342 0)
(0.00636253 -0.00348189 0)
(0.0112624 -0.00417583 0)
(0.0132107 -0.00246027 0)
(0.0130569 -0.00350493 0)
(0.0172336 -0.000774327 0)
(0.0169618 -0.00640696 0)
(0.0163828 0.0258831 0)
(-5.4709e-05 -0.0044408 0)
(-0.000493652 -0.0072208 0)
(0.00409261 -0.00720392 0)
(0.00944631 -0.00454221 0)
(0.014049 -0.000770313 0)
(0.0164664 0.00220949 0)
(0.0149894 0.00319377 0)
(0.010463 0.00213158 0)
(0.00533303 6.00093e-05 0)
(0.00188829 -0.00131525 0)
(0.000804351 -0.000979187 0)
(0.0011516 -0.000410038 0)
(0.00313565 -0.00151203 0)
(0.0077143 -0.0044267 0)
(0.012293 -0.00487026 0)
(0.0133485 -0.00245442 0)
(0.0120755 -0.0038904 0)
(0.0163832 -0.00120954 0)
(0.0163426 -0.00614972 0)
(0.0155853 0.0290511 0)
(5.23439e-05 -0.00448696 0)
(0.000641949 -0.00762027 0)
(0.00479091 -0.00819691 0)
(0.00998158 -0.00554234 0)
(0.014616 -0.00154684 0)
(0.0180145 0.00197759 0)
(0.0181831 0.00369164 0)
(0.0145494 0.00313078 0)
(0.00889196 0.00105328 0)
(0.00398969 -0.000760768 0)
(0.00185926 -0.00088207 0)
(0.00218327 -0.000677983 0)
(0.00451204 -0.00216607 0)
(0.00914986 -0.00535042 0)
(0.0131891 -0.00541613 0)
(0.0131609 -0.00227622 0)
(0.0114915 -0.00416257 0)
(0.0157249 -0.00171155 0)
(0.0158645 -0.00585758 0)
(0.0148271 0.0320686 0)
(0.000382983 -0.00461079 0)
(0.00166201 -0.00806061 0)
(0.00546537 -0.00913625 0)
(0.0104901 -0.00651577 0)
(0.0149844 -0.00238036 0)
(0.0188308 0.00150283 0)
(0.0205349 0.00389179 0)
(0.0184065 0.0040132 0)
(0.0130342 0.00219798 0)
(0.00707784 5.43376e-05 0)
(0.0036726 -0.000659018 0)
(0.00370735 -0.000960066 0)
(0.00614487 -0.00283374 0)
(0.010653 -0.00621141 0)
(0.0139455 -0.00577676 0)
(0.0127793 -0.0020119 0)
(0.0116964 -0.00439 0)
(0.0157744 -0.00224844 0)
(0.0157749 -0.00549258 0)
(0.0141088 0.0349627 0)
(0.000514341 -0.00475775 0)
(0.00253902 -0.00854216 0)
(0.00609814 -0.010033 0)
(0.0109755 -0.00745637 0)
(0.0152953 -0.00321067 0)
(0.0191546 0.000869679 0)
(0.0219804 0.00377827 0)
(0.0216253 0.0046475 0)
(0.0173235 0.00334782 0)
(0.0110051 0.00108879 0)
(0.00635574 -0.000259379 0)
(0.0057595 -0.00119594 0)
(0.00802424 -0.00347534 0)
(0.0122298 -0.00697306 0)
(0.0145781 -0.00592968 0)
(0.0123789 -0.00177398 0)
(0.0128259 -0.00466983 0)
(0.0168318 -0.00276883 0)
(0.0162198 -0.0049779 0)
(0.0134344 0.0377843 0)
(0.000428952 -0.00499814 0)
(0.00328013 -0.00907655 0)
(0.00667912 -0.0108985 0)
(0.0114335 -0.00836702 0)
(0.0155969 -0.00400612 0)
(0.0192261 0.000167999 0)
(0.0226401 0.00339548 0)
(0.0239616 0.00495489 0)
(0.0213003 0.0043494 0)
(0.0154307 0.00224062 0)
(0.00991606 0.000340603 0)
(0.00842307 -0.00131869 0)
(0.0101924 -0.00404214 0)
(0.0138978 -0.00759844 0)
(0.0151222 -0.00586912 0)
(0.0121812 -0.00167219 0)
(0.0148137 -0.00510432 0)
(0.0189098 -0.00321913 0)
(0.0172225 -0.00422225 0)
(0.0128128 0.0405959 0)
(3.6716e-05 -0.00538808 0)
(0.00391355 -0.00967663 0)
(0.00720749 -0.0117418 0)
(0.0118608 -0.00925241 0)
(0.0158952 -0.00475729 0)
(0.0192175 -0.000531605 0)
(0.0227373 0.00282498 0)
(0.0253593 0.00491982 0)
(0.0245879 0.00507736 0)
(0.0199016 0.00337038 0)
(0.0141568 0.00111293 0)
(0.0117364 -0.00127283 0)
(0.0126967 -0.0044768 0)
(0.0156687 -0.00804968 0)
(0.0156276 -0.00561466 0)
(0.0124578 -0.00180016 0)
(0.0175277 -0.00576695 0)
(0.0218228 -0.00355877 0)
(0.0187137 -0.00314611 0)
(0.0122559 0.0434585 0)
(0.000296516 -0.00586269 0)
(0.00448581 -0.0103172 0)
(0.00769211 -0.0125677 0)
(0.0122573 -0.0101171 0)
(0.0161893 -0.00546641 0)
(0.0192136 -0.00118615 0)
(0.0225086 0.0021584 0)
(0.02592 0.00458288 0)
(0.0269584 0.00545875 0)
(0.0239612 0.00433767 0)
(0.0186908 0.00197333 0)
(0.0155819 -0.00103598 0)
(0.0155209 -0.00472417 0)
(0.0175267 -0.00829232 0)
(0.0161461 -0.00521803 0)
(0.0134632 -0.00223001 0)
(0.0208374 -0.00667899 0)
(0.0253292 -0.00375801 0)
(0.0205879 -0.00169773 0)
(0.0117775 0.0464252 0)
(1.10794e-05 -0.00636957 0)
(0.00499224 -0.0110102 0)
(0.00814551 -0.0133794 0)
(0.0126267 -0.0109646 0)
(0.0164816 -0.006139 0)
(0.01924 -0.00177566 0)
(0.0221422 0.00147559 0)
(0.0258404 0.0040216 0)
(0.0283512 0.00548045 0)
(0.0272473 0.00503479 0)
(0.0230451 0.00280958 0)
(0.0196603 -0.00063173 0)
(0.0185372 -0.00474988 0)
(0.0194128 -0.00830326 0)
(0.0167123 -0.00475472 0)
(0.0152922 -0.00300842 0)
(0.0246087 -0.00781548 0)
(0.0292 -0.0037868 0)
(0.022744 0.000186862 0)
(0.0113935 0.0495395 0)
(-4.45718e-05 -0.00704567 0)
(0.00546018 -0.0117407 0)
(0.0085866 -0.0141792 0)
(0.0129774 -0.0117958 0)
(0.0167755 -0.00677992 0)
(0.0193008 -0.00229388 0)
(0.0217561 0.000834885 0)
(0.0253443 0.00332748 0)
(0.0288493 0.00518172 0)
(0.0295504 0.0054058 0)
(0.0267886 0.00351894 0)
(0.0235695 -0.000115681 0)
(0.0215144 -0.00455143 0)
(0.0212282 -0.00807726 0)
(0.0173313 -0.00430848 0)
(0.0178403 -0.00415547 0)
(0.0286986 -0.00912043 0)
(0.0332164 -0.00360692 0)
(0.0250758 0.00250276 0)
(0.0111187 0.0528289 0)
(-4.22446e-05 -0.00777627 0)
(0.00590197 -0.0125218 0)
(0.00903245 -0.0149678 0)
(0.0133211 -0.0126096 0)
(0.0170727 -0.00739396 0)
(0.0193964 -0.00274336 0)
(0.0214066 0.000271572 0)
(0.0246273 0.00258757 0)
(0.0286284 0.00463722 0)
(0.0308243 0.00544873 0)
(0.0296228 0.0040323 0)
(0.0269206 0.000445036 0)
(0.0241749 -0.0041613 0)
(0.0228603 -0.00763506 0)
(0.0179854 -0.0039749 0)
(0.0209396 -0.00565755 0)
(0.0329393 -0.0105252 0)
(0.0371087 -0.00320526 0)
(0.027439 0.00521571 0)
(0.0109259 0.0563627 0)
(0.000363684 -0.00845006 0)
(0.00632969 -0.0133235 0)
(0.00950328 -0.0157465 0)
(0.0136715 -0.0134103 0)
(0.0173728 -0.00798929 0)
(0.0195271 -0.00313709 0)
(0.0211137 -0.00020124 0)
(0.0238311 0.00186944 0)
(0.027898 0.00393783 0)
(0.0311545 0.0052082 0)
(0.0314071 0.0043254 0)
(0.0294177 0.000993737 0)
(0.0262662 -0.00363274 0)
(0.0242162 -0.00702868 0)
(0.018666 -0.00383908 0)
(0.0244193 -0.00747579 0)
(0.0370427 -0.0119782 0)
(0.0404879 -0.00263656 0)
(0.0296286 0.00825564 0)
(0.0109729 0.0599627 0)
(0.000306687 -0.00904472 0)
(0.0067229 -0.0141391 0)
(0.0100114 -0.0165286 0)
(0.0140424 -0.0142045 0)
(0.0176721 -0.00857094 0)
(0.0196899 -0.00348757 0)
(0.0208876 -0.00059945 0)
(0.023051 0.00120534 0)
(0.0268558 0.00316366 0)
(0.0306852 0.00476428 0)
(0.0320875 0.00443549 0)
(0.030806 0.00151126 0)
(0.0276025 -0.00300001 0)
(0.0251863 -0.00632071 0)
(0.0193722 -0.00384831 0)
(0.0278757 -0.0096235 0)
(0.0403831 -0.0134583 0)
(0.0427237 -0.00189011 0)
(0.031267 0.0117169 0)
(0.0103825 0.0641683 0)
(-0.000152387 -0.011249 0)
(0.00766487 -0.0163755 0)
(0.0113738 -0.0185644 0)
(0.015044 -0.0160564 0)
(0.018349 -0.00986539 0)
(0.0200996 -0.00409813 0)
(0.0205197 -0.00120613 0)
(0.0213194 -0.000154963 0)
(0.0238373 0.00115257 0)
(0.0275076 0.00302288 0)
(0.0302205 0.00388396 0)
(0.0305422 0.00239066 0)
(0.0280945 -0.00129598 0)
(0.025148 -0.00444946 0)
(0.020638 -0.00487459 0)
(0.0330478 -0.016363 0)
(0.0427057 -0.0168802 0)
(0.042705 0.000960085 0)
(0.033899 0.0191673 0)
(0.0193982 0.07 0)
(0.00031437 -0.015239 0)
(0.00935508 -0.0203818 0)
(0.0136762 -0.0219071 0)
(0.0167543 -0.018726 0)
(0.0192728 -0.0116522 0)
(0.0205853 -0.00461605 0)
(0.0201642 -0.00108909 0)
(0.019077 -0.000674919 0)
(0.0191224 -0.000627652 0)
(0.0209985 0.000709497 0)
(0.0234602 0.00245189 0)
(0.0245123 0.00278004 0)
(0.0232414 0.000512204 0)
(0.0201768 -0.00196702 0)
(0.0212735 -0.0104809 0)
(0.0351325 -0.0275579 0)
(0.0384914 -0.0210375 0)
(0.0363878 0.00285756 0)
(0.0216402 0.0286521 0)
(0.00548656 0.0783054 0)
(6.71699e-06 -0.0198666 0)
(0.0109143 -0.0253956 0)
(0.0156968 -0.0253067 0)
(0.0179943 -0.0207141 0)
(0.0194208 -0.0128703 0)
(0.0203573 -0.00478216 0)
(0.0198862 -7.9403e-05 0)
(0.0178553 0.000611795 0)
(0.0155432 -0.000341512 0)
(0.0146648 -0.000195669 0)
(0.0154934 0.00148195 0)
(0.016206 0.0028907 0)
(0.015736 0.0018458 0)
(0.0117378 -0.000609851 0)
(0.0174128 -0.0199908 0)
(0.0202128 -0.0317313 0)
(0.0126444 -0.0147982 0)
(0.00780566 0.0117512 0)
(-0.00552062 0.0433989 0)
(-0.0207081 0.0982277 0)
(-0.000322121 -0.0258534 0)
(0.0121858 -0.0310961 0)
(0.0162581 -0.0284801 0)
(0.0173847 -0.0219051 0)
(0.0178021 -0.0134857 0)
(0.0185908 -0.00506253 0)
(0.0189091 0.00074605 0)
(0.0175197 0.00268243 0)
(0.0142129 0.00199008 0)
(0.0104891 0.00110832 0)
(0.00852407 0.00182768 0)
(0.00784617 0.00341672 0)
(0.0069766 0.0037275 0)
(0.00219072 0.000239128 0)
(0.00491783 -0.0231894 0)
(-0.00934921 -0.0220047 0)
(-0.0240529 -0.00528187 0)
(-0.0311706 0.0191457 0)
(-0.0385196 0.0605926 0)
(-0.0464394 0.115624 0)
(0.000521337 -0.0324624 0)
(0.0123915 -0.03645 0)
(0.014013 -0.0305963 0)
(0.0136648 -0.0221135 0)
(0.0136031 -0.0136698 0)
(0.0148834 -0.00582233 0)
(0.0167062 0.000439702 0)
(0.0173966 0.00411511 0)
(0.0155407 0.00529541 0)
(0.0107596 0.00473608 0)
(0.00526389 0.0041216 0)
(0.00159267 0.00500122 0)
(-0.00121687 0.00696668 0)
(-0.0055833 0.00199825 0)
(-0.0146643 -0.0138388 0)
(-0.0384977 -0.00725103 0)
(-0.0569238 0.00361864 0)
(-0.0638381 0.0262547 0)
(-0.0634418 0.0695783 0)
(-0.0552385 0.111856 0)
(0.00101344 -0.0378269 0)
(0.0101667 -0.0398403 0)
(0.00837488 -0.0306199 0)
(0.00700479 -0.0213527 0)
(0.00732041 -0.01389 0)
(0.00981363 -0.00737359 0)
(0.013346 -0.00145989 0)
(0.0164359 0.00353681 0)
(0.0173921 0.00732855 0)
(0.0144908 0.00935647 0)
(0.0075634 0.00928302 0)
(-0.000302713 0.00880953 0)
(-0.00582171 0.0113319 0)
(-0.0114677 0.00947789 0)
(-0.0254527 0.000966063 0)
(-0.0497108 0.00865208 0)
(-0.0703194 0.0132898 0)
(-0.075822 0.0259166 0)
(-0.0669557 0.0591427 0)
(-0.0439172 0.0844423 0)
(0.000291452 -0.0418328 0)
(0.00522134 -0.040243 0)
(0.000793791 -0.0286013 0)
(-0.000414863 -0.0205458 0)
(0.00122053 -0.0151466 0)
(0.00530236 -0.0102512 0)
(0.0102668 -0.00479698 0)
(0.0149959 0.00106393 0)
(0.0183767 0.00713542 0)
(0.0185474 0.0126755 0)
(0.0133975 0.0157156 0)
(0.00347949 0.015531 0)
(-0.00615957 0.0167497 0)
(-0.0128786 0.0183982 0)
(-0.0254076 0.0148442 0)
(-0.0442537 0.0231841 0)
(-0.0632156 0.0231735 0)
(-0.0682655 0.0231824 0)
(-0.0564214 0.0397441 0)
(-0.0309532 0.0508405 0)
(0.00161181 -0.0431813 0)
(-0.000786753 -0.0376028 0)
(-0.00582815 -0.0262401 0)
(-0.00612313 -0.0210876 0)
(-0.00278254 -0.018288 0)
(0.00240938 -0.01477 0)
(0.00820501 -0.00960099 0)
(0.0139384 -0.00317133 0)
(0.0188266 0.00466033 0)
(0.0215723 0.0135443 0)
(0.019648 0.021139 0)
(0.0110816 0.0240338 0)
(-0.00155759 0.0239489 0)
(-0.0102576 0.0264264 0)
(-0.0200343 0.0255562 0)
(-0.0312309 0.0339134 0)
(-0.0449028 0.0337785 0)
(-0.0542983 0.0248998 0)
(-0.0500612 0.0282993 0)
(-0.033619 0.0337033 0)
(-0.00242145 -0.0425826 0)
(-0.00693961 -0.0338228 0)
(-0.0102176 -0.024763 0)
(-0.00977641 -0.0229604 0)
(-0.0056507 -0.0224212 0)
(-0.000313355 -0.0196366 0)
(0.00572303 -0.0146386 0)
(0.0119595 -0.00808554 0)
(0.0179382 0.000692174 0)
(0.0226074 0.0120033 0)
(0.0239406 0.0240292 0)
(0.0189764 0.0319139 0)
(0.00686024 0.0330588 0)
(-0.00443324 0.0338257 0)
(-0.0127914 0.0331314 0)
(-0.0193851 0.0393752 0)
(-0.0246812 0.0430279 0)
(-0.0356938 0.0329035 0)
(-0.0446599 0.0253161 0)
(-0.0404838 0.0254534 0)
(0.000176892 -0.0400081 0)
(-0.0104214 -0.0293795 0)
(-0.0131445 -0.0236096 0)
(-0.0128213 -0.0250521 0)
(-0.00893214 -0.0262683 0)
(-0.00365516 -0.0241754 0)
(0.00231324 -0.0195957 0)
(0.00842098 -0.013363 0)
(0.0146862 -0.00427531 0)
(0.0205102 0.00882094 0)
(0.0244727 0.0242216 0)
(0.0237923 0.037187 0)
(0.0155017 0.042084 0)
(0.00377545 0.0417215 0)
(-0.00473086 0.0393766 0)
(-0.0105731 0.0413723 0)
(-0.0104925 0.0464519 0)
(-0.0141745 0.0435627 0)
(-0.0265127 0.032813 0)
(-0.0365517 0.0201701 0)
(-0.000846569 -0.0345087 0)
(-0.0132223 -0.0243808 0)
(-0.0156954 -0.0221808 0)
(-0.0160302 -0.026799 0)
(-0.0124578 -0.0299654 0)
(-0.00744821 -0.0286429 0)
(-0.00233759 -0.0243148 0)
(0.00260821 -0.0185185 0)
(0.00818723 -0.00978482 0)
(0.01448 0.0044445 0)
(0.0201405 0.0219021 0)
(0.023274 0.0388561 0)
(0.0204713 0.0485329 0)
(0.0117999 0.0493884 0)
(0.00358735 0.045584 0)
(-0.00250852 0.0433029 0)
(-0.00255761 0.0451077 0)
(0.00012716 0.0470845 0)
(-0.00205594 0.0435075 0)
(-0.014973 0.0310631 0)
(-0.00346957 -0.02887 0)
(-0.0153769 -0.0192051 0)
(-0.0179694 -0.0202816 0)
(-0.0191323 -0.028176 0)
(-0.0162973 -0.0333428 0)
(-0.0125312 -0.0321737 0)
(-0.00917866 -0.0274572 0)
(-0.00625302 -0.0220928 0)
(-0.00220309 -0.0140782 0)
(0.00354766 -0.000341426 0)
(0.0104892 0.0180351 0)
(0.0167396 0.0370615 0)
(0.0194484 0.0508294 0)
(0.0162626 0.0547006 0)
(0.0106285 0.0511379 0)
(0.00550723 0.0462284 0)
(0.00399331 0.0438516 0)
(0.00641743 0.0439541 0)
(0.0124176 0.0449673 0)
(0.00936178 0.0424144 0)
(-0.00119628 -0.0225344 0)
(-0.0163298 -0.0136127 0)
(-0.0196761 -0.0177284 0)
(-0.022071 -0.0287546 0)
(-0.0210498 -0.0355569 0)
(-0.0193887 -0.0340648 0)
(-0.0178248 -0.0287928 0)
(-0.0167463 -0.0239319 0)
(-0.0149614 -0.0171307 0)
(-0.0108242 -0.00509115 0)
(-0.00350025 0.0129145 0)
(0.00489667 0.0325878 0)
(0.0121421 0.0489132 0)
(0.0149686 0.0560096 0)
(0.0140673 0.0543098 0)
(0.0117616 0.0488825 0)
(0.0106156 0.0441084 0)
(0.0111405 0.0408759 0)
(0.0162121 0.0402516 0)
(0.0202833 0.0424209 0)
(-0.00205589 -0.0150656 0)
(-0.0168973 -0.00773186 0)
(-0.0207361 -0.0142706 0)
(-0.0248786 -0.0278221 0)
(-0.0267602 -0.0359292 0)
(-0.0278414 -0.0344049 0)
(-0.0278336 -0.029051 0)
(-0.0277265 -0.0247208 0)
(-0.0271025 -0.0190749 0)
(-0.0246762 -0.00864021 0)
(-0.0191793 0.0071269 0)
(-0.0103644 0.0260607 0)
(-0.00048057 0.0432365 0)
(0.00754753 0.0528848 0)
(0.0121189 0.0536149 0)
(0.0141136 0.0493146 0)
(0.0153521 0.0442542 0)
(0.0162048 0.0398678 0)
(0.0178293 0.0369053 0)
(0.0217369 0.037975 0)
(-0.0053511 -0.00857819 0)
(-0.017116 -0.00221515 0)
(-0.0209591 -0.00976435 0)
(-0.0272148 -0.024654 0)
(-0.0329466 -0.033659 0)
(-0.03781 -0.0328051 0)
(-0.0399417 -0.0284983 0)
(-0.040164 -0.025318 0)
(-0.0386719 -0.0205806 0)
(-0.0357795 -0.0109339 0)
(-0.0322869 0.00304111 0)
(-0.0259312 0.0193868 0)
(-0.0159213 0.0352851 0)
(-0.00489435 0.046041 0)
(0.00426189 0.0488874 0)
(0.0108861 0.0464226 0)
(0.0155207 0.042634 0)
(0.0186865 0.0391266 0)
(0.0205735 0.0360606 0)
(0.022899 0.0354678 0)
(-0.00774232 -0.00451814 0)
(-0.016659 0.00245344 0)
(-0.0200053 -0.00426339 0)
(-0.0283136 -0.0187239 0)
(-0.0382794 -0.027823 0)
(-0.0480398 -0.0281175 0)
(-0.0538729 -0.0263028 0)
(-0.0554667 -0.0261399 0)
(-0.0528123 -0.0236919 0)
(-0.0468721 -0.0146325 0)
(-0.0407411 -0.000490937 0)
(-0.0363037 0.013833 0)
(-0.0293673 0.0268889 0)
(-0.018688 0.0366149 0)
(-0.00714933 0.0407505 0)
(0.00309497 0.0401659 0)
(0.0114592 0.0382118 0)
(0.0183101 0.03588 0)
(0.023802 0.0338879 0)
(0.0268881 0.033697 0)
(-0.00282913 0.00062667 0)
(-0.0151299 0.00674629 0)
(-0.0177166 0.00179291 0)
(-0.0270207 -0.0103046 0)
(-0.040042 -0.0183617 0)
(-0.0543484 -0.0198357 0)
(-0.0646454 -0.0214661 0)
(-0.0699871 -0.0259826 0)
(-0.0707776 -0.0277166 0)
(-0.0667779 -0.0208244 0)
(-0.0580426 -0.00606261 0)
(-0.0480963 0.0092593 0)
(-0.0397016 0.0203705 0)
(-0.0294882 0.0273161 0)
(-0.0170768 0.0308635 0)
(-0.0043869 0.0312231 0)
(0.00762367 0.0304453 0)
(0.0174063 0.0293483 0)
(0.0257685 0.0293414 0)
(0.0303169 0.0315994 0)
(-0.00556441 0.00655172 0)
(-0.0152354 0.00955083 0)
(-0.0152704 0.00669201 0)
(-0.0224837 -0.00102652 0)
(-0.0351264 -0.00698027 0)
(-0.050855 -0.00942974 0)
(-0.0632322 -0.0139926 0)
(-0.0727391 -0.02201 0)
(-0.0819349 -0.0270278 0)
(-0.0888296 -0.0243583 0)
(-0.0876851 -0.013444 0)
(-0.0766901 -0.00041121 0)
(-0.0616225 0.0109981 0)
(-0.0478064 0.0163457 0)
(-0.0339893 0.0189646 0)
(-0.0202888 0.0188103 0)
(-0.007265 0.0193588 0)
(0.00393724 0.0198814 0)
(0.0155534 0.0214056 0)
(0.0246335 0.0257047 0)
(-0.00862009 0.012121 0)
(-0.0154406 0.0118417 0)
(-0.0124616 0.00930503 0)
(-0.0151945 0.00600367 0)
(-0.0229263 0.00326817 0)
(-0.0354496 0.000356771 0)
(-0.0444885 -0.00484997 0)
(-0.0536241 -0.0122137 0)
(-0.069302 -0.0155896 0)
(-0.0888712 -0.0172855 0)
(-0.103875 -0.0128458 0)
(-0.106135 -0.00887715 0)
(-0.0987071 0.000461045 0)
(-0.0855248 0.00440339 0)
(-0.0723372 0.00960471 0)
(-0.0592147 0.00783439 0)
(-0.0459349 0.0111744 0)
(-0.0332824 0.0136731 0)
(-0.0176737 0.0147272 0)
(-0.00174202 0.0214296 0)
(-0.0144765 0.0135301 0)
(-0.0131655 0.00709371 0)
(-0.00805025 0.00627895 0)
(-0.00691276 0.00729275 0)
(-0.00856121 0.00983228 0)
(-0.0140181 0.00715052 0)
(-0.015596 -2.23076e-05 0)
(-0.016746 -0.00206768 0)
(-0.0274233 0.0053424 0)
(-0.0449054 0.00216842 0)
(-0.062258 0.00547667 0)
(-0.070787 -0.00639599 0)
(-0.0720604 -0.000548689 0)
(-0.0696838 -0.00757426 0)
(-0.0625911 0.0024214 0)
(-0.0576303 -0.00495943 0)
(-0.0505236 0.0018659 0)
(-0.0490677 0.00211148 0)
(-0.0410252 -0.00674395 0)
(-0.0221513 0.00100129 0)
(-0.0166334 0.00198557 0)
(-0.00765415 -0.0010929 0)
(0.0097481 3.392e-05 0)
(0.00540117 0.00028595 0)
(0.00121845 8.46624e-05 0)
(-0.00067659 3.16733e-05 0)
(-0.00140413 -1.31246e-05 0)
(-0.000890995 -4.41808e-05 0)
(0.000296262 -5.09974e-05 0)
(0.00144837 -2.17329e-05 0)
(0.00203082 8.27556e-06 0)
(0.00211349 9.72169e-06 0)
(0.00210068 -7.27257e-06 0)
(0.00212458 -1.08531e-05 0)
(0.00200309 6.64076e-06 0)
(0.00179838 7.06197e-06 0)
(0.00173933 -2.29508e-06 0)
(0.00181628 -5.35774e-06 0)
(0.00189946 -2.64192e-06 0)
(0.00195995 -9.42261e-07 0)
(-0.0267912 0.00519956 0)
(-0.00593398 -0.00640408 0)
(0.0159774 -0.00144747 0)
(0.0129898 0.00130015 0)
(0.00459848 0.00114055 0)
(-0.00088443 0.000587282 0)
(-0.00317052 6.01559e-05 0)
(-0.00239314 -0.000325674 0)
(5.0896e-05 -0.000469017 0)
(0.00267881 -0.000342499 0)
(0.00431648 -0.00012454 0)
(0.00483293 -8.87428e-06 0)
(0.00481207 -7.52575e-06 0)
(0.00459462 1.20008e-05 0)
(0.00411547 7.50062e-05 0)
(0.00363394 5.56746e-05 0)
(0.00350495 -8.78375e-06 0)
(0.0036362 -3.46188e-05 0)
(0.00378942 -2.63446e-05 0)
(0.00392079 -1.13924e-05 0)
(-0.0289741 0.0089543 0)
(-0.00307911 -0.0121618 0)
(0.0157681 -0.00292461 0)
(0.0149638 0.00215083 0)
(0.00673981 0.00257736 0)
(-0.000398847 0.00155295 0)
(-0.00378677 0.000279315 0)
(-0.00304463 -0.000684955 0)
(-8.72994e-05 -0.00107304 0)
(0.00317169 -0.000850713 0)
(0.00527453 -0.000383138 0)
(0.00600935 -7.04846e-05 0)
(0.00590099 2.51845e-05 0)
(0.00534443 0.000109061 0)
(0.00449994 0.000204357 0)
(0.00381055 0.000132939 0)
(0.00359473 -7.45616e-06 0)
(0.00367577 -6.3684e-05 0)
(0.00380698 -5.49939e-05 0)
(0.00395255 -2.58508e-05 0)
(-0.0285056 0.0127272 0)
(-0.00239967 -0.0173868 0)
(0.012212 -0.00407979 0)
(0.0127522 0.00276708 0)
(0.00691676 0.0039296 0)
(0.000183585 0.00264297 0)
(-0.00356561 0.000586369 0)
(-0.0028767 -0.00106224 0)
(0.000193065 -0.00174178 0)
(0.00346471 -0.00141063 0)
(0.00542937 -0.00066487 0)
(0.00599241 -0.00012216 0)
(0.00561809 0.000110877 0)
(0.00467837 0.000280617 0)
(0.00352037 0.000386322 0)
(0.00267857 0.000236006 0)
(0.00234228 1.53713e-05 0)
(0.00229288 -7.59027e-05 0)
(0.00234172 -7.64582e-05 0)
(0.00246162 -3.95507e-05 0)
(-0.0270982 0.0162173 0)
(-0.00286582 -0.0217551 0)
(0.00705371 -0.00477706 0)
(0.00844745 0.00306287 0)
(0.0056237 0.00491288 0)
(0.000521344 0.00361427 0)
(-0.00291959 0.000900633 0)
(-0.00222712 -0.00142525 0)
(0.000729879 -0.00238031 0)
(0.00357665 -0.00190341 0)
(0.00495054 -0.000868063 0)
(0.00501004 -9.94445e-05 0)
(0.00420138 0.000274869 0)
(0.00286682 0.000524254 0)
(0.00147794 0.00060717 0)
(0.000523036 0.000362621 0)
(2.44503e-05 6.97769e-05 0)
(-0.000199805 -6.17908e-05 0)
(-0.000254275 -8.37429e-05 0)
(-0.000182019 -4.80484e-05 0)
(-0.0253518 0.0194381 0)
(-0.0037315 -0.0251596 0)
(0.00173406 -0.00518516 0)
(0.00401169 0.00299992 0)
(0.00368068 0.00543601 0)
(0.000519238 0.00433211 0)
(-0.00220742 0.00115517 0)
(-0.00147066 -0.00176631 0)
(0.00120905 -0.00293288 0)
(0.00328218 -0.00225304 0)
(0.00377327 -0.000928027 0)
(0.00315022 3.66461e-05 0)
(0.00183269 0.000530057 0)
(0.000149303 0.000828211 0)
(-0.0013761 0.000852447 0)
(-0.00243899 0.000514977 0)
(-0.00313172 0.000163044 0)
(-0.00352985 -1.82738e-05 0)
(-0.00367834 -7.55354e-05 0)
(-0.00366043 -5.00568e-05 0)
(-0.0235201 0.0224621 0)
(-0.0046265 -0.0276962 0)
(-0.00266326 -0.00578739 0)
(0.000711028 0.00262614 0)
(0.00168246 0.00557906 0)
(0.000198125 0.0047728 0)
(-0.00169062 0.00131496 0)
(-0.000890101 -0.00207944 0)
(0.00133772 -0.00335485 0)
(0.00233047 -0.00240705 0)
(0.00179844 -0.000812998 0)
(0.000476573 0.000293763 0)
(-0.00131302 0.000871135 0)
(-0.00323649 0.00117354 0)
(-0.0048346 0.00111349 0)
(-0.00602787 0.000698416 0)
(-0.00690585 0.000292335 0)
(-0.00744409 5.17698e-05 0)
(-0.00766677 -5.36025e-05 0)
(-0.00769017 -4.73703e-05 0)
(-0.0217232 0.0253002 0)
(-0.00533515 -0.029627 0)
(-0.00592933 -0.00613486 0)
(-0.00129031 0.00210112 0)
(-0.000128284 0.00550009 0)
(-0.000399261 0.00498597 0)
(-0.00152674 0.0013756 0)
(-0.000659618 -0.00234922 0)
(0.000881659 -0.00359899 0)
(0.000550312 -0.00232809 0)
(-0.000977801 -0.000521624 0)
(-0.00288823 0.000656696 0)
(-0.00502789 0.0012775 0)
(-0.00707742 0.00154102 0)
(-0.00873366 0.00139081 0)
(-0.010062 0.000913472 0)
(-0.0110844 0.000450363 0)
(-0.0117181 0.000139542 0)
(-0.0119912 -2.26138e-05 0)
(-0.0120403 -4.18253e-05 0)
(-0.0200088 0.0279566 0)
(-0.00586743 -0.0309755 0)
(-0.00835082 -0.00650177 0)
(-0.00252131 0.00149238 0)
(-0.00174332 0.0053427 0)
(-0.00125621 0.00503636 0)
(-0.00177907 0.00135146 0)
(-0.000873942 -0.00254877 0)
(-0.000346728 -0.00361229 0)
(-0.00208828 -0.00200436 0)
(-0.00441873 -9.25979e-05 0)
(-0.00676061 0.00110113 0)
(-0.00910907 0.00171823 0)
(-0.0112067 0.00191921 0)
(-0.0129227 0.00168654 0)
(-0.0143633 0.00115489 0)
(-0.0154774 0.00062704 0)
(-0.0161656 0.000237447 0)
(-0.0164673 1.48112e-05 0)
(-0.0165304 -3.48506e-05 0)
(-0.0183833 0.0304355 0)
(-0.00625962 -0.0318472 0)
(-0.0102399 -0.00690828 0)
(-0.00365049 0.000893498 0)
(-0.00329868 0.00517948 0)
(-0.0023866 0.00497688 0)
(-0.0024408 0.00126409 0)
(-0.00161509 -0.00263818 0)
(-0.00245084 -0.00335519 0)
(-0.00544322 -0.00147484 0)
(-0.0083381 0.000440516 0)
(-0.0109463 0.0015936 0)
(-0.0133831 0.0021736 0)
(-0.0154899 0.00230333 0)
(-0.0172595 0.00199897 0)
(-0.0187717 0.00141359 0)
(-0.01993 0.000813398 0)
(-0.0206415 0.000340468 0)
(-0.0209554 5.54757e-05 0)
(-0.0210247 -2.73953e-05 0)
(-0.0168368 0.0327523 0)
(-0.00656102 -0.0323143 0)
(-0.0118289 -0.00729299 0)
(-0.00508518 0.000334982 0)
(-0.0049643 0.00502006 0)
(-0.00379896 0.0048472 0)
(-0.00347359 0.00114165 0)
(-0.00299372 -0.00256484 0)
(-0.00538819 -0.00282712 0)
(-0.00930739 -0.000786515 0)
(-0.0125322 0.0010318 0)
(-0.0152692 0.00210778 0)
(-0.0177151 0.0026317 0)
(-0.0198131 0.00269064 0)
(-0.0216151 0.00232256 0)
(-0.0231556 0.00168045 0)
(-0.0243229 0.00100284 0)
(-0.0250367 0.000444856 0)
(-0.0253514 9.6221e-05 0)
(-0.0254218 -2.0036e-05 0)
(-0.0153532 0.0349208 0)
(-0.00681963 -0.0324253 0)
(-0.0132503 -0.00758883 0)
(-0.00690064 -0.000168457 0)
(-0.00684413 0.00485005 0)
(-0.00546936 0.00466456 0)
(-0.00485089 0.00102471 0)
(-0.00511319 -0.00227882 0)
(-0.00899602 -0.0020597 0)
(-0.0134626 -4.58359e-06 0)
(-0.016825 0.00164698 0)
(-0.0195918 0.00262672 0)
(-0.022002 0.00308545 0)
(-0.024076 0.00307764 0)
(-0.0258797 0.00265021 0)
(-0.0274126 0.00194821 0)
(-0.0285658 0.00119107 0)
(-0.0292685 0.000548311 0)
(-0.029576 0.000136259 0)
(-0.029644 -1.31487e-05 0)
(-0.0139152 0.0369509 0)
(-0.00708079 -0.0322097 0)
(-0.0145659 -0.00774676 0)
(-0.00899004 -0.000581996 0)
(-0.0089335 0.00465593 0)
(-0.00733896 0.00443763 0)
(-0.00659737 0.000969071 0)
(-0.00800066 -0.00175232 0)
(-0.0130474 -0.00111608 0)
(-0.017716 0.000815457 0)
(-0.0210804 0.00226362 0)
(-0.0238132 0.00313997 0)
(-0.0261612 0.0035301 0)
(-0.028191 0.00345968 0)
(-0.0299646 0.00297526 0)
(-0.0314643 0.00221185 0)
(-0.0325891 0.00137542 0)
(-0.0332718 0.000649211 0)
(-0.0335661 0.000174631 0)
(-0.033629 -7.03173e-06 0)
(-0.0125054 0.0388521 0)
(-0.00739099 -0.0316899 0)
(-0.0157953 -0.00774053 0)
(-0.0112009 -0.000883444 0)
(-0.0111435 0.00443396 0)
(-0.00934668 0.00418547 0)
(-0.00879378 0.00103921 0)
(-0.0115657 -0.000991492 0)
(-0.0173096 -7.33753e-05 0)
(-0.0219178 0.00163113 0)
(-0.0252022 0.00286829 0)
(-0.0278592 0.00364051 0)
(-0.0301227 0.0039613 0)
(-0.0320838 0.00383157 0)
(-0.0338 0.00329227 0)
(-0.0352493 0.0024681 0)
(-0.0363365 0.00155424 0)
(-0.0369931 0.000746418 0)
(-0.0372696 0.000210466 0)
(-0.0373248 -1.86621e-06 0)
(-0.0111064 0.0406328 0)
(-0.00780188 -0.0308923 0)
(-0.0169421 -0.00756698 0)
(-0.0133932 -0.0010747 0)
(-0.0133568 0.00419124 0)
(-0.0114786 0.00394986 0)
(-0.0115288 0.00129253 0)
(-0.0156177 -3.7753e-05 0)
(-0.021584 0.000994614 0)
(-0.0259674 0.00241481 0)
(-0.0291218 0.00345265 0)
(-0.0316706 0.00412255 0)
(-0.0338256 0.00437436 0)
(-0.0356929 0.00418836 0)
(-0.0373305 0.00359721 0)
(-0.0387182 0.00271483 0)
(-0.0397624 0.00172649 0)
(-0.0403887 0.000839092 0)
(-0.0406432 0.000243035 0)
(-0.0406885 2.12513e-06 0)
(-0.00969978 0.0423175 0)
(-0.0083739 -0.0298392 0)
(-0.0180121 -0.00724166 0)
(-0.0154711 -0.00116084 0)
(-0.0154972 0.00394976 0)
(-0.0137945 0.00379353 0)
(-0.014824 0.00175933 0)
(-0.019912 0.00103924 0)
(-0.0257202 0.00202973 0)
(-0.0297963 0.00315303 0)
(-0.032787 0.00401022 0)
(-0.0351968 0.00458035 0)
(-0.0372177 0.0047644 0)
(-0.0389685 0.00452582 0)
(-0.0405125 0.00388724 0)
(-0.0418321 0.00295074 0)
(-0.0428305 0.00189156 0)
(-0.0434236 0.000926646 0)
(-0.0436526 0.000271615 0)
(-0.0436855 4.59865e-06 0)
(-0.00828169 0.043881 0)
(-0.00917884 -0.0285085 0)
(-0.0190351 -0.00678771 0)
(-0.0174113 -0.00114852 0)
(-0.0175789 0.00374869 0)
(-0.0164026 0.00378279 0)
(-0.0185935 0.00243005 0)
(-0.0242217 0.00216139 0)
(-0.0296211 0.00299556 0)
(-0.033356 0.00383915 0)
(-0.0361541 0.00453488 0)
(-0.0383932 0.00500803 0)
(-0.0402553 0.00512685 0)
(-0.0418719 0.0048407 0)
(-0.043313 0.00416054 0)
(-0.0445616 0.00317521 0)
(-0.0455141 0.00204925 0)
(-0.0460729 0.00100866 0)
(-0.0462731 0.000295521 0)
(-0.0462909 5.31604e-06 0)
(-0.0067909 0.0455262 0)
(-0.0102976 -0.0268171 0)
(-0.0201035 -0.00622888 0)
(-0.01928 -0.0010452 0)
(-0.0197091 0.00363683 0)
(-0.0193904 0.00396316 0)
(-0.0226591 0.0032582 0)
(-0.028367 0.00326015 0)
(-0.0332215 0.00387331 0)
(-0.0366068 0.00446944 0)
(-0.0391829 0.00502045 0)
(-0.041221 0.00540004 0)
(-0.0429036 0.005458 0)
(-0.0443743 0.00513086 0)
(-0.0457083 0.00441628 0)
(-0.0468871 0.00338817 0)
(-0.0477962 0.00219963 0)
(-0.0483207 0.00108487 0)
(-0.0484888 0.000314081 0)
(-0.0484884 4.05001e-06 0)
(-0.00563643 0.0466112 0)
(-0.011811 -0.0247683 0)
(-0.0214078 -0.00561207 0)
(-0.0212247 -0.000865343 0)
(-0.0220431 0.00365309 0)
(-0.0227567 0.00433967 0)
(-0.0267927 0.00417486 0)
(-0.0322083 0.0042849 0)
(-0.0364709 0.00465659 0)
(-0.0395069 0.00504133 0)
(-0.0418323 0.00546119 0)
(-0.0436447 0.00575207 0)
(-0.0451345 0.0057556 0)
(-0.0464542 0.00539544 0)
(-0.0476824 0.00465431 0)
(-0.0487961 0.00358986 0)
(-0.0496668 0.00234316 0)
(-0.0501587 0.00115556 0)
(-0.0502913 0.000326799 0)
(-0.0502688 2.31725e-08 0)
(-0.0023169 0.0499181 0)
(-0.0137226 -0.0227077 0)
(-0.023175 -0.00502853 0)
(-0.0234362 -0.000614175 0)
(-0.0247329 0.00379776 0)
(-0.0263876 0.00486984 0)
(-0.0307406 0.00511362 0)
(-0.0356128 0.00521514 0)
(-0.0392937 0.00535418 0)
(-0.0419805 0.00556023 0)
(-0.0440332 0.00585921 0)
(-0.0456092 0.00606573 0)
(-0.0469065 0.00602035 0)
(-0.0480823 0.0056343 0)
(-0.0492154 0.00487463 0)
(-0.050276 0.00378156 0)
(-0.0511181 0.0024824 0)
(-0.0515813 0.00122286 0)
(-0.0516758 0.000333637 0)
(-0.0516275 -7.41953e-06 0)
(-0.028976 0.0381288 0)
(-0.0189837 -0.0186063 0)
(-0.0287371 -0.00350185 0)
(-0.0299669 0.000618914 0)
(-0.0328294 0.00497243 0)
(-0.035691 0.00669399 0)
(-0.0392762 0.00722668 0)
(-0.042375 0.00702864 0)
(-0.0447077 0.00672182 0)
(-0.0464767 0.00659105 0)
(-0.0478017 0.00662769 0)
(-0.0488294 0.00666699 0)
(-0.0497505 0.00655319 0)
(-0.050702 0.00615586 0)
(-0.0517341 0.00539182 0)
(-0.0527766 0.00425301 0)
(-0.0536266 0.00283237 0)
(-0.0540573 0.00138278 0)
(-0.0540606 0.000321306 0)
(-0.0539373 -4.88365e-05 0)
(-0.0271142 0.0111497 0)
(-0.0256592 -0.0103167 0)
(-0.0374752 7.49553e-06 0)
(-0.0399268 0.00384618 0)
(-0.0429944 0.00733411 0)
(-0.0449272 0.00879587 0)
(-0.0464695 0.00898831 0)
(-0.0475253 0.00845288 0)
(-0.0482801 0.00784157 0)
(-0.0487385 0.00743488 0)
(-0.0489382 0.00726007 0)
(-0.0490163 0.00721246 0)
(-0.0491273 0.00711385 0)
(-0.0493781 0.00676583 0)
(-0.0498115 0.00602271 0)
(-0.0503709 0.00482977 0)
(-0.0508338 0.0032393 0)
(-0.0508631 0.00149152 0)
(-0.0503742 0.000132253 0)
(-0.0498847 -0.000227466 0)
(-0.0276054 0.00658992 0)
(-0.0338795 -0.00148041 0)
(-0.0419746 0.0038708 0)
(-0.04484 0.0063467 0)
(-0.0466396 0.00862366 0)
(-0.0470814 0.00943393 0)
(-0.0470071 0.00928367 0)
(-0.0465972 0.0085941 0)
(-0.0459115 0.0078234 0)
(-0.0448686 0.00722428 0)
(-0.0435243 0.00691022 0)
(-0.0420388 0.00683373 0)
(-0.0405883 0.0068045 0)
(-0.0393165 0.006581 0)
(-0.0383445 0.00598012 0)
(-0.0377293 0.00490976 0)
(-0.037272 0.00332921 0)
(-0.0363978 0.00133121 0)
(-0.0346914 -0.000460261 0)
(-0.0330835 -0.000818787 0)
(-0.033884 0.00951463 0)
(-0.0383041 0.00518574 0)
(-0.0424318 0.00669153 0)
(-0.0438282 0.00766783 0)
(-0.0440488 0.00870691 0)
(-0.0432655 0.00893192 0)
(-0.0420941 0.00851298 0)
(-0.0405829 0.00762816 0)
(-0.0386209 0.00657993 0)
(-0.0361116 0.00566307 0)
(-0.0331886 0.0051143 0)
(-0.0301527 0.00497371 0)
(-0.027359 0.00506615 0)
(-0.0251423 0.0051206 0)
(-0.0238299 0.00491567 0)
(-0.0236302 0.00428096 0)
(-0.0241219 0.00295501 0)
(-0.0237568 0.000640692 0)
(-0.0206734 -0.00193415 0)
(-0.0154201 -0.00261624 0)
(-0.0354274 0.0110317 0)
(-0.0374573 0.00826901 0)
(-0.0386769 0.00789361 0)
(-0.0383968 0.00773938 0)
(-0.0374002 0.00789711 0)
(-0.0359715 0.00773691 0)
(-0.034421 0.00710548 0)
(-0.0325588 0.0059269 0)
(-0.0300504 0.00440486 0)
(-0.0266879 0.00297495 0)
(-0.0226559 0.00214241 0)
(-0.0185017 0.00210833 0)
(-0.0149375 0.00273319 0)
(-0.012636 0.0037152 0)
(-0.0122586 0.00463914 0)
(-0.0142581 0.00496027 0)
(-0.0177442 0.00377593 0)
(-0.0194755 -6.96885e-05 0)
(-0.0156733 -0.00550855 0)
(-0.00442716 -0.00725086 0)
(-0.0327896 0.0114406 0)
(-0.0329838 0.00893408 0)
(-0.0323937 0.0075533 0)
(-0.0311077 0.00679132 0)
(-0.0297859 0.00661369 0)
(-0.0288016 0.00644963 0)
(-0.0282558 0.00582129 0)
(-0.0276374 0.00436624 0)
(-0.0261096 0.00221905 0)
(-0.0229728 -1.84012e-05 0)
(-0.0180896 -0.00145717 0)
(-0.0122258 -0.00133568 0)
(-0.00686495 0.000276789 0)
(-0.00374656 0.00279259 0)
(-0.00359287 0.00580833 0)
(-0.00715594 0.00787087 0)
(-0.0133148 0.00684623 0)
(-0.0176083 -3.10707e-05 0)
(-0.0151164 -0.0113031 0)
(-0.00135184 -0.0151891 0)
(-0.0279789 0.0110803 0)
(-0.0270326 0.00842815 0)
(-0.0255706 0.00658157 0)
(-0.0240485 0.00574941 0)
(-0.0233609 0.00594892 0)
(-0.024114 0.00649086 0)
(-0.0261789 0.00638594 0)
(-0.0282823 0.00463672 0)
(-0.0286614 0.00106195 0)
(-0.0262575 -0.00332215 0)
(-0.0213168 -0.00655428 0)
(-0.0146893 -0.00709451 0)
(-0.00674585 -0.00444147 0)
(0.000856826 0.000829327 0)
(0.00304618 0.00692027 0)
(4.40835e-05 0.0117728 0)
(-0.00721213 0.0115038 0)
(-0.0139734 0.00174113 0)
(-0.0148651 -0.0159507 0)
(-0.00312501 -0.0222108 0)
(-0.0230592 0.0100995 0)
(-0.0217897 0.00734934 0)
(-0.0200811 0.00533942 0)
(-0.0187036 0.0049301 0)
(-0.0190867 0.00638849 0)
(-0.0220975 0.00855972 0)
(-0.0268532 0.00929042 0)
(-0.0307129 0.00660224 0)
(-0.0312402 0.00060465 0)
(-0.0278922 -0.00616858 0)
(-0.0223591 -0.0110978 0)
(-0.01694 -0.0131447 0)
(-0.0109759 -0.0121002 0)
(-0.000603067 -0.00485372 0)
(0.00735162 0.00613982 0)
(0.00748352 0.014925 0)
(0.00159314 0.0171611 0)
(-0.00650771 0.00585757 0)
(-0.012178 -0.0171871 0)
(-0.00397128 -0.0280926 0)
(-0.0187625 0.00905861 0)
(-0.0175846 0.00626126 0)
(-0.0160665 0.00420264 0)
(-0.0154378 0.00469842 0)
(-0.0174183 0.00825229 0)
(-0.0226045 0.0124332 0)
(-0.0289516 0.0133878 0)
(-0.0329733 0.00875164 0)
(-0.0324497 -0.000274755 0)
(-0.0275533 -0.00966857 0)
(-0.0195963 -0.0154108 0)
(-0.0122426 -0.0161445 0)
(-0.00905745 -0.0167839 0)
(-0.0045 -0.0140236 0)
(0.00791934 0.00100491 0)
(0.0138298 0.0155719 0)
(0.0110926 0.0221947 0)
(0.00463821 0.0129541 0)
(-0.00587592 -0.0144059 0)
(-0.00275317 -0.0327794 0)
(-0.0149438 0.00830309 0)
(-0.0140735 0.00562508 0)
(-0.0134662 0.00389019 0)
(-0.0145384 0.00580111 0)
(-0.01814 0.0115636 0)
(-0.0242299 0.0171776 0)
(-0.0305729 0.0174138 0)
(-0.0342273 0.00996597 0)
(-0.0337229 -0.0029819 0)
(-0.0288008 -0.0163848 0)
(-0.0196536 -0.0242174 0)
(-0.00798026 -0.0216176 0)
(-0.000975389 -0.0176646 0)
(-0.0011792 -0.0188407 0)
(0.00564329 -0.00816444 0)
(0.0167421 0.011863 0)
(0.0188108 0.0246874 0)
(0.0146944 0.0202381 0)
(0.00279722 -0.00637994 0)
(-0.000773577 -0.0341486 0)
(-0.0136615 0.00782685 0)
(-0.014367 0.00560449 0)
(-0.0150947 0.00488741 0)
(-0.0166069 0.0081132 0)
(-0.0194629 0.0150716 0)
(-0.0236751 0.021164 0)
(-0.0277025 0.0204128 0)
(-0.0296158 0.0107134 0)
(-0.0286638 -0.00523342 0)
(-0.0249236 -0.0223871 0)
(-0.0180442 -0.034046 0)
(-0.00773092 -0.0323311 0)
(0.00414438 -0.0219144 0)
(0.00736819 -0.0187012 0)
(0.00720998 -0.0146621 0)
(0.016159 0.00489167 0)
(0.0222572 0.023948 0)
(0.020305 0.0256208 0)
(0.0100462 0.00261238 0)
(-0.000825412 -0.0308164 0)
(-0.0176731 0.00949404 0)
(-0.0210044 0.00735916 0)
(-0.0213774 0.00636969 0)
(-0.0199865 0.00954972 0)
(-0.0186448 0.0164042 0)
(-0.0180019 0.022428 0)
(-0.0175864 0.0213815 0)
(-0.016237 0.011051 0)
(-0.0139468 -0.00595792 0)
(-0.0116626 -0.0247229 0)
(-0.00852321 -0.0395783 0)
(-0.00354347 -0.0413489 0)
(0.00586337 -0.0297549 0)
(0.0128643 -0.0201954 0)
(0.0129741 -0.0162042 0)
(0.0154216 -0.00111259 0)
(0.021636 0.0215536 0)
(0.0213067 0.0294852 0)
(0.0125942 0.0108911 0)
(-0.000503675 -0.0259678 0)
(-0.0230833 0.0130846 0)
(-0.028945 0.00929982 0)
(-0.0279376 0.00591504 0)
(-0.0219358 0.00741105 0)
(-0.0139293 0.0134581 0)
(-0.00717647 0.0195875 0)
(-0.00150763 0.0194123 0)
(0.0032939 0.00940408 0)
(0.00621789 -0.00650238 0)
(0.00691717 -0.0243736 0)
(0.00627077 -0.0403261 0)
(0.00587295 -0.0455241 0)
(0.00956741 -0.0357064 0)
(0.0155072 -0.0233908 0)
(0.0171978 -0.0165286 0)
(0.0159495 -0.00348354 0)
(0.0189154 0.0200385 0)
(0.0186562 0.0327255 0)
(0.0114935 0.0182535 0)
(0.000195525 -0.0213162 0)
(-0.0198788 0.0184685 0)
(-0.0274018 0.0109269 0)
(-0.0275312 0.00136915 0)
(-0.0209596 -0.00211343 0)
(-0.00789175 0.00366337 0)
(0.00610512 0.0124902 0)
(0.0167007 0.0148127 0)
(0.0238018 0.00722927 0)
(0.0266319 -0.00653729 0)
(0.0248864 -0.0222999 0)
(0.0205629 -0.0375741 0)
(0.0158589 -0.0453053 0)
(0.0144772 -0.0381601 0)
(0.0172086 -0.0258316 0)
(0.0183569 -0.0166481 0)
(0.0155383 -0.00289392 0)
(0.0150067 0.0205919 0)
(0.013555 0.0358713 0)
(0.00800051 0.0237473 0)
(3.71069e-05 -0.0176907 0)
(-0.00554376 0.0250265 0)
(-0.0107945 0.015895 0)
(-0.0109935 0.00170545 0)
(-0.00752066 -0.010137 0)
(0.00171724 -0.0114152 0)
(0.0160381 -0.00264722 0)
(0.0299031 0.00494631 0)
(0.0390547 0.00376705 0)
(0.0417646 -0.00530979 0)
(0.0377076 -0.0180103 0)
(0.0303835 -0.0323221 0)
(0.0224406 -0.0417933 0)
(0.0173261 -0.0373529 0)
(0.0168863 -0.0264441 0)
(0.0161252 -0.0159716 0)
(0.0120001 -0.00040757 0)
(0.00945893 0.0228853 0)
(0.0069272 0.0386716 0)
(0.00389989 0.0269457 0)
(-0.000500686 -0.0132366 0)
(0.0130524 0.0289281 0)
(0.0122217 0.0182964 0)
(0.0136671 0.00121868 0)
(0.016358 -0.0137111 0)
(0.0213772 -0.0191242 0)
(0.0289596 -0.0138566 0)
(0.0380072 -0.00500774 0)
(0.0450677 -0.00125867 0)
(0.0467183 -0.00489206 0)
(0.0417317 -0.0131656 0)
(0.0336105 -0.0257583 0)
(0.0238679 -0.0359482 0)
(0.0159261 -0.0336844 0)
(0.0126711 -0.0246391 0)
(0.00952066 -0.013459 0)
(0.00410213 0.00302053 0)
(0.00191616 0.0254791 0)
(-0.000388185 0.0401925 0)
(0.00316385 0.0263298 0)
(0.00503209 -0.0118778 0)
(0.0291301 0.0275918 0)
(0.0345836 0.0189165 0)
(0.038564 0.00227542 0)
(0.0411055 -0.0145631 0)
(0.0409224 -0.022561 0)
(0.0409168 -0.0181352 0)
(0.0431096 -0.00859265 0)
(0.0451053 -0.00254846 0)
(0.0438203 -0.00263545 0)
(0.0385554 -0.00778845 0)
(0.0315298 -0.0189716 0)
(0.0207002 -0.028534 0)
(0.0100129 -0.0275452 0)
(0.0037894 -0.0202495 0)
(-0.00180607 -0.00863671 0)
(-0.00679794 0.00792527 0)
(-0.00689922 0.0274214 0)
(-0.00652129 0.0385378 0)
(0.00438776 0.0217823 0)
(0.00584211 -0.013601 0)
(0.03566 0.013659 0)
(0.0481401 0.0133794 0)
(0.0582116 0.000989006 0)
(0.0624729 -0.0143214 0)
(0.0562352 -0.0208168 0)
(0.0462556 -0.0153423 0)
(0.0407021 -0.00648284 0)
(0.0386266 -0.000631215 0)
(0.0359409 0.000953005 0)
(0.0327887 -0.00275152 0)
(0.0273692 -0.012617 0)
(0.0148797 -0.0199966 0)
(0.00124781 -0.0199807 0)
(-0.00834508 -0.015066 0)
(-0.0145066 -0.0044501 0)
(-0.0173002 0.00934593 0)
(-0.0140998 0.0249731 0)
(-0.00924599 0.0320519 0)
(0.00709979 0.0149449 0)
(2.86327e-05 -0.00927896 0)
(0.0561375 0.00443068 0)
(0.0654829 -0.000364608 0)
(0.0741963 -0.0079162 0)
(0.0737362 -0.0139185 0)
(0.0605021 -0.0147976 0)
(0.0428335 -0.00693259 0)
(0.0325566 -0.0019302 0)
(0.0301755 0.000618508 0)
(0.0294969 0.00230357 0)
(0.0283543 0.000162075 0)
(0.0215732 -0.00707256 0)
(0.00802888 -0.0104044 0)
(-0.00677949 -0.0120457 0)
(-0.0184427 -0.0102708 0)
(-0.024533 0.00202952 0)
(-0.0235724 0.00948201 0)
(-0.0153869 0.0202467 0)
(-0.00617212 0.0249154 0)
(0.0173084 0.0101178 0)
(0.0100519 -0.00790968 0)
(0.0750418 -0.00347738 0)
(0.0744049 0.00361109 0)
(0.0673546 -0.000333537 0)
(0.0560425 0.00100951 0)
(0.0434248 0.00285286 0)
(0.029082 0.00954899 0)
(0.0200231 0.00598013 0)
(0.0198521 0.000708321 0)
(0.0198353 0.00487748 0)
(0.0157015 0.00662457 0)
(0.00864504 0.00305038 0)
(0.00162445 0.00369661 0)
(-0.00769035 0.00240163 0)
(-0.0137315 -0.00431066 0)
(-0.0205823 0.008398 0)
(-0.0204816 -0.00227852 0)
(-0.00682144 0.00493415 0)
(0.000235084 0.00728404 0)
(0.016122 0.00150836 0)
(0.00608045 -0.000229821 0)
)
;

boundaryField
{
    left_open
    {
        type            pressureInletOutletVelocity;
        value           nonuniform List<vector> 
40
(
(-0.00810619 -0.00015584 0)
(-0.015795 -0.0012492 0)
(-0.0163205 -0.00254118 0)
(-0.013527 -0.00360133 0)
(-0.00983509 -0.00427997 0)
(-0.00627173 -0.00460691 0)
(-0.00324896 -0.00466053 0)
(-0.0010046 -0.0045438 0)
(-5.4709e-05 -0.0044408 0)
(5.23439e-05 -0.00448696 0)
(0.000382983 0 0)
(0.000514341 0 0)
(0.000428952 0 0)
(3.6716e-05 -0.00538808 0)
(0.000296516 0 0)
(1.10794e-05 -0.00636957 0)
(-4.45718e-05 -0.00704567 0)
(-4.22446e-05 -0.00777627 0)
(0.000363684 0 0)
(0.000306687 0 0)
(-0.000152387 -0.011249 0)
(0.00031437 0 0)
(6.71699e-06 -0.0198666 0)
(-0.000322121 -0.0258534 0)
(0.000521337 0 0)
(0.00101344 0 0)
(0.000291452 -0.0418328 0)
(0.00161181 0 0)
(-0.00242145 -0.0425826 0)
(0.000176892 0 0)
(-0.000846569 -0.0345087 0)
(-0.00346957 -0.02887 0)
(-0.00119628 -0.0225344 0)
(-0.00205589 -0.0150656 0)
(-0.0053511 -0.00857819 0)
(-0.00774232 -0.00451814 0)
(-0.00282913 0.00062667 0)
(-0.00556441 0.00655172 0)
(-0.00862009 0.012121 0)
(-0.0144765 0.0135301 0)
)
;
    }
    right_open
    {
        type            pressureInletOutletVelocity;
        value           nonuniform List<vector> 
40
(
(0.00195995 -9.42261e-07 0)
(0.00392079 -1.13924e-05 0)
(0.00395255 -2.58508e-05 0)
(0.00246162 -3.95507e-05 0)
(-0.000182019 0 0)
(-0.00366043 0 0)
(-0.00769017 0 0)
(-0.0120403 0 0)
(-0.0165304 0 0)
(-0.0210247 0 0)
(-0.0254218 0 0)
(-0.029644 0 0)
(-0.033629 0 0)
(-0.0373248 0 0)
(-0.0406885 0 0)
(-0.0436855 0 0)
(-0.0462909 0 0)
(-0.0484884 0 0)
(-0.0502688 0 0)
(-0.0516275 0 0)
(-0.0539373 0 0)
(-0.0498847 0 0)
(-0.0330835 0 0)
(-0.0154201 0 0)
(-0.00442716 0 0)
(-0.00135184 0 0)
(-0.00312501 0 0)
(-0.00397128 0 0)
(-0.00275317 0 0)
(-0.000773577 0 0)
(-0.000825412 0 0)
(-0.000503675 0 0)
(0.000195525 -0.0213162 0)
(3.71069e-05 -0.0176907 0)
(-0.000500686 0 0)
(0.00503209 -0.0118778 0)
(0.00584211 -0.013601 0)
(2.86327e-05 0 0)
(0.0100519 -0.00790968 0)
(0.00608045 -0.000229821 0)
)
;
    }
    base_side
    {
        type            noSlip;
    }
    top
    {
        type            pressureInletOutletVelocity;
        value           nonuniform List<vector> 
65
(
(-0.0144765 0.0135301 0)
(-0.0131655 0.00709371 0)
(-0.00805025 0.00627895 0)
(-0.00691276 0.00729275 0)
(-0.00856121 0.00983228 0)
(-0.0140181 0.00715052 0)
(0 -2.23076e-05 0)
(0 -0.00206768 0)
(-0.0274233 0.0053424 0)
(-0.0449054 0.00216842 0)
(-0.062258 0.00547667 0)
(0 -0.00639599 0)
(-0.0720604 -0.000548689 0)
(0 -0.00757426 0)
(-0.0625911 0.0024214 0)
(0 -0.00495943 0)
(-0.0505236 0.0018659 0)
(-0.0490677 0.00211148 0)
(0 -0.00674395 0)
(0 0.00100129 0)
(-0.0138408 0.0170641 0)
(-0.0143884 0.0124505 0)
(-0.0149345 0.0203111 0)
(0 0.00680467 0)
(-0.00851332 0.0180218 0)
(0 0.00200716 0)
(3.18083e-05 0.0145863 0)
(-0.00114411 0.0156559 0)
(0 0.0088152 0)
(0 0.00657471 0)
(0 0.00695257 0)
(0.0132145 0.0116179 0)
(0.0134942 0.0128543 0)
(0.0144011 0.00856087 0)
(0 0.0025604 0)
(0.0212147 0.013686 0)
(0.02325 0.0141568 0)
(0 0.00328826 0)
(0.0400279 0.0205952 0)
(0.0443781 0.0221602 0)
(0 0.00573178 0)
(0.0584975 0.0115653 0)
(0.0605791 0.0111399 0)
(0.0611681 0.00526572 0)
(0 -0.00588358 0)
(0 -0.00347738 0)
(0.0744049 0.00361109 0)
(0.0673546 -0.000333537 0)
(0.0560425 0.00100951 0)
(0 0.00285286 0)
(0.029082 0.00954899 0)
(0.0200231 0.00598013 0)
(0 0.000708321 0)
(0.0198353 0.00487748 0)
(0.0157015 0.00662457 0)
(0.00864504 0.00305038 0)
(0.00162445 0.00369661 0)
(-0.00769035 0.00240163 0)
(0 -0.00431066 0)
(-0.0205823 0.008398 0)
(0 -0.00227852 0)
(-0.00682144 0.00493415 0)
(0.000235084 0.00728404 0)
(0 0.00150836 0)
(0 -0.000229821 0)
)
;
    }
    front
    {
        type            empty;
    }
    back
    {
        type            empty;
    }
    air_to_aluminum
    {
        type            noSlip;
    }
}


// ************************************************************************* //
