/*--------------------------------*- C++ -*----------------------------------*\
| =========                 |                                                 |
| \\      /  F ield         | OpenFOAM: The Open Source CFD Toolbox           |
|  \\    /   O peration     | Version:                                        |
|   \\  /    A nd           | Website:  www.openfoam.com                      |
|    \\/     M anipulation  |                                                 |
\*---------------------------------------------------------------------------*/
FoamFile
{
    version     2.0;
    format      ascii;
    class       volScalarField;
    location    "920/air";
    object      T;
}
// * * * * * * * * * * * * * * * * * * * * * * * * * * * * * * * * * * * * * //

dimensions      [0 0 0 1 0 0 0];


internalField   nonuniform List<scalar> 
2228
(
300.093
300.157
300.21
300.255
300.03
300.091
300.153
300.213
299.987
300.046
300.112
300.179
299.954
300.011
300.08
300.149
299.926
299.983
300.052
300.122
299.9
299.958
300.027
300.097
299.877
299.934
300.004
300.075
299.856
299.912
299.981
300.054
299.836
299.89
299.959
300.034
299.816
299.864
299.935
300.015
299.794
299.83
299.903
299.995
299.765
299.778
299.856
299.97
299.722
299.687
299.776
299.936
299.652
299.527
299.632
299.881
299.526
299.248
299.365
299.771
299.242
298.775
298.876
299.485
300.255
300.21
300.157
300.093
300.213
300.153
300.091
300.029
300.179
300.112
300.045
299.987
300.149
300.08
300.011
299.954
300.122
300.052
299.983
299.925
300.097
300.027
299.958
299.9
300.075
300.004
299.935
299.877
300.054
299.982
299.913
299.856
300.035
299.961
299.892
299.837
300.017
299.939
299.87
299.818
299.998
299.914
299.842
299.799
299.978
299.878
299.802
299.775
299.952
299.82
299.734
299.742
299.911
299.717
299.611
299.685
299.844
299.535
299.39
299.576
299.727
299.243
299.03
299.316
294.71
295.222
295.762
296.27
293.194
293.139
293.194
293.336
293.199
293.113
293.019
292.944
293.274
293.251
293.196
293.114
293.271
293.268
293.247
293.202
293.244
293.241
293.23
293.209
293.241
293.241
293.236
293.227
293.255
293.259
293.261
293.261
293.274
293.282
293.288
293.293
293.297
293.305
293.312
293.32
293.316
293.323
293.33
293.338
293.323
293.329
293.335
293.342
293.339
293.345
293.35
293.355
293.392
293.397
293.402
293.405
293.476
293.479
293.481
293.483
293.564
293.567
293.57
293.573
293.685
293.697
293.705
293.709
293.881
293.877
293.846
293.8
293.886
293.87
293.857
293.841
293.758
293.778
293.809
293.83
296.659
296.86
296.963
297.104
293.558
293.79
293.999
294.2
292.911
292.926
292.99
293.104
293.019
292.931
292.872
292.866
293.136
293.056
292.977
292.925
293.176
293.134
293.086
293.05
293.212
293.193
293.172
293.164
293.258
293.253
293.249
293.261
293.297
293.303
293.313
293.346
293.329
293.344
293.371
293.426
293.35
293.372
293.415
293.494
293.351
293.368
293.409
293.495
293.359
293.364
293.375
293.415
293.408
293.41
293.409
293.408
293.484
293.485
293.485
293.482
293.576
293.578
293.578
293.578
293.714
293.719
293.717
293.701
293.762
293.737
293.717
293.695
293.831
293.823
293.818
293.817
293.854
293.878
293.887
293.897
297.241
297.373
297.57
294.369
294.52
294.738
293.238
293.38
293.6
292.927
293.036
293.25
292.95
293.042
293.253
293.078
293.172
293.384
293.211
293.314
293.526
293.325
293.437
293.646
293.427
293.546
293.751
293.523
293.649
293.845
293.605
293.728
293.906
293.61
293.727
293.879
293.488
293.575
293.694
293.415
293.433
293.473
293.476
293.47
293.463
293.576
293.572
293.566
293.679
293.658
293.634
293.677
293.667
293.658
293.819
293.825
293.833
293.908
293.913
293.907
297.772
297.901
298.047
294.972
295.137
295.343
293.845
294.017
294.234
293.506
293.685
293.905
293.514
293.692
293.904
293.639
293.807
294.004
293.766
293.92
294.095
293.867
294.004
294.156
293.951
294.072
294.202
294.024
294.128
294.239
294.058
294.145
294.236
294.004
294.075
294.149
293.793
293.85
293.911
293.515
293.545
293.579
293.461
293.461
293.464
293.558
293.554
293.548
293.616
293.605
293.594
293.655
293.653
293.654
293.839
293.844
293.849
293.911
293.912
293.912
298.357
298.824
299.12
295.834
296.769
297.578
294.751
295.759
296.644
294.412
295.345
296.098
294.378
295.179
295.737
294.428
295.081
295.459
294.463
294.984
295.233
294.469
294.882
295.051
294.465
294.79
294.904
294.454
294.705
294.777
294.412
294.614
294.669
294.295
294.484
294.581
294.036
294.223
294.382
293.657
293.801
293.967
293.474
293.512
293.584
293.537
293.518
293.506
293.571
293.534
293.503
293.658
293.671
293.697
293.859
293.877
293.895
293.91
293.909
293.906
299.057
298.306
297.773
297.557
297.812
296.525
295.48
294.826
296.871
295.421
294.268
293.608
296.173
294.776
293.71
293.17
295.639
294.377
293.453
293.026
295.236
294.14
293.353
292.999
294.956
294.033
293.359
293.045
294.774
294.003
293.42
293.138
294.647
294
293.492
293.241
294.538
293.975
293.525
293.308
294.459
293.948
293.525
293.339
294.484
294.085
293.657
293.412
294.473
294.337
294.036
293.737
294.184
294.329
294.294
294.132
293.749
293.993
294.173
294.228
293.526
293.66
293.877
294.072
293.497
293.614
293.836
294.054
293.759
293.876
294.001
294.084
293.917
293.94
293.939
293.906
293.899
293.881
293.854
293.82
297.221
296.571
295.789
295.021
294.26
293.769
293.414
293.29
293.218
293.025
293.001
293.111
292.936
292.879
292.929
293.025
292.869
292.836
292.856
292.893
292.868
292.829
292.825
292.834
292.931
292.905
292.917
292.943
293.046
293.045
293.077
293.111
293.168
293.177
293.205
293.227
293.254
293.264
293.282
293.29
293.312
293.327
293.335
293.332
293.361
293.383
293.391
293.381
293.551
293.486
293.48
293.472
293.934
293.779
293.689
293.636
294.168
294.05
293.936
293.842
294.165
294.153
294.079
293.967
294.174
294.176
294.088
293.931
294.087
294.007
293.867
293.707
293.838
293.743
293.643
293.559
293.78
293.739
293.711
293.69
293.15
293.15
293.15
293.15
293.15
293.15
293.15
293.15
293.15
293.147
293.14
293.132
293.127
293.125
293.117
293.069
292.982
292.896
292.796
293.971
293.15
293.15
293.15
293.15
293.15
293.15
293.15
293.15
293.15
293.147
293.14
293.132
293.127
293.125
293.117
293.068
292.985
292.907
292.848
293.937
293.15
293.15
293.15
293.15
293.15
293.15
293.15
293.15
293.15
293.147
293.141
293.134
293.129
293.126
293.117
293.072
293.001
292.953
292.915
293.936
293.15
293.15
293.15
293.15
293.15
293.15
293.15
293.15
293.15
293.148
293.143
293.136
293.131
293.127
293.119
293.08
293.027
293.017
292.96
293.953
293.15
293.15
293.15
293.15
293.15
293.15
293.15
293.15
293.15
293.149
293.145
293.139
293.134
293.129
293.122
293.091
293.053
293.074
292.989
293.974
293.15
293.15
293.15
293.15
293.15
293.15
293.15
293.15
293.15
293.149
293.146
293.142
293.136
293.131
293.125
293.101
293.074
293.107
293.012
293.998
293.15
293.15
293.15
293.15
293.15
293.15
293.15
293.15
293.15
293.15
293.148
293.144
293.139
293.133
293.127
293.111
293.093
293.125
293.027
294.022
293.15
293.15
293.15
293.15
293.15
293.15
293.15
293.15
293.15
293.15
293.149
293.146
293.142
293.135
293.13
293.118
293.108
293.136
293.038
294.046
293.15
293.15
293.15
293.15
293.15
293.15
293.15
293.15
293.15
293.15
293.149
293.148
293.144
293.138
293.132
293.124
293.119
293.143
293.046
294.07
293.15
293.15
293.15
293.15
293.15
293.15
293.15
293.15
293.15
293.15
293.15
293.149
293.146
293.14
293.134
293.128
293.126
293.148
293.052
294.094
293.15
293.15
293.15
293.15
293.15
293.15
293.15
293.15
293.15
293.15
293.15
293.149
293.147
293.142
293.136
293.131
293.131
293.151
293.056
294.117
293.15
293.15
293.15
293.15
293.15
293.15
293.15
293.15
293.15
293.15
293.15
293.15
293.148
293.144
293.137
293.134
293.134
293.152
293.059
294.139
293.15
293.15
293.15
293.15
293.15
293.15
293.15
293.15
293.15
293.15
293.15
293.15
293.149
293.145
293.139
293.136
293.136
293.153
293.062
294.16
293.15
293.15
293.15
293.15
293.15
293.15
293.15
293.15
293.15
293.15
293.15
293.15
293.149
293.147
293.141
293.137
293.137
293.153
293.065
294.181
293.15
293.15
293.15
293.15
293.15
293.15
293.15
293.15
293.15
293.15
293.15
293.15
293.15
293.148
293.143
293.139
293.137
293.152
293.066
294.2
293.15
293.15
293.15
293.15
293.15
293.15
293.15
293.15
293.15
293.15
293.15
293.15
293.15
293.148
293.144
293.14
293.138
293.152
293.068
294.219
293.15
293.15
293.15
293.15
293.15
293.15
293.15
293.15
293.15
293.15
293.15
293.15
293.15
293.149
293.145
293.141
293.138
293.151
293.07
294.236
293.15
293.15
293.15
293.15
293.15
293.15
293.15
293.15
293.15
293.15
293.15
293.15
293.15
293.149
293.146
293.142
293.139
293.151
293.071
294.252
293.15
293.15
293.15
293.15
293.15
293.15
293.15
293.15
293.15
293.15
293.15
293.15
293.15
293.149
293.147
293.143
293.139
293.15
293.073
294.263
293.15
293.15
293.15
293.15
293.15
293.15
293.15
293.15
293.15
293.15
293.15
293.15
293.15
293.15
293.148
293.144
293.14
293.149
293.076
294.3
293.15
293.15
293.15
293.15
293.15
293.15
293.15
293.15
293.15
293.15
293.15
293.15
293.15
293.15
293.149
293.146
293.142
293.147
293.09
293.788
293.15
293.15
293.152
293.154
293.154
293.152
293.149
293.148
293.148
293.149
293.149
293.149
293.149
293.15
293.149
293.148
293.145
293.142
293.138
293.408
293.148
293.163
293.195
293.221
293.228
293.211
293.185
293.164
293.153
293.148
293.148
293.148
293.149
293.149
293.149
293.149
293.146
293.141
293.159
293.267
293.16
293.241
293.323
293.381
293.397
293.364
293.295
293.225
293.179
293.157
293.149
293.147
293.148
293.148
293.149
293.149
293.146
293.143
293.168
293.252
293.207
293.351
293.452
293.513
293.541
293.52
293.437
293.325
293.232
293.179
293.156
293.148
293.146
293.147
293.148
293.148
293.145
293.145
293.176
293.241
293.252
293.432
293.529
293.573
293.599
293.607
293.55
293.427
293.297
293.211
293.168
293.151
293.146
293.146
293.147
293.147
293.145
293.147
293.179
293.226
293.298
293.515
293.595
293.604
293.608
293.628
293.612
293.507
293.358
293.243
293.182
293.155
293.147
293.145
293.146
293.146
293.144
293.149
293.182
293.224
293.361
293.602
293.659
293.633
293.612
293.625
293.636
293.558
293.406
293.27
293.193
293.159
293.148
293.145
293.146
293.145
293.144
293.154
293.19
293.232
293.42
293.663
293.7
293.662
293.621
293.622
293.643
293.589
293.439
293.288
293.2
293.163
293.15
293.146
293.145
293.144
293.146
293.164
293.204
293.249
293.46
293.684
293.708
293.687
293.638
293.627
293.646
293.605
293.46
293.3
293.206
293.167
293.152
293.147
293.145
293.145
293.153
293.181
293.225
293.271
293.487
293.68
293.695
293.704
293.661
293.636
293.649
293.613
293.472
293.309
293.214
293.173
293.157
293.15
293.148
293.151
293.169
293.203
293.249
293.292
293.507
293.665
293.681
293.709
293.683
293.641
293.653
293.617
293.481
293.322
293.228
293.187
293.168
293.16
293.161
293.171
293.194
293.227
293.267
293.303
293.528
293.649
293.672
293.707
293.701
293.647
293.655
293.62
293.493
293.345
293.254
293.215
293.197
293.191
293.195
293.209
293.231
293.259
293.288
293.32
293.54
293.631
293.66
293.705
293.703
293.661
293.653
293.622
293.511
293.382
293.3
293.265
293.252
293.252
293.26
293.275
293.296
293.32
293.346
293.374
293.547
293.605
293.635
293.695
293.706
293.674
293.649
293.625
293.536
293.434
293.367
293.338
293.332
293.338
293.351
293.369
293.39
293.415
293.441
293.464
293.547
293.574
293.594
293.667
293.708
293.683
293.65
293.628
293.565
293.494
293.447
293.427
293.427
293.438
293.455
293.475
293.496
293.519
293.543
293.557
293.542
293.552
293.547
293.613
293.696
293.696
293.66
293.633
293.594
293.553
293.527
293.519
293.525
293.539
293.557
293.575
293.592
293.609
293.621
293.655
293.526
293.562
293.525
293.537
293.648
293.707
293.68
293.652
293.629
293.61
293.603
293.608
293.619
293.633
293.647
293.657
293.661
293.655
293.674
293.811
293.507
293.612
293.548
293.466
293.546
293.664
293.701
293.69
293.682
293.68
293.683
293.689
293.695
293.698
293.694
293.682
293.658
293.629
293.734
293.908
293.446
293.523
293.504
293.427
293.407
293.472
293.539
293.562
293.573
293.561
293.554
293.559
293.551
293.54
293.53
293.522
293.519
293.522
293.586
293.703
293.835
292.666
292.828
292.871
292.894
292.929
292.967
292.992
293.007
293.02
293.034
293.05
293.068
293.086
293.102
293.116
293.13
293.142
293.156
293.183
293.798
292.719
292.841
292.877
292.896
292.929
292.966
292.993
293.009
293.022
293.038
293.056
293.075
293.094
293.11
293.125
293.14
293.152
293.168
293.197
293.801
292.801
292.878
292.889
292.9
292.931
292.967
292.995
293.012
293.027
293.046
293.067
293.089
293.108
293.126
293.142
293.157
293.171
293.191
293.221
293.825
292.865
292.922
292.905
292.908
292.936
292.971
292.998
293.017
293.035
293.058
293.083
293.107
293.129
293.147
293.163
293.179
293.193
293.216
293.241
293.858
292.909
292.954
292.92
292.92
292.944
292.977
293.004
293.024
293.046
293.074
293.103
293.13
293.152
293.171
293.186
293.202
293.216
293.237
293.254
293.892
292.941
292.975
292.935
292.934
292.956
292.986
293.011
293.034
293.061
293.093
293.126
293.154
293.176
293.194
293.208
293.223
293.234
293.251
293.261
293.928
292.965
292.99
292.951
292.949
292.969
292.996
293.021
293.047
293.079
293.116
293.151
293.178
293.199
293.214
293.226
293.238
293.247
293.26
293.265
293.962
292.985
293.005
292.969
292.966
292.983
293.007
293.032
293.062
293.1
293.14
293.175
293.2
293.217
293.23
293.24
293.25
293.256
293.265
293.268
293.995
293.002
293.02
292.988
292.984
292.998
293.02
293.047
293.081
293.123
293.164
293.196
293.218
293.232
293.242
293.25
293.257
293.262
293.269
293.27
294.027
293.016
293.037
293.007
293.002
293.014
293.035
293.064
293.103
293.147
293.186
293.214
293.232
293.243
293.251
293.257
293.263
293.267
293.272
293.272
294.057
293.029
293.054
293.027
293.021
293.031
293.051
293.083
293.125
293.17
293.205
293.228
293.242
293.251
293.257
293.262
293.267
293.27
293.275
293.274
294.084
293.041
293.071
293.046
293.04
293.049
293.07
293.104
293.148
293.19
293.221
293.239
293.251
293.258
293.263
293.267
293.271
293.273
293.277
293.276
294.109
293.051
293.088
293.064
293.059
293.068
293.09
293.127
293.17
293.207
293.233
293.248
293.258
293.264
293.268
293.271
293.274
293.276
293.28
293.278
294.132
293.061
293.105
293.083
293.078
293.088
293.112
293.149
293.189
293.221
293.243
293.257
293.267
293.271
293.274
293.276
293.278
293.279
293.282
293.28
294.151
293.069
293.121
293.101
293.099
293.109
293.133
293.169
293.205
293.233
293.253
293.267
293.277
293.28
293.28
293.28
293.281
293.282
293.285
293.282
294.168
293.076
293.137
293.119
293.119
293.129
293.154
293.187
293.218
293.243
293.264
293.281
293.29
293.291
293.288
293.285
293.285
293.285
293.287
293.284
294.182
293.083
293.153
293.136
293.138
293.149
293.172
293.202
293.23
293.254
293.278
293.297
293.306
293.305
293.298
293.292
293.289
293.288
293.29
293.286
294.193
293.089
293.167
293.152
293.156
293.167
293.188
293.214
293.241
293.267
293.295
293.316
293.324
293.321
293.311
293.3
293.294
293.292
293.293
293.288
294.197
293.095
293.179
293.166
293.171
293.182
293.201
293.225
293.252
293.283
293.314
293.335
293.342
293.338
293.325
293.31
293.301
293.296
293.296
293.29
294.224
293.102
293.19
293.177
293.183
293.193
293.211
293.235
293.265
293.299
293.332
293.351
293.357
293.353
293.34
293.321
293.308
293.3
293.299
293.292
293.77
293.125
293.207
293.198
293.205
293.215
293.233
293.262
293.301
293.341
293.364
293.37
293.373
293.373
293.366
293.349
293.33
293.315
293.309
293.298
293.469
293.182
293.212
293.213
293.223
293.239
293.268
293.312
293.353
293.371
293.367
293.365
293.371
293.379
293.387
293.384
293.367
293.343
293.327
293.308
293.382
293.232
293.213
293.215
293.231
293.26
293.302
293.347
293.365
293.353
293.342
293.345
293.356
293.371
293.387
293.394
293.391
293.372
293.348
293.318
293.249
293.276
293.224
293.209
293.228
293.273
293.326
293.359
293.35
293.326
293.32
293.328
293.345
293.366
293.388
293.398
293.4
293.39
293.366
293.327
293.003
293.09
293.158
293.197
293.215
293.271
293.337
293.356
293.329
293.303
293.3
293.318
293.346
293.368
293.39
293.407
293.407
293.399
293.378
293.334
292.883
292.962
293.052
293.134
293.188
293.255
293.34
293.35
293.311
293.282
293.284
293.319
293.363
293.381
293.395
293.415
293.416
293.406
293.385
293.336
293.004
293.028
293.035
293.078
293.144
293.228
293.334
293.345
293.297
293.265
293.273
293.336
293.4
293.408
293.405
293.423
293.424
293.412
293.389
293.336
293.154
293.143
293.092
293.065
293.102
293.192
293.32
293.344
293.29
293.255
293.275
293.373
293.457
293.448
293.418
293.431
293.431
293.416
293.391
293.333
293.241
293.217
293.16
293.094
293.082
293.156
293.296
293.343
293.293
293.256
293.293
293.433
293.531
293.503
293.437
293.436
293.436
293.419
293.39
293.328
293.282
293.249
293.2
293.13
293.086
293.131
293.269
293.339
293.303
293.27
293.333
293.511
293.612
293.57
293.467
293.44
293.44
293.42
293.387
293.323
293.308
293.265
293.216
293.152
293.101
293.125
293.249
293.333
293.314
293.29
293.392
293.59
293.679
293.639
293.512
293.445
293.441
293.42
293.382
293.322
293.33
293.274
293.222
293.166
293.123
293.138
293.244
293.328
293.324
293.315
293.463
293.644
293.714
293.693
293.567
293.457
293.441
293.419
293.377
293.323
293.371
293.286
293.235
293.19
293.162
293.177
293.261
293.329
293.325
293.357
293.531
293.657
293.714
293.721
293.618
293.48
293.44
293.419
293.373
293.325
293.449
293.312
293.265
293.234
293.219
293.234
293.289
293.327
293.334
293.43
293.564
293.644
293.705
293.73
293.651
293.505
293.441
293.418
293.371
293.329
293.537
293.355
293.33
293.309
293.3
293.305
293.327
293.348
293.392
293.486
293.567
293.647
293.712
293.734
293.661
293.519
293.444
293.417
293.374
293.335
293.564
293.387
293.394
293.395
293.394
293.394
293.397
293.414
293.458
293.525
293.615
293.694
293.732
293.724
293.643
293.512
293.443
293.417
293.381
293.344
293.533
293.415
293.454
293.495
293.529
293.551
293.561
293.58
293.623
293.682
293.727
293.734
293.714
293.675
293.588
293.482
293.438
293.419
293.39
293.355
293.463
293.428
293.488
293.56
293.637
293.706
293.755
293.778
293.78
293.756
293.709
293.654
293.612
293.571
293.498
293.44
293.432
293.425
293.404
293.368
293.477
293.498
293.56
293.632
293.688
293.709
293.698
293.664
293.619
293.56
293.507
293.477
293.465
293.44
293.416
293.418
293.432
293.431
293.417
293.38
293.668
293.643
293.615
293.579
293.539
293.474
293.417
293.384
293.369
293.348
293.345
293.362
293.368
293.37
293.379
293.391
293.397
293.398
293.39
293.368
)
;

boundaryField
{
    left_open
    {
        type            inletOutlet;
        inletValue      uniform 293.15;
        value           nonuniform List<scalar> 
40
(
293.15
293.15
293.15
293.15
293.15
293.15
293.15
293.15
293.15
293.15
293.15
293.15
293.15
293.15
293.15
293.15
293.15
293.15
293.15
293.15
293.15
293.15
293.15
293.15
293.15
293.15
293.15
293.15
293.418
293.15
293.485
293.15
293.526
293.15
293.15
293.15
293.542
293.15
293.15
293.445
)
;
    }
    right_open
    {
        type            inletOutlet;
        inletValue      uniform 293.15;
        value           nonuniform List<scalar> 
40
(
293.182
293.197
293.22
293.241
293.254
293.261
293.265
293.268
293.27
293.272
293.274
293.276
293.278
293.28
293.282
293.284
293.286
293.288
293.29
293.292
293.298
293.308
293.15
293.15
293.333
293.15
293.336
293.333
293.328
293.15
293.322
293.323
293.325
293.328
293.334
293.343
293.354
293.367
293.379
293.367
)
;
    }
    base_side
    {
        type            zeroGradient;
    }
    top
    {
        type            inletOutlet;
        inletValue      uniform 293.15;
        value           nonuniform List<scalar> 
65
(
293.445
293.522
293.503
293.428
293.405
293.467
293.534
293.15
293.15
293.559
293.552
293.557
293.15
293.538
293.15
293.521
293.52
293.15
293.582
293.15
293.15
293.15
293.15
293.15
293.15
293.876
293.15
293.15
293.91
293.919
293.15
293.15
293.15
293.15
293.15
293.15
293.15
293.894
293.874
293.844
293.809
293.767
293.728
293.706
293.688
293.67
293.642
293.611
293.15
293.535
293.15
293.414
293.15
293.368
293.348
293.345
293.362
293.15
293.37
293.379
293.391
293.397
293.397
293.389
293.367
)
;
    }
    front
    {
        type            empty;
    }
    back
    {
        type            empty;
    }
    air_to_aluminum
    {
        type            compressible::turbulentTemperatureCoupledBaffleMixed;
        refValue        nonuniform List<scalar> 
129
(
300.084
300.077
300.062
300.041
300.154
300.204
300.249
300.285
300.285
300.249
300.204
300.154
300.084
300.077
300.062
300.041
300.015
300.04
299.986
299.998
299.957
299.963
299.929
299.932
299.902
299.904
299.877
299.878
299.855
299.855
299.834
299.835
299.816
299.816
299.8
299.8
299.786
299.786
299.774
299.775
299.765
299.765
299.758
299.758
299.753
299.753
299.75
299.75
299.751
299.751
299.751
299.751
300.272
300.241
300.21
300.182
300.155
300.131
300.109
300.089
300.071
300.056
300.042
300.031
300.022
300.015
300.011
300.008
300.008
300.008
300.008
300.008
300.008
300.008
300.272
300.241
300.21
300.182
300.155
300.131
300.109
300.089
300.071
300.056
300.042
300.031
300.022
300.015
300.011
300.008
300.008
300.008
300.008
300.04
299.998
299.963
299.931
299.903
299.878
299.855
299.834
299.816
299.8
299.786
299.774
299.765
299.758
299.753
299.75
300.015
299.986
299.957
299.928
299.902
299.877
299.854
299.834
299.815
299.799
299.785
299.774
299.764
299.757
299.752
299.75
299.75
299.75
299.75
299.75
)
;
        refGradient     uniform 0;
        valueFraction   nonuniform List<scalar> 
129
(
0.999971
0.999971
0.999971
0.999971
0.999855
0.999855
0.999855
0.999855
0.999855
0.999855
0.999855
0.999855
0.999971
0.999971
0.999971
0.999971
0.999971
0.999855
0.999971
0.999855
0.999971
0.999855
0.999971
0.999855
0.999971
0.999855
0.999971
0.999855
0.999971
0.999855
0.999971
0.999855
0.999971
0.999855
0.999971
0.999855
0.999971
0.999855
0.999971
0.999855
0.999971
0.999855
0.999971
0.999855
0.999971
0.999855
0.999964
0.999971
0.999964
0.999964
0.999855
0.999964
0.999918
0.999918
0.999918
0.999918
0.999918
0.999918
0.999918
0.999918
0.999918
0.999918
0.999918
0.999918
0.999918
0.999918
0.999918
0.999918
0.999964
0.999964
0.999964
0.999964
0.999964
0.999964
0.999918
0.999918
0.999918
0.999918
0.999918
0.999918
0.999918
0.999918
0.999918
0.999918
0.999918
0.999918
0.999918
0.999918
0.999918
0.999964
0.999964
0.999918
0.999964
0.999855
0.999855
0.999855
0.999855
0.999855
0.999855
0.999855
0.999855
0.999855
0.999855
0.999855
0.999855
0.999855
0.999855
0.999855
0.999855
0.999971
0.999971
0.999971
0.999971
0.999971
0.999971
0.999971
0.999971
0.999971
0.999971
0.999971
0.999971
0.999971
0.999971
0.999971
0.999964
0.999964
0.999964
0.999964
0.999971
)
;
        value           nonuniform List<scalar> 
129
(
300.084
300.077
300.062
300.041
300.154
300.204
300.249
300.285
300.285
300.249
300.204
300.154
300.084
300.076
300.062
300.041
300.015
300.04
299.986
299.998
299.957
299.963
299.929
299.932
299.902
299.904
299.877
299.878
299.854
299.855
299.834
299.835
299.816
299.816
299.8
299.8
299.786
299.786
299.774
299.775
299.765
299.765
299.758
299.758
299.753
299.753
299.75
299.75
299.75
299.751
299.751
299.751
300.272
300.241
300.21
300.182
300.155
300.131
300.109
300.089
300.071
300.056
300.042
300.031
300.022
300.015
300.011
300.008
300.008
300.008
300.008
300.008
300.008
300.008
300.272
300.241
300.21
300.182
300.155
300.131
300.109
300.089
300.071
300.056
300.042
300.031
300.022
300.015
300.011
300.008
300.008
300.008
300.008
300.04
299.998
299.963
299.932
299.903
299.878
299.855
299.834
299.816
299.8
299.786
299.774
299.765
299.758
299.753
299.75
300.015
299.986
299.957
299.928
299.902
299.877
299.854
299.833
299.815
299.799
299.785
299.774
299.764
299.757
299.752
299.75
299.75
299.75
299.75
299.75
)
;
        Tnbr            T;
        thicknessLayers 0();
        kappaLayers     0();
        kappaMethod     fluidThermo;
        kappa           none;
        alphaAni        none;
        alpha           none;
    }
}


// ************************************************************************* //
