/*--------------------------------*- C++ -*----------------------------------*\
| =========                 |                                                 |
| \\      /  F ield         | OpenFOAM: The Open Source CFD Toolbox           |
|  \\    /   O peration     | Version:                                        |
|   \\  /    A nd           | Website:  www.openfoam.com                      |
|    \\/     M anipulation  |                                                 |
\*---------------------------------------------------------------------------*/
FoamFile
{
    version     2.0;
    format      ascii;
    class       volVectorField;
    location    "1858.5/air";
    object      U;
}
// * * * * * * * * * * * * * * * * * * * * * * * * * * * * * * * * * * * * * //

dimensions      [0 1 -1 0 0 0 0];


internalField   nonuniform List<vector> 
2228
(
(0.000278914 -0.000272903 0)
(0.000855147 -0.000126497 0)
(0.000874921 0.000130255 0)
(0.000293122 0.000277007 0)
(0.000213806 -0.000908017 0)
(0.000859529 -0.000553285 0)
(0.000940407 0.000493383 0)
(0.000268718 0.000943878 0)
(0.000114133 -0.0013409 0)
(0.000534789 -0.00088408 0)
(0.000622038 0.000764847 0)
(0.00016299 0.00144859 0)
(4.08378e-05 -0.00157149 0)
(0.000274798 -0.00110343 0)
(0.000374117 0.000920484 0)
(9.75468e-05 0.00176315 0)
(-2.77685e-05 -0.00165283 0)
(9.95539e-05 -0.00127356 0)
(0.000275984 0.000974453 0)
(8.74255e-05 0.00196991 0)
(-0.000117173 -0.00160524 0)
(-4.01288e-05 -0.00148931 0)
(0.000330236 0.000938086 0)
(0.000134654 0.00218671 0)
(-0.000264906 -0.00138337 0)
(-0.00021815 -0.00187129 0)
(0.000545283 0.000780277 0)
(0.000255144 0.00254206 0)
(-0.000501262 -0.000890567 0)
(-0.000513635 -0.00256632 0)
(0.000912236 0.000410602 0)
(0.000469846 0.0031827 0)
(-0.000796132 -6.47941e-06 0)
(-0.00090651 -0.00369843 0)
(0.00133515 -0.000324135 0)
(0.00076743 0.00422329 0)
(-0.00104685 0.00121839 0)
(-0.00111682 -0.00525879 0)
(0.00162747 -0.00151771 0)
(0.00105505 0.00563284 0)
(-0.00106587 0.00245235 0)
(-0.000621942 -0.00702146 0)
(0.00180622 -0.0028628 0)
(0.00121057 0.00728644 0)
(-0.000774755 0.0032574 0)
(0.000624733 -0.00885318 0)
(0.00223185 -0.00373378 0)
(0.00126609 0.0091388 0)
(-0.000220024 0.00317806 0)
(0.00162937 -0.0110201 0)
(0.00294232 -0.0037826 0)
(0.00135088 0.0112552 0)
(0.000193046 0.00277245 0)
(0.00101583 -0.0133783 0)
(0.00327226 -0.00307623 0)
(0.00148615 0.0136183 0)
(6.14552e-05 0.00269641 0)
(-0.00129187 -0.0146355 0)
(0.00213554 -0.00217641 0)
(0.00147098 0.0158545 0)
(-0.000421944 0.00710118 0)
(-0.00398987 -0.0162717 0)
(-0.00194529 -0.00211921 0)
(9.14437e-05 0.0171792 0)
(-0.000291795 0.00027597 0)
(-0.00087259 0.000130831 0)
(-0.000855891 -0.000125431 0)
(-0.000280027 -0.00027355 0)
(-0.000265709 0.000939078 0)
(-0.000934679 0.000496025 0)
(-0.000861481 -0.000548303 0)
(-0.000216294 -0.000911157 0)
(-0.000155962 0.00143509 0)
(-0.000607802 0.000772274 0)
(-0.000539866 -0.000869179 0)
(-0.000120443 -0.0013505 0)
(-8.02467e-05 0.00172736 0)
(-0.000337706 0.000939736 0)
(-0.000289417 -0.00106274 0)
(-5.92698e-05 -0.00159836 0)
(-4.48499e-05 0.00188 0)
(-0.000185847 0.00102118 0)
(-0.000140122 -0.00117248 0)
(-2.19624e-05 -0.00171725 0)
(-3.75217e-05 0.0019733 0)
(-0.000128391 0.00104927 0)
(-5.66155e-05 -0.00125014 0)
(7.13801e-06 -0.00176077 0)
(-5.22881e-05 0.00206511 0)
(-0.000142371 0.00104167 0)
(-8.41393e-06 -0.00133788 0)
(3.77473e-05 -0.00175504 0)
(-9.08063e-05 0.00220278 0)
(-0.000222232 0.00100035 0)
(2.42059e-05 -0.00147855 0)
(7.80651e-05 -0.00170391 0)
(-0.000162122 0.00244154 0)
(-0.000380363 0.000915006 0)
(5.75783e-05 -0.00172632 0)
(0.000139582 -0.00159451 0)
(-0.000280297 0.00285527 0)
(-0.000630902 0.000761266 0)
(0.000113987 -0.00215402 0)
(0.000233296 -0.00139606 0)
(-0.000456079 0.00352756 0)
(-0.000949814 0.000485175 0)
(0.000246041 -0.00285753 0)
(0.000367808 -0.00106031 0)
(-0.00067264 0.00448845 0)
(-0.00119444 -2.82605e-05 0)
(0.000559177 -0.00390254 0)
(0.00053295 -0.000537113 0)
(-0.00081539 0.00556908 0)
(-0.000945294 -0.000975327 0)
(0.00117357 -0.0051081 0)
(0.000702124 0.000410804 0)
(-0.00064871 0.0063675 0)
(0.000477025 -0.00236205 0)
(0.00203441 -0.00600071 0)
(0.000919219 0.00187335 0)
(0.00013814 0.00584956 0)
(0.00268086 -0.00369508 0)
(0.00206019 -0.00609462 0)
(0.000823355 0.00378656 0)
(0.00130617 0.00265234 0)
(0.00294696 -0.00426799 0)
(-0.000614973 -0.00481812 0)
(-0.000798965 0.00200656 0)
(0.0185839 0.0439747 0)
(0.00700768 0.0327513 0)
(-0.0116693 0.0255983 0)
(-0.019201 0.00735361 0)
(0.00667607 0.0612958 0)
(-0.000985497 0.0714329 0)
(-0.0151961 0.067919 0)
(-0.0206028 0.0234792 0)
(-0.00624751 0.0789615 0)
(-0.0120801 0.104406 0)
(-0.0205167 0.0963491 0)
(-0.0243882 0.0415444 0)
(-0.0155197 0.103539 0)
(-0.0212293 0.130068 0)
(-0.024788 0.109185 0)
(-0.0244466 0.0494304 0)
(-0.0285873 0.133091 0)
(-0.0296159 0.139626 0)
(-0.0255717 0.0989521 0)
(-0.0195698 0.0381223 0)
(-0.0395794 0.139346 0)
(-0.0302522 0.112542 0)
(-0.0197335 0.0614071 0)
(-0.0131373 0.0176839 0)
(-0.0426411 0.0956187 0)
(-0.0287707 0.0553378 0)
(-0.021741 0.0277845 0)
(-0.0204779 0.0180078 0)
(-0.052269 0.0459733 0)
(-0.0457016 0.0284048 0)
(-0.0425953 0.0228046 0)
(-0.0398641 0.0194308 0)
(-0.0588765 0.024751 0)
(-0.0581872 0.0104309 0)
(-0.0546499 0.000937191 0)
(-0.0496069 -0.00476934 0)
(-0.0311547 0.0331976 0)
(-0.032761 0.0101564 0)
(-0.0313925 -0.0106609 0)
(-0.0283872 -0.0242553 0)
(0.00547428 0.0443808 0)
(0.00747834 0.0193271 0)
(0.00815848 -0.00495474 0)
(0.00771472 -0.0220283 0)
(0.0202658 0.0237049 0)
(0.0226149 0.0046119 0)
(0.0222669 -0.00928869 0)
(0.0198879 -0.0153906 0)
(0.00843824 0.00791008 0)
(0.00878514 0.00199471 0)
(0.00773797 -0.0017683 0)
(0.00605278 -0.0046547 0)
(0.00155367 0.007076 0)
(0.00302763 0.00436675 0)
(0.0040794 0.00154464 0)
(0.00470291 -0.00124607 0)
(0.00539798 -0.0041122 0)
(0.00729611 -0.00534605 0)
(0.00879199 -0.00610014 0)
(0.00996722 -0.00652568 0)
(0.0140401 -0.00905625 0)
(0.0147365 -0.00941051 0)
(0.0151835 -0.00942724 0)
(0.01546 -0.00917382 0)
(0.0245517 -0.00977769 0)
(0.0242506 -0.00951468 0)
(0.0238119 -0.00898702 0)
(0.0232509 -0.00827202 0)
(0.0319671 -0.00655854 0)
(0.0310366 -0.00579126 0)
(0.030112 -0.00486919 0)
(0.0291567 -0.00384381 0)
(0.0328974 -0.00447179 0)
(0.0313125 -0.00309474 0)
(0.0299756 -0.00215418 0)
(0.0287619 -0.00148351 0)
(0.0204637 0.00224816 0)
(0.018615 0.0130551 0)
(0.0139032 0.0104155 0)
(0.0121586 0.00468086 0)
(-0.0168272 -0.0134189 0)
(-0.0137363 -0.0265645 0)
(-0.0106597 -0.0163404 0)
(-0.00596089 -0.00659219 0)
(-0.0221723 -0.0137 0)
(-0.0264126 -0.0163181 0)
(-0.0295662 -0.00603219 0)
(-0.0317072 0.00254109 0)
(-0.0269673 0.00393479 0)
(-0.0294282 -0.00244882 0)
(-0.0307967 0.000821868 0)
(-0.0314469 0.00444618 0)
(-0.0226495 0.0101419 0)
(-0.02214 6.94794e-05 0)
(-0.0221692 0.00121238 0)
(-0.0220395 0.00398065 0)
(-0.016034 0.00346122 0)
(-0.0165075 -0.00273878 0)
(-0.017535 0.00051854 0)
(-0.018353 0.00415226 0)
(-0.0133112 0.00479741 0)
(-0.0160236 0.00634837 0)
(-0.0183097 0.00882006 0)
(-0.0200379 0.0106719 0)
(-0.0220183 0.017093 0)
(-0.0234915 0.0167871 0)
(-0.0244437 0.0162445 0)
(-0.0249045 0.0156328 0)
(-0.0372003 0.0173057 0)
(-0.0346009 0.0155218 0)
(-0.0322168 0.0138354 0)
(-0.0300108 0.0123002 0)
(-0.044184 -0.00602526 0)
(-0.0388317 -0.00511227 0)
(-0.0339753 -0.00387057 0)
(-0.0297333 -0.00298218 0)
(-0.0253234 -0.0286615 0)
(-0.0220154 -0.0268663 0)
(-0.0187434 -0.0227658 0)
(-0.0157377 -0.0187752 0)
(0.00616945 -0.0291358 0)
(0.00437769 -0.0288305 0)
(0.0030844 -0.0253034 0)
(0.00237903 -0.021442 0)
(0.0162589 -0.0164687 0)
(0.0125784 -0.0156369 0)
(0.00960906 -0.0145189 0)
(0.00741877 -0.0135177 0)
(0.00435188 -0.00690689 0)
(0.00292886 -0.00856518 0)
(0.00185528 -0.00970751 0)
(0.00108512 -0.010433 0)
(0.00497254 -0.00374008 0)
(0.00501985 -0.00574972 0)
(0.00485435 -0.00724022 0)
(0.00451195 -0.00829742 0)
(0.010798 -0.00671724 0)
(0.0112965 -0.00674428 0)
(0.0115089 -0.00664605 0)
(0.011486 -0.00643055 0)
(0.0156075 -0.0087504 0)
(0.0156402 -0.00824408 0)
(0.0155714 -0.00771847 0)
(0.0154222 -0.00721191 0)
(0.0226037 -0.00746145 0)
(0.0219001 -0.00663055 0)
(0.0211529 -0.00582768 0)
(0.0203695 -0.00508492 0)
(0.0281483 -0.00283699 0)
(0.0271544 -0.00191905 0)
(0.0262071 -0.00114767 0)
(0.0252545 -0.000511034 0)
(0.0274451 -0.000640051 0)
(0.0261967 0.000316341 0)
(0.0250533 0.00148908 0)
(0.0239211 0.00216564 0)
(0.0127924 0.00517659 0)
(0.0140282 0.00171321 0)
(0.0127892 0.0127954 0)
(0.0118428 0.00161047 0)
(-0.00434924 -0.0126294 0)
(-0.00382769 -0.0116235 0)
(-0.00374628 -0.0097298 0)
(-0.0334103 0.00686608 0)
(-0.0348347 0.00949136 0)
(-0.0361254 0.0116482 0)
(-0.0315992 0.00681158 0)
(-0.0316114 0.00833668 0)
(-0.0315032 0.00970275 0)
(-0.0218158 0.00583861 0)
(-0.0216836 0.00701975 0)
(-0.0215756 0.00805913 0)
(-0.0188834 0.00635428 0)
(-0.0192777 0.00763614 0)
(-0.0196745 0.00869934 0)
(-0.021035 0.0117547 0)
(-0.0216145 0.0123187 0)
(-0.0221107 0.0127539 0)
(-0.0249927 0.015173 0)
(-0.0249132 0.0148039 0)
(-0.0247674 0.0144211 0)
(-0.0283867 0.0112585 0)
(-0.0272147 0.010619 0)
(-0.0260878 0.010041 0)
(-0.0268268 -0.002582 0)
(-0.0249276 -0.00232174 0)
(-0.0231882 -0.00208006 0)
(-0.0136449 -0.0162407 0)
(-0.0123738 -0.0146627 0)
(-0.0112456 -0.0133868 0)
(0.00212445 -0.0189384 0)
(0.0020065 -0.0173284 0)
(0.00188557 -0.0158998 0)
(0.00618939 -0.0128103 0)
(0.00551075 -0.0122767 0)
(0.00495856 -0.0117384 0)
(0.000627136 -0.0107576 0)
(0.000372432 -0.0109075 0)
(0.00017874 -0.0109586 0)
(0.00413128 -0.00891127 0)
(0.00381539 -0.00928685 0)
(0.00346635 -0.00960787 0)
(0.011335 -0.00617214 0)
(0.0111627 -0.00593922 0)
(0.0109459 -0.00567623 0)
(0.0152743 -0.00683448 0)
(0.0151544 -0.00657459 0)
(0.0150231 -0.0063222 0)
(0.0197411 -0.00456251 0)
(0.0192772 -0.00422133 0)
(0.018801 -0.00391356 0)
(0.024497 -0.000126828 0)
(0.0239523 0.000125236 0)
(0.0233855 0.000334069 0)
(0.0232239 0.00290624 0)
(0.0228347 0.00330727 0)
(0.0222578 0.00375546 0)
(0.0120062 0.00884757 0)
(0.0115802 0.00605231 0)
(0.011934 0.00627108 0)
(-0.0041391 -0.00818061 0)
(-0.00431133 -0.0071636 0)
(-0.00443746 -0.00580235 0)
(-0.0369657 0.0128006 0)
(-0.0373884 0.0132969 0)
(-0.0378576 0.0136709 0)
(-0.0313339 0.0103966 0)
(-0.0312204 0.0106336 0)
(-0.0311401 0.0107162 0)
(-0.0214461 0.00862677 0)
(-0.0214248 0.00888031 0)
(-0.0213812 0.00906981 0)
(-0.0198228 0.00932555 0)
(-0.0199439 0.00964889 0)
(-0.0200377 0.00998178 0)
(-0.0223192 0.013017 0)
(-0.022446 0.0131351 0)
(-0.0225427 0.0132588 0)
(-0.02461 0.0141681 0)
(-0.024529 0.0140139 0)
(-0.0244327 0.013859 0)
(-0.0253502 0.00966613 0)
(-0.0249594 0.00946026 0)
(-0.0245698 0.0092483 0)
(-0.0221155 -0.00191562 0)
(-0.0215642 -0.00179518 0)
(-0.0210116 -0.0016584 0)
(-0.0105478 -0.0126963 0)
(-0.0102029 -0.0122815 0)
(-0.0098661 -0.0117974 0)
(0.00187346 -0.0151191 0)
(0.00186963 -0.0147063 0)
(0.00184585 -0.0142551 0)
(0.00473021 -0.011379 0)
(0.00462991 -0.0111836 0)
(0.00452819 -0.0110055 0)
(9.93612e-05 -0.010932 0)
(6.14304e-05 -0.0109335 0)
(3.01459e-05 -0.0109685 0)
(0.00321903 -0.00979172 0)
(0.00307776 -0.00990001 0)
(0.00294131 -0.0100449 0)
(0.0107885 -0.00549251 0)
(0.0106873 -0.00540478 0)
(0.0105955 -0.00533697 0)
(0.0149567 -0.00615943 0)
(0.0148968 -0.00607499 0)
(0.014865 -0.00598336 0)
(0.0185092 -0.00372887 0)
(0.0183183 -0.00363443 0)
(0.0181749 -0.00355616 0)
(0.023042 0.000470295 0)
(0.0228071 0.000549156 0)
(0.0226328 0.000567106 0)
(0.0219011 0.00414275 0)
(0.0218197 0.00434754 0)
(0.02178 0.00439755 0)
(0.012019 0.00788339 0)
(0.0118311 0.00728914 0)
(0.0112135 0.00572192 0)
(-0.0048887 -0.00314381 0)
(-0.00599143 -5.00839e-05 0)
(-0.00722469 0.00226916 0)
(-0.0384766 0.0144784 0)
(-0.0391997 0.0155586 0)
(-0.0397807 0.0163237 0)
(-0.030961 0.0111226 0)
(-0.0307049 0.0118273 0)
(-0.030427 0.0123747 0)
(-0.0213616 0.00946392 0)
(-0.0212153 0.0100281 0)
(-0.0211061 0.0105103 0)
(-0.020296 0.0105368 0)
(-0.0205299 0.0112368 0)
(-0.0207913 0.0118373 0)
(-0.0227519 0.0134252 0)
(-0.0229024 0.0136415 0)
(-0.0230161 0.0137909 0)
(-0.0242311 0.013567 0)
(-0.0238865 0.0132026 0)
(-0.0234977 0.0128542 0)
(-0.023851 0.00888536 0)
(-0.0228817 0.00839154 0)
(-0.0219269 0.00795536 0)
(-0.0200103 -0.0014119 0)
(-0.0186633 -0.00120153 0)
(-0.0173824 -0.00101081 0)
(-0.00925434 -0.010899 0)
(-0.00837347 -0.00988129 0)
(-0.00754228 -0.00899398 0)
(0.00180461 -0.0133638 0)
(0.00185055 -0.0122933 0)
(0.0019409 -0.0113728 0)
(0.00431788 -0.0106897 0)
(0.00413961 -0.01029 0)
(0.00401971 -0.00988597 0)
(-2.90935e-05 -0.0110576 0)
(-1.48622e-05 -0.0110719 0)
(3.30326e-05 -0.0109815 0)
(0.00265915 -0.0103618 0)
(0.00227331 -0.0107813 0)
(0.00189918 -0.0111187 0)
(0.0103767 -0.00525924 0)
(0.0100377 -0.0053295 0)
(0.00963059 -0.00562474 0)
(0.0147658 -0.00579056 0)
(0.0146435 -0.00550064 0)
(0.0144813 -0.00518291 0)
(0.0178471 -0.00338795 0)
(0.0174187 -0.00315754 0)
(0.0169732 -0.00294907 0)
(0.022235 0.000645765 0)
(0.0216878 0.000770309 0)
(0.0211041 0.000862413 0)
(0.0217315 0.00452767 0)
(0.0213881 0.00469463 0)
(0.0209489 0.0048007 0)
(0.0100797 0.00983516 0)
(0.00923401 0.00698403 0)
(0.00944476 0.00636362 0)
(-0.00901147 0.00441921 0)
(-0.0129621 0.00615146 0)
(-0.0169093 0.00964108 0)
(-0.0196788 0.0150105 0)
(-0.0403111 0.0171338 0)
(-0.0409261 0.0179222 0)
(-0.041163 0.0188902 0)
(-0.0410711 0.0203757 0)
(-0.0300674 0.0129681 0)
(-0.029541 0.0134481 0)
(-0.0288856 0.0137934 0)
(-0.028104 0.0141265 0)
(-0.0209805 0.0110859 0)
(-0.0208189 0.0117151 0)
(-0.0207272 0.012268 0)
(-0.0206668 0.0127407 0)
(-0.0211272 0.0125159 0)
(-0.0214561 0.0132014 0)
(-0.0216884 0.0136549 0)
(-0.0218138 0.013871 0)
(-0.0230627 0.0138909 0)
(-0.0229674 0.0139089 0)
(-0.0227254 0.0137607 0)
(-0.0223797 0.0134595 0)
(-0.0229003 0.0123983 0)
(-0.0220822 0.0118584 0)
(-0.0212022 0.011347 0)
(-0.0203065 0.010852 0)
(-0.0206729 0.00744819 0)
(-0.019169 0.00688775 0)
(-0.0177436 0.0064487 0)
(-0.0163979 0.00610944 0)
(-0.0157615 -0.00075103 0)
(-0.013884 -0.000480594 0)
(-0.0122108 -0.000229818 0)
(-0.0107142 5.72974e-07 0)
(-0.00650398 -0.00789118 0)
(-0.00528727 -0.00670265 0)
(-0.00419385 -0.00568564 0)
(-0.003216 -0.00482308 0)
(0.00206912 -0.0102131 0)
(0.00230329 -0.00894989 0)
(0.00259293 -0.00785067 0)
(0.00291286 -0.00689624 0)
(0.00391923 -0.00931152 0)
(0.003916 -0.00861034 0)
(0.00401138 -0.00794873 0)
(0.00417927 -0.00734207 0)
(0.000170782 -0.0107415 0)
(0.000458715 -0.0102568 0)
(0.000814095 -0.00965994 0)
(0.00117973 -0.00903774 0)
(0.00146993 -0.0114567 0)
(0.00112878 -0.0115219 0)
(0.000948876 -0.0110944 0)
(0.000855768 -0.0103099 0)
(0.00899393 -0.00637579 0)
(0.00804728 -0.00751259 0)
(0.00695284 -0.00814282 0)
(0.00580054 -0.00795425 0)
(0.0142 -0.00465154 0)
(0.0136829 -0.00378323 0)
(0.0129506 -0.00273613 0)
(0.0120441 -0.00170936 0)
(0.0163971 -0.00263786 0)
(0.0157333 -0.00215266 0)
(0.0151717 -0.00148803 0)
(0.0147316 -0.000554579 0)
(0.020325 0.000972336 0)
(0.0193554 0.00111991 0)
(0.0184322 0.0012978 0)
(0.0175838 0.00153985 0)
(0.0204232 0.00487541 0)
(0.0199685 0.00498711 0)
(0.0195086 0.00505329 0)
(0.0189619 0.00527162 0)
(0.00958005 0.00618285 0)
(0.00981183 0.0059346 0)
(0.0109401 0.00156794 0)
(0.0129792 0.000865705 0)
(-0.0239922 0.022722 0)
(-0.0316292 0.0310479 0)
(-0.0413027 0.040731 0)
(-0.0443946 0.0488889 0)
(-0.0409669 0.0224788 0)
(-0.0408791 0.0244447 0)
(-0.0399427 0.0259402 0)
(-0.0359803 0.0257528 0)
(-0.0271598 0.0143264 0)
(-0.0259387 0.014219 0)
(-0.0239981 0.0137199 0)
(-0.0210952 0.0127796 0)
(-0.0206322 0.0130725 0)
(-0.0205711 0.0132257 0)
(-0.0202844 0.0131577 0)
(-0.0197219 0.0127242 0)
(-0.0218452 0.0138551 0)
(-0.0217799 0.0136417 0)
(-0.021599 0.0132678 0)
(-0.0213673 0.0127291 0)
(-0.0219636 0.0130314 0)
(-0.0214939 0.0125203 0)
(-0.0209807 0.0119748 0)
(-0.0204726 0.0114305 0)
(-0.0194225 0.0103585 0)
(-0.0185626 0.00985653 0)
(-0.0177245 0.00935144 0)
(-0.0169224 0.00887655 0)
(-0.0151332 0.00584567 0)
(-0.0139446 0.00562436 0)
(-0.0128243 0.00540659 0)
(-0.0117905 0.00517391 0)
(-0.00936698 0.000214929 0)
(-0.00814269 0.000424531 0)
(-0.00701174 0.000639924 0)
(-0.00597486 0.000846131 0)
(-0.0023354 -0.00409872 0)
(-0.00153376 -0.00349446 0)
(-0.000789866 -0.00298762 0)
(-9.70084e-05 -0.00255046 0)
(0.00325564 -0.0060763 0)
(0.00361297 -0.00537883 0)
(0.00397929 -0.00478975 0)
(0.00434742 -0.00429008 0)
(0.00440045 -0.00679469 0)
(0.00466275 -0.00630248 0)
(0.004957 -0.00585685 0)
(0.0052682 -0.00543907 0)
(0.00151544 -0.00845895 0)
(0.00182585 -0.00794131 0)
(0.00213264 -0.00746628 0)
(0.00244447 -0.00698807 0)
(0.000759659 -0.00948153 0)
(0.000634527 -0.00881882 0)
(0.000515987 -0.00833215 0)
(0.00043334 -0.00790704 0)
(0.00468615 -0.00731891 0)
(0.00368531 -0.00678366 0)
(0.00286523 -0.0065407 0)
(0.00222025 -0.00637476 0)
(0.0110486 -0.00109143 0)
(0.00999721 -0.00124132 0)
(0.00887469 -0.00211877 0)
(0.00767938 -0.00302761 0)
(0.0143795 0.000593797 0)
(0.0140168 0.0017416 0)
(0.0135075 0.0026545 0)
(0.0127817 0.00321167 0)
(0.0168402 0.00192963 0)
(0.0162187 0.00253122 0)
(0.0157098 0.00327783 0)
(0.0152874 0.00418246 0)
(0.0184039 0.00578215 0)
(0.0175658 0.00592014 0)
(0.016792 0.00629463 0)
(0.0163408 0.00645218 0)
(0.0122702 0.0132576 0)
(0.0108394 0.00792438 0)
(0.00983766 0.0118384 0)
(0.0102892 -0.00190914 0)
(0.00928887 -1.0653e-05 0)
(0.00926201 3.27374e-05 0)
(0.00824826 9.40993e-05 0)
(0.00634466 0.000121309 0)
(0.00411814 0.000117809 0)
(0.00205142 8.78111e-05 0)
(0.000525764 4.97526e-05 0)
(-0.000367052 2.9483e-05 0)
(-0.000851872 1.87866e-05 0)
(-0.00103844 1.192e-05 0)
(-0.000864198 -3.48423e-06 0)
(-0.000321689 -2.16093e-05 0)
(0.000436891 -2.98075e-05 0)
(0.000982592 -1.7528e-05 0)
(0.00136484 -7.58175e-06 0)
(0.000767844 1.51355e-05 0)
(0.0021488 9.28475e-05 0)
(-0.00434698 -9.99391e-05 0)
(0.00804052 -0.000934625 0)
(0.0140405 0.00171102 0)
(0.0193631 -2.79827e-05 0)
(0.0193363 0.000188463 0)
(0.0176992 0.000567652 0)
(0.0142472 0.000803737 0)
(0.00993547 0.000841375 0)
(0.00564777 0.000702251 0)
(0.00217254 0.000464016 0)
(-4.60159e-05 0.000266466 0)
(-0.00122267 0.000126133 0)
(-0.00152235 -2.44952e-06 0)
(-0.000927147 -0.000148839 0)
(0.000425308 -0.000256079 0)
(0.00209394 -0.000263566 0)
(0.00321192 -0.00015786 0)
(0.00396778 -1.56313e-05 0)
(0.00302219 5.49204e-06 0)
(0.00549923 0.000684625 0)
(-0.00461146 -0.000508184 0)
(0.00964462 -0.00460739 0)
(0.0227213 0.00476105 0)
(0.0243978 -5.41139e-05 0)
(0.0244921 0.00033312 0)
(0.0230042 0.00109783 0)
(0.0193704 0.00164743 0)
(0.0145143 0.00181072 0)
(0.00931435 0.00161382 0)
(0.00460992 0.00115536 0)
(0.00124776 0.000682981 0)
(-0.000619408 0.00030581 0)
(-0.00115525 -3.86599e-05 0)
(-0.000486992 -0.000379441 0)
(0.00114029 -0.000603968 0)
(0.00317405 -0.000599505 0)
(0.00458063 -0.000362448 0)
(0.00561202 -6.55052e-05 0)
(0.00488858 -2.89393e-05 0)
(0.00787106 0.00114081 0)
(-0.000848471 -0.000347182 0)
(0.00855116 -0.00810095 0)
(0.0244339 0.00845079 0)
(0.026862 -8.84426e-05 0)
(0.027077 0.000439576 0)
(0.0259482 0.00158608 0)
(0.0227224 0.00248334 0)
(0.0181816 0.00283239 0)
(0.0129808 0.00266704 0)
(0.00768283 0.00205631 0)
(0.00334115 0.00128765 0)
(0.000649607 0.000598413 0)
(-0.000406508 -2.51756e-05 0)
(-9.06216e-05 -0.000598923 0)
(0.0013367 -0.000977857 0)
(0.0033528 -0.000975126 0)
(0.00489373 -0.000616611 0)
(0.00619375 -0.000181297 0)
(0.00600867 -0.000155856 0)
(0.00932473 0.00129641 0)
(0.0033567 0.000123138 0)
(0.00826263 -0.0109475 0)
(0.023882 0.0122175 0)
(0.028115 -0.000130484 0)
(0.0284176 0.000501901 0)
(0.0276302 0.00198729 0)
(0.0249674 0.00321098 0)
(0.0211174 0.0037644 0)
(0.0164954 0.00371641 0)
(0.0112016 0.00307727 0)
(0.00616245 0.00207388 0)
(0.0025468 0.00104926 0)
(0.00069597 0.000110852 0)
(0.000325234 -0.000724278 0)
(0.00120616 -0.00129456 0)
(0.00292795 -0.0013374 0)
(0.00448502 -0.000902231 0)
(0.00603053 -0.000380177 0)
(0.00650413 -0.000384886 0)
(0.0100201 0.00115212 0)
(0.00673798 0.000643622 0)
(0.00848899 -0.0131542 0)
(0.0226512 0.0157293 0)
(0.028688 -0.00018025 0)
(0.0290746 0.000524978 0)
(0.0286027 0.00229738 0)
(0.0265105 0.00380016 0)
(0.02345 0.00453833 0)
(0.0197088 0.00465769 0)
(0.0149314 0.00412201 0)
(0.00961827 0.00300913 0)
(0.00514403 0.00168659 0)
(0.00233499 0.000420921 0)
(0.00107454 -0.000700054 0)
(0.00117735 -0.00150023 0)
(0.00238077 -0.00165214 0)
(0.00383531 -0.0012063 0)
(0.00556032 -0.000662719 0)
(0.00667025 -0.000710948 0)
(0.0102097 0.000779402 0)
(0.00916872 0.00108469 0)
(0.00877518 -0.0148104 0)
(0.0212584 0.0189737 0)
(0.0287091 -0.000240591 0)
(0.0292054 0.00050919 0)
(0.0290738 0.00251884 0)
(0.0275593 0.00425082 0)
(0.0252714 0.00513493 0)
(0.0224991 0.00542714 0)
(0.0186026 0.00509572 0)
(0.0135122 0.00402715 0)
(0.00845677 0.0025034 0)
(0.00469641 0.000927304 0)
(0.00246883 -0.000492842 0)
(0.00166292 -0.00155735 0)
(0.00215412 -0.00188873 0)
(0.00336057 -0.00151082 0)
(0.00515079 -0.00101216 0)
(0.00676232 -0.00110909 0)
(0.0101436 0.000260021 0)
(0.0108219 0.00140413 0)
(0.00897638 -0.0159987 0)
(0.0198756 0.0220101 0)
(0.0281967 -0.000316269 0)
(0.0288398 0.000448402 0)
(0.0291044 0.00264641 0)
(0.0282086 0.00456565 0)
(0.0266556 0.00555931 0)
(0.0247973 0.00599731 0)
(0.0219579 0.0059193 0)
(0.0175489 0.00503783 0)
(0.0123551 0.00345169 0)
(0.00784469 0.00162264 0)
(0.0047004 -8.92505e-05 0)
(0.00296117 -0.00143983 0)
(0.00259496 -0.00201338 0)
(0.00336297 -0.00178663 0)
(0.00504662 -0.00139526 0)
(0.00693579 -0.00154349 0)
(0.0099988 -0.00033554 0)
(0.0119036 0.00159588 0)
(0.00907644 -0.0167986 0)
(0.0185583 0.0248723 0)
(0.027182 -0.000412779 0)
(0.0280129 0.0003339 0)
(0.028734 0.00266901 0)
(0.0285163 0.00474248 0)
(0.0276771 0.005826 0)
(0.0266039 0.00637154 0)
(0.0248089 0.00654355 0)
(0.0213983 0.00594863 0)
(0.0165627 0.00445051 0)
(0.0116724 0.00246619 0)
(0.00779962 0.000492199 0)
(0.00521479 -0.00113833 0)
(0.00394377 -0.00199252 0)
(0.00406389 -0.00199195 0)
(0.00541144 -0.00176433 0)
(0.0072891 -0.00197191 0)
(0.00988237 -0.000944081 0)
(0.012586 0.00167243 0)
(0.00910002 -0.0172926 0)
(0.017315 0.0275688 0)
(0.0257285 -0.000536344 0)
(0.0267966 0.000156591 0)
(0.0280308 0.00257459 0)
(0.0285468 0.0047759 0)
(0.0284194 0.00595105 0)
(0.027986 0.00657526 0)
(0.0270751 0.006956 0)
(0.0247785 0.00668731 0)
(0.0207229 0.00540556 0)
(0.0159093 0.00338769 0)
(0.0116179 0.00121073 0)
(0.00838897 -0.000667456 0)
(0.00630333 -0.00180551 0)
(0.00562832 -0.00207971 0)
(0.00638531 -0.00206196 0)
(0.00792603 -0.00234528 0)
(0.00987601 -0.0015099 0)
(0.0130051 0.00166357 0)
(0.00908598 -0.0175447 0)
(0.0161362 0.0301095 0)
(0.0239167 -0.000694491 0)
(0.025289 -9.40928e-05 0)
(0.0270951 0.00235206 0)
(0.0283834 0.0046606 0)
(0.028969 0.00594828 0)
(0.0290514 0.00664492 0)
(0.0287864 0.00717791 0)
(0.0275192 0.0072173 0)
(0.0244939 0.00623299 0)
(0.0201896 0.00430227 0)
(0.015855 0.00200926 0)
(0.0122698 -6.66502e-05 0)
(0.00959411 -0.00145803 0)
(0.00812841 -0.00201332 0)
(0.00809133 -0.0022292 0)
(0.00897577 -0.00260754 0)
(0.0100771 -0.00198636 0)
(0.0132747 0.00160441 0)
(0.00907302 -0.0175965 0)
(0.015007 0.0325083 0)
(0.0218245 -0.000896915 0)
(0.0235961 -0.000431292 0)
(0.0260429 0.00199115 0)
(0.0281212 0.00439414 0)
(0.0294062 0.00582887 0)
(0.0299138 0.00661727 0)
(0.0300525 0.00725302 0)
(0.0295848 0.00754147 0)
(0.0276314 0.00687838 0)
(0.0241443 0.00513024 0)
(0.0201297 0.00281304 0)
(0.0165096 0.000600346 0)
(0.0135466 -0.00098765 0)
(0.0114734 -0.00178518 0)
(0.0105806 -0.00222111 0)
(0.0105614 -0.00270282 0)
(0.0106031 -0.00232567 0)
(0.0134987 0.001533 0)
(0.00909153 -0.0174708 0)
(0.0139112 0.0347771 0)
(0.0195147 -0.00115643 0)
(0.0218191 -0.000871064 0)
(0.0249884 0.0014828 0)
(0.0278539 0.00397887 0)
(0.0297988 0.00560295 0)
(0.0306663 0.00652259 0)
(0.0310138 0.0072328 0)
(0.031054 0.00769467 0)
(0.0300302 0.00732556 0)
(0.027489 0.00581488 0)
(0.0240675 0.00355441 0)
(0.0206963 0.00126618 0)
(0.0177575 -0.000454588 0)
(0.015382 -0.00142411 0)
(0.0137611 -0.00202302 0)
(0.0127389 -0.00258867 0)
(0.0115638 -0.00247719 0)
(0.0137745 0.00149186 0)
(0.00916314 -0.0171747 0)
(0.0128334 0.0369253 0)
(0.0170313 -0.00148927 0)
(0.0200479 -0.00143704 0)
(0.0240324 0.000817431 0)
(0.0276632 0.00342192 0)
(0.0302018 0.00528177 0)
(0.0313735 0.00638271 0)
(0.0317995 0.00716386 0)
(0.0320716 0.00772928 0)
(0.0317203 0.00759355 0)
(0.0300745 0.00633169 0)
(0.0273822 0.00418587 0)
(0.0244599 0.00187708 0)
(0.0217923 7.54881e-05 0)
(0.019441 -0.000988091 0)
(0.017376 -0.00165962 0)
(0.0154445 -0.00225131 0)
(0.013017 -0.00239707 0)
(0.0141872 0.00152899 0)
(0.00930066 -0.0167022 0)
(0.0117601 0.0389614 0)
(0.0144095 -0.00191584 0)
(0.0183685 -0.00215865 0)
(0.023263 -1.18848e-05 0)
(0.0276183 0.00273549 0)
(0.0306615 0.00487885 0)
(0.0320774 0.00621274 0)
(0.0325044 0.00708126 0)
(0.032796 0.00770022 0)
(0.0328255 0.00772545 0)
(0.0318924 0.00668841 0)
(0.0299214 0.00468661 0)
(0.0275395 0.00239586 0)
(0.0252892 0.000549649 0)
(0.0232223 -0.000543989 0)
(0.0210601 -0.00118776 0)
(0.0184866 -0.00171347 0)
(0.0149345 -0.00206271 0)
(0.0148019 0.00169245 0)
(0.00951119 -0.0160415 0)
(0.01068 0.0408928 0)
(0.0117131 -0.00246333 0)
(0.0168923 -0.00307082 0)
(0.0227783 -0.00100935 0)
(0.0277857 0.0019363 0)
(0.0312204 0.00441089 0)
(0.0328074 0.00602459 0)
(0.0331873 0.00700787 0)
(0.03336 0.00765403 0)
(0.0335095 0.00777379 0)
(0.0330419 0.00691643 0)
(0.0316705 0.00506137 0)
(0.0298144 0.00280971 0)
(0.0280236 0.000937482 0)
(0.0263913 -0.000148488 0)
(0.0244425 -0.00067846 0)
(0.0215894 -0.00102999 0)
(0.017193 -0.00148181 0)
(0.0156493 0.00202369 0)
(0.00980079 -0.0151768 0)
(0.00958359 0.0427308 0)
(0.00909422 -0.00316754 0)
(0.015776 -0.00421883 0)
(0.0226886 -0.0021791 0)
(0.0282315 0.00104368 0)
(0.0319163 0.00389778 0)
(0.033583 0.00583024 0)
(0.0338757 0.00695777 0)
(0.0338527 0.00762436 0)
(0.0339272 0.00778832 0)
(0.0336777 0.00705919 0)
(0.0327215 0.00533394 0)
(0.0312972 0.00312619 0)
(0.029926 0.0012302 0)
(0.0287667 0.000162257 0)
(0.0272406 -0.000198108 0)
(0.0244672 -0.000273871 0)
(0.0195999 -0.000696156 0)
(0.0167117 0.00254655 0)
(0.0101868 -0.0140824 0)
(0.00847004 0.0444674 0)
(0.00680012 -0.00405598 0)
(0.0151671 -0.00562707 0)
(0.023061 -0.00349827 0)
(0.0289889 9.14364e-05 0)
(0.0327602 0.00336375 0)
(0.0344015 0.00564293 0)
(0.0345676 0.00693977 0)
(0.0343153 0.00763206 0)
(0.0341946 0.00780821 0)
(0.0339603 0.00716048 0)
(0.0332244 0.00553766 0)
(0.0320971 0.0033662 0)
(0.0310544 0.00143664 0)
(0.0303225 0.000376686 0)
(0.0293062 0.000206551 0)
(0.0268892 0.000486326 0)
(0.0219368 0.000242548 0)
(0.0179144 0.00326138 0)
(0.0107182 -0.0127003 0)
(0.00730877 0.0461769 0)
(0.0050563 -0.00511486 0)
(0.0150894 -0.00727051 0)
(0.02383 -0.00492432 0)
(0.0299753 -0.000871017 0)
(0.0336759 0.00284062 0)
(0.0352034 0.00547679 0)
(0.03522 0.00695853 0)
(0.0347419 0.00768674 0)
(0.0343758 0.00785901 0)
(0.0340209 0.00725671 0)
(0.0333395 0.00570681 0)
(0.0323714 0.00355681 0)
(0.0315476 0.0015781 0)
(0.0311484 0.000502747 0)
(0.0306227 0.000513896 0)
(0.0287155 0.00119568 0)
(0.0239986 0.00126496 0)
(0.0191476 0.00413497 0)
(0.0114988 -0.0110013 0)
(0.00629137 0.047629 0)
(0.00394387 -0.00631612 0)
(0.0153915 -0.00914725 0)
(0.024721 -0.00650372 0)
(0.0309021 -0.00186557 0)
(0.0344133 0.00234321 0)
(0.0358177 0.00533856 0)
(0.0357237 0.00701047 0)
(0.0350746 0.00778379 0)
(0.0344799 0.00794608 0)
(0.0339418 0.00736642 0)
(0.0331994 0.00586637 0)
(0.0322749 0.00372272 0)
(0.0315659 0.00167836 0)
(0.0313878 0.000562552 0)
(0.0312588 0.000727242 0)
(0.0298889 0.0018214 0)
(0.0256192 0.00230828 0)
(0.0203255 0.00509555 0)
(0.0125986 -0.00916275 0)
(0.00433509 0.0497714 0)
(0.00282659 -0.0100273 0)
(0.0162512 -0.0145359 0)
(0.0254386 -0.0107921 0)
(0.0311583 -0.0045128 0)
(0.0346383 0.00116645 0)
(0.0361511 0.00502698 0)
(0.03611 0.00720168 0)
(0.03534 0.00817308 0)
(0.0344025 0.00835012 0)
(0.0334335 0.00777211 0)
(0.0323704 0.00628976 0)
(0.0313447 0.00407031 0)
(0.0307492 0.00179913 0)
(0.0308844 0.00048751 0)
(0.0314104 0.000928452 0)
(0.0311535 0.00297675 0)
(0.0282044 0.00482718 0)
(0.0230641 0.00770728 0)
(0.0148007 -0.00498909 0)
(0.0146004 0.0474773 0)
(0.00227175 -0.0169672 0)
(0.0167898 -0.0232473 0)
(0.0232818 -0.0169186 0)
(0.0268085 -0.00818948 0)
(0.0295756 -0.00093936 0)
(0.0315613 0.0040675 0)
(0.0326217 0.00711374 0)
(0.03284 0.00865964 0)
(0.0324422 0.00914493 0)
(0.031602 0.00870477 0)
(0.0305046 0.00720339 0)
(0.0294619 0.00471466 0)
(0.0288855 0.00190008 0)
(0.0292236 6.65908e-05 0)
(0.0300377 0.000563206 0)
(0.0304966 0.00371639 0)
(0.0281635 0.00788851 0)
(0.0245428 0.0119727 0)
(0.0122913 0.00347305 0)
(0.00504014 0.0403426 0)
(0.0012558 -0.0248544 0)
(0.0141586 -0.0291867 0)
(0.0158669 -0.0190573 0)
(0.0171185 -0.009241 0)
(0.0198195 -0.00232641 0)
(0.0229377 0.00261332 0)
(0.0255562 0.00606997 0)
(0.0273889 0.00823771 0)
(0.0283443 0.00931174 0)
(0.028485 0.00927094 0)
(0.0281006 0.00790354 0)
(0.0275037 0.00523223 0)
(0.0274393 0.00185722 0)
(0.0287374 -0.000442286 0)
(0.0300075 0.000230106 0)
(0.0302734 0.0044169 0)
(0.0274246 0.0107581 0)
(0.0241706 0.0166362 0)
(0.0129472 0.0141077 0)
(-0.00442643 0.0437233 0)
(0.00104655 -0.031112 0)
(0.00994415 -0.0309864 0)
(0.00833764 -0.0184724 0)
(0.00974109 -0.0102453 0)
(0.013101 -0.00460543 0)
(0.0165479 6.5675e-05 0)
(0.0194693 0.00386777 0)
(0.0218046 0.00667023 0)
(0.0235822 0.00842955 0)
(0.0247977 0.00889826 0)
(0.0255172 0.00788009 0)
(0.0258777 0.00505189 0)
(0.0277431 0.000760219 0)
(0.0312072 -0.00195723 0)
(0.0331091 -0.00042851 0)
(0.0324753 0.00531069 0)
(0.0285851 0.0135169 0)
(0.0246308 0.0215358 0)
(0.0147555 0.0257491 0)
(-0.00734447 0.0540328 0)
(0.00235645 -0.0348705 0)
(0.00709093 -0.0309714 0)
(0.00630108 -0.018911 0)
(0.0093033 -0.0129011 0)
(0.0127338 -0.00780654 0)
(0.0158105 -0.00237104 0)
(0.0179014 0.00210292 0)
(0.0191438 0.00517821 0)
(0.0202286 0.00708937 0)
(0.0217012 0.00766805 0)
(0.0231838 0.00697408 0)
(0.0253184 0.00327046 0)
(0.0303043 -0.00245247 0)
(0.0351233 -0.00459103 0)
(0.0361649 -0.00076869 0)
(0.033759 0.00686529 0)
(0.0292255 0.0166793 0)
(0.0237098 0.0277198 0)
(0.0132458 0.0388359 0)
(-0.015254 0.0717062 0)
(0.00276024 -0.0370929 0)
(0.00694855 -0.0321066 0)
(0.00921829 -0.0214585 0)
(0.0130133 -0.0156044 0)
(0.0158009 -0.0103764 0)
(0.0178866 -0.00442941 0)
(0.0196257 0.0012394 0)
(0.020137 0.00495454 0)
(0.0198187 0.00652439 0)
(0.0202449 0.00640357 0)
(0.0215669 0.005088 0)
(0.0262596 -0.0011697 0)
(0.0328134 -0.00727753 0)
(0.0355055 -0.00629107 0)
(0.0326092 0.000523348 0)
(0.0278465 0.00948457 0)
(0.0243341 0.0208213 0)
(0.018157 0.036027 0)
(0.00168855 0.0537091 0)
(-0.03445 0.0974816 0)
(0.00101988 -0.0393986 0)
(0.00809912 -0.0354529 0)
(0.0127509 -0.0253555 0)
(0.0168207 -0.018177 0)
(0.0189226 -0.0118945 0)
(0.0196696 -0.00584745 0)
(0.0208436 0.00014056 0)
(0.0218355 0.00506077 0)
(0.0214442 0.00711073 0)
(0.0204532 0.00622379 0)
(0.0214693 0.00213829 0)
(0.0274705 -0.00678509 0)
(0.030794 -0.00977271 0)
(0.0262274 -0.00350472 0)
(0.0169667 0.00538394 0)
(0.0139339 0.0117994 0)
(0.0130356 0.024605 0)
(0.0060957 0.0466938 0)
(-0.0227952 0.0781345 0)
(-0.055978 0.112532 0)
(0.0026311 -0.0432923 0)
(0.00939562 -0.0397168 0)
(0.0139751 -0.0295413 0)
(0.0176843 -0.0206774 0)
(0.0194451 -0.0126688 0)
(0.0194002 -0.00614942 0)
(0.019482 -0.000858088 0)
(0.020795 0.00442452 0)
(0.0216053 0.00767209 0)
(0.0201974 0.00684436 0)
(0.0220637 -0.00131643 0)
(0.0254536 -0.00946503 0)
(0.0194451 -0.00516911 0)
(0.00347098 0.00738249 0)
(-0.00525926 0.00933094 0)
(-0.00435478 0.0105157 0)
(-0.00509441 0.0289044 0)
(-0.0142637 0.064097 0)
(-0.0481833 0.104838 0)
(-0.0717868 0.107875 0)
(0.0019806 -0.046569 0)
(0.00767526 -0.0437327 0)
(0.0117539 -0.0330462 0)
(0.0147717 -0.0227152 0)
(0.0165506 -0.012983 0)
(0.0164012 -0.00582749 0)
(0.0158061 -0.00129069 0)
(0.0166579 0.00337514 0)
(0.0181981 0.00775491 0)
(0.0172682 0.00697249 0)
(0.0198176 -0.0042269 0)
(0.0152405 -0.00512174 0)
(-0.00518948 0.0116114 0)
(-0.0226586 0.0171598 0)
(-0.0277979 0.00895535 0)
(-0.0283641 0.00955436 0)
(-0.0296099 0.0365842 0)
(-0.0349111 0.0829213 0)
(-0.0581989 0.123202 0)
(-0.0716023 0.100758 0)
(0.00413592 -0.0492661 0)
(0.00386799 -0.0456777 0)
(0.0071819 -0.0356727 0)
(0.00957068 -0.0244722 0)
(0.011694 -0.0131741 0)
(0.0115595 -0.00537994 0)
(0.0106328 -0.00129719 0)
(0.0105145 0.00255138 0)
(0.0115323 0.00786616 0)
(0.0113479 0.00613363 0)
(0.0112097 -0.00264996 0)
(-0.00738596 0.0127799 0)
(-0.0309647 0.0281506 0)
(-0.0446274 0.0236454 0)
(-0.0493376 0.00929997 0)
(-0.0541419 0.010991 0)
(-0.0551977 0.0420064 0)
(-0.0495919 0.0916505 0)
(-0.0499405 0.128656 0)
(-0.0481822 0.103334 0)
(0.00267507 -0.0468288 0)
(-0.00234029 -0.0458489 0)
(0.00161333 -0.0380535 0)
(0.00366595 -0.026444 0)
(0.00619704 -0.0135841 0)
(0.00583799 -0.00494214 0)
(0.00455597 -0.000928562 0)
(0.00302002 0.00263372 0)
(0.0024224 0.00850131 0)
(0.00409602 0.005704 0)
(-0.00720936 0.00958145 0)
(-0.0306534 0.0320183 0)
(-0.0502724 0.0409483 0)
(-0.0593858 0.0292258 0)
(-0.0651692 0.0132375 0)
(-0.0739239 0.0142389 0)
(-0.0754018 0.0405102 0)
(-0.0602802 0.0835262 0)
(-0.0372141 0.114138 0)
(-0.0160781 0.0924973 0)
(-0.0038661 -0.0452702 0)
(-0.00937041 -0.0457126 0)
(-0.00437097 -0.0405074 0)
(-0.00271804 -0.028431 0)
(-0.000245993 -0.0141077 0)
(-0.00085532 -0.0042789 0)
(-0.00275329 0.0002129 0)
(-0.00576965 0.00436031 0)
(-0.00621879 0.00842641 0)
(-0.00931025 0.0105407 0)
(-0.0270817 0.0267482 0)
(-0.0478624 0.047972 0)
(-0.0613146 0.0497801 0)
(-0.0670419 0.0342341 0)
(-0.0742133 0.0192746 0)
(-0.0844682 0.0187413 0)
(-0.0855737 0.0350723 0)
(-0.0672553 0.062775 0)
(-0.0330829 0.081286 0)
(0.00148741 0.0588868 0)
(-0.000219439 -0.0412637 0)
(-0.014376 -0.0443938 0)
(-0.0106916 -0.0423131 0)
(-0.0101534 -0.0298072 0)
(-0.00827783 -0.0142131 0)
(-0.00910317 -0.00325264 0)
(-0.0119847 0.0022752 0)
(-0.0149267 0.00630949 0)
(-0.0168381 0.0106396 0)
(-0.0252617 0.0207769 0)
(-0.0420716 0.0423713 0)
(-0.0570741 0.0590091 0)
(-0.0648114 0.0553384 0)
(-0.0688663 0.0389284 0)
(-0.0766759 0.025778 0)
(-0.0854208 0.022849 0)
(-0.0845722 0.0291139 0)
(-0.067453 0.0411445 0)
(-0.0359467 0.0471985 0)
(-0.00288392 0.029346 0)
(-0.00607589 -0.0343532 0)
(-0.0207132 -0.0414649 0)
(-0.0181284 -0.0428879 0)
(-0.0189296 -0.0302955 0)
(-0.0179611 -0.0135598 0)
(-0.0194974 -0.00168102 0)
(-0.0224647 0.00453276 0)
(-0.0252175 0.00870215 0)
(-0.0290212 0.0155605 0)
(-0.037984 0.0313358 0)
(-0.0499218 0.0533134 0)
(-0.0583609 0.0651905 0)
(-0.0613032 0.0586362 0)
(-0.0636008 0.0432747 0)
(-0.0694814 0.0311264 0)
(-0.0746073 0.0246657 0)
(-0.0715626 0.0225373 0)
(-0.057081 0.0240432 0)
(-0.0335272 0.0243605 0)
(-0.0089023 0.0162815 0)
(-0.00186448 -0.0255631 0)
(-0.0250846 -0.0367522 0)
(-0.0262142 -0.041808 0)
(-0.0288374 -0.0296653 0)
(-0.0289711 -0.0121648 0)
(-0.0310704 0.00030856 0)
(-0.0337118 0.00679309 0)
(-0.0363363 0.0114238 0)
(-0.0399194 0.0206464 0)
(-0.0451887 0.0386824 0)
(-0.0504957 0.0587293 0)
(-0.0526037 0.0669638 0)
(-0.0510533 0.0595081 0)
(-0.0499518 0.0457256 0)
(-0.0511342 0.0340289 0)
(-0.0514732 0.0250051 0)
(-0.046872 0.0171683 0)
(-0.0354853 0.0107413 0)
(-0.0193345 0.00541816 0)
(-0.00304038 0.000521588 0)
(-0.0116813 -0.0157855 0)
(-0.0304316 -0.0303398 0)
(-0.0343498 -0.0385417 0)
(-0.0391334 -0.0276712 0)
(-0.0400662 -0.0101228 0)
(-0.0424166 0.00229726 0)
(-0.0447488 0.00857521 0)
(-0.0468308 0.013272 0)
(-0.048089 0.0231066 0)
(-0.0473213 0.0408592 0)
(-0.0449245 0.0586153 0)
(-0.0409355 0.0645999 0)
(-0.0350739 0.0570865 0)
(-0.0296952 0.0445163 0)
(-0.0255571 0.0329614 0)
(-0.0212325 0.0230081 0)
(-0.0152908 0.0133758 0)
(-0.00649444 0.00300903 0)
(0.00290147 -0.00411207 0)
(0.0106261 -0.00737372 0)
(-0.00475034 -0.00598493 0)
(-0.0308061 -0.021664 0)
(-0.0401398 -0.0322683 0)
(-0.0488577 -0.0242269 0)
(-0.050225 -0.00748415 0)
(-0.0522186 0.0045814 0)
(-0.0540049 0.0102552 0)
(-0.0550534 0.0140631 0)
(-0.0536674 0.0220991 0)
(-0.0471183 0.0372956 0)
(-0.0367015 0.0529449 0)
(-0.0258209 0.0584702 0)
(-0.0154407 0.0518476 0)
(-0.00628894 0.0402611 0)
(0.00126036 0.0288268 0)
(0.00785551 0.0188507 0)
(0.0141138 0.00875993 0)
(0.0202704 -0.00170813 0)
(0.024134 -0.007948 0)
(0.0248703 -0.00956674 0)
(-0.00932831 0.0056265 0)
(-0.027508 -0.0101355 0)
(-0.041404 -0.023031 0)
(-0.0570761 -0.0201464 0)
(-0.0592186 -0.00536492 0)
(-0.059215 0.0056714 0)
(-0.0595237 0.00963447 0)
(-0.0590479 0.0121189 0)
(-0.0560451 0.0167757 0)
(-0.0468964 0.0273954 0)
(-0.0314881 0.0401202 0)
(-0.0140452 0.0461638 0)
(0.00160459 0.0420632 0)
(0.0138833 0.032765 0)
(0.0230859 0.0220937 0)
(0.0299637 0.0132421 0)
(0.0350924 0.00417829 0)
(0.0386765 -0.0040272 0)
(0.0386136 -0.00824994 0)
(0.0347581 -0.00782798 0)
(-0.00462614 0.0148148 0)
(-0.0165169 0.00359908 0)
(-0.0349355 -0.0111008 0)
(-0.0598432 -0.0150564 0)
(-0.0666716 -0.00583645 0)
(-0.0662511 0.00568243 0)
(-0.062368 0.00918204 0)
(-0.0580176 0.0125911 0)
(-0.0528947 0.0142997 0)
(-0.0434723 0.0199377 0)
(-0.0287187 0.0275955 0)
(-0.00992879 0.0324467 0)
(0.00928345 0.0295949 0)
(0.0239158 0.025424 0)
(0.0344492 0.0159282 0)
(0.041765 0.0101025 0)
(0.0459277 0.000669768 0)
(0.0479802 -0.00684624 0)
(0.0442275 -0.0071532 0)
(0.0371222 -0.00661262 0)
(-0.00851835 0.0168518 0)
(-0.00761093 0.00922424 0)
(-0.0200168 0.0203756 0)
(-0.0461306 0.00474896 0)
(-0.0553903 0.00422635 0)
(-0.0622931 0.00737615 0)
(-0.0609942 -0.000796542 0)
(-0.0535556 0.00555254 0)
(-0.0466556 0.00131209 0)
(-0.0355814 0.00463112 0)
(-0.0229566 0.00924741 0)
(-0.00837393 0.00974268 0)
(0.0109372 0.00269122 0)
(0.025246 0.0111632 0)
(0.0350441 0.00280437 0)
(0.0394735 0.00657578 0)
(0.0382984 0.000847896 0)
(0.0391927 -0.00388308 0)
(0.0314913 0.00507544 0)
(0.0220384 0.0039287 0)
(-0.0163549 0.00196604 0)
(-0.00796766 -0.00103007 0)
(0.00874511 -4.25065e-05 0)
(0.00499931 8.16003e-05 0)
(0.00416674 -6.32269e-05 0)
(0.00427409 2.13193e-05 0)
(0.00359924 4.69845e-05 0)
(0.00305798 3.10027e-05 0)
(0.00279665 2.13004e-05 0)
(0.00258185 1.47198e-05 0)
(0.00238036 5.8002e-06 0)
(0.00227175 -2.2109e-06 0)
(0.00227799 -6.05561e-06 0)
(0.0022859 -8.07114e-07 0)
(0.00210206 1.44869e-05 0)
(0.00171425 2.25487e-05 0)
(0.00136261 1.43886e-05 0)
(0.00120005 4.48265e-06 0)
(0.00116561 2.93065e-07 0)
(0.00118887 -1.14342e-06 0)
(-0.0263062 0.00520176 0)
(-0.00668009 -0.00606464 0)
(0.0143788 -0.00145625 0)
(0.0112623 0.000488758 0)
(0.00826824 0.000124883 0)
(0.0076119 0.000175276 0)
(0.00651074 0.000231627 0)
(0.00587572 0.000132967 0)
(0.00573084 7.84756e-05 0)
(0.00552941 7.58138e-05 0)
(0.00516871 5.88991e-05 0)
(0.00485064 2.16521e-05 0)
(0.00468886 -2.51241e-06 0)
(0.00451309 3.20814e-05 0)
(0.00402243 0.000113734 0)
(0.0032446 0.000147702 0)
(0.0026117 9.54982e-05 0)
(0.00234364 3.2007e-05 0)
(0.00229544 8.21336e-07 0)
(0.00234613 -6.62986e-06 0)
(-0.028407 0.00897876 0)
(-0.00410387 -0.0115503 0)
(0.0140434 -0.00278908 0)
(0.0124444 0.000778287 0)
(0.00943866 0.000516698 0)
(0.00832456 0.000448519 0)
(0.00717071 0.000410666 0)
(0.00686206 0.000186223 0)
(0.00701779 9.08982e-05 0)
(0.00694697 0.00012571 0)
(0.00653999 0.000134966 0)
(0.00604255 8.77785e-05 0)
(0.00561163 5.35237e-05 0)
(0.00510982 0.000125563 0)
(0.00432184 0.000268604 0)
(0.00336476 0.000307283 0)
(0.00267789 0.000190725 0)
(0.00240565 6.27697e-05 0)
(0.00235745 -3.4225e-08 0)
(0.00241696 -1.39319e-05 0)
(-0.0279104 0.0127831 0)
(-0.00363187 -0.0164869 0)
(0.0103489 -0.00375695 0)
(0.00993819 0.000905986 0)
(0.0084542 0.000811772 0)
(0.00770246 0.000712436 0)
(0.00684907 0.000533153 0)
(0.00703236 0.000170812 0)
(0.00741325 6.54614e-05 0)
(0.00735192 0.000170025 0)
(0.00684491 0.000232827 0)
(0.00614297 0.000200766 0)
(0.00537909 0.000178259 0)
(0.00447895 0.000289677 0)
(0.00341394 0.000467739 0)
(0.00239492 0.000477326 0)
(0.00174906 0.000283885 0)
(0.00148901 9.37495e-05 0)
(0.00142688 -1.09384e-07 0)
(0.00147817 -2.11607e-05 0)
(-0.0265048 0.0163187 0)
(-0.00420302 -0.0205201 0)
(0.00499071 -0.00425769 0)
(0.00581778 0.000783494 0)
(0.0063699 0.000853696 0)
(0.00645626 0.000854068 0)
(0.00621341 0.000548166 0)
(0.00689565 8.99529e-05 0)
(0.00729279 3.58475e-05 0)
(0.00702431 0.00024021 0)
(0.00627799 0.00037046 0)
(0.00529457 0.000372769 0)
(0.00414315 0.000381603 0)
(0.00283474 0.000524558 0)
(0.00155357 0.000695729 0)
(0.000544245 0.000641409 0)
(-5.33707e-05 0.000369724 0)
(-0.000333297 0.0001276 0)
(-0.000430713 4.35108e-06 0)
(-0.000401898 -2.58429e-05 0)
(-0.0247832 0.0196051 0)
(-0.00503235 -0.0235706 0)
(-0.000342342 -0.0048304 0)
(0.00192484 0.000344076 0)
(0.00405985 0.000624016 0)
(0.0050291 0.000824321 0)
(0.00555485 0.000437196 0)
(0.00657486 -2.57219e-05 0)
(0.0067245 5.02962e-05 0)
(0.00604897 0.000374516 0)
(0.00493343 0.000572591 0)
(0.00358667 0.000618605 0)
(0.00201498 0.000666948 0)
(0.000352484 0.000819042 0)
(-0.00104848 0.000936359 0)
(-0.00201744 0.000794231 0)
(-0.0026115 0.000456414 0)
(-0.00294923 0.000170934 0)
(-0.00309314 1.64706e-05 0)
(-0.00309505 -2.71097e-05 0)
(-0.0230003 0.0226847 0)
(-0.00571055 -0.0258915 0)
(-0.00447202 -0.00525284 0)
(-0.00086313 -0.000270901 0)
(0.00195848 0.000194256 0)
(0.00368825 0.000622167 0)
(0.00492892 0.000219947 0)
(0.00596785 -0.00012399 0)
(0.00561488 0.000153314 0)
(0.00441201 0.000600521 0)
(0.00285916 0.000857194 0)
(0.00109973 0.00094822 0)
(-0.000876205 0.00102703 0)
(-0.00277222 0.00115191 0)
(-0.00420337 0.00117636 0)
(-0.00515262 0.000943678 0)
(-0.00579412 0.000552623 0)
(-0.00620558 0.000226552 0)
(-0.00639507 3.65903e-05 0)
(-0.00642286 -2.51477e-05 0)
(-0.02127 0.0255688 0)
(-0.00613621 -0.027602 0)
(-0.00727826 -0.00550846 0)
(-0.00258476 -0.00107155 0)
(0.000221538 -0.000320851 0)
(0.00255923 0.000278431 0)
(0.00422932 -4.67218e-05 0)
(0.00488301 -0.000143076 0)
(0.0038479 0.000374245 0)
(0.00210124 0.000928048 0)
(0.000107831 0.00122968 0)
(-0.00206659 0.00135892 0)
(-0.00435082 0.00144235 0)
(-0.00634468 0.00149919 0)
(-0.00776522 0.00141403 0)
(-0.00873649 0.00109969 0)
(-0.00945313 0.000663623 0)
(-0.00993176 0.00029372 0)
(-0.010156 6.27151e-05 0)
(-0.0102006 -2.10462e-05 0)
(-0.0196329 0.0282569 0)
(-0.00635469 -0.0288043 0)
(-0.00907521 -0.00577595 0)
(-0.00351047 -0.00189159 0)
(-0.00112706 -0.000866948 0)
(0.0016136 -0.000153737 0)
(0.00324267 -0.000278326 0)
(0.00314197 -2.57622e-05 0)
(0.00138249 0.000722816 0)
(-0.000839305 0.00135127 0)
(-0.00323761 0.00168553 0)
(-0.00576111 0.00183455 0)
(-0.00821422 0.00188613 0)
(-0.0102079 0.00184629 0)
(-0.0116188 0.00165296 0)
(-0.0126443 0.00126896 0)
(-0.0134351 0.000789104 0)
(-0.0139616 0.000369266 0)
(-0.0142062 9.24809e-05 0)
(-0.014259 -1.5878e-05 0)
(-0.0180897 0.0307512 0)
(-0.00644401 -0.0296156 0)
(-0.0101915 -0.00610904 0)
(-0.00396786 -0.00267186 0)
(-0.0021606 -0.00139273 0)
(0.000665085 -0.000585105 0)
(0.00172615 -0.000386568 0)
(0.000660397 0.000251151 0)
(-0.00170784 0.00118412 0)
(-0.00431202 0.00185468 0)
(-0.00705077 0.00220975 0)
(-0.00980243 0.00234998 0)
(-0.0122952 0.0023353 0)
(-0.0142443 0.00218799 0)
(-0.0156631 0.00189771 0)
(-0.0167501 0.00145245 0)
(-0.0175957 0.000925248 0)
(-0.0181484 0.000449486 0)
(-0.0184005 0.00012374 0)
(-0.0184553 -1.04453e-05 0)
(-0.0166247 0.0330655 0)
(-0.00648849 -0.0301208 0)
(-0.010886 -0.00649249 0)
(-0.00428169 -0.00339961 0)
(-0.00305394 -0.0018571 0)
(-0.000564453 -0.000920597 0)
(-0.000501249 -0.00030549 0)
(-0.00248376 0.000678527 0)
(-0.00528007 0.00172923 0)
(-0.00819142 0.00242158 0)
(-0.0111702 0.00277991 0)
(-0.0140169 0.00287999 0)
(-0.016465 0.00277676 0)
(-0.0183638 0.00252488 0)
(-0.0198005 0.00214997 0)
(-0.0209346 0.00164688 0)
(-0.0218102 0.00106744 0)
(-0.0223717 0.000531358 0)
(-0.0226216 0.000154882 0)
(-0.0226742 -5.34476e-06 0)
(-0.0152163 0.0352163 0)
(-0.00656714 -0.0303733 0)
(-0.0113634 -0.00689778 0)
(-0.00473422 -0.00406683 0)
(-0.00405978 -0.00221343 0)
(-0.00235209 -0.00108219 0)
(-0.00344132 -2.1483e-05 0)
(-0.00610945 0.00122656 0)
(-0.00919488 0.00233525 0)
(-0.0123276 0.0030334 0)
(-0.0154312 0.00337197 0)
(-0.0182665 0.0034059 0)
(-0.0206333 0.00320575 0)
(-0.0224886 0.00285832 0)
(-0.0239368 0.00240778 0)
(-0.0250936 0.00184729 0)
(-0.0259779 0.00121181 0)
(-0.026536 0.00061278 0)
(-0.026777 0.000184774 0)
(-0.0268242 -7.87809e-07 0)
(-0.0138427 0.0372192 0)
(-0.00675113 -0.0303986 0)
(-0.0117932 -0.00729185 0)
(-0.00554273 -0.00464382 0)
(-0.00544441 -0.0024198 0)
(-0.00483483 -0.00102489 0)
(-0.00694051 0.000431057 0)
(-0.0100372 0.00185216 0)
(-0.0133055 0.00298026 0)
(-0.0165689 0.00366979 0)
(-0.0196945 0.00396559 0)
(-0.0224544 0.00391744 0)
(-0.0247324 0.00362164 0)
(-0.0265458 0.00318784 0)
(-0.0279868 0.00266701 0)
(-0.0291419 0.00204903 0)
(-0.0300198 0.00135565 0)
(-0.0305666 0.00069243 0)
(-0.0307937 0.000212557 0)
(-0.0308329 2.90355e-06 0)
(-0.012485 0.0390926 0)
(-0.00710217 -0.030202 0)
(-0.0123324 -0.00763516 0)
(-0.00685392 -0.00508696 0)
(-0.00739722 -0.00244853 0)
(-0.00795705 -0.000754304 0)
(-0.0107809 0.00100268 0)
(-0.0141027 0.00251937 0)
(-0.0174739 0.00364655 0)
(-0.0207841 0.00431259 0)
(-0.0238582 0.00454723 0)
(-0.0265147 0.00441059 0)
(-0.0287051 0.00402435 0)
(-0.0304675 0.00351088 0)
(-0.0318785 0.00292303 0)
(-0.0330124 0.00224846 0)
(-0.0338738 0.00149721 0)
(-0.0344044 0.000769441 0)
(-0.0346137 0.000237452 0)
(-0.0346423 5.2924e-06 0)
(-0.0111291 0.0408553 0)
(-0.00766918 -0.0297784 0)
(-0.01312 -0.00788495 0)
(-0.00872758 -0.00535425 0)
(-0.00995697 -0.00229621 0)
(-0.0115243 -0.000311721 0)
(-0.0147562 0.00164536 0)
(-0.0181708 0.00320462 0)
(-0.0215836 0.00432011 0)
(-0.0248737 0.00494822 0)
(-0.0278538 0.00510983 0)
(-0.0303985 0.00488417 0)
(-0.0324986 0.0044127 0)
(-0.034194 0.00382384 0)
(-0.035554 0.00317181 0)
(-0.0366524 0.00244295 0)
(-0.0374909 0.00163541 0)
(-0.038002 0.000843268 0)
(-0.0381897 0.000258772 0)
(-0.0382048 6.12694e-06 0)
(-0.00976447 0.0425423 0)
(-0.00848632 -0.0291106 0)
(-0.0142478 -0.00800206 0)
(-0.0111206 -0.005421 0)
(-0.013007 -0.00198498 0)
(-0.0152998 0.00024353 0)
(-0.0187044 0.00231915 0)
(-0.0221374 0.0038939 0)
(-0.0255449 0.00499017 0)
(-0.0287687 0.00556807 0)
(-0.0316348 0.00565027 0)
(-0.0340644 0.00533736 0)
(-0.0360654 0.00478431 0)
(-0.0376757 0.00412302 0)
(-0.0389675 0.00341014 0)
(-0.0400196 0.00263063 0)
(-0.0408309 0.00176954 0)
(-0.04132 0.000913489 0)
(-0.0414822 0.000275739 0)
(-0.0414805 5.00864e-06 0)
(-0.00840014 0.0441402 0)
(-0.00957384 -0.0281394 0)
(-0.01574 -0.0079585 0)
(-0.0138994 -0.00528993 0)
(-0.0163375 -0.00155264 0)
(-0.0190709 0.000859417 0)
(-0.0225115 0.00300048 0)
(-0.0259264 0.004579 0)
(-0.0292936 0.00564908 0)
(-0.0324227 0.00616732 0)
(-0.0351659 0.00616712 0)
(-0.0374752 0.00576866 0)
(-0.0393639 0.00513619 0)
(-0.0408723 0.00440506 0)
(-0.0420817 0.00363543 0)
(-0.0430792 0.00281005 0)
(-0.04386 0.00189907 0)
(-0.0443249 0.000979734 0)
(-0.0444573 0.000287496 0)
(-0.0444346 1.39463e-06 0)
(-0.00699397 0.0458424 0)
(-0.0109365 -0.0267513 0)
(-0.0175754 -0.00774699 0)
(-0.0168859 -0.00499539 0)
(-0.0197249 -0.00103973 0)
(-0.0226892 0.00150293 0)
(-0.0261033 0.00367821 0)
(-0.0294832 0.00525504 0)
(-0.0327848 0.00629172 0)
(-0.0358025 0.00674328 0)
(-0.0384168 0.0066591 0)
(-0.040597 0.00617587 0)
(-0.042359 0.00546523 0)
(-0.0437502 0.00466708 0)
(-0.0448651 0.00384565 0)
(-0.0458004 0.00298003 0)
(-0.0465476 0.00202347 0)
(-0.0469864 0.0010415 0)
(-0.0470838 0.000293016 0)
(-0.0470351 -5.4241e-06 0)
(-0.00594173 0.0470591 0)
(-0.0125565 -0.0249238 0)
(-0.0197316 -0.00738628 0)
(-0.0199114 -0.00459207 0)
(-0.022977 -0.000482422 0)
(-0.0260539 0.0021538 0)
(-0.0294278 0.00434828 0)
(-0.0327652 0.00591891 0)
(-0.0359835 0.00691467 0)
(-0.0388795 0.00729412 0)
(-0.0413579 0.00712452 0)
(-0.0433974 0.00655645 0)
(-0.0450181 0.00576875 0)
(-0.0462782 0.00490709 0)
(-0.0472869 0.00403948 0)
(-0.0481521 0.0031396 0)
(-0.0488624 0.00214197 0)
(-0.0492727 0.0010985 0)
(-0.0493296 0.000291779 0)
(-0.0492492 -1.63404e-05 0)
(-0.00294234 0.0503283 0)
(-0.0143048 -0.0230029 0)
(-0.0221219 -0.0068993 0)
(-0.0228241 -0.00409648 0)
(-0.0259442 9.62863e-05 0)
(-0.0290798 0.00280682 0)
(-0.0324249 0.00501129 0)
(-0.0357168 0.00657061 0)
(-0.0388419 0.00751822 0)
(-0.0416103 0.00782111 0)
(-0.0439451 0.00756452 0)
(-0.0458324 0.00691121 0)
(-0.0472992 0.00604746 0)
(-0.0484163 0.00512504 0)
(-0.0493081 0.00421518 0)
(-0.0500953 0.0032859 0)
(-0.0507641 0.00225349 0)
(-0.0511426 0.00115273 0)
(-0.0511541 0.000284732 0)
(-0.0510395 -3.29777e-05 0)
(-0.0279615 0.0398165 0)
(-0.0177904 -0.0193052 0)
(-0.0272095 -0.00527256 0)
(-0.0287227 -0.00238865 0)
(-0.0324257 0.00172254 0)
(-0.0354772 0.00448694 0)
(-0.0386992 0.00667993 0)
(-0.0417986 0.00817745 0)
(-0.0446544 0.00897341 0)
(-0.0471152 0.00906836 0)
(-0.0491182 0.0085818 0)
(-0.0506535 0.00770307 0)
(-0.0517624 0.00664141 0)
(-0.0525431 0.00556807 0)
(-0.0531563 0.00456601 0)
(-0.0537552 0.00359378 0)
(-0.0543208 0.00251641 0)
(-0.0546097 0.00129198 0)
(-0.0544769 0.000239482 0)
(-0.0542386 -0.000117788 0)
(-0.0237212 0.0135935 0)
(-0.0200899 -0.0121265 0)
(-0.0321016 -0.00225409 0)
(-0.0342663 0.000642368 0)
(-0.0383183 0.00431952 0)
(-0.0413942 0.00702694 0)
(-0.0444192 0.00913386 0)
(-0.047096 0.0104482 0)
(-0.049342 0.0109318 0)
(-0.0510129 0.0106285 0)
(-0.0520456 0.00971374 0)
(-0.0524517 0.0084421 0)
(-0.0523246 0.00707696 0)
(-0.0518364 0.00581656 0)
(-0.051246 0.00473967 0)
(-0.0508249 0.00376528 0)
(-0.0506128 0.00266514 0)
(-0.0502187 0.00127075 0)
(-0.0492631 -7.49975e-05 0)
(-0.0483504 -0.00042209 0)
(-0.0175712 0.00718358 0)
(-0.0232138 -0.0040053 0)
(-0.0322304 0.00163385 0)
(-0.0357323 0.00387575 0)
(-0.039378 0.00691375 0)
(-0.0420538 0.00930566 0)
(-0.0443711 0.0111099 0)
(-0.0460813 0.0120337 0)
(-0.0470872 0.0120158 0)
(-0.0472482 0.0111385 0)
(-0.0465332 0.00965155 0)
(-0.0450174 0.00789373 0)
(-0.0428668 0.00618957 0)
(-0.0403189 0.00475934 0)
(-0.0377187 0.00367572 0)
(-0.0354808 0.0028297 0)
(-0.0337159 0.00194712 0)
(-0.0316548 0.00072821 0)
(-0.028142 -0.000822588 0)
(-0.0243282 -0.00136618 0)
(-0.0202392 0.00951436 0)
(-0.0249299 0.00312318 0)
(-0.0302309 0.00514824 0)
(-0.0329845 0.00662852 0)
(-0.0355029 0.00895486 0)
(-0.0371905 0.0108789 0)
(-0.0383472 0.0121877 0)
(-0.0387813 0.0125366 0)
(-0.0384363 0.0118565 0)
(-0.0372604 0.0102736 0)
(-0.0353236 0.00811111 0)
(-0.0327809 0.00578122 0)
(-0.0298214 0.00366418 0)
(-0.0266494 0.00202287 0)
(-0.0236384 0.000985383 0)
(-0.0213856 0.000430807 0)
(-0.020161 -9.72565e-05 0)
(-0.0188841 -0.0014314 0)
(-0.0144558 -0.00427791 0)
(-0.00458289 -0.0056651 0)
(-0.0215824 0.0105428 0)
(-0.0231024 0.00667564 0)
(-0.0252886 0.00727033 0)
(-0.0264765 0.0082741 0)
(-0.0275294 0.0100119 0)
(-0.0280345 0.0114562 0)
(-0.0281503 0.0122589 0)
(-0.0278034 0.0120852 0)
(-0.0270559 0.0108855 0)
(-0.0259391 0.0088269 0)
(-0.0244864 0.00626815 0)
(-0.0227025 0.00363789 0)
(-0.020591 0.00137725 0)
(-0.0181883 -0.000171491 0)
(-0.0158666 -0.000881479 0)
(-0.0144321 -0.0007736 0)
(-0.0145206 -0.00079751 0)
(-0.0152901 -0.00344848 0)
(-0.0128407 -0.00971235 0)
(-0.0016891 -0.0124422 0)
(-0.0194592 0.00991983 0)
(-0.0183523 0.00760254 0)
(-0.0180882 0.00773185 0)
(-0.0176833 0.00860614 0)
(-0.0175105 0.0100693 0)
(-0.0173048 0.0113077 0)
(-0.0172825 0.0119796 0)
(-0.0175981 0.0118225 0)
(-0.0184002 0.010759 0)
(-0.0194385 0.00879721 0)
(-0.0200738 0.00609001 0)
(-0.0196122 0.00303476 0)
(-0.0177828 0.000305539 0)
(-0.0147172 -0.00151571 0)
(-0.0111367 -0.0019737 0)
(-0.00823289 -0.00114912 0)
(-0.00757712 -0.000281998 0)
(-0.00901425 -0.0035874 0)
(-0.00980923 -0.013133 0)
(-0.00114746 -0.0189299 0)
(-0.0149133 0.0078155 0)
(-0.012045 0.00647979 0)
(-0.0101925 0.00678578 0)
(-0.00877205 0.00794771 0)
(-0.00810125 0.00965933 0)
(-0.00819415 0.0113115 0)
(-0.00952032 0.0126398 0)
(-0.012466 0.0133478 0)
(-0.0168134 0.0129011 0)
(-0.0211961 0.0106526 0)
(-0.0238168 0.00662907 0)
(-0.0236412 0.00181725 0)
(-0.0209455 -0.00249658 0)
(-0.0166149 -0.00527536 0)
(-0.0110995 -0.00583466 0)
(-0.00472318 -0.0039938 0)
(0.000450048 -0.000755055 0)
(0.00183519 -0.00136958 0)
(-0.00284612 -0.0118265 0)
(-0.00283358 -0.0226291 0)
(-0.00926866 0.00467604 0)
(-0.00564016 0.00425634 0)
(-0.00315037 0.00508244 0)
(-0.00145526 0.00694138 0)
(-0.00105205 0.00954969 0)
(-0.0023437 0.0124547 0)
(-0.0060651 0.0153952 0)
(-0.0123468 0.0176218 0)
(-0.0197059 0.0175771 0)
(-0.0252814 0.0140087 0)
(-0.0269397 0.007529 0)
(-0.0248307 0.000258929 0)
(-0.0206243 -0.00588553 0)
(-0.0158887 -0.00979743 0)
(-0.0110374 -0.0114298 0)
(-0.00552193 -0.0104936 0)
(0.00219017 -0.005788 0)
(0.00895293 -0.00106696 0)
(0.0065889 -0.00577066 0)
(-0.00224606 -0.0195145 0)
(-0.00356256 0.00128582 0)
(-0.000185582 0.00183934 0)
(0.00217311 0.00330605 0)
(0.00360403 0.00616241 0)
(0.00322683 0.0102776 0)
(0.000236311 0.0152349 0)
(-0.00611044 0.0204414 0)
(-0.0149872 0.0240056 0)
(-0.0233419 0.0231415 0)
(-0.0274505 0.0165944 0)
(-0.0258677 0.00640602 0)
(-0.0204935 -0.00347187 0)
(-0.0143704 -0.0100396 0)
(-0.00905538 -0.0133746 0)
(-0.00500494 -0.0145353 0)
(-0.0023401 -0.0149251 0)
(0.00121772 -0.0129497 0)
(0.00811789 -0.00563881 0)
(0.0115317 -0.00186786 0)
(-0.000807184 -0.0141248 0)
(0.00163132 -0.00139371 0)
(0.00409237 -0.000114315 0)
(0.00574484 0.00193634 0)
(0.00639975 0.00599547 0)
(0.00489585 0.0121439 0)
(0.000106814 0.0197083 0)
(-0.00821 0.0271351 0)
(-0.0178911 0.0308681 0)
(-0.0247776 0.0272617 0)
(-0.0252847 0.0161141 0)
(-0.0194958 0.00190392 0)
(-0.0113985 -0.00939271 0)
(-0.00434506 -0.0152031 0)
(0.000674753 -0.0172592 0)
(0.00388332 -0.0167786 0)
(0.00560663 -0.0155362 0)
(0.00527189 -0.0149935 0)
(0.00654323 -0.00939785 0)
(0.0112697 0.000425782 0)
(0.000412293 -0.0105664 0)
(0.00548083 -0.00299613 0)
(0.00706739 -0.00127781 0)
(0.0076446 0.00134739 0)
(0.00709237 0.00676322 0)
(0.00432578 0.0152113 0)
(-0.00172658 0.025417 0)
(-0.0104208 0.0341436 0)
(-0.0186405 0.0364954 0)
(-0.0219804 0.0288745 0)
(-0.0179014 0.0130284 0)
(-0.00892217 -0.00430473 0)
(-0.000566966 -0.0154113 0)
(0.00645233 -0.0196618 0)
(0.0108218 -0.0198746 0)
(0.012652 -0.0183424 0)
(0.0130643 -0.0155979 0)
(0.0118673 -0.0135808 0)
(0.00838395 -0.00952998 0)
(0.00945026 0.00360128 0)
(-0.00450492 -0.00414577 0)
(0.00633539 -0.0041597 0)
(0.00749241 -0.00187023 0)
(0.00720475 0.00168943 0)
(0.00565107 0.0085985 0)
(0.00213342 0.0191607 0)
(-0.0039087 0.0312352 0)
(-0.0110725 0.0399047 0)
(-0.0160422 0.0396217 0)
(-0.0150151 0.027543 0)
(-0.00747967 0.00761977 0)
(0.00016191 -0.0109254 0)
(0.00744524 -0.021704 0)
(0.0136814 -0.0244068 0)
(0.017724 -0.0222297 0)
(0.0193581 -0.0187619 0)
(0.0189322 -0.0148789 0)
(0.0171079 -0.0112828 0)
(0.0123013 -0.00711613 0)
(0.0107841 0.00727754 0)
(0.00355343 0.000182277 0)
(0.0034969 -0.00534566 0)
(0.0046675 -0.00214466 0)
(0.00419057 0.00268667 0)
(0.00243607 0.0110508 0)
(-0.000766589 0.0231277 0)
(-0.00519722 0.0357483 0)
(-0.00927549 0.0431571 0)
(-0.0101906 0.0397116 0)
(-0.00535649 0.0237258 0)
(0.00196057 0.00196355 0)
(0.00726735 -0.0162235 0)
(0.013227 -0.027137 0)
(0.0181151 -0.0285587 0)
(0.021208 -0.0245134 0)
(0.0226656 -0.0192705 0)
(0.0223481 -0.0138615 0)
(0.0203172 -0.00858183 0)
(0.0150353 -0.00329528 0)
(0.0099458 0.0115876 0)
(-0.000479925 0.00275269 0)
(0.000311846 -0.00629759 0)
(0.000441303 -0.00242226 0)
(-1.24725e-05 0.00373042 0)
(-0.00125659 0.0131913 0)
(-0.00306619 0.0257984 0)
(-0.00469524 0.0377924 0)
(-0.00484399 0.0433422 0)
(-0.00177437 0.0370104 0)
(0.00531433 0.0190396 0)
(0.0096679 -0.00148441 0)
(0.0144866 -0.0206191 0)
(0.0194932 -0.0315095 0)
(0.0221682 -0.0314057 0)
(0.0232571 -0.0259853 0)
(0.0237666 -0.0196085 0)
(0.0232415 -0.012887 0)
(0.0212103 -0.005871 0)
(0.0160987 0.00127042 0)
(0.00958563 0.0171366 0)
(0.003002 0.00665631 0)
(0.000192909 -0.00504974 0)
(-0.00262264 -0.00175038 0)
(-0.00360098 0.00462308 0)
(-0.00386834 0.0142563 0)
(-0.00356866 0.026267 0)
(-0.00185068 0.0368197 0)
(0.00179196 0.0405075 0)
(0.00810875 0.0321731 0)
(0.0141692 0.0152041 0)
(0.0179962 -0.00485972 0)
(0.0236237 -0.0246015 0)
(0.0268053 -0.0342327 0)
(0.0259583 -0.032046 0)
(0.0240759 -0.0259176 0)
(0.0229904 -0.0192707 0)
(0.0217834 -0.0116937 0)
(0.0195491 -0.00312076 0)
(0.0149281 0.00622071 0)
(0.00713458 0.0226969 0)
(0.00318878 0.00812438 0)
(0.00412446 -0.00165093 0)
(-0.00147665 0.000728412 0)
(-0.00477362 0.00515953 0)
(-0.00459799 0.0136183 0)
(-0.00208009 0.0241207 0)
(0.00273044 0.0330531 0)
(0.00960025 0.0348874 0)
(0.0174592 0.0267264 0)
(0.022759 0.0118718 0)
(0.0283826 -0.00820509 0)
(0.0338018 -0.0274438 0)
(0.0332151 -0.0340796 0)
(0.0276774 -0.0294106 0)
(0.0223709 -0.023578 0)
(0.019396 -0.0177331 0)
(0.0173511 -0.0100279 0)
(0.0150444 -0.000642461 0)
(0.010514 0.0106177 0)
(0.00253838 0.0276379 0)
(0.00110465 0.00993285 0)
(0.00953876 0.0036509 0)
(0.00450263 0.0048721 0)
(0.00016419 0.00709088 0)
(-0.00110763 0.0121695 0)
(0.0020967 0.0201689 0)
(0.00882829 0.0269714 0)
(0.0178343 0.0277367 0)
(0.0263197 0.0213446 0)
(0.0328726 0.00782234 0)
(0.0401481 -0.0118565 0)
(0.0425135 -0.0280037 0)
(0.0358905 -0.0297477 0)
(0.0254066 -0.0230121 0)
(0.0169624 -0.0188493 0)
(0.0118191 -0.0148506 0)
(0.00894947 -0.00778459 0)
(0.00614342 0.00215886 0)
(0.00109019 0.0163146 0)
(-0.00197546 0.0299696 0)
(0.00550946 0.00700498 0)
(0.0138198 0.00635464 0)
(0.0114771 0.00742306 0)
(0.00969541 0.0086094 0)
(0.00946226 0.0107153 0)
(0.0123416 0.0152837 0)
(0.0190614 0.019172 0)
(0.0284964 0.0193392 0)
(0.0372075 0.0154045 0)
(0.0452823 0.00311822 0)
(0.0509944 -0.014551 0)
(0.0461297 -0.024909 0)
(0.0323526 -0.020944 0)
(0.0187841 -0.0140065 0)
(0.00819625 -0.012669 0)
(0.000155303 -0.0111417 0)
(-0.0037928 -0.00472925 0)
(-0.00771732 0.00580514 0)
(-0.0101987 0.0195746 0)
(-0.00633481 0.0247781 0)
(0.00516462 0.00176558 0)
(0.0151836 0.0092344 0)
(0.0156448 0.00880269 0)
(0.0181182 0.0103214 0)
(0.0220104 0.0111541 0)
(0.0271426 0.0136479 0)
(0.0342212 0.0152724 0)
(0.0437815 0.0125257 0)
(0.0525657 0.00974508 0)
(0.0575231 -0.00302197 0)
(0.0541903 -0.0139564 0)
(0.0401051 -0.0163532 0)
(0.0223444 -0.00921048 0)
(0.0101144 -0.00566127 0)
(-0.00111918 -0.00573475 0)
(-0.0116886 -0.00740103 0)
(-0.0172028 0.000455025 0)
(-0.0184458 0.0103399 0)
(-0.0152553 0.0201702 0)
(-0.00180282 0.0166487 0)
(0.00290868 -0.00375645 0)
(0.00922763 0.00921783 0)
(0.0107344 0.000996996 0)
(0.0177128 0.00355776 0)
(0.0250107 0.000802597 0)
(0.0336909 0.00428376 0)
(0.0387573 0.00396652 0)
(0.0484291 0.000739484 0)
(0.0520511 0.0102894 0)
(0.0466814 0.00436143 0)
(0.0384591 0.000765122 0)
(0.0235669 0.0021666 0)
(0.0102159 0.00658292 0)
(0.00336361 0.00401625 0)
(-0.00447304 0.00821936 0)
(-0.010673 -0.00271449 0)
(-0.0139303 0.00434017 0)
(-0.0161331 0.0039366 0)
(-0.0135613 0.00344097 0)
(0.00842245 -0.000313323 0)
(0.00657267 0.00524586 0)
)
;

boundaryField
{
    left_open
    {
        type            pressureInletOutletVelocity;
        value           nonuniform List<vector> 
40
(
(0.00928887 0 0)
(0.0193631 0 0)
(0.0243978 0 0)
(0.026862 0 0)
(0.028115 0 0)
(0.028688 0 0)
(0.0287091 0 0)
(0.0281967 0 0)
(0.027182 0 0)
(0.0257285 0 0)
(0.0239167 0 0)
(0.0218245 0 0)
(0.0195147 0 0)
(0.0170313 0 0)
(0.0144095 0 0)
(0.0117131 0 0)
(0.00909422 0 0)
(0.00680012 0 0)
(0.0050563 0 0)
(0.00394387 0 0)
(0.00282659 0 0)
(0.00227175 0 0)
(0.0012558 0 0)
(0.00104655 0 0)
(0.00235645 0 0)
(0.00276024 0 0)
(0.00101988 -0.0393986 0)
(0.0026311 0 0)
(0.0019806 -0.046569 0)
(0.00413592 0 0)
(0.00267507 0 0)
(-0.0038661 -0.0452702 0)
(-0.000219439 0 0)
(-0.00607589 -0.0343532 0)
(-0.00186448 0 0)
(-0.0116813 -0.0157855 0)
(-0.00475034 -0.00598493 0)
(-0.00932831 0.0056265 0)
(-0.00462614 0.0148148 0)
(-0.00851835 0.0168518 0)
)
;
    }
    right_open
    {
        type            pressureInletOutletVelocity;
        value           nonuniform List<vector> 
40
(
(0.00118887 -1.14342e-06 0)
(0.00234613 -6.62986e-06 0)
(0.00241696 -1.39319e-05 0)
(0.00147817 -2.11607e-05 0)
(-0.000401898 0 0)
(-0.00309505 0 0)
(-0.00642286 0 0)
(-0.0102006 0 0)
(-0.014259 0 0)
(-0.0184553 0 0)
(-0.0226742 0 0)
(-0.0268242 0 0)
(-0.0308329 0 0)
(-0.0346423 0 0)
(-0.0382048 0 0)
(-0.0414805 0 0)
(-0.0444346 0 0)
(-0.0470351 0 0)
(-0.0492492 0 0)
(-0.0510395 0 0)
(-0.0542386 0 0)
(-0.0483504 0 0)
(-0.0243282 0 0)
(-0.00458289 0 0)
(-0.0016891 0 0)
(-0.00114746 -0.0189299 0)
(-0.00283358 0 0)
(-0.00224606 0 0)
(-0.000807184 -0.0141248 0)
(0.000412293 -0.0105664 0)
(-0.00450492 0 0)
(0.00355343 0.000182277 0)
(-0.000479925 0 0)
(0.003002 0.00665631 0)
(0.00318878 0.00812438 0)
(0.00110465 0 0)
(0.00550946 0.00700498 0)
(0.00516462 0.00176558 0)
(0.00290868 -0.00375645 0)
(0.00657267 0.00524586 0)
)
;
    }
    base_side
    {
        type            noSlip;
    }
    top
    {
        type            pressureInletOutletVelocity;
        value           nonuniform List<vector> 
65
(
(-0.00851835 0.0168518 0)
(-0.00761093 0.00922424 0)
(-0.0200168 0.0203756 0)
(-0.0461306 0.00474896 0)
(-0.0553903 0.00422635 0)
(-0.0622931 0.00737615 0)
(0 -0.000796542 0)
(-0.0535556 0.00555254 0)
(-0.0466556 0.00131209 0)
(-0.0355814 0.00463112 0)
(-0.0229566 0.00924741 0)
(-0.00837393 0.00974268 0)
(0 0.00269122 0)
(0.025246 0.0111632 0)
(0 0.00280437 0)
(0.0394735 0.00657578 0)
(0 0.000847896 0)
(0 -0.00388308 0)
(0.0314913 0.00507544 0)
(0.0220384 0.0039287 0)
(0 0.00224816 0)
(0.018615 0.0130551 0)
(0.0139032 0.0104155 0)
(0.0121586 0.00468086 0)
(0.0127924 0.00517659 0)
(0 0.00171321 0)
(0.0127892 0.0127954 0)
(0 0.00161047 0)
(0.0120062 0.00884757 0)
(0.0115802 0.00605231 0)
(0.011934 0.00627108 0)
(0.012019 0.00788339 0)
(0.0118311 0.00728914 0)
(0.0112135 0.00572192 0)
(0.0100797 0.00983516 0)
(0.00923401 0.00698403 0)
(0.00944476 0.00636362 0)
(0.00958005 0.00618285 0)
(0.00981183 0.0059346 0)
(0 0.00156794 0)
(0 0.000865705 0)
(0.0122702 0.0132576 0)
(0.0108394 0.00792438 0)
(0.00983766 0.0118384 0)
(0 -0.00190914 0)
(0.00922763 0.00921783 0)
(0 0.000996996 0)
(0.0177128 0.00355776 0)
(0 0.000802597 0)
(0.0336909 0.00428376 0)
(0.0387573 0.00396652 0)
(0 0.000739484 0)
(0.0520511 0.0102894 0)
(0.0466814 0.00436143 0)
(0.0384591 0.000765122 0)
(0.0235669 0.0021666 0)
(0.0102159 0.00658292 0)
(0.00336361 0.00401625 0)
(-0.00447304 0.00821936 0)
(0 -0.00271449 0)
(-0.0139303 0.00434017 0)
(-0.0161331 0.0039366 0)
(-0.0135613 0.00344097 0)
(0 -0.000313323 0)
(0.00657267 0.00524586 0)
)
;
    }
    front
    {
        type            empty;
    }
    back
    {
        type            empty;
    }
    air_to_aluminum
    {
        type            noSlip;
    }
}


// ************************************************************************* //
