/*--------------------------------*- C++ -*----------------------------------*\
| =========                 |                                                 |
| \\      /  F ield         | OpenFOAM: The Open Source CFD Toolbox           |
|  \\    /   O peration     | Version:                                        |
|   \\  /    A nd           | Website:  www.openfoam.com                      |
|    \\/     M anipulation  |                                                 |
\*---------------------------------------------------------------------------*/
FoamFile
{
    version     2.0;
    format      ascii;
    class       volScalarField;
    location    "1819.5/air";
    object      rho;
}
// * * * * * * * * * * * * * * * * * * * * * * * * * * * * * * * * * * * * * //

dimensions      [1 -3 0 0 0 0 0];


internalField   nonuniform List<scalar> 
2228
(
1.15149
1.15124
1.15104
1.15086
1.15173
1.15149
1.15125
1.15102
1.15189
1.15166
1.1514
1.15115
1.15201
1.15179
1.15153
1.15126
1.15213
1.15191
1.15164
1.15136
1.15223
1.15201
1.15174
1.15145
1.15232
1.15212
1.15185
1.15154
1.15242
1.15225
1.15197
1.15164
1.15254
1.15242
1.15212
1.15174
1.15268
1.15269
1.15236
1.15186
1.15288
1.15313
1.15273
1.15202
1.15319
1.15386
1.15334
1.15225
1.15364
1.155
1.1543
1.15258
1.15428
1.15672
1.15581
1.15304
1.15518
1.15921
1.15825
1.15374
1.15711
1.16297
1.16231
1.1555
1.15086
1.15104
1.15124
1.15149
1.15102
1.15125
1.15149
1.15173
1.15115
1.15141
1.15167
1.15189
1.15126
1.15154
1.1518
1.15202
1.15136
1.15165
1.15192
1.15213
1.15146
1.15176
1.15203
1.15223
1.15155
1.15186
1.15214
1.15233
1.15164
1.15198
1.15226
1.15243
1.15174
1.15212
1.15241
1.15253
1.15185
1.15232
1.15263
1.15265
1.15199
1.15263
1.15298
1.15282
1.1522
1.15319
1.15365
1.15309
1.15256
1.15421
1.15489
1.15354
1.15312
1.15591
1.15699
1.15439
1.15379
1.15807
1.16001
1.15645
1.15435
1.15973
1.16317
1.16099
1.19276
1.18916
1.18549
1.18208
1.20414
1.20443
1.20425
1.20369
1.20446
1.20473
1.20505
1.20538
1.20437
1.20439
1.20446
1.20456
1.20431
1.20431
1.20431
1.20432
1.20424
1.20425
1.20425
1.20426
1.20418
1.20419
1.2042
1.20421
1.20419
1.20419
1.2042
1.2042
1.20421
1.20421
1.20422
1.20422
1.20421
1.20421
1.20422
1.20422
1.20421
1.20421
1.20421
1.20422
1.204
1.20402
1.20403
1.20405
1.20339
1.20341
1.20342
1.20344
1.20287
1.20284
1.20282
1.20279
1.20268
1.20263
1.20259
1.20255
1.20239
1.20236
1.20232
1.20228
1.20205
1.20204
1.20204
1.20204
1.20191
1.20198
1.20208
1.20221
1.2025
1.20266
1.20282
1.20294
1.20304
1.20307
1.20309
1.2031
1.17934
1.17811
1.17736
1.17496
1.20267
1.20151
1.20044
1.19935
1.20563
1.20578
1.2058
1.20574
1.20471
1.20489
1.2051
1.20531
1.20433
1.20436
1.20441
1.20449
1.20426
1.20426
1.20425
1.20426
1.20422
1.20422
1.20423
1.20423
1.20421
1.20421
1.20422
1.20422
1.20422
1.20423
1.20423
1.20423
1.20422
1.20423
1.20423
1.20423
1.20422
1.20422
1.20422
1.20422
1.20407
1.20409
1.20411
1.20412
1.20346
1.20348
1.20351
1.20355
1.20277
1.20276
1.20275
1.20275
1.2025
1.20247
1.20243
1.2024
1.20225
1.20223
1.20221
1.20221
1.20207
1.20212
1.20219
1.20228
1.20236
1.20252
1.20268
1.20282
1.20305
1.20313
1.20318
1.20321
1.20309
1.20309
1.20307
1.20305
1.17328
1.1721
1.1709
1.19847
1.19778
1.19703
1.20565
1.20554
1.2054
1.20547
1.20559
1.2057
1.20456
1.20463
1.20471
1.20426
1.20427
1.20428
1.20422
1.20422
1.20422
1.20422
1.20423
1.20423
1.20424
1.20424
1.20424
1.20424
1.20424
1.20424
1.20423
1.20423
1.20423
1.20413
1.20414
1.20415
1.20357
1.2036
1.20362
1.20276
1.20277
1.20278
1.20238
1.20237
1.20236
1.20222
1.20223
1.20224
1.20235
1.20241
1.20246
1.20292
1.20298
1.20303
1.20322
1.20322
1.20321
1.20303
1.20302
1.20301
1.17009
1.16966
1.16924
1.19648
1.19618
1.19587
1.20529
1.20523
1.20515
1.20578
1.20581
1.20585
1.20476
1.20479
1.20482
1.20429
1.2043
1.20431
1.20422
1.20422
1.20422
1.20423
1.20422
1.20422
1.20424
1.20424
1.20424
1.20424
1.20424
1.20424
1.20423
1.20423
1.20423
1.20416
1.20416
1.20416
1.20363
1.20364
1.20365
1.20279
1.20279
1.2028
1.20235
1.20235
1.20235
1.20226
1.20226
1.20227
1.2025
1.20252
1.20254
1.20307
1.20308
1.2031
1.2032
1.2032
1.2032
1.203
1.203
1.20299
1.16844
1.16729
1.16607
1.19523
1.19419
1.19304
1.205
1.20473
1.2044
1.20592
1.206
1.20608
1.20488
1.20498
1.20509
1.20432
1.20435
1.20439
1.20422
1.20421
1.20421
1.20422
1.20422
1.20422
1.20424
1.20424
1.20424
1.20425
1.20425
1.20425
1.20423
1.20423
1.20423
1.20417
1.20417
1.20418
1.20367
1.20369
1.20372
1.20281
1.20283
1.20286
1.20235
1.20234
1.20234
1.20228
1.2023
1.20232
1.20257
1.20262
1.20267
1.20312
1.20316
1.20319
1.20319
1.20317
1.20316
1.20299
1.20298
1.20296
1.16368
1.16314
1.16707
1.17375
1.19085
1.1874
1.18481
1.18414
1.20381
1.20269
1.20113
1.19935
1.20616
1.20621
1.20612
1.20582
1.20524
1.20546
1.20568
1.2059
1.20445
1.20454
1.20467
1.20482
1.20422
1.20423
1.20425
1.20429
1.20421
1.20421
1.2042
1.20419
1.20424
1.20424
1.20423
1.20423
1.20425
1.20425
1.20425
1.20425
1.20424
1.20424
1.20424
1.20424
1.20419
1.20419
1.2042
1.20421
1.20376
1.2038
1.20385
1.2039
1.2029
1.20297
1.20304
1.20313
1.20235
1.20237
1.2024
1.20246
1.20236
1.2024
1.20245
1.20251
1.20274
1.20282
1.2029
1.20299
1.20323
1.20328
1.20332
1.20336
1.20314
1.2031
1.20307
1.20304
1.20294
1.20292
1.20291
1.20289
1.17305
1.16979
1.17004
1.17974
1.18435
1.18458
1.18434
1.18663
1.19783
1.19674
1.19594
1.1953
1.20531
1.20469
1.20403
1.20344
1.20606
1.20615
1.20614
1.2061
1.20499
1.20517
1.20534
1.2055
1.20434
1.20441
1.2045
1.2046
1.20419
1.20419
1.20421
1.20422
1.20422
1.20421
1.2042
1.20419
1.20425
1.20424
1.20423
1.20423
1.20424
1.20424
1.20424
1.20424
1.20421
1.20421
1.20421
1.20421
1.20394
1.20399
1.20402
1.20405
1.20323
1.20334
1.20345
1.20356
1.20254
1.20266
1.2028
1.20297
1.20259
1.20268
1.20279
1.20292
1.20307
1.20316
1.20326
1.20335
1.20338
1.2034
1.20342
1.20345
1.20302
1.20299
1.20298
1.20298
1.20288
1.20288
1.20288
1.20287
1.20432
1.20432
1.20432
1.20432
1.20432
1.20431
1.20432
1.20441
1.20466
1.20502
1.20538
1.20567
1.20589
1.20602
1.20608
1.20604
1.20599
1.20588
1.20529
1.19864
1.20432
1.20432
1.20432
1.20432
1.20431
1.20431
1.20432
1.20441
1.20468
1.20506
1.20543
1.20572
1.20593
1.20604
1.20606
1.20602
1.20596
1.20578
1.20487
1.19868
1.20431
1.20431
1.20431
1.20431
1.20431
1.20431
1.20432
1.2044
1.20467
1.20507
1.20547
1.20577
1.20596
1.20604
1.20603
1.20597
1.2059
1.20569
1.20465
1.19853
1.20431
1.20431
1.20431
1.20431
1.20431
1.20431
1.20431
1.20437
1.20461
1.20502
1.20545
1.20578
1.20597
1.20602
1.20598
1.2059
1.20581
1.20564
1.20468
1.19833
1.20431
1.20431
1.20431
1.20431
1.20431
1.20431
1.20431
1.20434
1.20452
1.20491
1.20536
1.20574
1.20596
1.20599
1.20591
1.20579
1.20566
1.20553
1.20474
1.1981
1.20431
1.20431
1.20431
1.20431
1.20431
1.20431
1.20431
1.20432
1.20443
1.20476
1.20521
1.20564
1.20591
1.20595
1.20584
1.20567
1.20547
1.20538
1.2048
1.19787
1.20431
1.20431
1.20431
1.20431
1.20431
1.20431
1.20431
1.20431
1.20437
1.2046
1.20502
1.20548
1.20584
1.20591
1.20577
1.20555
1.2053
1.2052
1.20484
1.19764
1.20431
1.20431
1.20431
1.20431
1.20431
1.20431
1.20431
1.20431
1.20433
1.20446
1.2048
1.20527
1.20572
1.20586
1.20572
1.20547
1.20521
1.20504
1.20486
1.19739
1.20431
1.20431
1.20431
1.20431
1.20431
1.20431
1.20431
1.20431
1.20431
1.20438
1.20461
1.20502
1.20553
1.20581
1.20569
1.20545
1.2052
1.20493
1.20485
1.19713
1.20431
1.20431
1.20431
1.20431
1.20431
1.20431
1.20431
1.20431
1.20431
1.20433
1.20446
1.20478
1.20528
1.20571
1.20568
1.20546
1.20523
1.20488
1.20483
1.19686
1.20431
1.20431
1.20431
1.20431
1.20431
1.20431
1.20431
1.20431
1.20431
1.20431
1.20438
1.20458
1.205
1.20553
1.20565
1.20548
1.20526
1.20488
1.20481
1.19658
1.20431
1.20431
1.20431
1.20431
1.20431
1.20431
1.20431
1.20431
1.20431
1.20431
1.20433
1.20445
1.20475
1.20527
1.20556
1.20548
1.20528
1.20487
1.20479
1.19629
1.20431
1.20431
1.20431
1.20431
1.20431
1.20431
1.20431
1.20431
1.20431
1.20431
1.20431
1.20436
1.20456
1.20498
1.20538
1.20542
1.20525
1.20483
1.20478
1.196
1.20431
1.20431
1.20431
1.20431
1.20431
1.20431
1.20431
1.20431
1.20431
1.20431
1.20431
1.20432
1.20442
1.20473
1.20513
1.20528
1.20517
1.20478
1.20477
1.19571
1.20431
1.20431
1.20431
1.20431
1.20431
1.20431
1.20431
1.20431
1.20431
1.20431
1.20431
1.20431
1.20435
1.20453
1.20486
1.20508
1.20505
1.20471
1.20477
1.19544
1.20431
1.20431
1.20431
1.20431
1.20431
1.20431
1.20431
1.20431
1.20431
1.20431
1.20431
1.2043
1.20432
1.20441
1.20464
1.20485
1.20489
1.20462
1.20478
1.19518
1.2043
1.2043
1.2043
1.2043
1.20431
1.20431
1.20431
1.20431
1.20431
1.20431
1.20431
1.2043
1.2043
1.20434
1.20448
1.20465
1.20472
1.20452
1.20479
1.19496
1.2043
1.2043
1.2043
1.2043
1.2043
1.2043
1.2043
1.2043
1.2043
1.20431
1.20431
1.2043
1.2043
1.20431
1.20438
1.20449
1.20457
1.20443
1.20481
1.19479
1.2043
1.2043
1.2043
1.2043
1.2043
1.2043
1.2043
1.2043
1.2043
1.2043
1.2043
1.2043
1.2043
1.2043
1.20433
1.20439
1.20446
1.20435
1.20485
1.19472
1.2043
1.2043
1.2043
1.2043
1.2043
1.2043
1.2043
1.2043
1.2043
1.2043
1.2043
1.2043
1.2043
1.2043
1.20431
1.20433
1.20439
1.20429
1.20489
1.19444
1.2043
1.2043
1.2043
1.2043
1.2043
1.2043
1.2043
1.2043
1.2043
1.2043
1.2043
1.2043
1.2043
1.2043
1.2043
1.2043
1.20433
1.20421
1.2049
1.19961
1.2043
1.20427
1.20422
1.20417
1.20416
1.20419
1.20423
1.20427
1.20429
1.20431
1.20431
1.20431
1.20431
1.20431
1.20431
1.2043
1.20431
1.20424
1.20452
1.2033
1.20423
1.20387
1.20351
1.20327
1.20322
1.20335
1.20359
1.20382
1.20401
1.20414
1.20422
1.20426
1.20429
1.2043
1.20431
1.20431
1.20431
1.20429
1.20434
1.20423
1.20405
1.20332
1.20273
1.20239
1.20226
1.20236
1.20265
1.20304
1.20342
1.20371
1.20392
1.20405
1.20414
1.2042
1.20424
1.20427
1.20428
1.2043
1.20429
1.20433
1.20385
1.20284
1.20218
1.20185
1.20173
1.20177
1.20198
1.20237
1.20281
1.20321
1.2035
1.20371
1.20385
1.20396
1.20405
1.20412
1.20417
1.20422
1.20424
1.20429
1.20362
1.20245
1.20184
1.2016
1.20151
1.20151
1.20163
1.20194
1.20238
1.20283
1.20317
1.20341
1.20358
1.20371
1.20383
1.20393
1.20401
1.20409
1.20415
1.20421
1.20338
1.20215
1.20168
1.20156
1.20151
1.20146
1.20149
1.20171
1.20213
1.20262
1.20301
1.20331
1.20356
1.20374
1.20386
1.20394
1.20401
1.20406
1.20411
1.20416
1.20317
1.20195
1.20163
1.20162
1.20159
1.20149
1.20145
1.20161
1.20203
1.20256
1.20307
1.20353
1.20383
1.20396
1.20403
1.20408
1.20411
1.20413
1.20415
1.20417
1.20295
1.2018
1.20164
1.20169
1.20164
1.20153
1.20145
1.2016
1.20205
1.20269
1.20336
1.20384
1.20399
1.20405
1.20409
1.20413
1.20415
1.20417
1.20418
1.2042
1.20277
1.20171
1.20165
1.20171
1.20166
1.20153
1.20146
1.20165
1.20221
1.203
1.20369
1.20396
1.20402
1.20408
1.20413
1.20416
1.20418
1.20419
1.2042
1.20421
1.20258
1.20164
1.20165
1.20169
1.20163
1.20151
1.20149
1.2018
1.20251
1.20338
1.20388
1.20396
1.20399
1.20403
1.20406
1.2041
1.20412
1.20413
1.20416
1.20419
1.20239
1.20158
1.20162
1.20164
1.20158
1.20149
1.20158
1.20206
1.20291
1.20365
1.20388
1.20383
1.20377
1.20373
1.20377
1.20385
1.20388
1.20387
1.20389
1.20394
1.2022
1.20154
1.20157
1.20157
1.20152
1.20151
1.20175
1.20241
1.20326
1.20375
1.20373
1.20355
1.20333
1.20317
1.20321
1.20342
1.20355
1.20353
1.20345
1.20339
1.2021
1.20149
1.20151
1.20151
1.20149
1.2016
1.20201
1.20277
1.20348
1.20368
1.20349
1.20316
1.20279
1.2025
1.20247
1.20272
1.20308
1.20323
1.20316
1.20298
1.20209
1.20145
1.20147
1.20147
1.20152
1.20175
1.20229
1.20303
1.20353
1.20352
1.2032
1.20279
1.20237
1.20214
1.20204
1.20206
1.20239
1.20276
1.20289
1.20278
1.20204
1.20143
1.20144
1.20148
1.2016
1.20193
1.2025
1.20314
1.20345
1.20332
1.20299
1.20257
1.20219
1.20216
1.20203
1.20182
1.2019
1.20222
1.20245
1.20245
1.20201
1.20142
1.20144
1.20152
1.2017
1.20205
1.20258
1.20308
1.20327
1.20313
1.20283
1.20242
1.20214
1.2023
1.20208
1.20166
1.2016
1.20182
1.20203
1.20207
1.20199
1.20144
1.20146
1.20158
1.20178
1.20209
1.20249
1.20284
1.20295
1.20283
1.20258
1.20224
1.20215
1.20246
1.20209
1.20149
1.20139
1.20155
1.20171
1.20181
1.20214
1.20157
1.20144
1.20155
1.20172
1.20194
1.20219
1.20238
1.20243
1.20235
1.20223
1.20216
1.20231
1.20266
1.2023
1.20171
1.20145
1.20154
1.20173
1.2021
1.20252
1.20223
1.20202
1.20196
1.20199
1.20206
1.20215
1.20222
1.20232
1.20242
1.20249
1.20264
1.20282
1.203
1.2029
1.20274
1.20253
1.20255
1.20265
1.2029
1.19986
1.20752
1.2059
1.20565
1.20559
1.20555
1.2055
1.20543
1.20536
1.20527
1.20519
1.2051
1.20501
1.20492
1.20482
1.20473
1.20464
1.20453
1.20438
1.20428
1.20012
1.20711
1.20579
1.20562
1.20556
1.20552
1.20547
1.20541
1.20533
1.20525
1.20516
1.20506
1.20496
1.20486
1.20475
1.20465
1.20455
1.20442
1.20427
1.20425
1.20011
1.2065
1.20559
1.20556
1.20549
1.20547
1.20542
1.20536
1.20529
1.2052
1.2051
1.20499
1.20487
1.20475
1.20462
1.20451
1.20439
1.20424
1.20411
1.2042
1.19996
1.20604
1.20539
1.20547
1.20539
1.20538
1.20535
1.2053
1.20522
1.20513
1.20502
1.20489
1.20475
1.2046
1.20445
1.20432
1.20419
1.20403
1.20396
1.20418
1.19977
1.20573
1.20521
1.20534
1.20526
1.20528
1.20526
1.20521
1.20514
1.20504
1.20491
1.20477
1.2046
1.20443
1.20427
1.20413
1.20398
1.20383
1.20385
1.20418
1.19958
1.2055
1.20503
1.20518
1.20513
1.20517
1.20515
1.20511
1.20504
1.20493
1.20479
1.20462
1.20444
1.20425
1.20408
1.20394
1.20379
1.20367
1.20379
1.20419
1.19939
1.20533
1.20486
1.20501
1.20499
1.20505
1.20504
1.205
1.20493
1.20481
1.20465
1.20447
1.20427
1.20409
1.20392
1.20377
1.20362
1.20355
1.20375
1.2042
1.19922
1.20518
1.2047
1.20485
1.20486
1.20492
1.20491
1.20488
1.2048
1.20468
1.20451
1.20431
1.20412
1.20394
1.20378
1.20363
1.20348
1.20345
1.20372
1.20421
1.19905
1.20506
1.20456
1.2047
1.20473
1.20479
1.20479
1.20476
1.20467
1.20454
1.20436
1.20417
1.20399
1.20382
1.20366
1.2035
1.20335
1.20336
1.20368
1.2042
1.1989
1.20495
1.20444
1.20457
1.20461
1.20466
1.20466
1.20463
1.20454
1.2044
1.20423
1.20405
1.20388
1.20372
1.20355
1.20337
1.20323
1.20326
1.20362
1.20418
1.19874
1.20485
1.20434
1.20446
1.2045
1.20454
1.20454
1.20451
1.20441
1.20428
1.20412
1.20395
1.20379
1.20362
1.20344
1.20324
1.20311
1.20316
1.20354
1.20414
1.19859
1.20475
1.20426
1.20437
1.2044
1.20443
1.20443
1.20439
1.2043
1.20417
1.20402
1.20387
1.20371
1.20353
1.20332
1.20312
1.20298
1.20305
1.20344
1.20409
1.19842
1.20466
1.20419
1.20428
1.20431
1.20434
1.20433
1.20429
1.2042
1.20408
1.20395
1.2038
1.20363
1.20343
1.20321
1.20299
1.20286
1.20294
1.20332
1.20401
1.19826
1.20456
1.20414
1.20422
1.20423
1.20425
1.20424
1.2042
1.20412
1.20401
1.20388
1.20373
1.20355
1.20333
1.2031
1.20288
1.20275
1.20283
1.2032
1.20393
1.19807
1.20446
1.20409
1.20415
1.20417
1.20418
1.20417
1.20413
1.20405
1.20395
1.20382
1.20366
1.20346
1.20323
1.20299
1.20276
1.20265
1.20272
1.20309
1.20386
1.19788
1.20435
1.20404
1.2041
1.20411
1.20412
1.20411
1.20407
1.204
1.2039
1.20376
1.20358
1.20337
1.20313
1.20288
1.20266
1.20254
1.20262
1.203
1.2038
1.19768
1.20424
1.20398
1.20403
1.20404
1.20406
1.20405
1.20401
1.20395
1.20384
1.2037
1.2035
1.20328
1.20303
1.20278
1.20256
1.20244
1.20251
1.20291
1.20376
1.19746
1.20414
1.20391
1.20396
1.20398
1.204
1.20399
1.20396
1.2039
1.20379
1.20363
1.20342
1.20319
1.20294
1.20269
1.20247
1.20233
1.2024
1.20282
1.20371
1.19726
1.20407
1.20381
1.20386
1.20389
1.20393
1.20393
1.20391
1.20384
1.20372
1.20355
1.20333
1.2031
1.20286
1.20261
1.20237
1.20222
1.20231
1.20275
1.20367
1.19687
1.20401
1.2037
1.20375
1.20379
1.20384
1.20386
1.20383
1.20377
1.20364
1.20346
1.20325
1.20302
1.20278
1.20253
1.20227
1.20212
1.20223
1.2027
1.20363
1.1993
1.20354
1.20336
1.20339
1.20345
1.20354
1.20361
1.2036
1.20354
1.20341
1.20324
1.20304
1.20284
1.20262
1.20233
1.20204
1.20192
1.20209
1.20261
1.20358
1.19485
1.20187
1.2027
1.20271
1.20281
1.20291
1.20299
1.20306
1.20305
1.20299
1.20288
1.20277
1.20262
1.20237
1.20203
1.20174
1.20168
1.20187
1.20245
1.20358
1.19469
1.19704
1.20107
1.20199
1.20214
1.2024
1.20249
1.20255
1.20261
1.20263
1.20261
1.20257
1.20244
1.20216
1.2018
1.20153
1.2014
1.20146
1.20211
1.20358
1.20096
1.19797
1.19851
1.20033
1.20104
1.20167
1.20225
1.20228
1.20235
1.20242
1.20245
1.20244
1.2023
1.20199
1.20163
1.20132
1.20099
1.20084
1.20156
1.20344
1.20544
1.20236
1.1995
1.19888
1.19918
1.19951
1.20131
1.20216
1.20225
1.20234
1.20238
1.20235
1.20217
1.20185
1.20149
1.20106
1.20052
1.20027
1.2009
1.20301
1.20596
1.20528
1.20258
1.19991
1.19844
1.19768
1.19829
1.20121
1.20216
1.2023
1.20234
1.20227
1.20205
1.20171
1.20127
1.20069
1.20013
1.19992
1.20034
1.20239
1.20505
1.20564
1.20477
1.20233
1.19968
1.19752
1.19649
1.19829
1.20149
1.2022
1.20225
1.20215
1.20188
1.20145
1.20088
1.20028
1.19997
1.19984
1.20005
1.20186
1.20439
1.20501
1.20529
1.20419
1.20175
1.19881
1.19636
1.19637
1.19947
1.20186
1.20213
1.20196
1.20161
1.20109
1.20049
1.20014
1.20009
1.19995
1.19998
1.20145
1.20417
1.2045
1.20502
1.20488
1.20333
1.20054
1.19744
1.19596
1.19771
1.20075
1.20194
1.20178
1.20135
1.20081
1.20039
1.20037
1.20036
1.20011
1.20002
1.20113
1.20417
1.20427
1.20468
1.20493
1.20424
1.20223
1.19934
1.19708
1.19723
1.1995
1.20136
1.20167
1.20124
1.20074
1.20053
1.20064
1.20058
1.20024
1.20008
1.20098
1.20419
1.20419
1.20443
1.20478
1.20476
1.20387
1.20193
1.19965
1.19846
1.19912
1.20059
1.20137
1.20126
1.20089
1.20076
1.20082
1.20068
1.20031
1.20016
1.20088
1.2042
1.20417
1.20426
1.20454
1.20487
1.20491
1.20427
1.20275
1.20102
1.20013
1.20037
1.20095
1.20115
1.20103
1.20095
1.20092
1.20069
1.20033
1.20028
1.20083
1.20411
1.20415
1.20415
1.20429
1.2046
1.20496
1.20516
1.20475
1.20352
1.20202
1.2011
1.2009
1.20097
1.20098
1.20096
1.20087
1.20061
1.20035
1.20049
1.201
1.20382
1.20414
1.20414
1.20414
1.20428
1.20455
1.2049
1.20511
1.20476
1.20366
1.20237
1.20149
1.20109
1.20095
1.20087
1.20074
1.20053
1.20049
1.2009
1.20139
1.20345
1.20409
1.20421
1.20414
1.20416
1.2043
1.20455
1.20483
1.20491
1.20444
1.20344
1.20238
1.20162
1.2012
1.20097
1.20078
1.20069
1.20099
1.20174
1.20215
1.20341
1.20407
1.20424
1.20419
1.20419
1.2043
1.20449
1.20468
1.20476
1.20456
1.20395
1.20307
1.20225
1.20167
1.20129
1.20113
1.2014
1.20218
1.20316
1.2033
1.20365
1.20405
1.20423
1.20423
1.20427
1.20439
1.20455
1.20468
1.20468
1.2045
1.20406
1.2034
1.20271
1.20217
1.20195
1.20222
1.20299
1.20384
1.20439
1.20388
1.20357
1.20383
1.20411
1.20425
1.20433
1.20443
1.20454
1.20463
1.20466
1.20455
1.20423
1.20374
1.20328
1.20308
1.20328
1.2038
1.20429
1.20444
1.20422
1.2031
1.20305
1.20322
1.20345
1.20366
1.2038
1.20388
1.20397
1.2041
1.20426
1.20438
1.2044
1.20424
1.20408
1.20411
1.20419
1.20415
1.2039
1.20358
1.2032
1.20225
1.20284
1.20285
1.2029
1.20295
1.20298
1.20303
1.20309
1.20318
1.20328
1.20345
1.20369
1.20379
1.20363
1.20336
1.20305
1.20275
1.20253
1.20237
1.20224
1.20228
)
;

boundaryField
{
    left_open
    {
        type            calculated;
        value           nonuniform List<scalar> 
40
(
1.20432
1.20432
1.20431
1.20431
1.20431
1.20431
1.20431
1.20431
1.20431
1.20431
1.20431
1.20431
1.20431
1.20431
1.20431
1.20431
1.2043
1.2043
1.2043
1.2043
1.2043
1.2043
1.2043
1.20429
1.20429
1.20429
1.20428
1.20428
1.20296
1.20428
1.20427
1.20427
1.20222
1.20211
1.20426
1.20205
1.20426
1.202
1.20425
1.20253
)
;
    }
    right_open
    {
        type            calculated;
        value           nonuniform List<scalar> 
40
(
1.20432
1.20432
1.20431
1.20431
1.20431
1.20431
1.20431
1.20431
1.20431
1.20431
1.20431
1.20431
1.20431
1.20431
1.20431
1.20431
1.2043
1.2043
1.2043
1.2043
1.2043
1.2043
1.2043
1.20429
1.20429
1.20429
1.20428
1.20428
1.20428
1.201
1.20427
1.20085
1.20102
1.20143
1.20222
1.20334
1.20383
1.20305
1.20425
1.20425
)
;
    }
    base_side
    {
        type            calculated;
        value           nonuniform List<scalar> 
40
(
1.20432
1.20432
1.20432
1.20432
1.20432
1.20431
1.20432
1.20441
1.20466
1.20502
1.20538
1.20567
1.20589
1.20602
1.20608
1.20604
1.20599
1.20588
1.20529
1.19864
1.19986
1.20752
1.2059
1.20565
1.20559
1.20555
1.2055
1.20543
1.20536
1.20527
1.20519
1.2051
1.20501
1.20492
1.20482
1.20473
1.20464
1.20453
1.20438
1.20428
)
;
    }
    top
    {
        type            calculated;
        value           nonuniform List<scalar> 
65
(
1.20253
1.20425
1.20203
1.20425
1.202
1.20206
1.20215
1.20425
1.20232
1.20242
1.20249
1.20425
1.20282
1.20425
1.20289
1.20425
1.20254
1.20425
1.20266
1.20425
1.20425
1.20306
1.20308
1.20425
1.20425
1.20425
1.20307
1.20425
1.20303
1.20302
1.20301
1.203
1.203
1.203
1.20299
1.20298
1.20297
1.20295
1.20293
1.20291
1.20289
1.20425
1.20425
1.20425
1.20287
1.20425
1.20285
1.20425
1.20425
1.20297
1.20425
1.20307
1.20425
1.20326
1.20342
1.20365
1.20376
1.2036
1.20332
1.20301
1.20273
1.20251
1.20425
1.20222
1.20226
)
;
    }
    front
    {
        type            empty;
    }
    back
    {
        type            empty;
    }
    air_to_aluminum
    {
        type            calculated;
        value           nonuniform List<scalar> 
129
(
1.15153
1.15155
1.15161
1.15169
1.15125
1.15106
1.15089
1.15075
1.15075
1.15089
1.15106
1.15125
1.15153
1.15155
1.15161
1.15169
1.15179
1.15169
1.1519
1.15185
1.15201
1.15198
1.15212
1.1521
1.15222
1.15221
1.15231
1.15231
1.1524
1.15239
1.15248
1.15247
1.15255
1.15254
1.15261
1.15261
1.15267
1.15266
1.15271
1.15271
1.15275
1.15274
1.15277
1.15277
1.15279
1.15279
1.1528
1.1528
1.1528
1.1528
1.1528
1.1528
1.1508
1.15091
1.15102
1.15113
1.15123
1.15132
1.1514
1.15147
1.15154
1.1516
1.15165
1.15169
1.15172
1.15175
1.15176
1.15177
1.15177
1.15177
1.15177
1.15177
1.15177
1.15177
1.1508
1.15091
1.15102
1.15113
1.15123
1.15132
1.1514
1.15147
1.15154
1.1516
1.15165
1.15169
1.15172
1.15175
1.15176
1.15177
1.15177
1.15177
1.15177
1.15169
1.15185
1.15198
1.1521
1.15221
1.15231
1.1524
1.15247
1.15255
1.15261
1.15266
1.15271
1.15274
1.15277
1.15279
1.1528
1.15179
1.1519
1.15201
1.15212
1.15222
1.15232
1.1524
1.15248
1.15255
1.15261
1.15267
1.15271
1.15275
1.15277
1.15279
1.1528
1.1528
1.1528
1.1528
1.1528
)
;
    }
}


// ************************************************************************* //
