/*--------------------------------*- C++ -*----------------------------------*\
| =========                 |                                                 |
| \\      /  F ield         | OpenFOAM: The Open Source CFD Toolbox           |
|  \\    /   O peration     | Version:                                        |
|   \\  /    A nd           | Website:  www.openfoam.com                      |
|    \\/     M anipulation  |                                                 |
\*---------------------------------------------------------------------------*/
FoamFile
{
    version     2.0;
    format      ascii;
    class       volVectorField;
    location    "300/air";
    object      U;
}
// * * * * * * * * * * * * * * * * * * * * * * * * * * * * * * * * * * * * * //

dimensions      [0 1 -1 0 0 0 0];


internalField   nonuniform List<vector> 
726
(
(-0.00741177 -0.000651617 0)
(-0.00301297 0.00246799 0)
(-0.00421464 0.00111425 0)
(-0.00208749 0.00115967 0)
(0.000743387 0.00217784 0)
(0.0016175 0.00568998 0)
(0.00862651 0.00842115 0)
(0.00448019 0.0195377 0)
(0.0235156 0.0106062 0)
(0.0202691 0.0437143 0)
(-0.0208456 0.0431737 0)
(-0.0230534 0.0084573 0)
(-0.00123175 0.0198532 0)
(-0.00604497 0.00917392 0)
(0.000802266 0.00669723 0)
(0.000648819 0.00375849 0)
(0.00232782 0.00289912 0)
(0.00397631 0.00206715 0)
(0.00268239 0.00336892 0)
(0.00790373 -0.000965982 0)
(-0.00706475 -0.000898659 0)
(-0.00268248 0.00233765 0)
(-0.00416202 0.00105366 0)
(-0.00204907 0.000910278 0)
(0.00084655 0.00196648 0)
(0.00173523 0.00530168 0)
(0.00901894 0.00821621 0)
(0.00443376 0.0189274 0)
(0.0253024 0.00943675 0)
(0.0220813 0.046733 0)
(-0.00656224 -0.00112879 0)
(-0.00225012 0.00222659 0)
(-0.00402983 0.00102762 0)
(-0.00196509 0.000675683 0)
(0.000979834 0.0017801 0)
(0.00190011 0.00491792 0)
(0.0093723 0.00805324 0)
(0.00445546 0.0182049 0)
(0.0263701 0.00831067 0)
(0.0237817 0.0499081 0)
(-0.00593383 -0.00135587 0)
(-0.00172439 0.00213071 0)
(-0.00382219 0.00101069 0)
(-0.00184448 0.000431003 0)
(0.00113817 0.00157314 0)
(0.00212034 0.00451321 0)
(0.00969736 0.00788112 0)
(0.00461525 0.0174758 0)
(0.0265802 0.0071279 0)
(0.0252162 0.0531283 0)
(-0.00519112 -0.00157681 0)
(-0.00109448 0.00205716 0)
(-0.00351955 0.00101598 0)
(-0.0016753 0.000191382 0)
(0.00132702 0.00136254 0)
(0.00240656 0.00410309 0)
(0.0100038 0.00771121 0)
(0.0049676 0.0167683 0)
(0.0259722 0.00592308 0)
(0.0262951 0.0563594 0)
(-0.00436644 -0.0017929 0)
(-0.00036331 0.00200252 0)
(-0.00311 0.00104604 0)
(-0.00145295 -3.8984e-05 0)
(0.00154552 0.00115114 0)
(0.00276375 0.00368923 0)
(0.0103005 0.00754301 0)
(0.00555522 0.0161045 0)
(0.0247719 0.00476674 0)
(0.0269721 0.0595775 0)
(-0.00351795 -0.00199515 0)
(0.000444881 0.00195918 0)
(-0.00259234 0.00109312 0)
(-0.00118378 -0.00026729 0)
(0.00178284 0.000923769 0)
(0.00318882 0.00325732 0)
(0.0105956 0.00735417 0)
(0.00641322 0.0154859 0)
(0.0234226 0.00370381 0)
(0.0272411 0.0627025 0)
(-0.00273433 -0.00216666 0)
(0.00134809 0.0019495 0)
(-0.00191476 0.00118632 0)
(-0.000829785 -0.000467582 0)
(0.00206112 0.000694536 0)
(0.00369524 0.00285308 0)
(0.0109044 0.00715084 0)
(0.00758422 0.0149211 0)
(0.02261 0.00272099 0)
(0.0274186 0.0660335 0)
(-3.32364e-05 3.513e-05 0)
(3.89105e-07 -3.27457e-05 0)
(0.000135813 -1.7612e-05 0)
(6.08053e-05 5.26015e-05 0)
(-4.88753e-05 7.47151e-05 0)
(7.8739e-05 -0.000216572 0)
(0.000373344 -9.47482e-05 0)
(0.000134689 0.000222512 0)
(-3.89149e-05 9.38578e-05 0)
(0.000313448 -0.000521636 0)
(0.000801541 -0.000146689 0)
(0.000258458 0.000586962 0)
(-1.04555e-06 9.87535e-05 0)
(0.00089391 -0.00104187 0)
(0.0017038 -9.87147e-05 0)
(0.000530413 0.00136434 0)
(2.88864e-05 -0.000170351 0)
(0.0021952 -0.00220262 0)
(0.00346537 0.000138425 0)
(0.00112077 0.00299797 0)
(0.000808584 -0.00330718 0)
(0.00518176 -0.0059824 0)
(0.00673996 0.000186639 0)
(0.00243423 0.00605024 0)
(0.00612678 -0.0105687 0)
(0.0124111 -0.0116043 0)
(0.0126129 -7.07118e-05 0)
(0.00537835 0.0104368 0)
(-5.92533e-05 5.47628e-05 0)
(-0.000124708 -1.84605e-05 0)
(1.74237e-05 -3.24602e-05 0)
(3.8168e-05 3.81686e-05 0)
(-0.000125228 0.0002146 0)
(-0.00032685 -0.000118762 0)
(-1.42251e-05 -0.000210342 0)
(6.69171e-05 9.93512e-05 0)
(-0.000242904 0.000550034 0)
(-0.000704289 -0.000212823 0)
(-0.000180424 -0.00050036 0)
(7.44461e-05 0.000171104 0)
(-0.00049842 0.00126101 0)
(-0.00152498 -0.000256416 0)
(-0.00064448 -0.000983424 0)
(7.17768e-05 0.000269262 0)
(-0.00106111 0.00279238 0)
(-0.00315775 -0.000178622 0)
(-0.00176591 -0.00205944 0)
(9.28282e-05 0.00018639 0)
(-0.00240152 0.00581679 0)
(-0.00633774 -0.000353213 0)
(-0.00454821 -0.00566924 0)
(-0.000533678 -0.00251914 0)
(-0.00579809 0.0101628 0)
(-0.012459 -0.00112014 0)
(-0.0117426 -0.011228 0)
(-0.00548902 -0.00952722 0)
(-0.0227152 0.0461842 0)
(-0.024891 0.0070737 0)
(-0.00102661 0.0191156 0)
(-0.00629481 0.0090113 0)
(0.000787563 0.00637337 0)
(0.000608605 0.00366254 0)
(0.00229301 0.00274295 0)
(0.00398696 0.0020258 0)
(0.00246167 0.00321855 0)
(0.00782736 -0.00128596 0)
(-0.0244617 0.0493811 0)
(-0.0259108 0.00572528 0)
(-0.000887715 0.018281 0)
(-0.00649861 0.00888309 0)
(0.000736762 0.00604755 0)
(0.000535919 0.00357635 0)
(0.00222496 0.00258516 0)
(0.00394232 0.00200657 0)
(0.00216405 0.00306515 0)
(0.00765249 -0.00160091 0)
(-0.0259303 0.052616 0)
(-0.0260179 0.00431631 0)
(-0.00089757 0.0174364 0)
(-0.00666808 0.00876225 0)
(0.000639478 0.00571993 0)
(0.000424015 0.00349267 0)
(0.0021165 0.00242913 0)
(0.00383465 0.00199926 0)
(0.0017859 0.00292319 0)
(0.00738721 -0.00192417 0)
(-0.0270371 0.0558536 0)
(-0.0253355 0.00288132 0)
(-0.00112309 0.0166057 0)
(-0.00681629 0.00864156 0)
(0.000480761 0.00538773 0)
(0.000268391 0.00340603 0)
(0.0019653 0.00227144 0)
(0.00365879 0.00200294 0)
(0.00132673 0.00279091 0)
(0.00704618 -0.0022559 0)
(-0.027744 0.0590773 0)
(-0.0241872 0.00150257 0)
(-0.00162179 0.0158083 0)
(-0.00695627 0.00851886 0)
(0.000247879 0.00505385 0)
(6.63077e-05 0.00331895 0)
(0.0017671 0.00211431 0)
(0.00340475 0.0020209 0)
(0.000783395 0.00266527 0)
(0.0066397 -0.00259826 0)
(-0.0280577 0.0622136 0)
(-0.0230811 0.000249842 0)
(-0.00244534 0.015048 0)
(-0.00709816 0.0083844 0)
(-7.19395e-05 0.00471676 0)
(-0.000182483 0.00322616 0)
(0.00151644 0.00195754 0)
(0.00305664 0.00205286 0)
(0.000147425 0.00254261 0)
(0.00616862 -0.00294605 0)
(-0.0282606 0.0656281 0)
(-0.0226675 -0.00106697 0)
(-0.00367449 0.0143052 0)
(-0.00726315 0.00821961 0)
(-0.000498132 0.00440578 0)
(-0.000476217 0.00314215 0)
(0.00121361 0.00182165 0)
(0.00260401 0.00211758 0)
(-0.000582266 0.00244926 0)
(0.00563143 -0.00328443 0)
(-0.000126458 -0.00374701 0)
(0.00653956 0.00228785 0)
(0.00264206 0.00205352 0)
(0.00146646 -0.00141082 0)
(0.00369165 -0.000889052 0)
(0.0068504 0.000835228 0)
(0.0127178 0.00557043 0)
(0.0162363 0.0119578 0)
(0.0264485 -0.00480594 0)
(0.0488097 0.061251 0)
(1.67154e-05 -0.00990008 0)
(0.0111822 0.0010951 0)
(0.0101057 0.00479441 0)
(0.00669684 -0.000366643 0)
(0.00667127 -0.00434257 0)
(0.0100552 -0.00374823 0)
(0.0123735 -0.000633288 0)
(0.0224895 0.00268466 0)
(0.016153 -0.00795499 0)
(0.0148983 0.03915 0)
(-0.00117638 -0.0194366 0)
(0.0124051 -0.00356614 0)
(0.0137922 0.00595365 0)
(0.00997509 0.00206002 0)
(0.00765613 -0.00445086 0)
(0.0083161 -0.00554498 0)
(0.00807416 -0.00374868 0)
(0.0131724 -0.00193854 0)
(0.00403993 -0.000135622 0)
(0.00629874 0.0336275 0)
(0.00281943 -0.028387 0)
(0.013483 -0.00813269 0)
(0.0150186 0.00677195 0)
(0.0114717 0.00486456 0)
(0.0082892 -0.00255108 0)
(0.00652203 -0.00455291 0)
(0.00420574 -0.00206971 0)
(0.00245664 0.00179928 0)
(-0.000483439 0.00399912 0)
(0.00608425 0.0270129 0)
(0.000147585 -0.036973 0)
(0.0114768 -0.0131794 0)
(0.0148049 0.00633853 0)
(0.0139491 0.00667643 0)
(0.0129006 4.26189e-05 0)
(0.01129 -0.00253485 0)
(0.00835838 0.000294047 0)
(0.00498147 0.00375403 0)
(0.00608129 0.00264688 0)
(0.00257091 0.0291403 0)
(0.00592554 -0.0417602 0)
(0.00877302 -0.0160977 0)
(0.0134418 0.00439754 0)
(0.0175563 0.00637837 0)
(0.020927 0.00199135 0)
(0.0230866 0.000150718 0)
(0.0240589 0.00215614 0)
(0.0250571 0.00505437 0)
(0.0299272 0.00451014 0)
(0.0203916 0.0305659 0)
(-0.0157497 -0.0484498 0)
(-0.00845147 -0.0217824 0)
(0.00845682 -0.00629907 0)
(0.0189457 -0.00291186 0)
(0.0262336 -0.00480882 0)
(0.0307349 -0.00596801 0)
(0.0348456 -0.00385491 0)
(0.0402507 0.000814889 0)
(0.0470827 0.000359839 0)
(0.0404727 0.0392845 0)
(-0.0175251 -0.0505858 0)
(-0.0296413 -0.0305314 0)
(-0.0169778 -0.020728 0)
(-0.0111406 -0.0126287 0)
(-0.00396218 -0.00661764 0)
(-0.0002543 -0.00524926 0)
(0.00815703 -0.00872332 0)
(0.0254077 -0.00733384 0)
(0.0254216 -0.0198887 0)
(0.013043 0.0671325 0)
(-0.017323 -0.0321204 0)
(-0.0549516 -0.0254432 0)
(-0.0588544 -0.0216396 0)
(-0.0648587 -0.0197932 0)
(-0.0660127 -0.0196826 0)
(-0.072654 -0.0168667 0)
(-0.0788025 -0.0283527 0)
(-0.0826741 -0.0107025 0)
(-0.0634356 0.0338646 0)
(-0.0447639 0.144852 0)
(-0.0215627 0.00137306 0)
(-0.0506729 -0.00167196 0)
(-0.0593026 0.000364352 0)
(-0.0710851 -0.00417196 0)
(-0.0737128 -0.00257384 0)
(-0.094824 0.0239249 0)
(-0.118594 -0.0227262 0)
(-0.121366 -0.0157192 0)
(-0.115354 -0.0342795 0)
(-0.0317069 0.0142609 0)
(0.0580173 0.073601 0)
(0.0222543 0.0669907 0)
(0.0115877 0.0507047 0)
(0.00674602 0.067214 0)
(-8.32942e-06 0.108834 0)
(0.0141295 0.0923872 0)
(0.0249404 0.102458 0)
(-0.0193578 0.196258 0)
(-0.0544307 0.263695 0)
(0.00639201 0.110351 0)
(0.0533124 0.0568091 0)
(0.0447706 0.050566 0)
(0.0338058 0.0677691 0)
(0.0169193 0.0980636 0)
(0.0234019 0.0787548 0)
(0.0228204 0.111359 0)
(0.0188331 0.169539 0)
(0.00861588 0.231623 0)
(0.0116549 0.0743589 0)
(0.00994175 0.136399 0)
(0.00587511 0.22809 0)
(-0.00136639 0.30566 0)
(0.00351816 0.103462 0)
(-0.000890778 0.179897 0)
(-0.00559734 0.274078 0)
(-0.0104723 0.330445 0)
(-0.00118125 0.149597 0)
(-0.00228479 0.221271 0)
(-0.00300761 0.300166 0)
(-0.00395497 0.33853 0)
(0.0138449 0.130152 0)
(0.014645 0.19437 0)
(0.0156932 0.271509 0)
(0.0162381 0.323797 0)
(0.0185523 0.141808 0)
(0.0130255 0.208089 0)
(0.0101174 0.282727 0)
(0.00980834 0.333146 0)
(-0.0277817 0.237616 0)
(-0.0329389 0.280239 0)
(-0.0333743 0.308162 0)
(-0.0293612 0.310223 0)
(-0.0497074 0.273205 0)
(-0.0426418 0.273656 0)
(-0.0328153 0.26124 0)
(-0.020952 0.237112 0)
(0.0188936 0.111673 0)
(0.0332361 0.101054 0)
(0.0476812 0.0873745 0)
(0.0556014 0.104474 0)
(-0.00581061 0.103976 0)
(-0.00654017 0.243687 0)
(-0.00879857 0.305162 0)
(-0.0132809 0.302451 0)
(-0.00501446 0.301364 0)
(0.0152606 0.315502 0)
(0.010741 0.333946 0)
(-0.0232078 0.285313 0)
(-0.00913008 0.204442 0)
(0.0577184 0.0776878 0)
(-0.02605 0.087772 0)
(-0.0387123 0.0568222 0)
(-0.0466222 0.0449764 0)
(-0.0534627 0.0547524 0)
(-0.0179911 0.196835 0)
(-0.0222219 0.127993 0)
(-0.0216237 0.0795578 0)
(-0.0193927 0.0580721 0)
(-0.0124549 0.236367 0)
(-0.0116461 0.138969 0)
(-0.00919807 0.0629295 0)
(-0.0070226 0.0233046 0)
(-0.0132077 0.216009 0)
(-0.011757 0.114543 0)
(-0.0114212 0.0485111 0)
(-0.0124187 0.0226407 0)
(-0.00638984 0.216287 0)
(-0.00921716 0.124264 0)
(-0.0133309 0.0658563 0)
(-0.0169946 0.0375813 0)
(0.0119664 0.258911 0)
(0.00640594 0.181376 0)
(2.80175e-05 0.116108 0)
(-0.0058708 0.0704298 0)
(0.0110285 0.296232 0)
(0.010739 0.235776 0)
(0.00953389 0.176766 0)
(0.00775026 0.129506 0)
(-0.0161375 0.242176 0)
(-0.00944732 0.188647 0)
(-0.00399538 0.139082 0)
(-4.24383e-06 0.0997957 0)
(0.00237328 0.167515 0)
(0.0129083 0.13042 0)
(0.0213357 0.0992149 0)
(0.0275823 0.0748893 0)
(0.0650576 0.0178923 0)
(0.077857 -0.00263399 0)
(0.0839311 0.0229615 0)
(0.0841683 0.0182919 0)
(-0.0574097 0.0721358 0)
(-0.0169504 0.0542416 0)
(-0.00516749 0.015608 0)
(-0.0128617 0.0199093 0)
(-0.0184022 0.0259811 0)
(-0.00940336 0.0418363 0)
(0.00611178 0.0986483 0)
(0.00262894 0.0744684 0)
(0.0318693 0.0595286 0)
(0.0851971 -0.00430196 0)
(-0.0484969 0.0594157 0)
(-0.0253957 -0.0101487 0)
(-0.0133892 0.00971746 0)
(-0.00838325 0.00668 0)
(-0.00348231 0.00297549 0)
(-0.00233479 0.00260068 0)
(-0.000747512 0.0011299 0)
(-0.000492909 0.00276556 0)
(-0.00504178 0.0023107 0)
(0.00270792 -0.00536676 0)
(-0.00962679 0.0402034 0)
(-0.0104095 -0.0125542 0)
(-0.0199827 -0.00135643 0)
(-0.0080459 0.00125975 0)
(-0.00807422 0.000574855 0)
(-0.00553893 0.000182946 0)
(-0.00478017 0.00115497 0)
(-0.0072753 0.00511075 0)
(-0.010674 0.00168606 0)
(-0.00132365 -0.010864 0)
(0.00221957 0.0356808 0)
(0.0034591 -0.000108975 0)
(-0.0100771 -0.00333656 0)
(-0.00527104 -0.00056449 0)
(-0.00764699 -0.000458865 0)
(-0.00635616 -0.000775627 0)
(-0.00756856 0.00289421 0)
(-0.0117576 0.00751369 0)
(-0.0134253 -0.000236949 0)
(-0.00105183 -0.0190124 0)
(-0.0061998 0.0247325 0)
(0.00586544 0.0031344 0)
(-0.00401325 0.00127229 0)
(-0.00240273 0.00149918 0)
(-0.00554995 0.000657167 0)
(-0.00602017 0.00025204 0)
(-0.0090196 0.00572591 0)
(-0.0139937 0.0098714 0)
(-0.0153661 -0.00265755 0)
(-0.00529015 -0.0267477 0)
(-0.0130287 0.00802704 0)
(0.00271001 -0.000589589 0)
(-0.00371678 0.00366003 0)
(-0.00351416 0.00288668 0)
(-0.00684109 0.00190448 0)
(-0.00924685 0.0028762 0)
(-0.0117977 0.00904329 0)
(-0.0146566 0.0113776 0)
(-0.0138878 -0.00606347 0)
(-0.00352306 -0.0336741 0)
(-0.0110143 -0.00955249 0)
(-0.0128281 -0.00310219 0)
(-0.0143538 0.00553571 0)
(-0.0154632 0.00642996 0)
(-0.0167158 0.00587928 0)
(-0.0173265 0.00701748 0)
(-0.0165177 0.0110936 0)
(-0.0148228 0.0105395 0)
(-0.0110525 -0.00993781 0)
(-0.00276801 -0.0433722 0)
(0.00656556 0.0117003 0)
(-0.0167042 0.0088634 0)
(-0.0223209 0.00862473 0)
(-0.025253 0.00436422 0)
(-0.0260191 0.00273678 0)
(-0.0248471 0.00385043 0)
(-0.0209397 0.00663565 0)
(-0.0148095 0.00494179 0)
(-0.00580473 -0.011307 0)
(-0.0130649 -0.0418982 0)
(0.00163082 0.0136924 0)
(-0.0118729 0.0198902 0)
(-0.00356775 0.0126839 0)
(-0.00249564 0.0100484 0)
(0.000489307 0.00560109 0)
(-0.000896573 0.00364517 0)
(0.00120826 -0.0015866 0)
(0.00345306 -0.00765467 0)
(0.0177453 -0.0181628 0)
(0.0142871 -0.043455 0)
(0.0438303 0.0269764 0)
(0.0494156 0.0115073 0)
(0.063528 -0.00500772 0)
(0.0711437 -0.00065339 0)
(0.0708492 -0.00160257 0)
(0.0647322 0.00448522 0)
(0.0572633 0.000241569 0)
(0.0467552 -0.0014832 0)
(0.0389766 -0.00899794 0)
(-0.00816072 -0.0317093 0)
(0.0963794 0.00397884 0)
(0.0800711 0.0135265 0)
(0.0775119 -0.0198548 0)
(0.0763353 0.0169899 0)
(0.0682897 0.00303037 0)
(0.0602989 0.0266263 0)
(0.050816 0.0103729 0)
(0.0415085 0.0159011 0)
(0.0268139 0.0211988 0)
(-0.00409225 0.000544169 0)
(-3.03749e-05 0.00260149 0)
(-6.39388e-05 0.00363348 0)
(-3.93432e-05 0.00428477 0)
(-2.1139e-05 0.00516333 0)
(4.24456e-06 0.00677782 0)
(1.56579e-05 0.0102805 0)
(3.03563e-05 0.0149076 0)
(3.8719e-05 0.0210885 0)
(4.36892e-05 0.0235007 0)
(3.73715e-05 0.0154775 0)
(-0.000136537 0.0026253 0)
(-0.000284667 0.00363625 0)
(-0.000192788 0.00425742 0)
(-0.000115465 0.00514033 0)
(7.34493e-06 0.00674971 0)
(7.0618e-05 0.010266 0)
(0.000166971 0.014879 0)
(0.00023059 0.0210807 0)
(0.000273835 0.0234831 0)
(0.000220592 0.0155485 0)
(-0.000310699 0.00268582 0)
(-0.000585827 0.00365117 0)
(-0.000423952 0.00419167 0)
(-0.000262182 0.00507717 0)
(1.06593e-05 0.00667083 0)
(0.000158337 0.0102204 0)
(0.000399899 0.0147958 0)
(0.000551449 0.021062 0)
(0.00067478 0.023447 0)
(0.000533889 0.0157797 0)
(-0.00060595 0.00278088 0)
(-0.000959328 0.00368361 0)
(-0.00073524 0.00407604 0)
(-0.000458463 0.00495395 0)
(1.86087e-05 0.00651325 0)
(0.000282881 0.0101175 0)
(0.000748377 0.0146173 0)
(0.00100252 0.0210198 0)
(0.00126967 0.0233645 0)
(0.00100657 0.0162633 0)
(-0.00110389 0.00287473 0)
(-0.00141275 0.00372903 0)
(-0.00113642 0.00389801 0)
(-0.000703755 0.00475246 0)
(3.09954e-05 0.00625214 0)
(0.00043783 0.0099337 0)
(0.00123193 0.0143075 0)
(0.00157444 0.0209572 0)
(0.00209346 0.0231937 0)
(0.00169426 0.0171176 0)
(-0.00192271 0.00290512 0)
(-0.00195852 0.00376725 0)
(-0.00163976 0.00364023 0)
(-0.000993953 0.00445288 0)
(4.89495e-05 0.00586537 0)
(0.000610727 0.00964367 0)
(0.00187606 0.0138271 0)
(0.00224096 0.0208848 0)
(0.00320735 0.0228519 0)
(0.00269435 0.0185046 0)
(-0.00318664 0.00278884 0)
(-0.0025873 0.00374972 0)
(-0.00224828 0.00327815 0)
(-0.00131576 0.00403212 0)
(8.00508e-05 0.00533559 0)
(0.000788735 0.00921525 0)
(0.0027232 0.0131338 0)
(0.00295225 0.0208156 0)
(0.0047268 0.0221981 0)
(0.00416434 0.0206649 0)
(-0.00492339 0.00240265 0)
(-0.00322163 0.00360299 0)
(-0.00293314 0.00278723 0)
(-0.00163868 0.00346651 0)
(0.000143064 0.00465443 0)
(0.00096628 0.00861173 0)
(0.00384722 0.012189 0)
(0.00363448 0.0207592 0)
(0.00691008 0.0209654 0)
(0.00637395 0.0239934 0)
(-0.0068448 0.00159159 0)
(-0.00366945 0.00327236 0)
(-0.00361129 0.00215457 0)
(-0.00191002 0.00273755 0)
(0.000278872 0.00381677 0)
(0.00115846 0.00777787 0)
(0.00536494 0.0109499 0)
(0.00418081 0.0206772 0)
(0.010311 0.0188816 0)
(0.00959105 0.0290867 0)
(-0.00800415 0.000200798 0)
(-0.00361006 0.00285157 0)
(-0.00413513 0.00144943 0)
(-0.00206964 0.00191864 0)
(0.00053728 0.00291176 0)
(0.00141499 0.00677014 0)
(0.00738284 0.00939565 0)
(0.00452945 0.0204627 0)
(0.0175027 0.0142933 0)
(0.015579 0.037331 0)
(-3.68205e-05 0.0155747 0)
(-3.52091e-05 0.0245121 0)
(-2.9267e-05 0.0220211 0)
(-2.10003e-05 0.0153459 0)
(-3.16502e-06 0.0105733 0)
(5.35082e-06 0.00683476 0)
(3.56556e-05 0.00518049 0)
(5.0137e-05 0.00432312 0)
(6.36316e-05 0.0038595 0)
(1.26585e-05 0.00241636 0)
(-0.000219757 0.0156416 0)
(-0.000222755 0.0244835 0)
(-0.00017038 0.0220207 0)
(-0.000103384 0.0153137 0)
(1.54611e-05 0.0105592 0)
(5.44748e-05 0.00680287 0)
(0.000180794 0.00515896 0)
(0.00022686 0.00430342 0)
(0.000274198 0.00387728 0)
(5.86093e-05 0.00244726 0)
(-0.000536353 0.0158551 0)
(-0.000549704 0.0244075 0)
(-0.000399411 0.0220108 0)
(-0.00023739 0.0152159 0)
(5.36995e-05 0.0105168 0)
(0.000130565 0.00672607 0)
(0.000383296 0.00511273 0)
(0.000465437 0.00426541 0)
(0.000554309 0.0039258 0)
(0.000161019 0.00252643 0)
(-0.00101999 0.0163044 0)
(-0.00103514 0.0242472 0)
(-0.000708997 0.0219808 0)
(-0.000437996 0.0150148 0)
(0.00010507 0.0104261 0)
(0.000223169 0.00659036 0)
(0.000631619 0.00503314 0)
(0.000767777 0.00419972 0)
(0.000908532 0.00400268 0)
(0.000384782 0.00265981 0)
(-0.00173251 0.0171018 0)
(-0.0017132 0.0239412 0)
(-0.00108163 0.0219276 0)
(-0.000725989 0.0146752 0)
(0.000170317 0.010269 0)
(0.000327195 0.00638383 0)
(0.000922046 0.00490966 0)
(0.00114588 0.00409048 0)
(0.00134203 0.00409066 0)
(0.000846302 0.00281177 0)
(-0.00277636 0.0184077 0)
(-0.00264635 0.0233879 0)
(-0.00148318 0.0218567 0)
(-0.00113281 0.0141641 0)
(0.000254952 0.0100262 0)
(0.000439352 0.00609669 0)
(0.00124993 0.00473018 0)
(0.0016058 0.0039207 0)
(0.00182797 0.00416538 0)
(0.00159907 0.00294587 0)
(-0.00431141 0.0204638 0)
(-0.00395649 0.0224268 0)
(-0.00185297 0.0217749 0)
(-0.00170593 0.0134505 0)
(0.000365263 0.00967079 0)
(0.000554728 0.00572146 0)
(0.00160205 0.00448219 0)
(0.0021446 0.00367643 0)
(0.0023304 0.00420384 0)
(0.00270095 0.00287016 0)
(-0.0066021 0.023666 0)
(-0.00591979 0.0207718 0)
(-0.00210048 0.021675 0)
(-0.00251673 0.0125136 0)
(0.000501687 0.00916714 0)
(0.000660393 0.00525789 0)
(0.00194596 0.00415617 0)
(0.00274366 0.00334131 0)
(0.00281048 0.00416787 0)
(0.00430608 0.00248575 0)
(-0.00991041 0.0286503 0)
(-0.00917839 0.0181456 0)
(-0.00209372 0.0214922 0)
(-0.00365716 0.0113443 0)
(0.000645958 0.0084618 0)
(0.000720303 0.00471233 0)
(0.00221684 0.00375126 0)
(0.00333515 0.00289131 0)
(0.00314342 0.00399265 0)
(0.0062658 0.00163433 0)
(-0.0160289 0.0367326 0)
(-0.016617 0.012708 0)
(-0.00174293 0.0209546 0)
(-0.00518128 0.00992538 0)
(0.000752934 0.00754805 0)
(0.000687481 0.00412605 0)
(0.0023374 0.00332407 0)
(0.00380834 0.00232739 0)
(0.00308948 0.00370901 0)
(0.00784871 7.79351e-05 0)
)
;

boundaryField
{
    left_open
    {
        type            pressureInletOutletVelocity;
        value           nonuniform List<vector> 
28
(
(-3.03749e-05 0.00260149 0)
(-0.000136537 0.0026253 0)
(-0.000310699 0.00268582 0)
(-0.00060595 0.00278088 0)
(-0.00110389 0.00287473 0)
(-0.00192271 0.00290512 0)
(-0.00318664 0.00278884 0)
(-0.00492339 0.00240265 0)
(-0.0068448 0.00159159 0)
(-0.00800415 0.000200798 0)
(-0.00741177 -0.000651617 0)
(-0.00706475 -0.000898659 0)
(-0.00656224 -0.00112879 0)
(-0.00593383 -0.00135587 0)
(-0.00519112 -0.00157681 0)
(-0.00436644 -0.0017929 0)
(-0.00351795 -0.00199515 0)
(-0.00273433 -0.00216666 0)
(-0.000126458 -0.00374701 0)
(1.67154e-05 -0.00990008 0)
(-0.00117638 -0.0194366 0)
(0.00281943 0 0)
(0.000147585 -0.036973 0)
(0.00592554 0 0)
(-0.0157497 -0.0484498 0)
(-0.0175251 -0.0505858 0)
(-0.017323 -0.0321204 0)
(-0.0215627 0.00137306 0)
)
;
    }
    right_open
    {
        type            pressureInletOutletVelocity;
        value           nonuniform List<vector> 
28
(
(1.26585e-05 0.00241636 0)
(5.86093e-05 0.00244726 0)
(0.000161019 0.00252643 0)
(0.000384782 0.00265981 0)
(0.000846302 0.00281177 0)
(0.00159907 0.00294587 0)
(0.00270095 0.00287016 0)
(0.00430608 0.00248575 0)
(0.0062658 0.00163433 0)
(0.00784871 7.79351e-05 0)
(0.00790373 -0.000965982 0)
(0.00782736 -0.00128596 0)
(0.00765249 -0.00160091 0)
(0.00738721 -0.00192417 0)
(0.00704618 -0.0022559 0)
(0.0066397 -0.00259826 0)
(0.00616862 -0.00294605 0)
(0.00563143 -0.00328443 0)
(0.00270792 -0.00536676 0)
(-0.00132365 0 0)
(-0.00105183 -0.0190124 0)
(-0.00529015 0 0)
(-0.00352306 0 0)
(-0.00276801 -0.0433722 0)
(-0.0130649 0 0)
(0.0142871 -0.043455 0)
(-0.00816072 0 0)
(-0.00409225 0.000544169 0)
)
;
    }
    lower_side
    {
        type            noSlip;
    }
    bottom
    {
        type            pressureInletOutletVelocity;
        value           nonuniform List<vector> 
20
(
(0 0.00260149 0)
(0 0.00363348 0)
(0 0.00428477 0)
(0 0.00516333 0)
(0 0.00677782 0)
(0 0.0102805 0)
(0 0.0149076 0)
(0 0.0210885 0)
(0 0.0235007 0)
(0 0.0154775 0)
(0 0.0155747 0)
(0 0.0245121 0)
(0 0.0220211 0)
(0 0.0153459 0)
(0 0.0105733 0)
(0 0.00683476 0)
(0 0.00518049 0)
(0 0.00432312 0)
(0 0.0038595 0)
(0 0.00241636 0)
)
;
    }
    top
    {
        type            pressureInletOutletVelocity;
        value           nonuniform List<vector> 
31
(
(-0.0215627 0.00137306 0)
(0 -0.00167196 0)
(-0.0593026 0.000364352 0)
(0 -0.00417196 0)
(0 -0.00257384 0)
(-0.094824 0.0239249 0)
(0 -0.0227262 0)
(-0.121366 -0.0157192 0)
(0 -0.0342795 0)
(0 0.0142609 0)
(0.00639201 0.110351 0)
(0.0188936 0.111673 0)
(0.0332361 0.101054 0)
(0.0476812 0.0873745 0)
(0.0556014 0.104474 0)
(0.0577184 0.0776878 0)
(0 0.0178923 0)
(0 -0.00263399 0)
(0.0839311 0.0229615 0)
(0.0841683 0.0182919 0)
(0.0851971 -0.00430196 0)
(0.0963794 0.00397884 0)
(0.0800711 0.0135265 0)
(0 -0.0198548 0)
(0.0763353 0.0169899 0)
(0 0.00303037 0)
(0.0602989 0.0266263 0)
(0 0.0103729 0)
(0.0415085 0.0159011 0)
(0.0268139 0.0211988 0)
(0 0.000544169 0)
)
;
    }
    front
    {
        type            empty;
    }
    back
    {
        type            empty;
    }
    air_to_aluminum
    {
        type            noSlip;
    }
}


// ************************************************************************* //
