/*--------------------------------*- C++ -*----------------------------------*\
| =========                 |                                                 |
| \\      /  F ield         | OpenFOAM: The Open Source CFD Toolbox           |
|  \\    /   O peration     | Version:                                        |
|   \\  /    A nd           | Website:  www.openfoam.com                      |
|    \\/     M anipulation  |                                                 |
\*---------------------------------------------------------------------------*/
FoamFile
{
    version     2.0;
    format      ascii;
    class       volScalarField;
    location    "1820.0/air";
    object      T;
}
// * * * * * * * * * * * * * * * * * * * * * * * * * * * * * * * * * * * * * //

dimensions      [0 0 0 1 0 0 0];


internalField   nonuniform List<scalar> 
2228
(
306.603
306.668
306.722
306.769
306.539
306.602
306.666
306.727
306.495
306.556
306.624
306.693
306.461
306.52
306.591
306.663
306.432
306.49
306.562
306.636
306.405
306.462
306.534
306.61
306.378
306.432
306.506
306.586
306.352
306.398
306.473
306.561
306.322
306.351
306.431
306.535
306.284
306.281
306.369
306.502
306.23
306.165
306.271
306.459
306.149
305.973
306.109
306.398
306.027
305.665
305.849
306.309
305.852
305.2
305.434
306.184
305.61
304.522
304.751
305.987
305.11
303.523
303.625
305.482
306.768
306.722
306.668
306.602
306.726
306.665
306.6
306.538
306.692
306.622
306.554
306.494
306.662
306.589
306.518
306.46
306.635
306.559
306.487
306.43
306.609
306.531
306.458
306.403
306.585
306.503
306.43
306.377
306.561
306.472
306.398
306.352
306.536
306.435
306.358
306.325
306.506
306.381
306.298
306.291
306.466
306.292
306.194
306.242
306.403
306.127
306
306.165
306.302
305.84
305.668
306.044
306.158
305.427
305.195
305.847
306.018
305.014
304.653
305.488
305.873
304.8
304.231
304.852
295.929
296.808
297.707
298.544
293.172
293.094
293.126
293.248
293.109
293.045
292.965
292.886
293.133
293.126
293.112
293.087
293.147
293.146
293.146
293.145
293.166
293.164
293.162
293.161
293.18
293.178
293.175
293.173
293.178
293.177
293.176
293.174
293.169
293.168
293.168
293.167
293.164
293.164
293.164
293.163
293.167
293.166
293.164
293.163
293.23
293.224
293.219
293.213
293.385
293.381
293.376
293.371
293.509
293.516
293.523
293.528
293.551
293.562
293.573
293.584
293.614
293.623
293.633
293.641
293.687
293.689
293.689
293.683
293.704
293.68
293.647
293.609
293.547
293.508
293.474
293.446
293.428
293.426
293.424
293.424
299.234
299.533
299.654
300.123
293.482
293.747
293.982
294.202
292.823
292.785
292.774
292.782
293.052
293.009
292.96
292.911
293.142
293.135
293.123
293.105
293.16
293.16
293.16
293.159
293.171
293.17
293.169
293.168
293.173
293.172
293.17
293.169
293.166
293.166
293.165
293.164
293.163
293.162
293.161
293.161
293.162
293.162
293.161
293.161
293.207
293.202
293.197
293.192
293.364
293.356
293.347
293.338
293.532
293.534
293.534
293.532
293.594
293.603
293.611
293.616
293.648
293.652
293.651
293.647
293.67
293.651
293.627
293.602
293.569
293.529
293.494
293.465
293.426
293.414
293.409
293.41
293.427
293.431
293.435
293.436
300.436
300.647
300.866
294.371
294.495
294.623
292.799
292.817
292.842
292.872
292.845
292.818
293.087
293.072
293.054
293.158
293.156
293.153
293.168
293.169
293.169
293.168
293.168
293.168
293.164
293.164
293.163
293.16
293.16
293.159
293.16
293.16
293.16
293.188
293.185
293.183
293.329
293.323
293.317
293.53
293.527
293.523
293.619
293.621
293.622
293.642
293.637
293.632
293.581
293.567
293.554
293.448
293.437
293.428
293.414
293.417
293.42
293.438
293.442
293.446
301.031
301.12
301.214
294.716
294.766
294.818
292.861
292.873
292.885
292.801
292.792
292.784
293.041
293.034
293.027
293.15
293.148
293.147
293.169
293.169
293.169
293.168
293.168
293.168
293.163
293.163
293.163
293.159
293.159
293.159
293.16
293.16
293.16
293.181
293.181
293.18
293.312
293.31
293.308
293.52
293.518
293.516
293.622
293.622
293.622
293.628
293.626
293.623
293.545
293.54
293.536
293.423
293.42
293.418
293.423
293.424
293.425
293.45
293.451
293.452
301.399
301.706
302.061
294.921
295.097
295.305
292.911
292.956
293.01
292.768
292.746
292.726
293.012
292.989
292.965
293.143
293.136
293.127
293.17
293.17
293.17
293.168
293.169
293.169
293.163
293.163
293.163
293.158
293.158
293.158
293.159
293.159
293.159
293.178
293.176
293.175
293.303
293.296
293.289
293.512
293.505
293.498
293.622
293.622
293.62
293.619
293.613
293.606
293.528
293.516
293.505
293.413
293.407
293.402
293.428
293.432
293.437
293.454
293.456
293.458
302.729
303.484
303.632
302.72
295.712
296.588
297.752
298.62
293.106
293.313
293.701
294.307
292.702
292.676
292.672
292.732
292.927
292.874
292.813
292.748
293.113
293.089
293.058
293.017
293.169
293.165
293.16
293.15
293.17
293.172
293.174
293.175
293.163
293.164
293.165
293.167
293.157
293.157
293.157
293.158
293.158
293.158
293.157
293.157
293.172
293.17
293.168
293.167
293.28
293.267
293.255
293.243
293.486
293.468
293.448
293.425
293.617
293.61
293.598
293.582
293.596
293.583
293.57
293.554
293.49
293.471
293.454
293.436
293.395
293.387
293.381
293.376
293.443
293.45
293.455
293.458
293.459
293.462
293.464
293.466
302.313
302.588
301.439
298.598
299.083
299.438
299.38
297.934
295.016
295.708
296.342
296.698
292.896
293.166
293.525
293.978
292.69
292.659
292.669
292.735
292.967
292.908
292.847
292.786
293.136
293.114
293.085
293.048
293.176
293.175
293.171
293.164
293.169
293.172
293.174
293.177
293.159
293.16
293.162
293.164
293.157
293.157
293.158
293.159
293.165
293.165
293.165
293.165
293.232
293.222
293.213
293.205
293.4
293.373
293.346
293.319
293.56
293.53
293.494
293.452
293.536
293.513
293.486
293.453
293.418
293.399
293.379
293.357
293.371
293.366
293.36
293.351
293.459
293.457
293.453
293.447
293.466
293.465
293.464
293.464
293.15
293.15
293.15
293.15
293.15
293.151
293.148
293.123
293.057
292.965
292.878
292.809
292.762
292.734
292.725
292.734
292.742
292.766
292.91
294.541
293.15
293.15
293.15
293.15
293.15
293.151
293.148
293.12
293.05
292.954
292.865
292.797
292.754
292.732
292.729
292.737
292.747
292.789
293.011
294.53
293.15
293.15
293.15
293.15
293.15
293.151
293.149
293.123
293.051
292.949
292.855
292.786
292.746
292.733
292.736
292.747
292.761
292.81
293.062
294.564
293.15
293.15
293.15
293.15
293.15
293.15
293.15
293.131
293.064
292.959
292.858
292.784
292.745
292.738
292.747
292.764
292.784
292.824
293.057
294.614
293.15
293.15
293.15
293.15
293.15
293.15
293.15
293.14
293.087
292.986
292.877
292.793
292.749
292.746
292.763
292.79
292.822
292.85
293.04
294.669
293.15
293.15
293.15
293.15
293.15
293.15
293.15
293.146
293.112
293.024
292.912
292.815
292.758
292.756
292.781
292.822
292.868
292.887
293.025
294.725
293.15
293.15
293.15
293.15
293.15
293.15
293.15
293.149
293.131
293.067
292.96
292.851
292.774
292.765
292.798
292.851
292.909
292.93
293.016
294.783
293.15
293.15
293.15
293.15
293.15
293.15
293.15
293.15
293.143
293.103
293.015
292.9
292.8
292.775
292.811
292.869
292.931
292.968
293.012
294.843
293.15
293.15
293.15
293.15
293.15
293.15
293.15
293.15
293.148
293.128
293.065
292.961
292.841
292.786
292.818
292.876
292.932
292.994
293.013
294.906
293.15
293.15
293.15
293.15
293.15
293.15
293.15
293.15
293.15
293.142
293.104
293.022
292.899
292.805
292.821
292.873
292.922
293.005
293.017
294.973
293.15
293.15
293.15
293.15
293.15
293.15
293.15
293.15
293.15
293.148
293.129
293.073
292.966
292.843
292.825
292.867
292.913
293.006
293.024
295.042
293.15
293.15
293.15
293.15
293.15
293.15
293.15
293.15
293.15
293.15
293.142
293.11
293.03
292.903
292.842
292.864
292.91
293.009
293.028
295.112
293.15
293.15
293.15
293.15
293.15
293.15
293.15
293.15
293.15
293.15
293.148
293.132
293.081
292.973
292.882
292.875
292.915
293.017
293.031
295.182
293.15
293.15
293.15
293.15
293.15
293.15
293.15
293.15
293.15
293.15
293.15
293.144
293.116
293.038
292.941
292.906
292.933
293.031
293.032
295.251
293.15
293.15
293.15
293.15
293.15
293.15
293.15
293.15
293.15
293.15
293.15
293.149
293.137
293.088
293.006
292.955
292.964
293.049
293.032
295.317
293.15
293.15
293.15
293.15
293.15
293.15
293.15
293.15
293.15
293.15
293.15
293.15
293.146
293.121
293.063
293.011
293.004
293.072
293.031
295.377
293.15
293.15
293.15
293.15
293.15
293.15
293.15
293.15
293.15
293.15
293.15
293.15
293.15
293.14
293.105
293.062
293.046
293.097
293.028
295.428
293.15
293.15
293.15
293.15
293.15
293.15
293.15
293.15
293.15
293.15
293.15
293.15
293.151
293.148
293.13
293.102
293.082
293.12
293.022
295.467
293.15
293.15
293.15
293.15
293.15
293.15
293.15
293.15
293.15
293.15
293.15
293.15
293.15
293.15
293.143
293.128
293.11
293.14
293.014
295.479
293.15
293.15
293.15
293.15
293.15
293.15
293.15
293.15
293.15
293.15
293.15
293.15
293.15
293.151
293.149
293.142
293.127
293.155
293.006
295.544
293.15
293.15
293.15
293.15
293.15
293.15
293.149
293.149
293.149
293.149
293.149
293.15
293.15
293.15
293.15
293.15
293.142
293.171
293.003
294.269
293.15
293.157
293.172
293.184
293.186
293.179
293.169
293.159
293.152
293.149
293.147
293.147
293.147
293.148
293.148
293.15
293.147
293.163
293.096
293.385
293.166
293.256
293.346
293.405
293.416
293.384
293.326
293.267
293.22
293.189
293.169
293.158
293.152
293.149
293.147
293.147
293.146
293.151
293.14
293.165
293.207
293.389
293.532
293.616
293.647
293.624
293.551
293.453
293.36
293.29
293.241
293.209
293.188
293.174
293.165
293.158
293.154
293.15
293.151
293.141
293.252
293.502
293.663
293.743
293.773
293.764
293.71
293.612
293.5
293.406
293.338
293.291
293.258
293.233
293.213
293.197
293.184
293.172
293.164
293.153
293.304
293.594
293.743
293.8
293.822
293.824
293.793
293.712
293.599
293.493
293.415
293.363
293.324
293.293
293.267
293.245
293.225
293.206
293.19
293.175
293.358
293.664
293.782
293.809
293.821
293.836
293.827
293.765
293.656
293.54
293.45
293.381
293.322
293.28
293.253
293.234
293.221
293.21
293.199
293.188
293.413
293.717
293.796
293.797
293.804
293.829
293.838
293.788
293.678
293.549
293.429
293.32
293.253
293.223
293.207
293.198
293.191
293.186
293.183
293.18
293.467
293.756
293.798
293.783
293.792
293.824
293.839
293.79
293.67
293.512
293.35
293.245
293.214
293.2
293.19
293.183
293.178
293.175
293.172
293.17
293.519
293.783
293.796
293.778
293.791
293.825
293.836
293.773
293.625
293.43
293.272
293.221
293.207
293.193
293.183
293.178
293.174
293.17
293.167
293.165
293.567
293.802
293.796
293.783
293.8
293.83
293.824
293.73
293.543
293.339
293.236
293.223
293.219
293.213
293.206
293.201
293.199
293.195
293.185
293.173
293.605
293.814
293.802
293.796
293.813
293.831
293.794
293.656
293.444
293.279
293.244
293.262
293.282
293.294
293.281
293.263
293.261
293.266
293.263
293.246
293.63
293.823
293.814
293.812
293.825
293.819
293.74
293.563
293.361
293.267
293.288
293.342
293.405
293.448
293.427
293.363
293.335
293.348
293.373
293.387
293.648
293.833
293.826
293.825
293.825
293.787
293.665
293.473
293.317
293.295
293.357
293.447
293.543
293.608
293.613
293.541
293.442
293.407
293.435
293.482
293.671
293.841
293.834
293.829
293.81
293.739
293.59
293.412
293.315
293.343
293.43
293.535
293.631
293.666
293.691
293.692
293.607
293.515
293.487
293.522
293.698
293.845
293.835
293.821
293.782
293.688
293.536
293.39
293.34
293.388
293.475
293.576
293.66
293.645
293.682
293.736
293.717
293.64
293.588
293.593
293.715
293.846
293.83
293.806
293.753
293.654
293.52
293.409
293.381
293.425
293.501
293.602
293.665
293.614
293.682
293.784
293.787
293.732
293.682
293.679
293.721
293.841
293.822
293.788
293.733
293.648
293.547
293.47
293.453
293.486
293.55
293.633
293.657
293.581
293.69
293.831
293.837
293.794
293.757
293.738
293.682
293.817
293.827
293.793
293.746
293.688
293.627
293.585
293.576
293.593
293.622
293.643
293.612
293.534
293.637
293.783
293.832
293.804
293.751
293.655
293.59
293.655
293.703
293.711
293.688
293.652
293.634
293.627
293.608
293.562
293.555
293.523
293.486
293.446
293.479
293.525
293.565
293.561
293.517
293.466
294.236
292.378
292.772
292.831
292.844
292.853
292.865
292.881
292.899
292.92
292.941
292.964
292.987
293.012
293.038
293.062
293.087
293.118
293.15
293.158
294.17
292.477
292.799
292.838
292.852
292.86
292.871
292.886
292.904
292.925
292.948
292.973
292.999
293.027
293.055
293.081
293.11
293.144
293.168
293.159
294.171
292.622
292.846
292.851
292.869
292.873
292.883
292.897
292.915
292.937
292.962
292.99
293.02
293.053
293.084
293.114
293.148
293.182
293.19
293.16
294.206
292.734
292.894
292.875
292.894
292.893
292.9
292.912
292.93
292.954
292.981
293.013
293.049
293.087
293.122
293.156
293.193
293.222
293.208
293.16
294.25
292.808
292.939
292.907
292.924
292.917
292.923
292.933
292.95
292.975
293.006
293.043
293.084
293.126
293.165
293.202
293.24
293.257
293.22
293.157
294.295
292.862
292.983
292.946
292.956
292.945
292.948
292.956
292.974
293
293.035
293.077
293.123
293.168
293.209
293.248
293.282
293.284
293.225
293.155
294.338
292.905
293.025
292.987
292.988
292.974
292.975
292.982
293
293.029
293.068
293.113
293.162
293.208
293.25
293.289
293.318
293.303
293.227
293.153
294.379
292.94
293.063
293.025
293.02
293.005
293.004
293.011
293.03
293.061
293.102
293.15
293.198
293.244
293.286
293.326
293.349
293.319
293.23
293.153
294.417
292.97
293.097
293.06
293.051
293.036
293.034
293.04
293.061
293.094
293.137
293.184
293.231
293.275
293.319
293.36
293.377
293.336
293.237
293.154
294.453
292.997
293.125
293.09
293.079
293.066
293.064
293.071
293.092
293.126
293.169
293.215
293.259
293.303
293.349
293.391
293.403
293.355
293.249
293.156
294.489
293.021
293.149
293.117
293.106
293.094
293.092
293.101
293.123
293.157
293.198
293.24
293.283
293.329
293.378
293.422
293.431
293.379
293.269
293.162
294.524
293.045
293.168
293.139
293.13
293.12
293.119
293.129
293.151
293.183
293.222
293.262
293.305
293.354
293.408
293.452
293.461
293.409
293.296
293.171
294.56
293.069
293.183
293.159
293.151
293.143
293.144
293.154
293.175
293.206
293.242
293.281
293.327
293.38
293.437
293.482
293.491
293.442
293.328
293.184
294.599
293.093
293.197
293.175
293.169
293.163
293.165
293.175
293.196
293.225
293.259
293.3
293.348
293.405
293.465
293.512
293.521
293.475
293.361
293.198
294.639
293.118
293.21
293.191
293.185
293.181
293.183
293.193
293.213
293.24
293.275
293.318
293.37
293.431
293.493
293.54
293.551
293.507
293.392
293.213
294.681
293.143
293.224
293.206
293.2
293.196
293.198
293.208
293.227
293.254
293.29
293.336
293.393
293.456
293.52
293.567
293.58
293.538
293.419
293.225
294.725
293.165
293.24
293.223
293.215
293.21
293.212
293.221
293.239
293.267
293.306
293.356
293.415
293.48
293.545
293.594
293.609
293.567
293.442
293.236
294.77
293.183
293.262
293.243
293.232
293.225
293.225
293.234
293.252
293.281
293.322
293.375
293.436
293.502
293.569
293.621
293.638
293.591
293.461
293.246
294.806
293.2
293.288
293.267
293.253
293.241
293.239
293.247
293.265
293.296
293.34
293.395
293.456
293.524
293.593
293.648
293.662
293.608
293.475
293.256
294.889
293.225
293.316
293.297
293.278
293.262
293.257
293.262
293.28
293.312
293.359
293.414
293.476
293.544
293.616
293.673
293.682
293.618
293.484
293.264
294.3
293.359
293.399
293.388
293.358
293.329
293.312
293.312
293.329
293.361
293.407
293.458
293.517
293.591
293.671
293.728
293.725
293.652
293.5
293.269
295.181
293.686
293.58
293.544
293.512
293.481
293.452
293.432
293.433
293.45
293.479
293.517
293.573
293.657
293.747
293.802
293.807
293.736
293.53
293.248
296.121
295.072
294.107
293.711
293.657
293.601
293.578
293.556
293.537
293.532
293.539
293.562
293.619
293.711
293.806
293.884
293.942
293.888
293.611
293.228
294.822
295.145
294.783
294.198
293.86
293.727
293.64
293.63
293.606
293.589
293.581
293.596
293.654
293.749
293.854
293.974
294.092
294.065
293.765
293.264
293.23
293.934
294.394
294.453
294.274
294.118
293.799
293.655
293.636
293.616
293.606
293.621
293.681
293.775
293.89
294.044
294.193
294.195
293.949
293.373
292.753
292.97
293.473
294.024
294.34
294.463
294.386
293.879
293.652
293.627
293.619
293.639
293.7
293.796
293.927
294.1
294.228
294.242
294.086
293.515
292.915
292.787
292.908
293.357
293.922
294.392
294.692
294.53
293.885
293.643
293.633
293.655
293.721
293.828
293.984
294.15
294.208
294.223
294.155
293.648
293.105
292.957
292.852
292.97
293.385
293.967
294.561
294.866
294.469
293.801
293.647
293.681
293.753
293.877
294.046
294.162
294.149
294.175
294.176
293.764
293.176
293.11
292.986
292.915
293.066
293.513
294.184
294.821
294.881
294.236
293.729
293.698
293.791
293.927
294.081
294.119
294.083
294.125
294.166
293.848
293.178
293.169
293.092
292.986
292.987
293.247
293.827
294.579
295.003
294.671
294.006
293.736
293.803
293.951
294.072
294.067
294.036
294.087
294.141
293.902
293.169
293.178
293.139
293.053
293
293.125
293.554
294.253
294.857
294.882
294.362
293.897
293.81
293.924
294.025
294.023
294.005
294.061
294.121
293.935
293.168
293.176
293.161
293.101
293.026
293.033
293.265
293.792
294.415
294.726
294.542
294.134
293.896
293.896
293.96
293.975
293.982
294.045
294.1
293.976
293.191
293.178
293.176
293.143
293.071
293
293.022
293.266
293.734
294.184
294.353
294.225
294.025
293.935
293.935
293.947
293.974
294.039
294.075
293.97
293.257
293.179
293.18
293.174
293.131
293.056
292.981
292.978
293.159
293.516
293.863
294.032
294.03
293.981
293.958
293.959
293.987
294.037
294.036
293.936
293.336
293.188
293.164
293.18
293.169
293.127
293.061
292.988
292.967
293.099
293.382
293.673
293.853
293.925
293.947
293.96
293.988
294.012
293.955
293.847
293.34
293.192
293.156
293.17
293.172
293.149
293.104
293.05
293
293.004
293.137
293.377
293.613
293.772
293.858
293.91
293.944
293.914
293.762
293.625
293.289
293.197
293.156
293.156
293.15
293.124
293.087
293.054
293.038
293.042
293.103
293.256
293.457
293.634
293.757
293.821
293.78
293.61
293.373
293.279
293.314
293.242
293.177
293.145
293.126
293.101
293.074
293.055
293.051
293.073
293.134
293.252
293.411
293.554
293.624
293.571
293.402
293.223
293.122
293.275
293.42
293.373
293.317
293.268
293.232
293.209
293.186
293.157
293.126
293.106
293.125
293.215
293.32
293.37
293.331
293.243
293.207
293.241
293.304
293.539
293.46
293.448
293.441
293.426
293.42
293.405
293.387
293.362
293.328
293.272
293.214
293.231
293.285
293.325
293.368
293.44
293.509
293.553
293.574
293.606
)
;

boundaryField
{
    left_open
    {
        type            inletOutlet;
        inletValue      uniform 293.15;
        value           nonuniform List<scalar> 
40
(
293.15
293.15
293.15
293.15
293.15
293.15
293.15
293.15
293.15
293.15
293.15
293.15
293.15
293.15
293.15
293.15
293.15
293.15
293.15
293.15
293.15
293.15
293.15
293.15
293.15
293.15
293.15
293.15
293.15
293.15
293.15
293.15
293.15
293.15
293.15
293.694
293.711
293.719
293.68
293.589
)
;
    }
    right_open
    {
        type            inletOutlet;
        inletValue      uniform 293.15;
        value           nonuniform List<scalar> 
40
(
293.15
293.15
293.15
293.15
293.15
293.15
293.15
293.15
293.15
293.15
293.15
293.15
293.15
293.15
293.15
293.15
293.15
293.15
293.15
293.15
293.15
293.15
293.15
293.15
293.15
293.15
293.15
293.15
293.15
293.15
293.15
293.971
293.965
293.931
293.831
293.595
293.259
293.289
293.547
293.606
)
;
    }
    base_side
    {
        type            zeroGradient;
    }
    top
    {
        type            inletOutlet;
        inletValue      uniform 293.15;
        value           nonuniform List<scalar> 
65
(
293.589
293.15
293.701
293.709
293.687
293.15
293.15
293.627
293.606
293.15
293.555
293.15
293.15
293.447
293.478
293.522
293.561
293.15
293.516
293.467
293.15
293.427
293.425
293.15
293.15
293.15
293.435
293.15
293.438
293.441
293.15
293.449
293.45
293.451
293.453
293.456
293.459
293.15
293.15
293.464
293.466
293.15
293.15
293.15
293.465
293.15
293.449
293.443
293.15
293.422
293.15
293.391
293.15
293.333
293.278
293.219
293.231
293.282
293.323
293.373
293.448
293.517
293.558
293.579
293.606
)
;
    }
    front
    {
        type            empty;
    }
    back
    {
        type            empty;
    }
    air_to_aluminum
    {
        type            compressible::turbulentTemperatureCoupledBaffleMixed;
        refValue        nonuniform List<scalar> 
129
(
306.593
306.586
306.571
306.549
306.664
306.715
306.761
306.798
306.798
306.761
306.715
306.664
306.593
306.585
306.571
306.549
306.523
306.548
306.493
306.506
306.463
306.47
306.435
306.438
306.407
306.409
306.382
306.383
306.358
306.36
306.337
306.338
306.318
306.319
306.302
306.303
306.287
306.288
306.275
306.276
306.265
306.266
306.258
306.259
306.253
306.253
306.25
306.25
306.25
306.25
306.25
306.25
306.786
306.756
306.726
306.697
306.671
306.647
306.625
306.605
306.587
306.572
306.558
306.547
306.538
306.531
306.526
306.523
306.523
306.523
306.523
306.523
306.523
306.523
306.786
306.756
306.726
306.697
306.671
306.647
306.625
306.605
306.587
306.572
306.558
306.547
306.538
306.531
306.526
306.523
306.523
306.523
306.523
306.548
306.506
306.47
306.438
306.409
306.383
306.359
306.338
306.319
306.303
306.288
306.276
306.266
306.259
306.254
306.251
306.522
306.493
306.463
306.434
306.407
306.381
306.358
306.337
306.318
306.302
306.287
306.275
306.266
306.258
306.253
306.251
306.251
306.251
306.25
306.25
)
;
        refGradient     uniform 0;
        valueFraction   nonuniform List<scalar> 
129
(
0.999971
0.999971
0.999971
0.999971
0.999855
0.999855
0.999855
0.999855
0.999855
0.999855
0.999855
0.999855
0.999971
0.999971
0.999971
0.999971
0.999971
0.999855
0.999971
0.999855
0.999971
0.999855
0.999971
0.999855
0.999971
0.999855
0.999971
0.999855
0.999971
0.999855
0.999971
0.999855
0.999971
0.999855
0.999971
0.999855
0.999971
0.999855
0.999971
0.999855
0.999971
0.999855
0.999971
0.999855
0.999971
0.999855
0.999964
0.999971
0.999964
0.999964
0.999855
0.999964
0.999918
0.999918
0.999918
0.999918
0.999918
0.999918
0.999918
0.999918
0.999918
0.999918
0.999918
0.999918
0.999918
0.999918
0.999918
0.999918
0.999964
0.999964
0.999964
0.999964
0.999964
0.999964
0.999918
0.999918
0.999918
0.999918
0.999918
0.999918
0.999918
0.999918
0.999918
0.999918
0.999918
0.999918
0.999918
0.999918
0.999918
0.999964
0.999964
0.999918
0.999964
0.999855
0.999855
0.999855
0.999855
0.999855
0.999855
0.999855
0.999855
0.999855
0.999855
0.999855
0.999855
0.999855
0.999855
0.999855
0.999855
0.999971
0.999971
0.999971
0.999971
0.999971
0.999971
0.999971
0.999971
0.999971
0.999971
0.999971
0.999971
0.999971
0.999971
0.999971
0.999964
0.999964
0.999964
0.999964
0.999971
)
;
        value           nonuniform List<scalar> 
129
(
306.593
306.585
306.571
306.549
306.664
306.715
306.761
306.798
306.798
306.761
306.715
306.664
306.593
306.585
306.57
306.549
306.522
306.548
306.493
306.506
306.463
306.47
306.434
306.438
306.407
306.409
306.381
306.383
306.358
306.36
306.337
306.338
306.318
306.319
306.301
306.303
306.287
306.288
306.275
306.276
306.265
306.266
306.258
306.259
306.252
306.253
306.249
306.249
306.25
306.25
306.25
306.25
306.786
306.756
306.726
306.697
306.671
306.647
306.625
306.605
306.587
306.572
306.558
306.547
306.538
306.531
306.526
306.523
306.523
306.523
306.523
306.523
306.523
306.523
306.786
306.756
306.726
306.697
306.671
306.647
306.625
306.605
306.587
306.572
306.558
306.547
306.538
306.531
306.526
306.523
306.523
306.523
306.523
306.548
306.506
306.47
306.438
306.409
306.383
306.359
306.338
306.319
306.303
306.288
306.276
306.266
306.259
306.254
306.251
306.522
306.493
306.463
306.434
306.406
306.381
306.358
306.337
306.318
306.301
306.287
306.275
306.265
306.258
306.253
306.251
306.251
306.251
306.25
306.25
)
;
        Tnbr            T;
        thicknessLayers 0();
        kappaLayers     0();
        kappaMethod     fluidThermo;
        kappa           none;
        alphaAni        none;
        alpha           none;
    }
}


// ************************************************************************* //
