/*--------------------------------*- C++ -*----------------------------------*\
| =========                 |                                                 |
| \\      /  F ield         | OpenFOAM: The Open Source CFD Toolbox           |
|  \\    /   O peration     | Version:                                        |
|   \\  /    A nd           | Website:  www.openfoam.com                      |
|    \\/     M anipulation  |                                                 |
\*---------------------------------------------------------------------------*/
FoamFile
{
    version     2.0;
    format      ascii;
    class       surfaceScalarField;
    location    "380/air";
    object      phi;
}
// * * * * * * * * * * * * * * * * * * * * * * * * * * * * * * * * * * * * * //

dimensions      [1 0 -1 0 0 0 0];
oriented        oriented;


internalField   nonuniform List<scalar> 
4299
(
7.40628e-08
-7.40477e-08
1.13403e-07
-3.93253e-08
7.46735e-08
3.87448e-08
7.46885e-08
6.65192e-08
-1.40552e-07
1.14177e-07
-8.69679e-08
7.37036e-08
7.92331e-08
1.48407e-07
4.02135e-08
-1.8075e-07
7.07777e-08
-1.17517e-07
4.4836e-08
1.0519e-07
1.93258e-07
2.12747e-08
-2.0201e-07
3.68995e-08
-1.33127e-07
2.25422e-08
1.19562e-07
2.15816e-07
1.02767e-08
-2.12271e-07
1.71025e-08
-1.39938e-07
9.8849e-09
1.26795e-07
2.25716e-07
4.40853e-09
-2.16665e-07
6.90487e-09
-1.42419e-07
3.71371e-09
1.30001e-07
2.29444e-07
1.39798e-09
-2.18048e-07
2.13022e-09
-1.43136e-07
1.13008e-09
1.31016e-07
2.30589e-07
-1.81684e-10
-2.17851e-07
2.00553e-10
-1.43503e-07
4.0618e-10
1.30826e-07
2.31011e-07
-1.16007e-09
-2.16676e-07
-3.32208e-10
-1.44316e-07
6.59179e-10
1.2985e-07
2.31685e-07
-2.05039e-09
-2.1461e-07
-1.38123e-10
-1.46213e-07
1.6169e-09
1.2811e-07
2.33317e-07
-3.37679e-09
-2.11218e-07
9.77335e-11
-1.49671e-07
3.04786e-09
1.25176e-07
2.3638e-07
-6.09754e-09
-2.05104e-07
-9.61627e-10
-1.5479e-07
4.19709e-09
1.20033e-07
2.40593e-07
-1.23169e-08
-1.92771e-07
-7.12416e-09
-1.59964e-07
2.19032e-09
1.10737e-07
2.42799e-07
-2.61992e-08
-1.66553e-07
-2.71818e-08
-1.58959e-07
-8.46394e-09
9.20401e-08
2.34352e-07
-5.80203e-08
-1.0851e-07
-8.12496e-08
-1.35701e-07
-4.34942e-08
5.43084e-08
1.90876e-07
-1.44375e-07
3.58947e-08
-2.16737e-07
-6.3306e-08
-1.59202e-07
-3.20402e-09
3.16872e-08
-7.4671e-08
7.4686e-08
-1.13399e-07
3.87431e-08
-7.40595e-08
-3.93245e-08
-7.40444e-08
-7.37062e-08
1.48407e-07
-1.14178e-07
7.92295e-08
-6.65173e-08
-8.69697e-08
-1.40547e-07
-4.48479e-08
1.9327e-07
-7.07889e-08
1.05186e-07
-4.02153e-08
-1.17528e-07
-1.80747e-07
-2.25663e-08
2.15852e-07
-3.69248e-08
1.19559e-07
-2.12813e-08
-1.33157e-07
-2.02013e-07
-9.92574e-09
2.25792e-07
-1.7145e-08
1.26794e-07
-1.02879e-08
-1.39999e-07
-2.12286e-07
-3.77585e-09
2.29583e-07
-6.96088e-09
1.29994e-07
-4.417e-09
-1.42528e-07
-2.16688e-07
-1.21128e-09
2.3081e-07
-2.16468e-09
1.30962e-07
-1.37023e-09
-1.43307e-07
-2.18043e-07
-4.84709e-10
2.31309e-07
-9.10675e-11
1.30584e-07
3.60535e-10
-1.43743e-07
-2.17667e-07
-5.89886e-10
2.31914e-07
1.01662e-09
1.28992e-07
1.83479e-09
-1.44546e-07
-2.15817e-07
-1.01432e-09
2.32944e-07
2.42376e-09
1.2557e-07
4.10532e-09
-1.46213e-07
-2.11697e-07
-7.94089e-10
2.33753e-07
6.21273e-09
1.18578e-07
8.86874e-09
-1.48854e-07
-2.02813e-07
1.73576e-09
2.32033e-07
1.62759e-08
1.04053e-07
1.92659e-08
-1.51828e-07
-1.83532e-07
9.7877e-09
2.2226e-07
3.86157e-08
7.52407e-08
3.97664e-08
-1.52963e-07
-1.4375e-07
2.93675e-08
1.92908e-07
7.79967e-08
2.66265e-08
7.03671e-08
-1.45319e-07
-7.33681e-08
6.63627e-08
1.26558e-07
1.28499e-07
-3.54967e-08
9.30245e-08
-1.0983e-07
1.96711e-08
6.43174e-08
6.22498e-08
1.02481e-07
-7.36524e-08
7.63284e-08
-8.36666e-08
9.60133e-08
2.84699e-06
3.31391e-06
-6.16085e-06
4.23709e-07
2.42338e-06
-1.26563e-06
1.6896e-06
1.10622e-06
-2.37151e-06
-1.13232e-06
4.81331e-06
-3.67327e-07
-2.77785e-06
4.06911e-06
-4.23816e-06
3.15041e-06
2.3331e-06
-5.46466e-06
-6.91618e-06
5.07682e-06
6.65292e-06
-7.107e-06
4.2606e-06
-7.33392e-06
3.37797e-06
2.64849e-06
-7.64899e-06
-9.44778e-06
4.29609e-06
1.02294e-05
-8.62352e-06
3.43714e-06
-7.94868e-06
2.70364e-06
2.14054e-06
-7.44048e-06
-8.37117e-06
2.83571e-06
9.8324e-06
-7.12939e-06
2.19591e-06
-6.14873e-06
1.72328e-06
1.3804e-06
-5.38844e-06
-5.50965e-06
1.48374e-06
6.86204e-06
-4.47565e-06
1.16212e-06
-3.71879e-06
9.66524e-07
8.41529e-07
-3.17989e-06
-2.81333e-06
7.70461e-07
3.52667e-06
-2.31953e-06
6.68295e-07
-1.99659e-06
6.4354e-07
6.44124e-07
-1.79924e-06
-1.25503e-06
5.79252e-07
1.44617e-06
-1.16753e-06
5.80704e-07
-1.1289e-06
6.04834e-07
6.32841e-07
-1.11769e-06
-1.10105e-06
4.60531e-07
1.21967e-06
-1.03303e-06
5.12604e-07
-9.78794e-07
5.50533e-07
5.84934e-07
-9.30947e-07
-1.56625e-06
2.05605e-07
1.82113e-06
-1.34506e-06
2.91354e-07
-1.15434e-06
3.59769e-07
4.23111e-07
-9.92562e-07
-2.23853e-06
-1.5714e-07
2.60124e-06
-1.90269e-06
-4.45139e-08
-1.6059e-06
6.29463e-08
1.73602e-07
-1.35643e-06
-3.05508e-06
-5.48733e-07
3.44664e-06
-2.69068e-06
-4.08941e-07
-2.364e-06
-2.63763e-07
-1.12877e-07
-2.07755e-06
-3.61417e-06
-8.71273e-07
3.9367e-06
-3.3057e-06
-7.17431e-07
-3.01866e-06
-5.50824e-07
-3.71536e-07
-2.76003e-06
-3.6863e-06
-1.07447e-06
3.8895e-06
-3.47828e-06
-9.25441e-07
-3.26939e-06
-7.59722e-07
-5.75545e-07
-3.06538e-06
-2.76182e-06
-1.07685e-06
2.76425e-06
-2.72746e-06
-9.59774e-07
-2.65944e-06
-8.27716e-07
-6.75937e-07
-2.55903e-06
-4.09536e-07
-8.38609e-07
1.71325e-07
-6.19591e-07
-7.49685e-07
-7.86079e-07
-6.61194e-07
-5.67589e-07
-8.94396e-07
3.39499e-06
-4.84765e-07
-3.74886e-06
3.04784e-06
-4.02557e-07
2.71259e-06
-3.25947e-07
-2.58269e-07
2.40327e-06
7.23482e-06
-2.17308e-07
-7.50233e-06
6.97513e-06
-1.4292e-07
6.72037e-06
-7.12301e-08
-1.13025e-08
6.47337e-06
9.29899e-06
2.31235e-08
-9.53945e-06
9.02232e-06
1.33717e-07
8.76453e-06
1.86545e-07
1.61759e-07
8.59144e-06
9.19726e-06
-9.34668e-06
8.91896e-06
8.67745e-06
8.62226e-06
-3.00778e-06
6.72437e-07
-3.46239e-06
3.91428e-07
-3.7043e-06
2.38652e-07
1.52047e-07
-3.82481e-06
-6.54651e-06
1.75436e-06
-7.52945e-06
1.37417e-06
-8.41261e-06
1.12149e-06
9.48283e-07
-9.20918e-06
-8.01222e-06
2.11762e-06
-8.3688e-06
1.73064e-06
-8.68657e-06
1.4391e-06
1.21439e-06
-8.95284e-06
-7.04452e-06
1.72175e-06
-6.71781e-06
1.40395e-06
-6.43707e-06
1.15836e-06
9.67079e-07
-6.18978e-06
-4.7975e-06
1.13088e-06
-4.34067e-06
9.47171e-07
-3.99361e-06
8.11313e-07
7.11135e-07
-3.73765e-06
-2.80863e-06
7.59631e-07
-2.56696e-06
7.05493e-07
-2.42509e-06
6.69425e-07
6.44689e-07
-2.35866e-06
-1.69252e-06
6.52862e-07
-1.65027e-06
6.63201e-07
-1.65265e-06
6.71769e-07
6.76513e-07
-1.68451e-06
-1.12372e-06
6.58825e-07
-1.14105e-06
6.8048e-07
-1.16582e-06
6.96491e-07
7.06005e-07
-1.19535e-06
-8.89271e-07
6.17095e-07
-8.55115e-07
6.46278e-07
-8.30299e-07
6.71632e-07
6.925e-07
-8.16832e-07
-8.59108e-07
4.83599e-07
-7.54384e-07
5.41515e-07
-6.79842e-07
5.97053e-07
6.50255e-07
-6.37632e-07
-1.15403e-06
2.81172e-07
-9.99869e-07
3.87317e-07
-8.9635e-07
4.93502e-07
6.00766e-07
-8.46893e-07
-1.83906e-06
4.26454e-08
-1.65629e-06
2.0452e-07
-1.5333e-06
3.70482e-07
5.42954e-07
-1.47553e-06
-2.53778e-06
-1.7963e-07
-2.35787e-06
2.45818e-08
-2.22607e-06
2.38647e-07
4.65499e-07
-2.14866e-06
-2.87238e-06
-3.72648e-07
-2.69821e-06
-1.49604e-07
-2.54508e-06
8.54855e-08
3.35514e-07
-2.41513e-06
-2.42992e-06
-5.01756e-07
-2.27554e-06
-3.03983e-07
-2.11027e-06
-7.98033e-08
1.53402e-07
-1.92818e-06
-9.35836e-07
-4.60292e-07
-9.0721e-07
-3.32594e-07
-8.0696e-07
-1.80049e-07
-4.46565e-09
-6.49101e-07
2.13653e-06
-1.93534e-07
1.92935e-06
-1.25398e-07
1.79791e-06
-4.86016e-08
4.32884e-08
1.75016e-06
6.22872e-06
5.10914e-08
5.99454e-06
1.0876e-07
5.78013e-06
1.658e-07
2.2409e-07
5.59932e-06
8.48305e-06
1.59462e-07
8.39521e-06
1.96584e-07
8.33868e-06
2.22304e-07
2.36753e-07
8.326e-06
8.66529e-06
8.86845e-06
9.20797e-06
8.52955e-06
-3.8935e-06
6.85852e-08
-3.95568e-06
6.20605e-08
6.08672e-08
-4.01666e-06
-9.61736e-06
4.76586e-07
-1.00052e-05
4.49765e-07
4.3034e-07
-1.03748e-05
-9.08095e-06
6.04612e-07
-9.1883e-06
5.5704e-07
5.16119e-07
-9.27414e-06
-6.07038e-06
4.85209e-07
-5.95662e-06
4.43273e-07
4.07262e-07
-5.84777e-06
-3.62377e-06
3.71328e-07
-3.53126e-06
3.50768e-07
3.33497e-07
-3.45749e-06
-2.34438e-06
3.57046e-07
-2.34516e-06
3.51535e-07
3.46296e-07
-2.35796e-06
-1.71086e-06
3.83373e-07
-1.74137e-06
3.82032e-07
3.79473e-07
-1.77456e-06
-1.21326e-06
4.01264e-07
-1.23224e-06
4.01001e-07
3.99538e-07
-1.25232e-06
-8.14963e-07
3.99376e-07
-8.18085e-07
4.04105e-07
4.08291e-07
-8.26855e-07
-6.28382e-07
3.90106e-07
-6.31317e-07
4.07022e-07
4.24309e-07
-6.47352e-07
-8.43951e-07
3.87146e-07
-8.60727e-07
4.2378e-07
4.61894e-07
-8.98331e-07
-1.47531e-06
3.86909e-07
-1.4986e-06
4.47041e-07
5.09614e-07
-1.54634e-06
-2.1328e-06
3.7102e-07
-2.13648e-06
4.50701e-07
5.33304e-07
-2.16021e-06
-2.35601e-06
3.11867e-07
-2.30643e-06
4.01093e-07
4.93373e-07
-2.26653e-06
-1.81898e-06
2.02644e-07
-1.70608e-06
2.88168e-07
3.76651e-07
-1.58938e-06
-5.3042e-07
8.39516e-08
-3.93109e-07
1.50843e-07
2.20915e-07
-2.37391e-07
1.76499e-06
6.91207e-08
1.81071e-06
1.05126e-07
1.43361e-07
1.88826e-06
5.51529e-06
1.53147e-07
5.44829e-06
1.72122e-07
1.90221e-07
5.40143e-06
8.25447e-06
2.24665e-07
8.19112e-06
2.35464e-07
2.15643e-07
8.16569e-06
8.58607e-06
8.62875e-06
8.28168e-06
-4.04128e-06
2.45821e-08
-4.06687e-06
2.555e-08
2.64821e-08
-4.0934e-06
-1.04975e-05
1.47199e-07
-1.0618e-05
1.45995e-07
1.45322e-07
-1.07369e-05
-9.29938e-06
1.72414e-07
-9.32166e-06
1.68264e-07
1.64582e-07
-9.34094e-06
-5.81281e-06
1.37451e-07
-5.77825e-06
1.33706e-07
1.3001e-07
-5.74368e-06
-3.4344e-06
1.14363e-07
-3.41323e-06
1.12542e-07
1.10773e-07
-3.39399e-06
-2.36455e-06
1.20948e-07
-2.37226e-06
1.20246e-07
1.19499e-07
-2.38099e-06
-1.7867e-06
1.33083e-07
-1.79899e-06
1.32533e-07
1.31891e-07
-1.81138e-06
-1.25966e-06
1.40416e-07
-1.26717e-06
1.40035e-07
1.3958e-07
-1.27486e-06
-8.31403e-07
1.44958e-07
-8.36776e-07
1.45402e-07
1.45821e-07
-8.43023e-07
-6.56142e-07
1.53742e-07
-6.66739e-07
1.55993e-07
1.58308e-07
-6.79232e-07
-9.16574e-07
1.71978e-07
-9.37591e-07
1.77004e-07
1.82187e-07
-9.61477e-07
-1.56948e-06
1.95106e-07
-1.59576e-06
2.03274e-07
2.11591e-07
-1.62517e-06
-2.17389e-06
2.08776e-07
-2.19007e-06
2.19448e-07
2.30204e-07
-2.2087e-06
-2.25528e-06
1.97513e-07
-2.2452e-06
2.09355e-07
2.21192e-07
-2.2362e-06
-1.54711e-06
1.55232e-07
-1.50436e-06
1.66593e-07
1.77982e-07
-1.46116e-06
-1.77735e-07
9.55675e-08
-1.15816e-07
1.04666e-07
1.13955e-07
-5.1797e-08
1.92415e-06
5.96689e-08
1.96416e-06
6.46523e-08
7.01382e-08
2.00797e-06
5.39083e-06
7.02649e-08
5.38361e-06
7.18692e-08
7.4176e-08
5.37957e-06
8.16102e-06
7.49337e-08
8.16429e-06
6.85908e-08
5.86164e-08
8.17985e-06
8.2227e-06
8.2547e-06
8.30894e-06
-4.17019e-06
7.66883e-08
-4.26463e-06
9.43411e-08
1.19679e-07
-4.38438e-06
-1.10739e-05
4.13613e-07
-1.13944e-05
4.1469e-07
4.2092e-07
-1.16957e-05
-9.37874e-06
4.51361e-07
-9.39158e-06
4.27494e-07
4.07205e-07
-9.37789e-06
-5.63889e-06
3.46569e-07
-5.53419e-06
3.22802e-07
3.0244e-07
-5.42942e-06
-3.35212e-06
3.04696e-07
-3.32288e-06
2.93567e-07
2.83756e-07
-3.30419e-06
-2.41075e-06
3.34458e-07
-2.4452e-06
3.28005e-07
3.21007e-07
-2.48245e-06
-1.84661e-06
3.69674e-07
-1.88158e-06
3.62972e-07
3.55354e-07
-1.91593e-06
-1.29784e-06
3.92641e-07
-1.32278e-06
3.87899e-07
3.82748e-07
-1.35018e-06
-8.65887e-07
4.1549e-07
-8.97049e-07
4.19047e-07
4.23225e-07
-9.37538e-07
-7.26003e-07
4.62245e-07
-7.89945e-07
4.82973e-07
5.05755e-07
-8.72491e-07
-1.04584e-06
5.46583e-07
-1.15506e-06
5.9218e-07
6.40969e-07
-1.2903e-06
-1.72494e-06
6.46325e-07
-1.85053e-06
7.17742e-07
7.92429e-07
-2.00202e-06
-2.27319e-06
7.10777e-07
-2.35651e-06
8.01022e-07
8.93631e-07
-2.45775e-06
-2.21472e-06
6.89257e-07
-2.20066e-06
7.8692e-07
8.85983e-07
-2.19306e-06
-1.33653e-06
5.64586e-07
-1.20744e-06
6.57792e-07
7.5186e-07
-1.07336e-06
1.39901e-07
3.72861e-07
3.4837e-07
4.49291e-07
5.26904e-07
5.73291e-07
2.15004e-06
2.3078e-07
2.32202e-06
2.77289e-07
3.25355e-07
2.52355e-06
5.38287e-06
2.27475e-07
5.4116e-06
2.48553e-07
2.68832e-07
5.46812e-06
8.21922e-06
1.88095e-07
8.26024e-06
2.07527e-07
2.21392e-07
8.30767e-06
8.49612e-06
8.69478e-06
8.89058e-06
-4.59817e-06
2.7594e-07
-5.08488e-06
4.13013e-07
-5.82532e-06
6.56769e-07
9.78973e-07
-6.70827e-06
-1.21974e-05
7.77604e-07
-1.26199e-05
8.35438e-07
-1.28813e-05
9.18069e-07
1.01433e-06
-1.29166e-05
-9.2863e-06
6.85967e-07
-9.09824e-06
6.47358e-07
-8.79686e-06
6.16666e-07
5.86668e-07
-8.3692e-06
-5.23081e-06
4.87356e-07
-5.02958e-06
4.46136e-07
-4.82633e-06
4.13425e-07
3.85425e-07
-4.62507e-06
-3.29691e-06
4.80081e-07
-3.30576e-06
4.54998e-07
-3.3218e-06
4.29471e-07
4.01824e-07
-3.33819e-06
-2.55041e-06
5.48038e-07
-2.61576e-06
5.20352e-07
-2.67508e-06
4.88786e-07
4.53904e-07
-2.72715e-06
-1.97398e-06
6.06078e-07
-2.03034e-06
5.76705e-07
-2.08752e-06
5.45968e-07
5.15642e-07
-2.14926e-06
-1.40639e-06
6.62273e-07
-1.47661e-06
6.46912e-07
-1.56628e-06
6.3563e-07
6.31503e-07
-1.68215e-06
-1.03561e-06
7.60319e-07
-1.17407e-06
7.85362e-07
-1.36168e-06
8.23224e-07
8.78235e-07
-1.60843e-06
-1.06989e-06
9.57686e-07
-1.33943e-06
1.05488e-06
-1.68916e-06
1.17293e-06
1.3139e-06
-2.12485e-06
-1.59657e-06
1.26392e-06
-1.99048e-06
1.44874e-06
-2.47101e-06
1.65342e-06
1.874e-06
-3.03115e-06
-2.32958e-06
1.59142e-06
-2.73096e-06
1.85005e-06
-3.19545e-06
2.11783e-06
2.38502e-06
-3.70655e-06
-2.67286e-06
1.80644e-06
-2.92923e-06
2.10633e-06
-3.21375e-06
2.40225e-06
2.6815e-06
-3.51034e-06
-2.18835e-06
1.80164e-06
-2.19191e-06
2.10978e-06
-2.19529e-06
2.40552e-06
2.67574e-06
-2.18964e-06
-8.23409e-07
1.55161e-06
-5.52789e-07
1.83907e-06
-2.59734e-07
2.11236e-06
2.36014e-06
5.57503e-08
1.0078e-06
1.11702e-06
1.48991e-06
1.35688e-06
2.01544e-06
1.58674e-06
1.79797e-06
2.57751e-06
2.94144e-06
6.99087e-07
3.44066e-06
8.57602e-07
4.01365e-06
1.01369e-06
1.16164e-06
4.64992e-06
5.63662e-06
5.30563e-07
5.89381e-06
6.00389e-07
6.23687e-06
6.70595e-07
7.37533e-07
6.66093e-06
8.41696e-06
4.21267e-07
8.56561e-06
4.51724e-07
8.74518e-06
4.91014e-07
5.17491e-07
8.96521e-06
9.34814e-06
9.9024e-06
9.45307e-06
8.99282e-06
-8.0145e-06
1.30624e-06
-9.63142e-06
1.61692e-06
-1.1559e-05
1.92756e-06
2.15691e-06
-1.37159e-05
-1.27162e-05
1.10576e-06
-1.22682e-05
1.16891e-06
-1.15401e-05
1.19944e-06
1.15931e-06
-1.05425e-05
-7.81513e-06
5.51681e-07
-7.15949e-06
5.13266e-07
-6.43731e-06
4.77251e-07
4.30873e-07
-5.70886e-06
-4.43314e-06
3.59758e-07
-4.25539e-06
3.35526e-07
-4.08802e-06
3.09886e-07
2.71284e-07
-3.92841e-06
-3.34946e-06
3.71036e-07
-3.35072e-06
3.36796e-07
-3.33929e-06
2.98469e-07
2.54298e-07
-3.3223e-06
-2.77282e-06
4.16714e-07
-2.81451e-06
3.78488e-07
-2.8564e-06
3.40368e-07
3.02868e-07
-2.90496e-06
-2.22031e-06
4.87758e-07
-2.30621e-06
4.64396e-07
-2.41324e-06
4.47407e-07
4.36849e-07
-2.54722e-06
-1.83229e-06
6.37895e-07
-2.02599e-06
6.58092e-07
-2.27269e-06
6.94103e-07
7.40966e-07
-2.5768e-06
-1.92419e-06
9.53643e-07
-2.31672e-06
1.05062e-06
-2.78849e-06
1.16587e-06
1.28215e-06
-3.32967e-06
-2.64703e-06
1.4758e-06
-3.24852e-06
1.65209e-06
-3.91264e-06
1.82998e-06
1.981e-06
-4.6115e-06
-3.65648e-06
2.10108e-06
-4.32522e-06
2.32078e-06
-5.00978e-06
2.51449e-06
2.65196e-06
-5.68078e-06
-4.24322e-06
2.63766e-06
-4.78152e-06
2.859e-06
-5.29742e-06
3.03031e-06
3.12651e-06
-5.77205e-06
-3.80187e-06
2.92908e-06
-4.07176e-06
3.12878e-06
-4.30564e-06
3.2641e-06
3.31607e-06
-4.49529e-06
-2.16738e-06
2.90671e-06
-2.12246e-06
3.08375e-06
-2.05051e-06
3.19205e-06
3.21355e-06
-1.94809e-06
3.9107e-07
2.57127e-06
7.40953e-07
2.73376e-06
1.09784e-06
2.83506e-06
2.85712e-06
1.45417e-06
3.1668e-06
1.98189e-06
3.77075e-06
2.12971e-06
4.37287e-06
2.23284e-06
2.2801e-06
4.9498e-06
5.33696e-06
1.29476e-06
6.05972e-06
1.40687e-06
6.80036e-06
1.49213e-06
1.54769e-06
7.53267e-06
7.15884e-06
7.96807e-07
7.72017e-06
8.45492e-07
8.33076e-06
8.81483e-07
9.03628e-07
8.97478e-06
9.24109e-06
5.2091e-07
9.60389e-06
4.82678e-07
9.99253e-06
4.92835e-07
4.7667e-07
1.04195e-05
9.23822e-06
9.4095e-06
9.67584e-06
9.91129e-06
4.7096e-07
-2.96877e-08
3.89228e-07
8.16978e-08
2.96172e-07
9.3081e-08
2.47894e-07
4.83053e-08
2.23757e-07
2.41477e-08
2.09762e-07
1.39996e-08
1.98713e-07
1.10519e-08
1.87486e-07
1.12303e-08
1.74775e-07
1.27134e-08
1.57933e-07
1.6846e-08
1.34436e-07
2.35009e-08
1.05093e-07
2.93473e-08
7.45209e-08
3.05772e-08
4.8689e-08
2.58377e-08
3.11813e-08
1.7514e-08
3.59158e-08
-4.72797e-09
-1.0902e-08
4.68242e-08
1.4944e-07
-1.60344e-07
8.03053e-07
-6.53634e-07
8.03026e-07
9.57157e-07
-7.75632e-08
8.35441e-07
2.03368e-07
6.59052e-07
2.69491e-07
5.48198e-07
1.59191e-07
4.94476e-07
7.78843e-08
4.67456e-07
4.1025e-08
4.50276e-07
2.82349e-08
4.37034e-07
2.44746e-08
4.24077e-07
2.56725e-08
4.04112e-07
3.68152e-08
3.7008e-07
5.75355e-08
3.22346e-07
7.7086e-08
2.68833e-07
8.40948e-08
2.21409e-07
7.3267e-08
1.85358e-07
5.35717e-08
1.8798e-07
-7.3434e-09
1.34777e-07
1.00034e-07
3.30077e-07
-3.55644e-07
1.24301e-06
-1.56658e-06
2.04601e-06
1.17812e-06
-1.48121e-07
1.07936e-06
3.02074e-07
8.83383e-07
4.65476e-07
7.32424e-07
3.10188e-07
6.52683e-07
1.57645e-07
6.16058e-07
7.76557e-08
5.99089e-07
4.52068e-08
5.92741e-07
3.0824e-08
5.9098e-07
2.7436e-08
5.83164e-07
4.46342e-08
5.58737e-07
8.19648e-08
5.16456e-07
1.1937e-07
4.64564e-07
1.3599e-07
4.16859e-07
1.20977e-07
3.78082e-07
9.23546e-08
3.78184e-07
-7.43747e-09
3.5892e-07
1.19305e-07
4.76584e-07
-4.73307e-07
1.30449e-06
-2.3945e-06
3.35049e-06
1.24414e-06
-2.51867e-07
1.2009e-06
3.45243e-07
1.02659e-06
6.39789e-07
8.54069e-07
4.82754e-07
7.48068e-07
2.63672e-07
6.99229e-07
1.26503e-07
6.82253e-07
6.21851e-08
6.83752e-07
2.93256e-08
6.9488e-07
1.63096e-08
7.02676e-07
3.68388e-08
6.94287e-07
9.03562e-08
6.66909e-07
1.4675e-07
6.28362e-07
1.7454e-07
5.92538e-07
1.56805e-07
5.63875e-07
1.21023e-07
5.66368e-07
-9.92306e-09
5.85833e-07
9.9848e-08
6.29946e-07
-5.17415e-07
1.27132e-06
-3.03587e-06
4.6218e-06
1.21995e-06
-3.97499e-07
1.25234e-06
3.1278e-07
1.12689e-06
7.65233e-07
9.48016e-07
6.61675e-07
8.1507e-07
3.9665e-07
7.48687e-07
1.92897e-07
7.2767e-07
8.32041e-08
7.33714e-07
2.32807e-08
7.54345e-07
-4.32159e-09
7.74757e-07
1.6427e-08
7.80735e-07
8.43784e-08
7.6852e-07
1.58965e-07
7.45782e-07
1.97279e-07
7.26281e-07
1.76308e-07
7.14475e-07
1.32834e-07
7.25393e-07
-2.08338e-08
7.74854e-07
5.0397e-08
7.75202e-07
-5.17757e-07
1.22109e-06
-3.48175e-06
5.84289e-06
1.1438e-06
-5.92624e-07
1.26596e-06
1.90547e-07
1.20816e-06
8.23031e-07
1.03589e-06
8.33985e-07
8.76112e-07
5.56471e-07
7.85978e-07
2.83045e-07
7.54997e-07
1.14187e-07
7.60509e-07
1.7767e-08
7.85519e-07
-2.93336e-08
8.13311e-07
-1.13668e-08
8.28724e-07
6.89638e-08
8.27563e-07
1.60124e-07
8.17909e-07
2.06932e-07
8.13793e-07
1.80424e-07
8.20101e-07
1.26529e-07
8.43138e-07
-4.38632e-08
9.12419e-07
-1.88726e-08
8.92554e-07
-4.97882e-07
1.16822e-06
-3.7574e-06
7.01112e-06
1.03903e-06
-8.43137e-07
1.26064e-06
-3.11402e-08
1.2835e-06
8.00164e-07
1.12971e-06
9.87825e-07
9.44888e-07
7.41339e-07
8.25036e-07
4.02915e-07
7.7728e-07
1.61945e-07
7.76573e-07
1.84709e-08
8.00765e-07
-5.35301e-08
8.30778e-07
-4.13832e-08
8.50406e-07
4.93324e-08
8.55189e-07
1.55335e-07
8.54031e-07
2.08087e-07
8.61673e-07
1.7278e-07
8.83821e-07
1.04383e-07
9.19662e-07
-7.96962e-08
1.00061e-06
-9.98137e-08
9.75421e-07
-4.72676e-07
1.11501e-06
-3.89696e-06
8.12615e-06
9.22817e-07
-1.15021e-06
1.24719e-06
-3.55577e-07
1.35804e-06
6.89302e-07
1.23417e-06
1.11174e-06
1.02877e-06
9.46792e-07
8.74539e-07
5.57172e-07
8.02858e-07
2.33629e-07
7.89974e-07
3.13509e-08
8.08542e-07
-7.21044e-08
8.36499e-07
-6.93464e-08
8.56124e-07
2.97017e-08
8.62461e-07
1.48991e-07
8.65354e-07
2.05187e-07
8.80521e-07
1.57609e-07
9.14734e-07
7.01708e-08
9.61986e-07
-1.26941e-07
1.04861e-06
-1.86429e-07
1.02708e-06
-4.51131e-07
1.06314e-06
-3.933e-06
9.18932e-06
8.11225e-07
-1.50845e-06
1.23163e-06
-7.76045e-07
1.4312e-06
4.8973e-07
1.34841e-06
1.19458e-06
1.13039e-06
1.16487e-06
9.39634e-07
7.47962e-07
8.3712e-07
3.36148e-07
8.05835e-07
6.26303e-08
8.14252e-07
-8.05294e-08
8.36745e-07
-9.18481e-08
8.53363e-07
1.30758e-08
8.5809e-07
1.44255e-07
8.61541e-07
2.01726e-07
8.80496e-07
1.38648e-07
9.22898e-07
2.77682e-08
9.79229e-07
-1.83264e-07
1.06728e-06
-2.74468e-07
1.05252e-06
-4.36346e-07
1.0147e-06
-3.89516e-06
1.02041e-05
7.17264e-07
-1.90695e-06
1.21622e-06
-1.27505e-06
1.49896e-06
2.06986e-07
1.46759e-06
1.226e-06
1.24865e-06
1.38387e-06
1.02294e-06
9.73705e-07
8.83765e-07
4.75335e-07
8.27677e-07
1.18713e-07
8.2142e-07
-7.42831e-08
8.35573e-07
-1.06011e-07
8.47108e-07
1.53032e-09
8.48146e-07
1.43206e-07
8.49664e-07
2.00197e-07
8.6947e-07
1.18834e-07
9.16696e-07
-1.94596e-08
9.7971e-07
-2.46271e-07
1.06648e-06
-3.61225e-07
1.05895e-06
-4.28797e-07
9.69236e-07
-3.80541e-06
1.11733e-05
6.4741e-07
-2.33219e-06
1.20106e-06
-1.82875e-06
1.5561e-06
-1.48055e-07
1.58463e-06
1.19752e-06
1.3795e-06
1.58908e-06
1.12498e-06
1.22828e-06
9.45496e-07
6.54829e-07
8.58348e-07
2.05855e-07
8.32717e-07
-4.86638e-08
8.35793e-07
-1.09099e-07
8.40659e-07
-3.34825e-09
8.3663e-07
1.47221e-07
8.34466e-07
2.02348e-07
8.5287e-07
1.00421e-07
9.02168e-07
-6.87596e-08
9.69745e-07
-3.13842e-07
1.05415e-06
-4.45617e-07
1.05365e-06
-4.28273e-07
9.26648e-07
-3.67838e-06
1.21e-05
6.01896e-07
-2.77186e-06
1.18598e-06
-2.41287e-06
1.59822e-06
-5.60292e-07
1.69209e-06
1.10369e-06
1.5169e-06
1.76434e-06
1.24427e-06
1.50096e-06
1.02417e-06
8.74958e-07
9.00501e-07
3.29515e-07
8.50613e-07
1.21204e-09
8.397e-07
-9.82005e-08
8.36368e-07
-3.10616e-11
8.26197e-07
1.57377e-07
8.19062e-07
2.09469e-07
8.34283e-07
8.51892e-08
8.83387e-07
-1.17866e-07
9.53581e-07
-3.8403e-07
1.03519e-06
-5.27213e-07
1.04155e-06
-4.34607e-07
8.86915e-07
-3.52371e-06
1.2987e-05
5.75364e-07
-3.21867e-06
1.17116e-06
-3.0087e-06
1.62359e-06
-1.01271e-06
1.78376e-06
9.43564e-07
1.65381e-06
1.89438e-06
1.37754e-06
1.77729e-06
1.12061e-06
1.13193e-06
9.56657e-07
4.93464e-07
8.77682e-07
8.0173e-08
8.49501e-07
-7.00344e-08
8.36152e-07
1.33023e-08
8.1875e-07
1.74762e-07
8.0561e-07
2.22594e-07
8.16238e-07
7.45503e-08
8.6323e-07
-1.64862e-07
9.34242e-07
-4.55036e-07
1.01293e-06
-6.05884e-07
1.02603e-06
-4.47684e-07
8.49943e-07
-3.34758e-06
1.3837e-05
5.5943e-07
-3.67183e-06
1.15714e-06
-3.60643e-06
1.63365e-06
-1.48922e-06
1.8557e-06
7.21557e-07
1.78321e-06
1.96695e-06
1.51997e-06
2.0406e-06
1.23437e-06
1.41757e-06
1.02899e-06
6.98853e-07
9.16631e-07
1.92515e-07
8.67523e-07
-2.09435e-08
8.41825e-07
3.89834e-08
8.15886e-07
2.00684e-07
7.95893e-07
2.42572e-07
8.0087e-07
6.95623e-08
8.44097e-07
-2.08094e-07
9.14099e-07
-5.25033e-07
9.89746e-07
-6.81515e-07
1.0095e-06
-4.6741e-07
8.15652e-07
-3.1537e-06
1.46527e-05
5.48438e-07
-4.13407e-06
1.14514e-06
-4.20314e-06
1.63165e-06
-1.97572e-06
1.90645e-06
4.46793e-07
1.89904e-06
1.97443e-06
1.66575e-06
2.27397e-06
1.36355e-06
1.71981e-06
1.11896e-06
9.43452e-07
9.7015e-07
3.41318e-07
8.96292e-07
5.2897e-08
8.55365e-07
7.98919e-08
8.1929e-07
2.36742e-07
7.91762e-07
2.70085e-07
7.90406e-07
7.09064e-08
8.28431e-07
-2.46124e-07
8.95383e-07
-5.91981e-07
9.67613e-07
-7.53731e-07
9.93972e-07
-4.93745e-07
7.84139e-07
-2.94383e-06
1.5437e-05
5.39881e-07
-4.60788e-06
1.13612e-06
-4.79937e-06
1.6215e-06
-2.46108e-06
1.93677e-06
1.31571e-07
1.99675e-06
1.91453e-06
1.80868e-06
2.46213e-06
1.50482e-06
2.02373e-06
1.22704e-06
1.22125e-06
1.04067e-06
5.27679e-07
9.38533e-07
1.55019e-07
8.79121e-07
1.39285e-07
8.31086e-07
2.8476e-07
7.955e-07
3.05656e-07
7.87462e-07
7.89327e-08
8.18973e-07
-2.7764e-07
8.80481e-07
-6.53487e-07
9.48431e-07
-8.21667e-07
9.81721e-07
-5.27013e-07
7.56007e-07
-2.71808e-06
1.61931e-05
5.33649e-07
-5.09338e-06
1.13038e-06
-5.39607e-06
1.60707e-06
-2.93773e-06
1.9492e-06
-2.10509e-07
2.07365e-06
1.79016e-06
1.94285e-06
2.59302e-06
1.65365e-06
2.313e-06
1.35238e-06
1.52255e-06
1.13009e-06
7.49965e-07
9.97092e-07
2.88005e-07
9.15996e-07
2.20362e-07
8.54147e-07
3.46591e-07
8.10071e-07
3.49717e-07
7.95111e-07
9.38829e-08
8.18704e-07
-3.01238e-07
8.71933e-07
-7.06715e-07
9.34147e-07
-8.83869e-07
9.75983e-07
-5.68826e-07
7.33093e-07
-2.47515e-06
1.69262e-05
5.35008e-07
-5.58426e-06
1.12743e-06
-5.98845e-06
1.59107e-06
-3.40131e-06
1.9473e-06
-5.66674e-07
2.12895e-06
1.60857e-06
2.06308e-06
2.65897e-06
1.80463e-06
2.57153e-06
1.49278e-06
1.83443e-06
1.23952e-06
1.00324e-06
1.07481e-06
4.52697e-07
9.69532e-07
3.25622e-07
8.92282e-07
4.23824e-07
8.39251e-07
4.02734e-07
8.16778e-07
1.16348e-07
8.3051e-07
-3.14974e-07
8.72095e-07
-7.48299e-07
9.26687e-07
-9.38452e-07
9.81975e-07
-6.24091e-07
7.19403e-07
-2.21256e-06
1.76457e-05
5.36652e-07
-6.06622e-06
1.12562e-06
-6.57734e-06
1.57459e-06
-3.8502e-06
1.93465e-06
-9.26654e-07
2.16324e-06
1.38005e-06
2.16508e-06
2.65722e-06
1.95177e-06
2.78492e-06
1.64474e-06
2.14152e-06
1.36913e-06
1.27885e-06
1.17444e-06
6.4738e-07
1.04385e-06
4.56195e-07
9.50311e-07
5.17344e-07
8.87608e-07
4.65425e-07
8.56007e-07
1.47942e-07
8.56724e-07
-3.15695e-07
8.82495e-07
-7.74069e-07
9.27963e-07
-9.83912e-07
1.00782e-06
-7.03926e-07
7.24705e-07
-1.92943e-06
1.83705e-05
5.34117e-07
-6.55563e-06
1.11957e-06
-7.1627e-06
1.55721e-06
-4.28772e-06
1.91419e-06
-1.28354e-06
2.17718e-06
1.11715e-06
2.24448e-06
2.59e-06
2.08844e-06
2.94106e-06
1.80385e-06
2.42617e-06
1.51847e-06
1.56425e-06
1.29886e-06
8.66991e-07
1.14395e-06
6.11087e-07
1.03363e-06
6.27645e-07
9.59064e-07
5.39975e-07
9.14898e-07
1.92104e-07
8.97e-07
-2.97797e-07
9.05403e-07
-7.82471e-07
9.37084e-07
-1.01559e-06
1.06928e-06
-8.36096e-07
7.35753e-07
-1.59591e-06
1.91064e-05
2.17141e-06
-8.59947e-06
4.2641e-06
-9.25494e-06
5.96648e-06
-5.9895e-06
7.36367e-06
-2.68018e-06
8.62731e-06
-1.46075e-07
9.45831e-06
1.75937e-06
9.52514e-06
2.87459e-06
8.84334e-06
3.10829e-06
7.77173e-06
2.63605e-06
6.70843e-06
1.93032e-06
5.86532e-06
1.45413e-06
5.25711e-06
1.23576e-06
4.81681e-06
9.80223e-07
4.47902e-06
5.29875e-07
4.18714e-06
-5.89968e-09
4.0219e-06
-6.17215e-07
4.00774e-06
-1.00141e-06
4.95574e-06
-1.78403e-06
4.25394e-06
-8.94065e-07
1.71997e-05
2.03017e-06
-1.04787e-05
3.84868e-06
-1.10729e-05
5.28144e-06
-7.42166e-06
6.62776e-06
-4.02583e-06
8.05095e-06
-1.56866e-06
9.43593e-06
3.7487e-07
1.04036e-05
1.90728e-06
1.07094e-05
2.80287e-06
1.03882e-05
2.95763e-06
9.67052e-06
2.64814e-06
8.83369e-06
2.29096e-06
8.04857e-06
2.02077e-06
7.32605e-06
1.70265e-06
6.57995e-06
1.27595e-06
5.78457e-06
7.89528e-07
5.06705e-06
1.004e-07
4.88252e-06
-8.16813e-07
5.18128e-06
-2.08276e-06
2.61798e-06
1.66925e-06
1.94499e-05
1.73899e-06
-1.21874e-05
3.13948e-06
-1.24731e-05
4.25319e-06
-8.53505e-06
5.55509e-06
-5.32729e-06
7.09665e-06
-3.10969e-06
8.74997e-06
-1.27793e-06
1.02718e-05
3.85968e-07
1.14193e-05
1.6558e-06
1.20498e-05
2.32745e-06
1.21605e-05
2.53765e-06
1.18697e-05
2.58186e-06
1.13014e-05
2.589e-06
1.04567e-05
2.54719e-06
9.24829e-06
2.48429e-06
7.73051e-06
2.30732e-06
6.18126e-06
1.6498e-06
5.35404e-06
1.05893e-08
3.83745e-06
-5.66087e-07
-2.39408e-06
7.90001e-06
2.37074e-05
1.42573e-06
-1.3927e-05
2.38548e-06
-1.34326e-05
3.22341e-06
-9.37297e-06
4.46748e-06
-6.57125e-06
6.01814e-06
-4.66012e-06
7.69259e-06
-2.95205e-06
9.39743e-06
-1.3185e-06
1.10359e-05
1.77436e-08
1.24256e-05
9.38087e-07
1.34191e-05
1.54436e-06
1.39562e-05
2.04499e-06
1.39458e-05
2.59947e-06
1.3187e-05
3.30585e-06
1.15161e-05
4.15488e-06
9.11678e-06
4.70641e-06
6.52732e-06
4.23939e-06
4.63583e-06
1.90236e-06
-2.6267e-07
4.33239e-06
-8.12605e-06
1.57618e-05
2.5811e-05
1.26857e-06
-1.44785e-05
1.79985e-06
-1.39639e-05
2.45333e-06
-1.00266e-05
3.55739e-06
-7.67543e-06
4.88619e-06
-5.98893e-06
6.33028e-06
-4.39607e-06
7.94624e-06
-2.93432e-06
9.81073e-06
-1.84656e-06
1.18248e-05
-1.07568e-06
1.36735e-05
-3.04039e-07
1.50234e-05
6.95229e-07
1.54592e-05
2.1635e-06
1.45837e-05
4.18061e-06
1.22861e-05
6.45153e-06
8.96593e-06
8.02604e-06
5.50525e-06
7.70014e-06
1.86715e-06
5.54078e-06
-5.39979e-06
1.1599e-05
-1.19811e-05
2.23426e-05
2.36649e-05
8.68454e-07
-1.60052e-05
1.28325e-06
-1.43789e-05
1.77832e-06
-1.0522e-05
2.54583e-06
-8.44315e-06
3.38732e-06
-6.83055e-06
4.45183e-06
-5.46068e-06
6.05807e-06
-4.54062e-06
8.35574e-06
-4.14414e-06
1.09332e-05
-3.65283e-06
1.31771e-05
-2.54785e-06
1.45767e-05
-7.04943e-07
1.47586e-05
1.98032e-06
1.33677e-05
5.56973e-06
1.04549e-05
9.3627e-06
6.62345e-06
1.18567e-05
2.92078e-06
1.1403e-05
-2.87497e-06
1.13369e-05
-1.06864e-05
1.94106e-05
-1.30186e-05
2.46762e-05
1.75121e-05
7.44495e-07
-1.57157e-05
7.25057e-07
-1.43596e-05
8.71631e-07
-1.06689e-05
1.04997e-06
-8.62174e-06
1.3202e-06
-7.10099e-06
2.18583e-06
-6.32646e-06
3.95349e-06
-6.30811e-06
6.28525e-06
-6.47508e-06
8.50178e-06
-5.86866e-06
1.01773e-05
-4.22351e-06
1.09629e-05
-1.49125e-06
1.07341e-05
2.20779e-06
9.17103e-06
7.13134e-06
6.20086e-06
1.23316e-05
2.68495e-06
1.53722e-05
-1.41818e-06
1.55065e-05
-8.28541e-06
1.82048e-05
-1.35143e-05
2.46407e-05
-1.11704e-05
2.23347e-05
9.87134e-06
1.7e-07
-1.63895e-05
9.86702e-09
-1.41998e-05
-4.2093e-07
-1.02384e-05
-8.78006e-07
-8.16499e-06
-9.50889e-07
-7.02833e-06
-2.57084e-07
-7.01998e-06
9.46406e-07
-7.51033e-06
2.36212e-06
-7.88928e-06
3.99483e-06
-7.501e-06
5.36421e-06
-5.59329e-06
5.97965e-06
-2.10703e-06
5.64299e-06
2.54448e-06
3.92847e-06
8.84565e-06
1.23475e-06
1.50248e-05
-1.88459e-06
1.84916e-05
-6.47585e-06
2.00982e-05
-1.26689e-05
2.43991e-05
-1.36617e-05
2.56351e-05
-7.49092e-06
1.6166e-05
3.82741e-06
-1.51014e-08
-1.56721e-05
-1.01077e-06
-1.32045e-05
-1.91276e-06
-9.33688e-06
-2.78568e-06
-7.29246e-06
-3.18573e-06
-6.62818e-06
-3.3011e-06
-6.90338e-06
-3.15599e-06
-7.65372e-06
-2.10924e-06
-8.93554e-06
-3.20784e-07
-9.29005e-06
1.07553e-06
-6.99024e-06
1.42908e-06
-2.46078e-06
5.68438e-07
3.40559e-06
-1.29046e-06
1.07051e-05
-3.605e-06
1.73396e-05
-6.50495e-06
2.13919e-05
-1.14304e-05
2.50245e-05
-1.50516e-05
2.80216e-05
-1.19758e-05
2.25604e-05
-4.51318e-06
8.70409e-06
5.33427e-07
-5.99488e-07
-1.48436e-05
-1.98305e-06
-1.18213e-05
-3.2963e-06
-8.02411e-06
-4.43627e-06
-6.15277e-06
-5.38001e-06
-5.6838e-06
-6.35897e-06
-5.92296e-06
-6.66187e-06
-7.35005e-06
-5.62613e-06
-9.97164e-06
-4.04961e-06
-1.08672e-05
-3.07955e-06
-7.96104e-06
-3.0917e-06
-2.4489e-06
-4.11217e-06
4.42687e-06
-5.71193e-06
1.2306e-05
-7.6414e-06
1.92697e-05
-1.08767e-05
2.46278e-05
-1.50776e-05
2.92264e-05
-1.55019e-05
2.84467e-05
-9.87821e-06
1.69368e-05
-3.63579e-06
2.46146e-06
-1.28146e-06
-1.13156e-06
-1.36193e-05
-2.8151e-06
-1.01381e-05
-4.38397e-06
-6.45574e-06
-5.71317e-06
-4.82369e-06
-6.98573e-06
-4.41048e-06
-8.30144e-06
-4.60628e-06
-9.00334e-06
-6.64793e-06
-8.70326e-06
-1.02718e-05
-7.82402e-06
-1.17467e-05
-7.05756e-06
-8.72844e-06
-7.02621e-06
-2.48075e-06
-7.79604e-06
5.19783e-06
-9.02772e-06
1.35392e-05
-1.10157e-05
2.12584e-05
-1.43048e-05
2.79176e-05
-1.67973e-05
3.17196e-05
-1.47052e-05
2.63545e-05
-8.80895e-06
1.104e-05
-4.40407e-06
-1.94344e-06
-3.08447e-06
-1.6582e-06
-1.17892e-05
-3.4718e-06
-8.32482e-06
-5.12989e-06
-4.79813e-06
-6.45469e-06
-3.49896e-06
-7.6218e-06
-3.24276e-06
-8.91047e-06
-3.31699e-06
-1.01728e-05
-5.38539e-06
-1.09793e-05
-9.46498e-06
-1.10086e-05
-1.17171e-05
-1.04849e-05
-9.25316e-06
-1.02055e-05
-2.76129e-06
-1.05878e-05
5.58076e-06
-1.1613e-05
1.45659e-05
-1.36016e-05
2.32478e-05
-1.60894e-05
3.04061e-05
-1.65444e-05
3.21745e-05
-1.31883e-05
2.29974e-05
-8.37706e-06
6.22808e-06
-5.3719e-06
-4.94868e-06
-5.0099e-06
-2.23971e-06
-1.09604e-05
-3.90755e-06
-6.65731e-06
-5.55128e-06
-3.15487e-06
-6.78809e-06
-2.26225e-06
-7.59698e-06
-2.43342e-06
-8.47225e-06
-2.44127e-06
-9.98976e-06
-3.86766e-06
-1.18905e-05
-7.56361e-06
-1.3168e-05
-1.04388e-05
-1.33157e-05
-9.10593e-06
-1.29871e-05
-3.09183e-06
-1.30202e-05
5.61328e-06
-1.36773e-05
1.5224e-05
-1.4987e-05
2.45581e-05
-1.5882e-05
3.13011e-05
-1.4517e-05
3.08088e-05
-1.09182e-05
1.93972e-05
-7.4404e-06
2.74983e-06
-5.40949e-06
-6.97978e-06
-6.48276e-06
-2.39581e-06
-9.52229e-06
-4.02847e-06
-5.02495e-06
-5.65363e-06
-1.5302e-06
-6.94664e-06
-9.69436e-07
-7.57094e-06
-1.80878e-06
-7.84498e-06
-2.16681e-06
-8.92028e-06
-2.79225e-06
-1.13162e-05
-5.16728e-06
-1.38701e-05
-7.88355e-06
-1.52043e-05
-7.77114e-06
-1.52722e-05
-3.02564e-06
-1.50223e-05
5.36133e-06
-1.49237e-05
1.51254e-05
-1.47969e-05
2.44314e-05
-1.37118e-05
3.02157e-05
-1.09542e-05
2.80499e-05
-7.73392e-06
1.61754e-05
-5.58633e-06
6.01569e-07
-4.68123e-06
-7.88484e-06
-7.27437e-06
-2.36889e-06
-8.19389e-06
-3.87045e-06
-3.52365e-06
-5.3471e-06
-5.40084e-08
-6.7775e-06
4.60646e-07
-7.68511e-06
-9.01001e-07
-7.84105e-06
-2.01043e-06
-8.15457e-06
-2.47854e-06
-9.9258e-06
-3.39599e-06
-1.29454e-05
-4.86291e-06
-1.55121e-05
-5.20246e-06
-1.63867e-05
-2.15104e-06
-1.59382e-05
4.91026e-06
-1.48363e-05
1.40218e-05
-1.29535e-05
2.25482e-05
-9.94395e-06
2.72052e-05
-6.12683e-06
2.42311e-05
-2.86806e-06
1.2915e-05
-1.5778e-06
-6.89149e-07
-2.33442e-06
-7.12797e-06
-6.84431e-06
-2.13673e-06
-5.51642e-06
-3.5595e-06
-2.1011e-06
-4.65023e-06
1.03634e-06
-5.88713e-06
1.69717e-06
-7.10659e-06
3.18413e-07
-7.76729e-06
-1.34944e-06
-8.02681e-06
-2.21868e-06
-8.84295e-06
-2.57968e-06
-1.09797e-05
-2.7258e-06
-1.38021e-05
-2.37825e-06
-1.55322e-05
-4.18335e-07
-1.52216e-05
4.59956e-06
-1.32178e-05
1.20155e-05
-9.78759e-06
1.91161e-05
-5.21264e-06
2.26286e-05
-7.72437e-07
1.97888e-05
2.55815e-06
9.58287e-06
2.90701e-06
-1.03776e-06
1.44565e-06
-5.66601e-06
-5.22712e-06
-2.47935e-06
-4.11668e-06
-3.39979e-06
-1.18083e-06
-3.91202e-06
1.54828e-06
-4.55404e-06
2.33888e-06
-5.5234e-06
1.28763e-06
-6.4942e-06
-3.78546e-07
-7.24353e-06
-1.4691e-06
-7.96083e-06
-1.86211e-06
-9.1299e-06
-1.55646e-06
-1.09339e-05
-5.73478e-07
-1.25853e-05
1.23532e-06
-1.2569e-05
4.58627e-06
-1.02672e-05
9.71458e-06
-5.95712e-06
1.48049e-05
-5.21622e-07
1.71916e-05
4.77321e-06
1.44926e-05
7.68064e-06
6.67548e-06
7.4206e-06
-7.76448e-07
5.70702e-06
-3.95167e-06
-3.26892e-06
-2.78853e-06
-2.27656e-06
-3.38876e-06
-5.80748e-07
-3.36812e-06
1.52742e-06
-3.47661e-06
2.44715e-06
-3.88031e-06
1.6912e-06
-4.57493e-06
3.16103e-07
-5.47745e-06
-5.6643e-07
-6.37643e-06
-9.62986e-07
-7.32039e-06
-6.12381e-07
-8.3237e-06
4.30015e-07
-8.9735e-06
1.88585e-06
-8.56069e-06
4.17568e-06
-6.39166e-06
7.54882e-06
-2.04583e-06
1.04615e-05
3.63658e-06
1.15107e-05
8.752e-06
9.37878e-06
1.12856e-05
4.14396e-06
1.06807e-05
-1.7003e-07
8.98905e-06
-2.25957e-06
-1.78235e-06
-3.53263e-06
-9.09042e-07
-3.81516e-06
-2.98306e-07
-3.13494e-06
8.47006e-07
-3.06653e-06
2.37857e-06
-2.9492e-06
1.57373e-06
-3.20251e-06
5.69367e-07
-4.29248e-06
5.2355e-07
-5.25031e-06
-5.16684e-09
-5.98136e-06
1.18612e-07
-6.57823e-06
1.02677e-06
-6.37203e-06
1.67961e-06
-4.97505e-06
2.77904e-06
-2.82171e-06
5.3969e-06
1.0765e-06
6.56563e-06
6.24743e-06
6.3422e-06
1.05734e-05
5.05509e-06
1.28258e-05
1.8931e-06
1.19453e-05
7.11042e-07
1.05235e-05
-8.37764e-07
-7.98467e-07
-3.29373e-06
-3.30923e-06
-2.37022e-06
-3.63452e-06
-3.48325e-06
-3.32542e-06
-4.77862e-06
-5.42288e-06
-5.67075e-06
-6.1517e-06
-5.20465e-06
-3.21575e-06
-1.05251e-06
2.32673e-06
6.88962e-06
9.69488e-06
1.2271e-05
1.00943e-05
9.72844e-06
-1.00864e-06
1.00865e-06
9.80518e-08
-1.1067e-06
7.0481e-07
-6.06756e-07
5.97298e-07
1.0752e-07
3.85507e-07
2.11796e-07
2.54592e-07
1.30904e-07
2.12277e-07
4.22776e-08
2.00541e-07
1.16851e-08
1.80067e-07
2.04399e-08
1.66355e-07
1.37034e-08
1.70176e-07
-3.81797e-09
1.75764e-07
-5.58437e-09
1.63781e-07
1.19842e-08
1.19141e-07
4.46402e-08
3.39436e-08
8.51973e-08
-8.14293e-08
1.15373e-07
-2.0112e-07
1.1969e-07
-2.86579e-07
8.54595e-08
-3.19066e-07
3.24863e-08
1.19766e-10
-1.42403e-06
2.43269e-06
3.42097e-07
-2.87283e-06
1.35177e-06
-1.61642e-06
1.37548e-06
8.38151e-08
1.03166e-06
5.5562e-07
7.09828e-07
4.52734e-07
5.46863e-07
2.05209e-07
4.80984e-07
7.75125e-08
4.32244e-07
6.91425e-08
4.06145e-07
3.97909e-08
4.03678e-07
-1.34853e-09
3.82573e-07
1.5525e-08
2.96869e-07
9.76888e-08
1.16435e-07
2.25074e-07
-1.5662e-07
3.58252e-07
-4.76916e-07
4.35669e-07
-7.66376e-07
4.0915e-07
-9.52046e-07
2.71129e-07
-1.02059e-06
1.01031e-07
4.53344e-09
-1.36873e-06
3.80143e-06
4.88965e-07
-4.73055e-06
1.49371e-06
-2.62116e-06
1.70109e-06
-1.23562e-07
1.4492e-06
8.07527e-07
1.07232e-06
8.29612e-07
8.11854e-07
4.65645e-07
6.79889e-07
2.09427e-07
6.02534e-07
1.46455e-07
5.63242e-07
7.9067e-08
5.37207e-07
2.4688e-08
4.56793e-07
9.5944e-08
2.5793e-07
2.96553e-07
-8.80023e-08
5.71007e-07
-5.47673e-07
8.17923e-07
-1.03001e-06
9.18004e-07
-1.42418e-06
8.0332e-07
-1.65944e-06
5.06388e-07
-1.74494e-06
1.86532e-07
1.25819e-08
-1.24955e-06
5.05099e-06
4.88349e-07
-6.46846e-06
1.3659e-06
-3.49871e-06
1.69796e-06
-4.55607e-07
1.61885e-06
8.86648e-07
1.30174e-06
1.14672e-06
1.00464e-06
7.62731e-07
8.17634e-07
3.9638e-07
7.09544e-07
2.54498e-07
6.50228e-07
1.38363e-07
5.82393e-07
9.25244e-08
4.13298e-07
2.65044e-07
7.11247e-08
6.38727e-07
-4.50014e-07
1.09215e-06
-1.06973e-06
1.43764e-06
-1.65864e-06
1.50691e-06
-2.10287e-06
1.24755e-06
-2.35448e-06
7.57994e-07
-2.44451e-06
2.76559e-07
2.19376e-08
-1.14658e-06
6.19757e-06
3.853e-07
-8.00037e-06
1.11696e-06
-4.23037e-06
1.51849e-06
-8.57115e-07
1.59845e-06
8.06693e-07
1.39405e-06
1.35113e-06
1.11762e-06
1.03915e-06
9.01293e-07
6.12664e-07
7.65872e-07
3.89869e-07
6.78517e-07
2.25696e-07
5.4946e-07
2.21582e-07
2.64693e-07
5.49816e-07
-2.38524e-07
1.14195e-06
-9.21128e-07
1.77475e-06
-1.65462e-06
2.17114e-06
-2.29448e-06
2.14676e-06
-2.74731e-06
1.70039e-06
-2.99414e-06
1.00483e-06
-3.08036e-06
3.62779e-07
3.03498e-08
-1.05975e-06
7.25732e-06
2.3606e-07
-9.29619e-06
8.42606e-07
-4.83691e-06
1.27776e-06
-1.29226e-06
1.46486e-06
6.19609e-07
1.37389e-06
1.44212e-06
1.15196e-06
1.26106e-06
9.33361e-07
8.31225e-07
7.78617e-07
5.44562e-07
6.5521e-07
3.49079e-07
4.44494e-07
4.323e-07
2.33084e-08
9.71006e-07
-6.41628e-07
1.80688e-06
-1.45083e-06
2.58395e-06
-2.24427e-06
2.96458e-06
-2.88728e-06
2.78977e-06
-3.31967e-06
2.13278e-06
-3.54804e-06
1.2332e-06
-3.6243e-06
4.39039e-07
3.57831e-08
-9.82948e-07
8.24027e-06
7.62559e-08
-1.03554e-05
5.95483e-07
-5.35613e-06
1.04253e-06
-1.7393e-06
1.27913e-06
3.83025e-07
1.2755e-06
1.44576e-06
1.11845e-06
1.4181e-06
9.17379e-07
1.03226e-06
7.51692e-07
7.10199e-07
5.83364e-07
5.17385e-07
2.70326e-07
7.4534e-07
-3.01209e-07
1.54254e-06
-1.10481e-06
2.61048e-06
-1.99248e-06
3.47163e-06
-2.79381e-06
3.76591e-06
-3.40275e-06
3.39872e-06
-3.79454e-06
2.52456e-06
-3.99457e-06
1.43323e-06
-4.05578e-06
5.00254e-07
3.63464e-08
-9.12382e-07
9.15264e-06
-6.19013e-08
-1.12059e-05
3.90043e-07
-5.80807e-06
8.32981e-07
-2.18224e-06
1.07515e-06
1.40868e-07
1.12903e-06
1.39189e-06
1.03271e-06
1.51441e-06
8.59542e-07
1.20539e-06
6.87735e-07
8.81959e-07
4.63303e-07
7.41796e-07
3.07172e-08
1.17793e-06
-6.8604e-07
2.25931e-06
-1.59276e-06
3.5172e-06
-2.50668e-06
4.38554e-06
-3.27098e-06
4.53021e-06
-3.81804e-06
3.94578e-06
-4.1543e-06
2.86082e-06
-4.3178e-06
1.59673e-06
-4.35941e-06
5.41861e-07
3.00968e-08
-8.45703e-07
9.99834e-06
-1.8591e-07
-1.18657e-05
2.1417e-07
-6.20815e-06
6.40399e-07
-2.60846e-06
8.65055e-07
-8.37818e-08
9.55995e-07
1.30096e-06
9.10558e-07
1.55984e-06
7.67654e-07
1.34826e-06
5.88733e-07
1.06084e-06
2.93827e-07
1.03668e-06
-2.68878e-07
1.74064e-06
-1.10916e-06
3.09959e-06
-2.07226e-06
4.4803e-06
-2.96262e-06
5.2759e-06
-3.65371e-06
5.2213e-06
-4.11798e-06
4.41005e-06
-4.38665e-06
3.1295e-06
-4.50622e-06
1.71629e-06
-4.5239e-06
5.59545e-07
1.4848e-08
-7.82133e-07
1.07805e-05
-2.99766e-07
-1.23481e-05
4.503e-08
-6.55295e-06
4.49732e-07
-3.01317e-06
6.51799e-07
-2.85845e-07
7.70791e-07
1.18198e-06
7.6535e-07
1.56528e-06
6.49312e-07
1.46426e-06
4.55733e-07
1.25438e-06
7.45164e-08
1.41789e-06
-6.15127e-07
2.43029e-06
-1.54477e-06
4.02923e-06
-2.51462e-06
5.45015e-06
-3.3379e-06
6.09918e-06
-3.92767e-06
5.81107e-06
-4.29313e-06
4.77551e-06
-4.48408e-06
3.32045e-06
-4.55293e-06
1.78514e-06
-4.54251e-06
5.49131e-07
-1.19758e-08
-7.25385e-07
1.15058e-05
-3.99755e-07
-1.26737e-05
-1.04091e-07
-6.84861e-06
2.54437e-07
-3.3717e-06
4.40443e-07
-4.7185e-07
5.83594e-07
1.03883e-06
6.07101e-07
1.54176e-06
5.10251e-07
1.56108e-06
2.88325e-07
1.47627e-06
-1.91751e-07
1.89796e-06
-9.92083e-07
3.23062e-06
-1.96781e-06
5.00496e-06
-2.89698e-06
6.37931e-06
-3.61743e-06
6.81964e-06
-4.08478e-06
6.27842e-06
-4.33953e-06
5.03026e-06
-4.44489e-06
3.42581e-06
-4.45715e-06
1.7974e-06
-4.41473e-06
5.0671e-07
-5.38654e-08
-6.7483e-07
1.21806e-05
-4.93682e-07
-1.28549e-05
-2.51052e-07
-7.09124e-06
6.50168e-08
-3.68777e-06
2.4047e-07
-6.47304e-07
4.01285e-07
8.78015e-07
4.42254e-07
1.50078e-06
3.53395e-07
1.64991e-06
8.48975e-08
1.74474e-06
-4.98334e-07
2.48119e-06
-1.38019e-06
4.11248e-06
-2.35601e-06
5.98078e-06
-3.20249e-06
7.22579e-06
-3.79246e-06
7.40961e-06
-4.12281e-06
6.60877e-06
-4.25967e-06
5.16712e-06
-4.27517e-06
3.4413e-06
-4.22663e-06
1.74886e-06
-4.14826e-06
4.28347e-07
-1.15368e-07
-6.29764e-07
1.28104e-05
-5.85762e-07
-1.28989e-05
-4.01377e-07
-7.27563e-06
-1.24215e-07
-3.96493e-06
5.89322e-08
-8.30453e-07
2.26543e-07
7.10402e-07
2.73813e-07
1.4535e-06
1.78639e-07
1.74505e-06
-1.55161e-07
2.07852e-06
-8.34208e-07
3.16023e-06
-1.75963e-06
5.03791e-06
-2.69105e-06
6.9122e-06
-3.42009e-06
7.95482e-06
-3.86008e-06
7.8496e-06
-4.0459e-06
6.79459e-06
-4.06431e-06
5.18553e-06
-3.99131e-06
3.3683e-06
-3.88027e-06
1.63782e-06
-3.76155e-06
3.09628e-07
-2.02586e-07
-5.899e-07
1.34003e-05
-6.78269e-07
-1.28105e-05
-5.52654e-07
-7.40125e-06
-3.02191e-07
-4.2154e-06
-1.05316e-07
-1.02733e-06
5.81701e-08
5.46913e-07
1.01694e-07
1.40996e-06
-1.75063e-08
1.86423e-06
-4.29946e-07
2.49094e-06
-1.18445e-06
3.91474e-06
-2.11201e-06
5.96547e-06
-2.95906e-06
7.75925e-06
-3.54411e-06
8.53987e-06
-3.82314e-06
8.12863e-06
-3.86549e-06
6.83694e-06
-3.77402e-06
5.09406e-06
-3.622e-06
3.21629e-06
-3.4504e-06
1.46622e-06
-3.28557e-06
1.44799e-07
-3.23795e-07
-5.55056e-07
1.39553e-05
-7.73076e-07
-1.25925e-05
-7.05814e-07
-7.46851e-06
-4.72145e-07
-4.44907e-06
-2.63122e-07
-1.23636e-06
-1.11157e-07
3.94941e-07
-7.80635e-08
1.37685e-06
-2.42709e-07
2.02885e-06
-7.33588e-07
2.98182e-06
-1.53274e-06
4.71389e-06
-2.4215e-06
6.85424e-06
-3.15074e-06
8.48849e-06
-3.57403e-06
8.96316e-06
-3.69048e-06
8.24508e-06
-3.60087e-06
6.74732e-06
-3.41962e-06
4.91281e-06
-3.20832e-06
3.00498e-06
-2.98278e-06
1.24068e-06
-2.76338e-06
-7.46027e-08
-4.8951e-07
-5.25144e-07
1.44804e-05
-8.71794e-07
-1.22459e-05
-8.63256e-07
-7.47705e-06
-6.44809e-07
-4.66752e-06
-4.24114e-07
-1.45706e-06
-2.83536e-07
2.54356e-07
-2.73522e-07
1.36682e-06
-4.96949e-07
2.25226e-06
-1.05513e-06
3.53999e-06
-1.86301e-06
5.52177e-06
-2.67551e-06
7.66674e-06
-3.26124e-06
9.07422e-06
-3.51429e-06
9.21621e-06
-3.47677e-06
8.20755e-06
-3.27836e-06
6.5489e-06
-3.03969e-06
4.67413e-06
-2.79955e-06
2.76484e-06
-2.53256e-06
9.73692e-07
-2.24655e-06
-3.6061e-07
-7.12101e-07
-5.00764e-07
1.49811e-05
-9.75204e-07
-1.17714e-05
-1.02655e-06
-7.4257e-06
-8.27782e-07
-4.86629e-06
-5.97526e-07
-1.68732e-06
-4.67994e-07
1.24816e-07
-4.92941e-07
1.39176e-06
-7.78706e-07
2.53802e-06
-1.38099e-06
4.14228e-06
-2.16068e-06
6.30146e-06
-2.86497e-06
8.37103e-06
-3.29001e-06
9.49925e-06
-3.37404e-06
9.30024e-06
-3.2017e-06
8.03521e-06
-2.92858e-06
6.27577e-06
-2.67425e-06
4.41979e-06
-2.44266e-06
2.53324e-06
-2.15186e-06
6.82895e-07
-1.78615e-06
-7.2632e-07
-1.00421e-06
-4.83181e-07
1.54643e-05
-1.08325e-06
-1.11714e-05
-1.19613e-06
-7.31282e-06
-1.02557e-06
-5.03686e-06
-7.9213e-07
-1.92077e-06
-6.74548e-07
7.22799e-09
-7.40801e-07
1.458e-06
-1.08023e-06
2.87744e-06
-1.69655e-06
4.7586e-06
-2.41337e-06
7.01827e-06
-2.98449e-06
8.94216e-06
-3.24064e-06
9.7554e-06
-3.16658e-06
9.22617e-06
-2.88823e-06
7.75684e-06
-2.58192e-06
5.96944e-06
-2.35618e-06
4.19403e-06
-2.16882e-06
2.34588e-06
-1.87256e-06
3.86625e-07
-1.41809e-06
-1.18078e-06
-1.37437e-06
-4.77883e-07
1.59421e-05
-1.19649e-06
-1.04528e-05
-1.37036e-06
-7.13895e-06
-1.23772e-06
-5.1695e-06
-1.01329e-06
-2.1452e-06
-9.09041e-07
-9.70244e-08
-1.01474e-06
1.56369e-06
-1.38914e-06
3.25184e-06
-1.98737e-06
5.35684e-06
-2.61144e-06
7.64234e-06
-3.03233e-06
9.36305e-06
-3.12053e-06
9.8436e-06
-2.90846e-06
9.01409e-06
-2.56023e-06
7.4086e-06
-2.26402e-06
5.67321e-06
-2.10428e-06
4.03427e-06
-1.98492e-06
2.2265e-06
-1.6961e-06
9.78051e-08
-1.15374e-06
-1.72313e-06
-1.82165e-06
-4.31093e-07
1.63731e-05
-1.32122e-06
-9.56263e-06
-1.5364e-06
-6.92377e-06
-1.45584e-06
-5.25006e-06
-1.25775e-06
-2.34329e-06
-1.1726e-06
-1.8218e-07
-1.30471e-06
1.69579e-06
-1.68862e-06
3.63575e-06
-2.23995e-06
5.90816e-06
-2.74973e-06
8.15212e-06
-3.01143e-06
9.62475e-06
-2.9404e-06
9.77257e-06
-2.61884e-06
8.69251e-06
-2.24252e-06
7.03225e-06
-1.9951e-06
5.42575e-06
-1.92182e-06
3.96096e-06
-1.87482e-06
2.17948e-06
-1.59914e-06
-1.77877e-07
-9.91011e-07
-2.33127e-06
-2.33747e-06
-4.73164e-06
7.38875e-06
-6.35856e-06
-7.93565e-06
-7.26995e-06
-6.01236e-06
-7.64452e-06
-4.87549e-06
-7.4484e-06
-2.53941e-06
-7.52225e-06
-1.08336e-07
-8.10049e-06
2.27403e-06
-9.20678e-06
4.74204e-06
-1.03747e-05
7.07605e-06
-1.09548e-05
8.73224e-06
-1.05297e-05
9.19964e-06
-9.2094e-06
8.45214e-06
-7.6068e-06
7.08974e-06
-6.46884e-06
5.89404e-06
-6.20317e-06
5.15981e-06
-6.62234e-06
4.37993e-06
-6.89047e-06
2.44751e-06
-5.88185e-06
-1.18654e-06
-3.32834e-06
-4.88486e-06
-4.77841e-06
-5.09461e-06
1.94099e-06
-7.12255e-06
-5.90764e-06
-8.51571e-06
-4.61917e-06
-9.45285e-06
-3.93834e-06
-9.82429e-06
-2.16797e-06
-9.97876e-06
4.61257e-08
-1.00822e-05
2.37751e-06
-1.00817e-05
4.74149e-06
-9.68403e-06
6.67837e-06
-8.64631e-06
7.69446e-06
-7.03817e-06
7.59138e-06
-5.3246e-06
6.73834e-06
-4.12424e-06
5.88901e-06
-3.78049e-06
5.54985e-06
-4.21605e-06
5.59495e-06
-5.03422e-06
5.19782e-06
-5.60117e-06
3.01427e-06
-5.08977e-06
-1.6981e-06
-3.02795e-06
-6.94686e-06
-7.18001e-06
-4.12076e-06
3.53006e-07
-6.52473e-06
-3.5036e-06
-7.96847e-06
-3.17538e-06
-9.08774e-06
-2.81906e-06
-9.61629e-06
-1.63942e-06
-9.56237e-06
-7.8116e-09
-9.10761e-06
1.92273e-06
-8.22237e-06
3.85622e-06
-6.87955e-06
5.33549e-06
-5.19615e-06
6.01095e-06
-3.49345e-06
5.88845e-06
-2.25148e-06
5.49602e-06
-1.76947e-06
5.40653e-06
-1.90442e-06
5.68427e-06
-2.33179e-06
6.02186e-06
-2.85493e-06
5.72063e-06
-3.38827e-06
3.54739e-06
-3.57211e-06
-1.51446e-06
-2.43958e-06
-8.07954e-06
-9.23473e-06
-3.84015e-06
2.64826e-07
-5.40666e-06
-1.93703e-06
-6.47868e-06
-2.1033e-06
-7.28325e-06
-2.01446e-06
-7.55453e-06
-1.36815e-06
-7.22056e-06
-3.41811e-07
-6.33132e-06
1.03343e-06
-4.97894e-06
2.50376e-06
-3.35497e-06
3.7114e-06
-1.77562e-06
4.43141e-06
-5.83106e-07
4.69563e-06
-9.29649e-08
5.00544e-06
-2.34136e-07
5.54716e-06
-5.27438e-07
5.97705e-06
-6.35228e-07
6.12923e-06
-6.5306e-07
5.7382e-06
-1.00229e-06
3.89646e-06
-1.76536e-06
-7.51533e-07
-1.67767e-06
-8.16728e-06
-1.05821e-05
-3.51688e-06
4.59481e-07
-4.57243e-06
-8.81398e-07
-5.33219e-06
-1.34346e-06
-5.69781e-06
-1.64877e-06
-5.45562e-06
-1.6103e-06
-4.64068e-06
-1.15675e-06
-3.33037e-06
-2.7693e-07
-1.7575e-06
9.3079e-07
-2.378e-07
2.19154e-06
9.55538e-07
3.23782e-06
1.49019e-06
4.1606e-06
1.29072e-06
5.20439e-06
7.12358e-07
6.12495e-06
3.85152e-07
6.30377e-06
5.53902e-07
5.96016e-06
9.00628e-07
5.39131e-06
6.47793e-07
4.14922e-06
-3.66535e-07
2.62705e-07
-8.1896e-07
-7.71482e-06
-1.14124e-05
-3.41225e-06
9.66848e-07
-4.48591e-06
1.92396e-07
-5.35816e-06
-4.71035e-07
-5.62853e-06
-1.37821e-06
-5.0351e-06
-2.20354e-06
-3.65789e-06
-2.53383e-06
-1.78346e-06
-2.15131e-06
2.06545e-07
-1.05926e-06
1.84443e-06
5.53525e-07
2.71102e-06
2.37097e-06
2.7184e-06
4.15279e-06
2.03286e-06
5.88935e-06
1.17831e-06
6.9789e-06
8.34253e-07
6.64742e-06
1.13179e-06
5.6624e-06
1.55149e-06
4.97152e-06
1.18264e-06
4.51801e-06
2.98395e-07
1.1469e-06
-3.27055e-07
-7.0893e-06
-1.17459e-05
-3.62395e-06
2.04368e-06
-5.24586e-06
1.8145e-06
-6.59077e-06
8.7421e-07
-6.99931e-06
-9.69222e-07
-6.26979e-06
-2.93254e-06
-4.63869e-06
-4.16445e-06
-2.3992e-06
-4.39044e-06
1.36852e-07
-3.59515e-06
2.30959e-06
-1.61926e-06
3.34012e-06
1.34024e-06
3.17655e-06
4.31592e-06
2.24221e-06
6.82307e-06
1.25121e-06
7.96933e-06
8.99459e-07
6.99886e-06
1.20675e-06
5.35496e-06
1.51286e-06
4.66534e-06
1.0957e-06
4.9351e-06
5.27875e-07
1.7147e-06
-6.95648e-08
-6.49179e-06
-1.17827e-05
-4.65129e-06
4.11829e-06
-7.06522e-06
4.22873e-06
-8.6314e-06
2.4409e-06
-8.78357e-06
-8.16377e-07
-7.70987e-06
-4.00548e-06
-5.932e-06
-5.94153e-06
-3.77394e-06
-6.54775e-06
-1.21949e-06
-6.14907e-06
1.38843e-06
-4.22696e-06
2.96651e-06
-2.37956e-07
3.00123e-06
4.2808e-06
2.06321e-06
7.76049e-06
1.05425e-06
8.97779e-06
6.7368e-07
7.37922e-06
9.00375e-07
5.12818e-06
1.07747e-06
4.48817e-06
8.16028e-07
5.19644e-06
6.6847e-07
1.86225e-06
1.58128e-07
-5.98142e-06
-1.16749e-05
-6.39334e-06
7.18209e-06
-9.09357e-06
6.92929e-06
-1.02102e-05
3.55799e-06
-9.55917e-06
-1.46693e-06
-7.78656e-06
-5.7776e-06
-5.80853e-06
-7.91896e-06
-4.17132e-06
-8.18419e-06
-2.36388e-06
-7.95572e-06
-2.81376e-09
-6.58752e-06
2.03846e-06
-2.27918e-06
2.44565e-06
3.8733e-06
1.70334e-06
8.50229e-06
7.67174e-07
9.91357e-06
3.02131e-07
7.84415e-06
3.86152e-07
5.04413e-06
5.73798e-07
4.30046e-06
6.73929e-07
5.09622e-06
8.79855e-07
1.65633e-06
3.93459e-07
-5.495e-06
-1.1692e-05
-7.92264e-06
1.04933e-05
-1.01321e-05
9.13892e-06
-1.03876e-05
3.81351e-06
-8.94267e-06
-2.91184e-06
-6.43567e-06
-8.28467e-06
-3.97841e-06
-1.03762e-05
-2.75121e-06
-9.41112e-06
-2.26876e-06
-8.43747e-06
-9.39623e-07
-7.91598e-06
9.71174e-07
-4.18971e-06
1.78762e-06
3.05669e-06
1.37648e-06
8.91305e-06
5.91034e-07
1.06988e-05
4.97546e-09
8.43016e-06
-9.42238e-08
5.14334e-06
2.27977e-07
3.97826e-06
7.70738e-07
4.55342e-06
1.10832e-06
1.31875e-06
4.00327e-07
-4.787e-06
-1.00101e-05
-8.40996e-06
1.32223e-05
-9.78303e-06
1.05119e-05
-9.38417e-06
3.41455e-06
-7.55385e-06
-4.74224e-06
-4.65896e-06
-1.11797e-05
-1.73571e-06
-1.32997e-05
-3.42619e-07
-1.08046e-05
-8.33728e-07
-7.94612e-06
-1.08689e-06
-7.66219e-06
1.04611e-07
-5.38081e-06
1.19713e-06
1.96416e-06
1.19016e-06
8.91979e-06
6.7034e-07
1.12184e-05
3.87576e-08
9.06171e-06
-2.62386e-07
5.44452e-06
1.17522e-07
3.59842e-06
9.56432e-07
3.71453e-06
1.37984e-06
8.95349e-07
9.73292e-07
-4.38047e-06
-1.00364e-05
-7.40912e-06
1.48591e-05
-7.8352e-06
1.09378e-05
-6.96955e-06
2.54888e-06
-4.99774e-06
-6.71394e-06
-2.19573e-06
-1.39815e-05
4.24467e-07
-1.59199e-05
1.90179e-06
-1.22822e-05
1.10236e-06
-7.14699e-06
-5.05792e-07
-6.05366e-06
-4.00978e-07
-5.48526e-06
6.26152e-07
9.37094e-07
1.0836e-06
8.46228e-06
9.79669e-07
1.13223e-05
4.90006e-07
9.55136e-06
5.84943e-08
5.87606e-06
2.83165e-07
3.37382e-06
1.14115e-06
2.85659e-06
1.56889e-06
4.6762e-07
1.16316e-06
-3.97475e-06
-8.59817e-06
-4.85237e-06
1.52158e-05
-4.27257e-06
1.03579e-05
-2.96858e-06
1.2449e-06
-9.42459e-07
-8.7399e-06
1.24129e-06
-1.61651e-05
2.91365e-06
-1.75922e-05
3.56154e-06
-1.29302e-05
2.50547e-06
-6.09131e-06
1.82196e-07
-3.73035e-06
-7.68057e-07
-4.53475e-06
-4.55575e-08
2.14681e-07
8.63659e-07
7.55308e-06
1.30059e-06
1.08854e-05
1.16757e-06
9.6844e-06
7.69709e-07
6.27394e-06
7.58033e-07
3.38553e-06
1.38078e-06
2.23388e-06
1.74194e-06
1.06439e-07
1.54102e-06
-3.77385e-06
-8.75291e-06
-1.20141e-06
1.44688e-05
2.36078e-07
8.92021e-06
1.96256e-06
-4.8165e-07
3.50842e-06
-1.02856e-05
4.79649e-06
-1.7453e-05
5.31243e-06
-1.81081e-05
4.67561e-06
-1.22935e-05
2.93511e-06
-4.35107e-06
3.83783e-07
-1.17917e-06
-1.19251e-06
-2.95835e-06
-9.83067e-07
5.28324e-09
3.18119e-07
6.25194e-06
1.34036e-06
9.86323e-06
1.73316e-06
9.29164e-06
1.5854e-06
6.42173e-06
1.41205e-06
3.55889e-06
1.70988e-06
1.93605e-06
1.89966e-06
-8.33666e-08
1.54194e-06
-3.41615e-06
-7.17956e-06
3.19115e-06
1.27315e-05
5.17892e-06
6.93222e-06
6.62937e-06
-1.93218e-06
7.60173e-06
-1.12578e-05
7.74511e-06
-1.75961e-05
6.81481e-06
-1.71777e-05
4.85191e-06
-1.03306e-05
2.36615e-06
-1.86547e-06
-1.69834e-07
1.35664e-06
-1.94599e-06
-1.18226e-06
-2.09788e-06
1.57146e-07
-6.51355e-07
4.80542e-06
9.20594e-07
8.29134e-06
1.90222e-06
8.31006e-06
2.13974e-06
6.18424e-06
2.00658e-06
3.69206e-06
2.08058e-06
1.86202e-06
2.1406e-06
-1.43411e-07
1.91717e-06
-3.19275e-06
-7.63154e-06
7.47664e-06
1.02042e-05
9.51277e-06
4.89582e-06
1.05606e-05
-2.98007e-06
1.05591e-05
-1.12561e-05
9.27402e-06
-1.63108e-05
6.81324e-06
-1.47169e-05
3.80662e-06
-7.32387e-06
1.09708e-06
8.44009e-07
-1.18729e-06
3.64085e-06
-2.97255e-06
6.02841e-07
-3.31769e-06
5.02159e-07
-1.89822e-06
3.38589e-06
1.06568e-07
6.28655e-06
1.61816e-06
6.7985e-06
2.31414e-06
5.48828e-06
2.41392e-06
3.59227e-06
2.45135e-06
1.82457e-06
2.38395e-06
-7.60496e-08
1.86812e-06
-2.67694e-06
-5.96381e-06
1.06265e-05
7.1101e-06
1.25582e-05
2.96383e-06
1.30041e-05
-3.42587e-06
1.17587e-05
-1.00104e-05
8.80188e-06
-1.33537e-05
5.02463e-06
-1.09397e-05
1.64993e-06
-3.9491e-06
-5.51077e-07
3.04502e-06
-2.28932e-06
5.37894e-06
-3.91076e-06
2.22406e-06
-4.26355e-06
8.54743e-07
-2.98791e-06
2.11011e-06
-8.20813e-07
4.11939e-06
1.11553e-06
4.86213e-06
2.2822e-06
4.32158e-06
2.74066e-06
3.13378e-06
2.91342e-06
1.65178e-06
2.72101e-06
1.16328e-07
1.95994e-06
-1.9159e-06
-4.21321e-06
1.20171e-05
4.06748e-06
1.38123e-05
1.16857e-06
1.36111e-05
-3.22449e-06
1.08868e-05
-7.28563e-06
6.25729e-06
-8.72401e-06
1.70211e-06
-6.3847e-06
-9.36131e-07
-1.31084e-06
-1.97105e-06
4.07996e-06
-2.37679e-06
5.78455e-06
-3.63477e-06
3.48181e-06
-4.26874e-06
1.48845e-06
-3.414e-06
1.25514e-06
-1.3542e-06
2.05943e-06
8.14786e-07
2.69306e-06
2.35552e-06
2.78078e-06
3.07958e-06
2.40968e-06
3.41659e-06
1.31476e-06
3.19824e-06
3.34645e-07
2.18962e-06
-9.07305e-07
-1.95678e-06
1.29594e-05
1.52753e-06
1.40193e-05
1.08676e-07
1.24724e-05
-1.67734e-06
8.09625e-06
-2.90914e-06
2.65498e-06
-3.28288e-06
-1.68876e-06
-2.04147e-06
-3.40477e-06
4.0509e-07
-2.76917e-06
3.44435e-06
-1.02834e-06
4.04364e-06
-9.6339e-07
3.41667e-06
-1.20581e-06
1.73061e-06
-9.30199e-07
9.79184e-07
1.96327e-07
9.32614e-07
1.84676e-06
1.04248e-06
3.26289e-06
1.36464e-06
3.72551e-06
1.94711e-06
4.14439e-06
8.95894e-07
3.79837e-06
6.8067e-07
2.98394e-06
-9.29036e-08
-4.01527e-07
1.15371e-05
1.12961e-05
8.61411e-06
4.57433e-06
1.57847e-07
-2.7872e-06
-3.46564e-06
-3.55715e-06
4.0872e-07
9.94536e-07
1.38817e-06
2.51238e-06
2.94587e-06
3.96794e-06
4.86548e-06
3.93035e-06
4.14714e-06
3.40203e-06
3.05386e-06
)
;

boundaryField
{
    left_open
    {
        type            calculated;
        value           nonuniform List<scalar> 
40
(
-4.41318e-07
-9.09325e-07
-1.10761e-06
-1.14044e-06
-1.07436e-06
-9.48729e-07
-7.88571e-07
-6.15801e-07
-4.53039e-07
-3.18823e-07
-2.22227e-07
-1.62289e-07
-1.28614e-07
-1.06331e-07
-8.62543e-08
-6.61227e-08
-4.81964e-08
-4.41666e-08
-5.47411e-08
-4.47406e-08
-1.27673e-07
-1.50968e-07
-3.02532e-08
3.13877e-07
-7.16636e-07
6.58195e-07
-1.03379e-06
5.03109e-07
-7.02069e-07
-2.28749e-07
-9.24801e-08
-1.71822e-07
1.41045e-06
9.57161e-07
1.03964e-06
-5.40627e-07
1.07871e-06
9.47614e-07
2.16448e-06
1.36712e-06
)
;
    }
    right_open
    {
        type            calculated;
        value           nonuniform List<scalar> 
40
(
-3.19185e-07
-1.02501e-06
-1.75299e-06
-2.45386e-06
-3.08878e-06
-3.62974e-06
-4.05634e-06
-4.35316e-06
-4.50866e-06
-4.51569e-06
-4.37284e-06
-4.08676e-06
-3.67433e-06
-3.16436e-06
-2.59767e-06
-2.02396e-06
-1.49404e-06
-1.04793e-06
-7.06474e-07
-4.75186e-07
-8.87494e-07
-6.26572e-07
-3.85065e-07
-3.30495e-07
1.13009e-08
6.46108e-09
-3.29342e-08
5.01387e-08
4.10313e-07
-1.28121e-06
9.98959e-07
-2.74805e-07
1.69517e-06
-3.11189e-08
2.36881e-06
2.006e-07
2.09553e-07
-6.66482e-08
1.42879e-06
2.20246e-06
)
;
    }
    base_side
    {
        type            calculated;
        value           uniform 0;
    }
    top
    {
        type            calculated;
        value           nonuniform List<scalar> 
65
(
1.01774e-06
-2.8274e-07
-9.19313e-08
3.64198e-06
1.42246e-06
4.11531e-07
1.9768e-06
6.39169e-07
3.6654e-07
1.50777e-06
7.32581e-07
7.90113e-07
3.23368e-06
3.18667e-06
1.7798e-06
2.25038e-06
-6.82767e-07
2.88721e-06
-4.71714e-07
-4.16599e-07
1.72562e-07
4.12055e-07
4.28084e-07
2.16953e-07
1.16449e-07
-6.55904e-09
-1.1719e-07
9.15036e-07
1.68144e-07
1.92781e-07
5.62644e-07
1.33892e-07
3.65798e-08
4.37281e-09
9.19647e-10
8.88361e-09
2.56165e-08
-3.62645e-08
-1.02506e-07
9.40228e-07
9.77585e-07
2.75538e-07
3.11445e-07
2.26508e-07
2.41278e-07
-9.80914e-08
3.50041e-07
1.00509e-06
1.1309e-06
1.13354e-06
9.03714e-07
1.08382e-06
3.53498e-06
7.81819e-08
2.82992e-06
1.33477e-06
-1.44707e-07
4.99456e-07
2.0695e-08
4.67405e-07
2.88265e-06
6.79335e-07
1.42596e-06
2.55364e-07
4.49991e-07
)
;
    }
    front
    {
        type            empty;
        value           nonuniform 0();
    }
    back
    {
        type            empty;
        value           nonuniform 0();
    }
    air_to_aluminum
    {
        type            calculated;
        value           nonuniform List<scalar> 
129
(
0
0
0
1.05879e-22
0
0
0
0
0
0
0
1.32349e-23
0
0
0
0
0
0
0
0
0
0
2.11758e-22
0
0
0
0
0
0
0
0
-1.32349e-23
0
0
0
0
0
0
2.11758e-22
0
0
0
0
0
0
0
0
0
0
-1.05879e-22
0
0
0
0
0
-1.32349e-23
0
0
-1.32349e-23
0
0
2.64698e-23
0
0
0
-5.29396e-23
0
0
-1.05879e-22
0
0
0
0
0
0
0
0
0
0
0
0
0
0
0
0
0
0
0
0
0
0
0
0
0
0
0
0
0
0
0
0
0
0
0
0
0
-1.32349e-23
0
0
0
0
0
0
0
0
0
0
0
0
0
0
0
0
0
0
0
0
0
0
)
;
    }
}


// ************************************************************************* //
