/*--------------------------------*- C++ -*----------------------------------*\
| =========                 |                                                 |
| \\      /  F ield         | OpenFOAM: The Open Source CFD Toolbox           |
|  \\    /   O peration     | Version:                                        |
|   \\  /    A nd           | Website:  www.openfoam.com                      |
|    \\/     M anipulation  |                                                 |
\*---------------------------------------------------------------------------*/
FoamFile
{
    version     2.0;
    format      ascii;
    class       volScalarField;
    location    "1804.5/air";
    object      T;
}
// * * * * * * * * * * * * * * * * * * * * * * * * * * * * * * * * * * * * * //

dimensions      [0 0 0 1 0 0 0];


internalField   nonuniform List<scalar> 
2228
(
306.492
306.557
306.612
306.658
306.428
306.49
306.554
306.616
306.384
306.442
306.511
306.582
306.348
306.403
306.474
306.551
306.316
306.366
306.439
306.521
306.283
306.325
306.401
306.492
306.249
306.274
306.354
306.461
306.209
306.206
306.292
306.425
306.159
306.11
306.206
306.383
306.096
305.973
306.084
306.329
306.016
305.789
305.918
306.262
305.918
305.561
305.714
306.184
305.799
305.284
305.47
306.103
305.652
304.9
305.089
305.999
305.469
304.286
304.321
305.776
305.009
303.253
302.915
305.079
306.658
306.612
306.558
306.492
306.617
306.555
306.491
306.428
306.583
306.514
306.445
306.385
306.553
306.481
306.41
306.351
306.526
306.452
306.38
306.321
306.5
306.424
306.351
306.294
306.475
306.394
306.32
306.268
306.449
306.357
306.279
306.238
306.417
306.297
306.207
306.199
306.37
306.183
306.061
306.136
306.293
305.97
305.783
306.03
306.177
305.625
305.35
305.875
306.033
305.204
304.831
305.678
305.904
304.829
304.343
305.443
305.831
304.581
303.978
305.191
305.745
304.429
303.747
304.924
295.595
296.198
296.782
297.324
293.139
292.972
292.885
292.869
293.216
293.173
293.105
293.018
293.206
293.225
293.229
293.2
293.174
293.191
293.205
293.202
293.153
293.16
293.166
293.166
293.14
293.141
293.141
293.14
293.134
293.131
293.129
293.127
293.132
293.129
293.125
293.122
293.13
293.126
293.122
293.117
293.12
293.116
293.112
293.11
293.113
293.113
293.115
293.12
293.147
293.156
293.171
293.19
293.247
293.269
293.3
293.342
293.396
293.429
293.469
293.519
293.559
293.582
293.601
293.603
293.684
293.669
293.629
293.563
293.77
293.705
293.609
293.492
293.92
293.83
293.721
293.601
294.231
294.18
294.124
294.067
297.899
298.173
298.27
298.581
292.953
293.074
293.183
293.278
292.917
292.815
292.722
292.647
293.127
293.024
292.915
292.818
293.169
293.108
293.038
292.99
293.151
293.121
293.091
293.122
293.133
293.121
293.129
293.264
293.124
293.124
293.155
293.348
293.119
293.119
293.139
293.256
293.113
293.111
293.115
293.141
293.108
293.109
293.112
293.116
293.128
293.138
293.154
293.18
293.217
293.259
293.32
293.399
293.403
293.478
293.56
293.643
293.568
293.605
293.633
293.657
293.58
293.546
293.518
293.5
293.492
293.444
293.429
293.439
293.399
293.362
293.38
293.433
293.498
293.434
293.416
293.437
294.017
293.977
293.95
293.937
298.815
298.991
299.2
293.36
293.433
293.538
292.609
292.602
292.625
292.759
292.732
292.732
292.988
293.012
293.072
293.23
293.361
293.541
293.532
293.816
294.144
293.758
294.19
294.659
293.576
293.976
294.475
293.229
293.382
293.645
293.124
293.144
293.194
293.21
293.233
293.262
293.471
293.525
293.581
293.707
293.751
293.79
293.671
293.675
293.673
293.489
293.481
293.472
293.455
293.471
293.489
293.486
293.528
293.571
293.468
293.498
293.532
293.934
293.937
293.941
299.385
299.495
299.619
293.649
293.721
293.808
292.675
292.714
292.767
292.77
292.804
292.857
293.162
293.226
293.314
293.714
293.819
293.946
294.392
294.527
294.671
294.966
295.118
295.266
294.822
295
295.171
293.882
294.027
294.183
293.259
293.311
293.378
293.293
293.313
293.341
293.623
293.647
293.672
293.816
293.829
293.841
293.669
293.666
293.662
293.466
293.463
293.46
293.502
293.51
293.517
293.6
293.616
293.631
293.554
293.566
293.577
293.945
293.948
293.951
299.887
300.425
301.158
294.013
294.517
295.39
292.904
293.34
294.228
293.01
293.544
294.57
293.544
294.214
295.303
294.243
294.94
295.902
294.975
295.571
296.294
295.548
295.994
296.472
295.484
295.889
296.235
294.496
294.945
295.34
293.542
293.865
294.248
293.413
293.595
293.86
293.727
293.838
293.981
293.864
293.896
293.925
293.653
293.636
293.615
293.457
293.454
293.453
293.534
293.56
293.588
293.66
293.702
293.742
293.599
293.631
293.663
293.955
293.959
293.962
302.478
303.261
303.147
303.615
297.578
300.453
301.58
300.375
296.472
299.474
299.96
297.519
296.752
298.884
297.993
295.332
297.125
297.777
295.784
293.655
297.202
296.759
294.447
293.007
297.179
296.626
294.829
293.666
297.059
296.839
295.826
294.903
296.624
296.631
296.135
295.437
295.749
295.905
295.647
295.093
294.752
295.072
294.974
294.573
294.276
294.573
294.526
294.242
294.189
294.283
294.165
293.924
293.947
293.878
293.737
293.588
293.581
293.526
293.484
293.471
293.459
293.476
293.501
293.526
293.628
293.68
293.726
293.764
293.795
293.857
293.913
293.961
293.704
293.752
293.796
293.835
293.971
293.984
293.992
294
302.813
300.858
298.808
296.926
297.513
295.29
293.88
293.297
294.787
293.325
292.778
292.856
293.473
292.751
292.657
292.859
292.755
292.588
292.69
292.852
292.671
292.685
292.738
292.78
293.313
293.208
293.101
292.985
294.321
293.91
293.552
293.251
294.737
294.106
293.595
293.248
294.433
293.843
293.427
293.197
294.079
293.661
293.383
293.229
293.894
293.595
293.386
293.264
293.669
293.471
293.357
293.315
293.481
293.435
293.436
293.46
293.485
293.513
293.542
293.565
293.546
293.559
293.566
293.571
293.793
293.82
293.846
293.87
294.002
294.038
294.069
294.097
293.869
293.898
293.922
293.942
293.995
293.997
294
294.004
293.15
293.15
293.15
293.15
293.15
293.15
293.15
293.151
293.155
293.116
293.024
292.955
292.923
292.907
292.889
292.865
292.796
292.666
292.625
294.395
293.15
293.15
293.15
293.15
293.15
293.15
293.15
293.151
293.154
293.124
293.035
292.963
292.928
292.91
292.893
292.866
292.786
292.668
292.727
294.359
293.15
293.15
293.15
293.15
293.15
293.15
293.15
293.15
293.153
293.137
293.061
292.983
292.939
292.918
292.902
292.874
292.796
292.721
292.824
294.372
293.15
293.15
293.15
293.15
293.15
293.15
293.15
293.15
293.152
293.146
293.093
293.014
292.958
292.929
292.915
292.889
292.831
292.81
292.878
294.406
293.15
293.15
293.15
293.15
293.15
293.15
293.15
293.15
293.151
293.151
293.12
293.052
292.984
292.944
292.931
292.911
292.882
292.918
292.913
294.446
293.15
293.15
293.15
293.15
293.15
293.15
293.15
293.15
293.15
293.152
293.138
293.087
293.017
292.963
292.95
292.938
292.931
293.023
292.94
294.489
293.15
293.15
293.15
293.15
293.15
293.15
293.15
293.15
293.15
293.151
293.147
293.116
293.053
292.986
292.969
292.967
292.972
293.1
292.966
294.536
293.15
293.15
293.15
293.15
293.15
293.15
293.15
293.15
293.15
293.15
293.151
293.135
293.086
293.013
292.987
292.995
293.006
293.134
292.989
294.587
293.15
293.15
293.15
293.15
293.15
293.15
293.15
293.15
293.15
293.15
293.151
293.145
293.112
293.043
293.004
293.02
293.038
293.152
293.007
294.643
293.15
293.15
293.15
293.15
293.15
293.15
293.15
293.15
293.15
293.15
293.151
293.15
293.131
293.071
293.021
293.04
293.066
293.159
293.021
294.702
293.15
293.15
293.15
293.15
293.15
293.15
293.15
293.15
293.15
293.15
293.15
293.151
293.142
293.096
293.039
293.052
293.088
293.159
293.033
294.766
293.15
293.15
293.15
293.15
293.15
293.15
293.15
293.15
293.15
293.15
293.15
293.151
293.149
293.115
293.058
293.06
293.101
293.154
293.043
294.832
293.15
293.15
293.15
293.15
293.15
293.15
293.15
293.15
293.15
293.15
293.15
293.151
293.152
293.13
293.076
293.065
293.106
293.148
293.051
294.9
293.15
293.15
293.15
293.15
293.15
293.15
293.15
293.15
293.15
293.15
293.15
293.15
293.153
293.14
293.093
293.071
293.104
293.141
293.058
294.969
293.15
293.15
293.15
293.15
293.15
293.15
293.15
293.15
293.15
293.15
293.15
293.149
293.152
293.147
293.109
293.078
293.1
293.136
293.063
295.037
293.15
293.15
293.15
293.15
293.15
293.15
293.15
293.15
293.15
293.15
293.15
293.149
293.152
293.151
293.122
293.087
293.097
293.132
293.066
295.105
293.15
293.15
293.15
293.15
293.15
293.15
293.15
293.15
293.15
293.15
293.15
293.149
293.151
293.152
293.132
293.097
293.097
293.13
293.066
295.168
293.15
293.15
293.15
293.15
293.15
293.15
293.15
293.15
293.15
293.15
293.15
293.149
293.15
293.153
293.139
293.108
293.098
293.129
293.063
295.228
293.15
293.15
293.15
293.15
293.15
293.15
293.15
293.15
293.15
293.15
293.15
293.149
293.15
293.153
293.145
293.117
293.102
293.13
293.058
295.273
293.15
293.15
293.15
293.15
293.15
293.15
293.15
293.15
293.15
293.15
293.15
293.15
293.149
293.152
293.148
293.126
293.108
293.131
293.05
295.367
293.15
293.15
293.149
293.149
293.15
293.15
293.15
293.148
293.146
293.145
293.146
293.147
293.148
293.151
293.151
293.14
293.123
293.14
293.043
294.285
293.15
293.148
293.153
293.167
293.188
293.208
293.219
293.216
293.199
293.175
293.155
293.146
293.144
293.146
293.149
293.149
293.139
293.148
293.093
293.463
293.147
293.183
293.26
293.334
293.382
293.413
293.436
293.439
293.406
293.338
293.258
293.195
293.159
293.145
293.144
293.148
293.145
293.151
293.121
293.218
293.166
293.331
293.516
293.633
293.667
293.641
293.61
293.608
293.609
293.563
293.456
293.328
293.227
293.17
293.147
293.144
293.144
293.15
293.134
293.164
293.199
293.519
293.781
293.914
293.946
293.902
293.805
293.727
293.708
293.709
293.647
293.504
293.346
293.23
293.169
293.146
293.141
293.147
293.138
293.15
293.275
293.711
293.943
294.017
294.039
294.035
293.969
293.855
293.772
293.763
293.756
293.656
293.482
293.319
293.214
293.162
293.144
293.144
293.14
293.144
293.413
293.844
293.946
293.931
293.935
293.968
293.99
293.93
293.827
293.779
293.79
293.747
293.596
293.413
293.275
293.197
293.159
293.147
293.143
293.141
293.518
293.872
293.864
293.803
293.8
293.839
293.896
293.911
293.845
293.779
293.787
293.785
293.671
293.49
293.339
293.242
293.186
293.159
293.147
293.14
293.556
293.85
293.798
293.729
293.727
293.765
293.806
293.841
293.817
293.764
293.773
293.795
293.709
293.539
293.388
293.285
293.216
293.173
293.153
293.141
293.559
293.827
293.772
293.705
293.7
293.741
293.783
293.799
293.782
293.746
293.763
293.796
293.722
293.561
293.418
293.312
293.234
293.185
293.159
293.141
293.57
293.817
293.781
293.713
293.689
293.728
293.786
293.796
293.771
293.742
293.767
293.799
293.718
293.565
293.434
293.325
293.244
293.195
293.159
293.133
293.592
293.829
293.821
293.742
293.685
293.711
293.776
293.805
293.782
293.761
293.789
293.8
293.705
293.569
293.453
293.349
293.268
293.215
293.156
293.124
293.628
293.881
293.891
293.781
293.688
293.699
293.768
293.816
293.813
293.802
293.816
293.795
293.696
293.587
293.494
293.41
293.336
293.271
293.181
293.147
293.674
293.968
293.972
293.816
293.692
293.694
293.771
293.836
293.854
293.846
293.835
293.788
293.701
293.624
293.557
293.494
293.433
293.37
293.254
293.224
293.74
294.071
294.038
293.838
293.696
293.69
293.768
293.847
293.88
293.872
293.841
293.786
293.718
293.664
293.612
293.54
293.503
293.475
293.356
293.346
293.841
294.148
294.07
293.853
293.706
293.68
293.739
293.818
293.864
293.863
293.829
293.777
293.723
293.671
293.591
293.566
293.642
293.671
293.5
293.499
293.896
294.166
294.07
293.878
293.74
293.681
293.694
293.749
293.795
293.804
293.78
293.736
293.681
293.614
293.566
293.782
294.062
294.008
293.622
293.677
293.887
294.114
294.036
293.901
293.8
293.727
293.684
293.684
293.704
293.712
293.696
293.659
293.611
293.594
293.74
294.04
294.227
294.112
293.757
293.89
293.808
293.973
293.915
293.823
293.775
293.755
293.732
293.702
293.682
293.67
293.655
293.635
293.627
293.665
293.775
293.927
294.086
294.154
294.114
294.141
293.646
293.664
293.628
293.577
293.537
293.544
293.593
293.637
293.658
293.657
293.654
293.651
293.656
293.663
293.667
293.716
293.901
294.159
294.309
294.338
294.561
292.797
292.658
292.68
292.727
292.771
292.813
292.85
292.878
292.896
292.91
292.921
292.931
292.94
292.949
292.957
292.964
292.971
292.975
292.985
294.532
292.871
292.693
292.696
292.729
292.769
292.81
292.848
292.876
292.896
292.911
292.924
292.935
292.946
292.956
292.965
292.974
292.983
292.989
293.002
294.543
292.911
292.77
292.754
292.754
292.776
292.812
292.847
292.875
292.897
292.915
292.931
292.944
292.957
292.97
292.983
292.995
293.008
293.017
293.034
294.569
292.915
292.873
292.849
292.806
292.798
292.821
292.851
292.878
292.901
292.923
292.942
292.959
292.976
292.992
293.009
293.025
293.041
293.054
293.072
294.599
292.919
292.983
292.951
292.871
292.833
292.841
292.863
292.886
292.91
292.935
292.959
292.98
293
293.02
293.04
293.059
293.077
293.09
293.106
294.633
292.929
293.072
293.025
292.931
292.876
292.87
292.883
292.9
292.924
292.953
292.981
293.005
293.029
293.051
293.073
293.092
293.108
293.12
293.13
294.67
292.945
293.118
293.061
292.978
292.92
292.904
292.907
292.92
292.944
292.976
293.007
293.034
293.058
293.081
293.102
293.118
293.132
293.141
293.147
294.709
292.962
293.13
293.075
293.013
292.96
292.938
292.933
292.943
292.969
293.004
293.036
293.062
293.086
293.107
293.125
293.139
293.15
293.159
293.162
294.749
292.973
293.133
293.08
293.038
292.993
292.967
292.958
292.968
292.998
293.034
293.064
293.089
293.11
293.128
293.142
293.155
293.166
293.178
293.179
294.788
292.982
293.136
293.083
293.054
293.017
292.991
292.982
292.996
293.029
293.063
293.09
293.111
293.129
293.144
293.158
293.172
293.185
293.201
293.2
294.824
292.988
293.139
293.086
293.063
293.034
293.011
293.007
293.026
293.06
293.09
293.111
293.129
293.143
293.157
293.173
293.19
293.205
293.225
293.222
294.856
292.992
293.143
293.09
293.07
293.047
293.031
293.033
293.057
293.087
293.111
293.128
293.142
293.156
293.172
293.19
293.209
293.224
293.246
293.244
294.883
292.995
293.149
293.097
293.079
293.06
293.051
293.06
293.084
293.109
293.127
293.141
293.154
293.169
293.187
293.207
293.226
293.24
293.263
293.261
294.905
292.996
293.154
293.105
293.091
293.077
293.074
293.086
293.107
293.126
293.14
293.151
293.165
293.182
293.202
293.221
293.237
293.25
293.274
293.275
294.92
292.997
293.16
293.114
293.104
293.095
293.096
293.108
293.125
293.138
293.149
293.162
293.177
293.196
293.215
293.231
293.244
293.255
293.282
293.285
294.929
292.997
293.166
293.124
293.118
293.112
293.115
293.125
293.137
293.148
293.159
293.172
293.19
293.208
293.225
293.238
293.247
293.257
293.287
293.294
294.932
292.996
293.171
293.132
293.131
293.127
293.13
293.138
293.147
293.156
293.168
293.183
293.201
293.217
293.231
293.242
293.25
293.257
293.29
293.301
294.929
292.996
293.175
293.138
293.14
293.138
293.141
293.147
293.155
293.165
293.178
293.194
293.21
293.224
293.236
293.245
293.252
293.259
293.293
293.307
294.913
292.997
293.178
293.144
293.148
293.146
293.149
293.154
293.162
293.173
293.187
293.202
293.217
293.229
293.241
293.25
293.257
293.261
293.295
293.312
294.948
293.001
293.181
293.149
293.154
293.153
293.155
293.161
293.169
293.181
293.194
293.209
293.222
293.234
293.245
293.256
293.263
293.264
293.297
293.316
294.126
293.026
293.182
293.157
293.164
293.166
293.17
293.177
293.186
293.196
293.207
293.218
293.23
293.244
293.261
293.278
293.287
293.279
293.298
293.323
293.622
293.089
293.178
293.167
293.172
293.175
293.18
293.186
293.194
293.202
293.212
293.224
293.24
293.262
293.291
293.321
293.335
293.31
293.3
293.332
293.473
293.142
293.173
293.173
293.176
293.178
293.181
293.186
293.194
293.204
293.218
293.237
293.261
293.292
293.331
293.372
293.393
293.353
293.305
293.336
293.384
293.239
293.183
293.18
293.188
293.196
293.2
293.205
293.214
293.23
293.252
293.279
293.311
293.348
293.389
293.43
293.449
293.396
293.318
293.337
293.203
293.249
293.209
293.201
293.217
293.236
293.249
293.262
293.28
293.305
293.335
293.37
293.407
293.442
293.474
293.5
293.502
293.431
293.335
293.337
292.942
293.1
293.179
293.23
293.281
293.321
293.355
293.389
293.423
293.455
293.485
293.514
293.541
293.562
293.573
293.574
293.547
293.453
293.348
293.338
292.884
293.027
293.168
293.278
293.377
293.455
293.52
293.566
293.594
293.61
293.622
293.633
293.644
293.65
293.646
293.629
293.571
293.458
293.357
293.341
292.978
293.065
293.2
293.353
293.497
293.6
293.633
293.635
293.633
293.634
293.64
293.649
293.661
293.671
293.672
293.65
293.566
293.448
293.363
293.349
293.044
293.12
293.244
293.441
293.608
293.642
293.619
293.604
293.599
293.601
293.61
293.625
293.646
293.667
293.678
293.642
293.534
293.436
293.372
293.36
293.103
293.164
293.299
293.525
293.651
293.614
293.59
293.589
293.594
293.598
293.605
293.621
293.646
293.673
293.679
293.608
293.494
293.436
293.388
293.371
293.157
293.228
293.379
293.595
293.642
293.593
293.591
293.606
293.621
293.626
293.629
293.641
293.666
293.688
293.662
293.552
293.474
293.456
293.404
293.38
293.241
293.351
293.489
293.64
293.616
293.599
293.608
293.626
293.653
293.666
293.667
293.676
293.693
293.692
293.614
293.511
293.491
293.485
293.419
293.387
293.387
293.495
293.586
293.651
293.618
293.62
293.619
293.629
293.668
293.701
293.708
293.711
293.71
293.669
293.569
293.517
293.53
293.514
293.433
293.392
293.54
293.605
293.642
293.645
293.633
293.629
293.615
293.615
293.661
293.721
293.739
293.734
293.709
293.639
293.568
293.556
293.571
293.544
293.452
293.398
293.601
293.626
293.629
293.612
293.599
293.593
293.582
293.585
293.636
293.721
293.756
293.744
293.701
293.638
293.608
293.608
293.612
293.579
293.479
293.41
293.572
293.569
293.554
293.544
293.539
293.532
293.524
293.54
293.605
293.705
293.759
293.748
293.709
293.675
293.666
293.664
293.656
293.618
293.517
293.432
293.902
293.865
293.786
293.697
293.611
293.534
293.483
293.493
293.575
293.681
293.749
293.752
293.73
293.715
293.707
293.7
293.687
293.648
293.553
293.457
294.132
294.114
294.043
293.909
293.738
293.579
293.473
293.468
293.559
293.654
293.71
293.714
293.698
293.691
293.694
293.698
293.691
293.652
293.57
293.481
293.961
293.969
293.952
293.856
293.705
293.554
293.457
293.476
293.571
293.618
293.625
293.615
293.621
293.643
293.661
293.67
293.661
293.628
293.571
293.497
294.002
293.883
293.767
293.641
293.531
293.447
293.442
293.508
293.541
293.522
293.502
293.495
293.508
293.53
293.551
293.554
293.556
293.547
293.538
293.476
)
;

boundaryField
{
    left_open
    {
        type            inletOutlet;
        inletValue      uniform 293.15;
        value           nonuniform List<scalar> 
40
(
293.15
293.15
293.15
293.15
293.15
293.15
293.15
293.15
293.15
293.15
293.15
293.15
293.15
293.15
293.15
293.15
293.15
293.15
293.15
293.15
293.15
293.15
293.15
293.15
293.15
293.15
293.408
293.516
293.15
293.15
293.571
293.15
293.626
293.667
293.15
293.824
293.15
293.876
293.15
293.641
)
;
    }
    right_open
    {
        type            inletOutlet;
        inletValue      uniform 293.15;
        value           nonuniform List<scalar> 
40
(
292.984
293.001
293.033
293.071
293.104
293.129
293.145
293.159
293.176
293.196
293.218
293.24
293.258
293.272
293.284
293.292
293.3
293.306
293.311
293.315
293.323
293.332
293.336
293.337
293.337
293.338
293.341
293.349
293.36
293.371
293.38
293.387
293.392
293.397
293.409
293.431
293.455
293.48
293.495
293.475
)
;
    }
    base_side
    {
        type            zeroGradient;
    }
    top
    {
        type            inletOutlet;
        inletValue      uniform 293.15;
        value           nonuniform List<scalar> 
65
(
293.641
293.66
293.629
293.578
293.538
293.54
293.588
293.15
293.657
293.657
293.655
293.651
293.656
293.663
293.665
293.15
293.866
293.15
293.15
294.352
294.267
294.219
294.164
294.108
294.057
294.017
293.99
293.976
293.972
293.974
293.15
293.15
293.983
293.985
293.986
293.988
293.989
294.001
294.008
294.012
294.014
294.002
293.15
293.15
293.15
293.994
293.15
293.75
293.15
293.515
293.44
293.443
293.51
293.541
293.52
293.501
293.494
293.508
293.529
293.551
293.553
293.554
293.545
293.537
293.475
)
;
    }
    front
    {
        type            empty;
    }
    back
    {
        type            empty;
    }
    air_to_aluminum
    {
        type            compressible::turbulentTemperatureCoupledBaffleMixed;
        refValue        nonuniform List<scalar> 
129
(
306.483
306.476
306.461
306.439
306.554
306.605
306.651
306.688
306.688
306.651
306.605
306.554
306.483
306.476
306.461
306.439
306.413
306.438
306.383
306.396
306.353
306.36
306.324
306.328
306.297
306.299
306.272
306.273
306.248
306.25
306.227
306.228
306.208
306.209
306.192
306.193
306.177
306.178
306.165
306.166
306.155
306.156
306.148
306.149
306.142
306.143
306.139
306.139
306.14
306.14
306.14
306.14
306.676
306.645
306.615
306.587
306.561
306.537
306.515
306.495
306.477
306.462
306.448
306.437
306.428
306.421
306.416
306.413
306.413
306.413
306.413
306.413
306.413
306.413
306.676
306.645
306.615
306.587
306.561
306.537
306.515
306.495
306.477
306.462
306.448
306.437
306.428
306.421
306.416
306.413
306.413
306.413
306.413
306.438
306.396
306.36
306.328
306.299
306.273
306.249
306.228
306.209
306.192
306.178
306.166
306.156
306.148
306.143
306.14
306.412
306.383
306.353
306.324
306.297
306.272
306.248
306.227
306.208
306.192
306.177
306.165
306.155
306.148
306.142
306.14
306.14
306.14
306.14
306.14
)
;
        refGradient     uniform 0;
        valueFraction   nonuniform List<scalar> 
129
(
0.999971
0.999971
0.999971
0.999971
0.999855
0.999855
0.999855
0.999855
0.999855
0.999855
0.999855
0.999855
0.999971
0.999971
0.999971
0.999971
0.999971
0.999855
0.999971
0.999855
0.999971
0.999855
0.999971
0.999855
0.999971
0.999855
0.999971
0.999855
0.999971
0.999855
0.999971
0.999855
0.999971
0.999855
0.999971
0.999855
0.999971
0.999855
0.999971
0.999855
0.999971
0.999855
0.999971
0.999855
0.999971
0.999855
0.999964
0.999971
0.999964
0.999964
0.999855
0.999964
0.999918
0.999918
0.999918
0.999918
0.999918
0.999918
0.999918
0.999918
0.999918
0.999918
0.999918
0.999918
0.999918
0.999918
0.999918
0.999918
0.999964
0.999964
0.999964
0.999964
0.999964
0.999964
0.999918
0.999918
0.999918
0.999918
0.999918
0.999918
0.999918
0.999918
0.999918
0.999918
0.999918
0.999918
0.999918
0.999918
0.999918
0.999964
0.999964
0.999918
0.999964
0.999855
0.999855
0.999855
0.999855
0.999855
0.999855
0.999855
0.999855
0.999855
0.999855
0.999855
0.999855
0.999855
0.999855
0.999855
0.999855
0.999971
0.999971
0.999971
0.999971
0.999971
0.999971
0.999971
0.999971
0.999971
0.999971
0.999971
0.999971
0.999971
0.999971
0.999971
0.999964
0.999964
0.999964
0.999964
0.999971
)
;
        value           nonuniform List<scalar> 
129
(
306.483
306.475
306.46
306.439
306.554
306.605
306.651
306.688
306.688
306.651
306.605
306.554
306.483
306.475
306.46
306.439
306.412
306.438
306.383
306.396
306.353
306.36
306.324
306.328
306.297
306.299
306.271
306.273
306.248
306.25
306.227
306.228
306.208
306.209
306.191
306.193
306.177
306.178
306.165
306.166
306.155
306.156
306.147
306.148
306.142
306.143
306.139
306.139
306.14
306.14
306.14
306.14
306.676
306.645
306.615
306.587
306.561
306.537
306.515
306.495
306.477
306.462
306.448
306.437
306.428
306.421
306.416
306.413
306.413
306.413
306.413
306.413
306.413
306.413
306.676
306.645
306.615
306.587
306.561
306.537
306.515
306.495
306.477
306.462
306.448
306.437
306.428
306.421
306.416
306.413
306.413
306.413
306.413
306.438
306.396
306.36
306.328
306.299
306.273
306.249
306.228
306.209
306.192
306.178
306.166
306.156
306.148
306.143
306.14
306.412
306.383
306.353
306.324
306.297
306.271
306.248
306.227
306.208
306.191
306.177
306.165
306.155
306.147
306.142
306.14
306.14
306.14
306.139
306.139
)
;
        Tnbr            T;
        thicknessLayers 0();
        kappaLayers     0();
        kappaMethod     fluidThermo;
        kappa           none;
        alphaAni        none;
        alpha           none;
    }
}


// ************************************************************************* //
