/*--------------------------------*- C++ -*----------------------------------*\
| =========                 |                                                 |
| \\      /  F ield         | OpenFOAM: The Open Source CFD Toolbox           |
|  \\    /   O peration     | Version:                                        |
|   \\  /    A nd           | Website:  www.openfoam.com                      |
|    \\/     M anipulation  |                                                 |
\*---------------------------------------------------------------------------*/
FoamFile
{
    version     2.0;
    format      ascii;
    class       volScalarField;
    location    "500/aluminum";
    object      T;
}
// * * * * * * * * * * * * * * * * * * * * * * * * * * * * * * * * * * * * * //

dimensions      [0 0 0 1 0 0 0];


internalField   nonuniform List<scalar> 
372
(
296.975
296.984
297.004
297.033
296.967
296.977
296.996
297.026
296.953
296.962
296.981
297.011
296.932
296.94
296.956
296.985
297.071
297.118
297.174
297.242
297.065
297.111
297.163
297.22
297.055
297.101
297.148
297.193
297.043
297.093
297.138
297.174
297.315
297.383
297.476
297.27
297.308
297.343
297.224
297.244
297.259
297.189
297.198
297.204
297.567
297.583
297.567
297.357
297.359
297.357
297.263
297.264
297.263
297.206
297.206
297.206
297.476
297.383
297.315
297.343
297.308
297.271
297.259
297.244
297.224
297.204
297.198
297.189
297.242
297.174
297.118
297.071
297.22
297.163
297.111
297.065
297.193
297.148
297.101
297.055
297.174
297.138
297.093
297.044
297.033
297.004
296.985
296.975
297.026
296.996
296.977
296.968
297.011
296.981
296.962
296.953
296.985
296.956
296.94
296.932
296.906
296.911
296.92
296.93
296.878
296.88
296.885
296.889
296.849
296.85
296.852
296.854
296.821
296.821
296.823
296.823
296.794
296.795
296.795
296.796
296.77
296.77
296.77
296.77
296.747
296.747
296.748
296.748
296.727
296.727
296.727
296.727
296.709
296.709
296.709
296.709
296.693
296.693
296.693
296.693
296.679
296.68
296.68
296.68
296.668
296.668
296.668
296.668
296.659
296.659
296.659
296.659
296.652
296.652
296.652
296.652
296.648
296.648
296.648
296.648
296.645
296.645
296.646
296.646
297.16
297.162
297.164
297.129
297.129
297.13
297.098
297.098
297.098
297.069
297.069
297.069
297.042
297.042
297.042
297.018
297.018
297.018
296.995
296.995
296.995
296.975
296.975
296.975
296.957
296.958
296.958
296.942
296.942
296.942
296.928
296.928
296.928
296.917
296.917
296.917
296.908
296.908
296.908
296.901
296.901
296.901
296.897
296.897
296.897
296.894
296.894
296.894
297.165
297.165
297.165
297.13
297.13
297.13
297.098
297.098
297.098
297.069
297.069
297.069
297.042
297.042
297.042
297.018
297.018
297.018
296.995
296.995
296.995
296.975
296.975
296.975
296.958
296.958
296.958
296.942
296.942
296.942
296.928
296.928
296.928
296.917
296.917
296.917
296.908
296.908
296.908
296.901
296.901
296.901
296.897
296.897
296.897
296.894
296.894
296.894
297.164
297.162
297.16
297.13
297.129
297.129
297.098
297.098
297.098
297.069
297.069
297.069
297.042
297.042
297.042
297.018
297.018
297.018
296.995
296.995
296.995
296.975
296.975
296.975
296.958
296.958
296.957
296.942
296.942
296.942
296.928
296.928
296.928
296.917
296.917
296.917
296.908
296.908
296.908
296.901
296.901
296.901
296.897
296.897
296.897
296.894
296.894
296.894
296.931
296.92
296.911
296.906
296.889
296.885
296.88
296.878
296.854
296.853
296.85
296.849
296.824
296.823
296.822
296.821
296.796
296.795
296.795
296.794
296.771
296.77
296.77
296.77
296.748
296.748
296.747
296.747
296.727
296.727
296.727
296.727
296.709
296.709
296.709
296.709
296.693
296.693
296.693
296.693
296.68
296.68
296.68
296.679
296.668
296.668
296.668
296.668
296.659
296.659
296.659
296.659
296.652
296.652
296.652
296.652
296.648
296.647
296.647
296.647
296.645
296.645
296.645
296.645
)
;

boundaryField
{
    base_hotspot
    {
        type            fixedGradient;
        gradient        uniform 203.252;
    }
    base_adiabatic
    {
        type            zeroGradient;
    }
    front
    {
        type            empty;
    }
    back
    {
        type            empty;
    }
    aluminum_to_air
    {
        type            compressible::turbulentTemperatureCoupledBaffleMixed;
        refValue        nonuniform List<scalar> 
129
(
293.748
293.71
293.692
293.691
296.982
297.046
297.099
297.143
297.143
297.099
297.046
296.982
293.721
293.703
293.71
293.729
293.699
296.982
293.71
296.92
293.725
296.878
293.74
296.845
293.756
296.816
293.772
296.792
293.789
296.769
293.805
296.749
293.821
296.731
293.837
296.714
293.852
296.699
293.866
296.684
293.879
296.667
293.891
296.642
293.901
296.597
295.272
293.916
295.927
296.056
296.494
295.919
297.143
297.101
297.066
297.036
297.009
296.985
296.962
296.942
296.923
296.906
296.891
296.876
296.861
296.84
296.8
296.687
295.658
295.644
295.626
295.612
295.603
295.594
297.143
297.101
297.066
297.036
297.009
296.985
296.962
296.941
296.923
296.906
296.89
296.873
296.854
296.824
296.767
295.573
295.535
296.618
295.489
296.982
296.92
296.878
296.845
296.817
296.792
296.769
296.749
296.73
296.713
296.697
296.68
296.657
296.621
296.552
296.393
293.752
293.776
293.8
293.823
293.848
293.872
293.897
293.921
293.945
293.967
293.987
294.004
294.018
294.027
294.029
294.953
294.701
294.426
294.155
294.034
)
;
        refGradient     uniform 0;
        valueFraction   nonuniform List<scalar> 
129
(
2.89995e-05
2.89995e-05
2.89995e-05
2.89995e-05
0.000144981
0.000144981
0.000144981
0.000144981
0.000144981
0.000144981
0.000144981
0.000144981
2.89995e-05
2.89995e-05
2.89995e-05
2.89995e-05
2.89995e-05
0.000144981
2.89995e-05
0.000144981
2.89995e-05
0.000144981
2.89995e-05
0.000144981
2.89995e-05
0.000144981
2.89995e-05
0.000144981
2.89995e-05
0.000144981
2.89995e-05
0.000144981
2.89995e-05
0.000144981
2.89995e-05
0.000144981
2.89995e-05
0.000144981
2.89995e-05
0.000144981
2.89995e-05
0.000144981
2.89995e-05
0.000144981
2.89995e-05
0.000144981
3.62491e-05
2.89995e-05
3.62491e-05
3.62491e-05
0.000144981
3.62491e-05
8.21599e-05
8.21599e-05
8.21599e-05
8.21599e-05
8.21599e-05
8.21599e-05
8.21599e-05
8.21599e-05
8.21599e-05
8.21599e-05
8.21599e-05
8.21599e-05
8.21599e-05
8.21599e-05
8.21599e-05
8.21599e-05
3.62491e-05
3.62491e-05
3.62491e-05
3.62491e-05
3.62491e-05
3.62491e-05
8.21599e-05
8.21599e-05
8.21599e-05
8.21599e-05
8.21599e-05
8.21599e-05
8.21599e-05
8.21599e-05
8.21599e-05
8.21599e-05
8.21599e-05
8.21599e-05
8.21599e-05
8.21599e-05
8.21599e-05
3.62491e-05
3.62491e-05
8.21599e-05
3.62491e-05
0.000144981
0.000144981
0.000144981
0.000144981
0.000144981
0.000144981
0.000144981
0.000144981
0.000144981
0.000144981
0.000144981
0.000144981
0.000144981
0.000144981
0.000144981
0.000144981
2.89995e-05
2.89995e-05
2.89995e-05
2.89995e-05
2.89995e-05
2.89995e-05
2.89995e-05
2.89995e-05
2.89995e-05
2.89995e-05
2.89995e-05
2.89995e-05
2.89995e-05
2.89995e-05
2.89995e-05
3.62491e-05
3.62491e-05
3.62491e-05
3.62491e-05
2.89995e-05
)
;
        value           nonuniform List<scalar> 
129
(
296.974
296.967
296.953
296.932
297.043
297.093
297.137
297.173
297.173
297.137
297.093
297.043
296.974
296.967
296.953
296.932
296.906
296.93
296.877
296.889
296.848
296.854
296.82
296.823
296.794
296.795
296.769
296.77
296.747
296.747
296.726
296.727
296.708
296.709
296.693
296.693
296.679
296.679
296.668
296.668
296.659
296.659
296.652
296.652
296.647
296.647
296.645
296.645
296.645
296.645
296.645
296.645
297.16
297.128
297.098
297.069
297.042
297.017
296.995
296.975
296.957
296.941
296.928
296.917
296.908
296.901
296.896
296.894
296.894
296.894
296.894
296.894
296.894
296.894
297.16
297.128
297.098
297.069
297.042
297.017
296.995
296.975
296.957
296.941
296.928
296.917
296.908
296.901
296.896
296.894
296.894
296.894
296.894
296.93
296.889
296.854
296.823
296.795
296.77
296.747
296.727
296.709
296.693
296.679
296.668
296.659
296.652
296.647
296.645
296.906
296.877
296.848
296.82
296.794
296.769
296.747
296.727
296.708
296.693
296.679
296.668
296.658
296.652
296.647
296.645
296.645
296.645
296.644
296.644
)
;
        Tnbr            T;
        thicknessLayers 0();
        kappaLayers     0();
        kappaMethod     solidThermo;
        kappa           none;
        alphaAni        none;
        alpha           none;
    }
}


// ************************************************************************* //
