/*--------------------------------*- C++ -*----------------------------------*\
| =========                 |                                                 |
| \\      /  F ield         | OpenFOAM: The Open Source CFD Toolbox           |
|  \\    /   O peration     | Version:                                        |
|   \\  /    A nd           | Website:  www.openfoam.com                      |
|    \\/     M anipulation  |                                                 |
\*---------------------------------------------------------------------------*/
FoamFile
{
    version     2.0;
    format      ascii;
    class       volVectorField;
    location    "860/air";
    object      U;
}
// * * * * * * * * * * * * * * * * * * * * * * * * * * * * * * * * * * * * * //

dimensions      [0 1 -1 0 0 0 0];


internalField   nonuniform List<vector> 
2228
(
(0.000284171 -0.00027774 0)
(0.000868665 -0.000127816 0)
(0.000886271 0.000132878 0)
(0.000296725 0.000280409 0)
(0.000218284 -0.000923364 0)
(0.000869206 -0.000556941 0)
(0.000943783 0.000502177 0)
(0.000268619 0.000952095 0)
(0.000121554 -0.00136594 0)
(0.000540462 -0.000878202 0)
(0.000605566 0.000781377 0)
(0.000154658 0.00144979 0)
(6.12636e-05 -0.00161517 0)
(0.000285882 -0.00106481 0)
(0.000323335 0.000951043 0)
(7.45264e-05 0.00173482 0)
(2.77114e-05 -0.00173725 0)
(0.000135499 -0.00115779 0)
(0.000156381 0.00103579 0)
(3.3574e-05 0.00186986 0)
(7.49504e-06 -0.00178869 0)
(5.39801e-05 -0.00120349 0)
(7.42971e-05 0.00107096 0)
(1.66309e-05 0.00193042 0)
(-8.03123e-06 -0.00180074 0)
(8.98148e-06 -0.00123258 0)
(4.42899e-05 0.00107799 0)
(1.35726e-05 0.00196354 0)
(-2.34276e-05 -0.00178536 0)
(-1.87373e-05 -0.00126622 0)
(4.72149e-05 0.00106524 0)
(2.01e-05 0.00199536 0)
(-4.4979e-05 -0.00174285 0)
(-4.11366e-05 -0.00132322 0)
(7.88901e-05 0.0010328 0)
(3.64454e-05 0.00204538 0)
(-7.83401e-05 -0.00166582 0)
(-6.02775e-05 -0.00142778 0)
(0.00014836 0.000975695 0)
(6.66363e-05 0.00213754 0)
(-0.000125637 -0.00154695 0)
(-6.04737e-05 -0.00161726 0)
(0.000276843 0.000888244 0)
(0.000117914 0.0023087 0)
(-0.000168458 -0.00140655 0)
(2.12559e-05 -0.0019386 0)
(0.000493027 0.000778869 0)
(0.000195931 0.0026145 0)
(-0.000134287 -0.00132675 0)
(0.00032094 -0.00241304 0)
(0.000802698 0.000704698 0)
(0.000290372 0.00311864 0)
(9.64213e-05 -0.00150716 0)
(0.000900565 -0.00301633 0)
(0.00105746 0.000781373 0)
(0.000326458 0.00380535 0)
(0.000550996 -0.00244987 0)
(0.00127165 -0.00359191 0)
(0.00065729 0.00110769 0)
(4.85487e-05 0.00434093 0)
(0.000610802 -0.00390001 0)
(0.000122718 -0.0031185 0)
(-0.00155019 0.00193844 0)
(-0.00124377 0.00361073 0)
(-0.000296088 0.000279852 0)
(-0.000884716 0.000132919 0)
(-0.000867816 -0.000127381 0)
(-0.000284066 -0.000277539 0)
(-0.000267902 0.000949979 0)
(-0.000941872 0.000502171 0)
(-0.00086845 -0.000555364 0)
(-0.000218334 -0.000922881 0)
(-0.00015397 0.00144619 0)
(-0.00060379 0.000781579 0)
(-0.000540245 -0.000875289 0)
(-0.000121829 -0.00136545 0)
(-7.37777e-05 0.00172968 0)
(-0.000321584 0.000951795 0)
(-0.000286417 -0.0010604 0)
(-6.18978e-05 -0.00161524 0)
(-3.26382e-05 0.00186308 0)
(-0.000154577 0.00103769 0)
(-0.000137241 -0.00115144 0)
(-2.8926e-05 -0.00173875 0)
(-1.55102e-05 0.00192178 0)
(-7.25637e-05 0.00107502 0)
(-5.77435e-05 -0.00119461 0)
(-9.82872e-06 -0.00179301 0)
(-1.21896e-05 0.00195298 0)
(-4.28214e-05 0.00108556 0)
(-1.60115e-05 -0.00122078 0)
(3.86419e-06 -0.00180943 0)
(-1.85694e-05 0.00198311 0)
(-4.61567e-05 0.00107828 0)
(8.5859e-06 -0.00125084 0)
(1.75715e-05 -0.00180143 0)
(-3.44566e-05 0.00203136 0)
(-7.54464e-05 0.00105333 0)
(3.0345e-05 -0.0013026 0)
(3.66146e-05 -0.00177069 0)
(-6.28734e-05 0.00211837 0)
(-0.000130488 0.00100221 0)
(6.40224e-05 -0.00139752 0)
(6.75309e-05 -0.0017078 0)
(-0.000108567 0.00226941 0)
(-0.00020853 0.000903137 0)
(0.000133841 -0.00156287 0)
(0.000119464 -0.00158648 0)
(-0.000174645 0.00250846 0)
(-0.00028457 0.000709971 0)
(0.000286038 -0.0018293 0)
(0.000206729 -0.00135246 0)
(-0.000250904 0.00282592 0)
(-0.00027553 0.000353416 0)
(0.000581232 -0.00221389 0)
(0.000341726 -0.000930538 0)
(-0.00025564 0.00309983 0)
(-1.76611e-05 -0.000269211 0)
(0.000981461 -0.00262498 0)
(0.000480735 -0.00027106 0)
(-5.01311e-05 0.00314293 0)
(0.000613742 -0.0009887 0)
(0.0010874 -0.00281629 0)
(0.000472793 0.00098614 0)
(-0.00012527 0.00327632 0)
(0.000384756 -0.00142306 0)
(-0.000335961 -0.00300995 0)
(-0.000453007 0.000192672 0)
(0.0121459 0.0322578 0)
(0.00470284 0.0212332 0)
(-0.00172885 0.0105346 0)
(-0.0040658 0.00280009 0)
(-0.01111 0.0357243 0)
(-0.014574 0.0279988 0)
(-0.0169445 0.0219418 0)
(-0.0198328 0.0183658 0)
(-0.033476 0.0359024 0)
(-0.0329267 0.0318762 0)
(-0.0329627 0.0278547 0)
(-0.0334092 0.0239481 0)
(-0.0452945 0.0321111 0)
(-0.0446318 0.029483 0)
(-0.0445619 0.027058 0)
(-0.0449235 0.0249865 0)
(-0.0545944 0.0304146 0)
(-0.0549721 0.0297278 0)
(-0.0556102 0.0292367 0)
(-0.0565374 0.0289403 0)
(-0.0630282 0.0326888 0)
(-0.0635658 0.0327655 0)
(-0.0641129 0.0328049 0)
(-0.0646948 0.0328197 0)
(-0.0662003 0.0339448 0)
(-0.0660642 0.0338672 0)
(-0.0658877 0.0337342 0)
(-0.0656597 0.033552 0)
(-0.0618359 0.0318822 0)
(-0.0609042 0.0315421 0)
(-0.0599513 0.031191 0)
(-0.0589607 0.0308269 0)
(-0.0510746 0.0268706 0)
(-0.0495594 0.0264194 0)
(-0.0480464 0.0259844 0)
(-0.0465347 0.0255695 0)
(-0.0373345 0.0198685 0)
(-0.0355226 0.0194655 0)
(-0.033739 0.0190996 0)
(-0.031995 0.0187803 0)
(-0.0246337 0.0123108 0)
(-0.0226786 0.0121018 0)
(-0.0207899 0.0119573 0)
(-0.0189818 0.0118815 0)
(-0.0154433 0.00392235 0)
(-0.0134767 0.00403941 0)
(-0.0116169 0.00426911 0)
(-0.00989601 0.00459584 0)
(-0.0136677 -0.0041511 0)
(-0.0122084 -0.00349103 0)
(-0.0109015 -0.00264002 0)
(-0.00972926 -0.00166309 0)
(-0.0172598 -0.00816011 0)
(-0.0165872 -0.00703571 0)
(-0.0159993 -0.00565659 0)
(-0.0154679 -0.00415804 0)
(-0.0190205 -0.00907062 0)
(-0.0189973 -0.00811619 0)
(-0.0189063 -0.00681325 0)
(-0.0187146 -0.00532971 0)
(-0.01562 -0.00743591 0)
(-0.016233 -0.00733188 0)
(-0.0166707 -0.00681095 0)
(-0.016889 -0.00596466 0)
(-0.0080241 -0.00335221 0)
(-0.00906822 -0.00396942 0)
(-0.00997967 -0.00438525 0)
(-0.0107143 -0.0045809 0)
(3.69147e-05 0.00150792 0)
(-0.00092279 0.000820759 0)
(-0.0018011 0.000144495 0)
(-0.00260183 -0.000497144 0)
(0.00682284 0.00364738 0)
(0.00639952 0.00266866 0)
(0.00584503 0.00178929 0)
(0.00519769 0.00101047 0)
(0.0076166 0.00726777 0)
(0.00713048 0.00628783 0)
(0.0064918 0.00594991 0)
(0.00577524 0.00597691 0)
(-0.00716324 0.00169442 0)
(-0.010388 0.00639232 0)
(-0.0123131 0.00674103 0)
(-0.0132281 0.0029027 0)
(-0.0225846 0.0161262 0)
(-0.0241772 0.013304 0)
(-0.0251294 0.00926734 0)
(-0.0262435 0.00574486 0)
(-0.0339282 0.0202405 0)
(-0.0346716 0.017023 0)
(-0.0359398 0.014778 0)
(-0.0377596 0.0135924 0)
(-0.0457681 0.0234624 0)
(-0.0470824 0.0225401 0)
(-0.0487542 0.0221191 0)
(-0.0506255 0.0220183 0)
(-0.0576793 0.0288068 0)
(-0.0589533 0.028777 0)
(-0.0602814 0.0287958 0)
(-0.0616107 0.0288378 0)
(-0.0652705 0.0327961 0)
(-0.0658222 0.0327334 0)
(-0.066337 0.03264 0)
(-0.0668097 0.0325296 0)
(-0.0653855 0.0333302 0)
(-0.0650694 0.0330802 0)
(-0.0647151 0.0328114 0)
(-0.064325 0.0325316 0)
(-0.057946 0.0304563 0)
(-0.056912 0.0300832 0)
(-0.0558633 0.0297094 0)
(-0.0548024 0.0293365 0)
(-0.0450323 0.0251723 0)
(-0.0435433 0.0247909 0)
(-0.0420717 0.0244225 0)
(-0.0406186 0.0240653 0)
(-0.0302944 0.0184977 0)
(-0.0286407 0.0182448 0)
(-0.0270374 0.0180138 0)
(-0.0254861 0.0177986 0)
(-0.0172588 0.0118561 0)
(-0.0156231 0.011867 0)
(-0.0140748 0.0119014 0)
(-0.0126098 0.0119494 0)
(-0.00831496 0.00498284 0)
(-0.00686639 0.0054001 0)
(-0.00553847 0.00582538 0)
(-0.00431385 0.00624831 0)
(-0.00868902 -0.000643183 0)
(-0.00776057 0.00035353 0)
(-0.00690948 0.00128302 0)
(-0.00611428 0.00212398 0)
(-0.0149995 -0.00271153 0)
(-0.0145774 -0.001444 0)
(-0.0141796 -0.000419675 0)
(-0.0137668 0.000357789 0)
(-0.0184588 -0.00388547 0)
(-0.018168 -0.00265944 0)
(-0.0178622 -0.00174531 0)
(-0.0175428 -0.0011415 0)
(-0.0169091 -0.00493552 0)
(-0.0167754 -0.00389255 0)
(-0.0165444 -0.00298663 0)
(-0.0162623 -0.00231212 0)
(-0.0112466 -0.00455202 0)
(-0.011576 -0.00433569 0)
(-0.0117256 -0.00399976 0)
(-0.0117394 -0.00362445 0)
(-0.00332912 -0.00105545 0)
(-0.00398514 -0.00149048 0)
(-0.00455604 -0.00180601 0)
(-0.00503454 -0.00203283 0)
(0.0044649 0.000334579 0)
(0.00366603 -0.00023774 0)
(0.0028126 -0.000702803 0)
(0.00190847 -0.00106124 0)
(0.00496977 0.00615466 0)
(0.00406676 0.00629928 0)
(0.00309223 0.00640867 0)
(0.00205848 0.00668438 0)
(-0.0137761 0.000334088 0)
(-0.0139539 -0.00088038 0)
(-0.0140966 -0.00172786 0)
(-0.0273958 0.00417718 0)
(-0.0283394 0.00362602 0)
(-0.0294181 0.00341025 0)
(-0.0394322 0.0132759 0)
(-0.0407178 0.0132832 0)
(-0.0420515 0.0134115 0)
(-0.0521516 0.0220841 0)
(-0.0532616 0.0221869 0)
(-0.054371 0.0223246 0)
(-0.0626411 0.0288827 0)
(-0.0633666 0.0289212 0)
(-0.0640805 0.0289702 0)
(-0.0671571 0.0324358 0)
(-0.067385 0.0323643 0)
(-0.0676009 0.0322956 0)
(-0.0640023 0.0323054 0)
(-0.0637511 0.0321374 0)
(-0.0634929 0.0319709 0)
(-0.0539696 0.0290423 0)
(-0.0533603 0.0288276 0)
(-0.0527511 0.0286152 0)
(-0.0394966 0.0237896 0)
(-0.0386902 0.0235907 0)
(-0.0378927 0.0233945 0)
(-0.0243096 0.0176369 0)
(-0.0234763 0.0175226 0)
(-0.0226616 0.0174101 0)
(-0.0115163 0.011991 0)
(-0.01075 0.0120223 0)
(-0.010009 0.012053 0)
(-0.00341551 0.00657373 0)
(-0.00279079 0.00680779 0)
(-0.00218883 0.00704144 0)
(-0.00552407 0.00271575 0)
(-0.00510749 0.00311339 0)
(-0.00469157 0.00348296 0)
(-0.0134178 0.000818751 0)
(-0.0131529 0.00109637 0)
(-0.0128645 0.00133405 0)
(-0.0172824 -0.000850383 0)
(-0.0170876 -0.000706147 0)
(-0.0168772 -0.000603033 0)
(-0.0160292 -0.00197312 0)
(-0.0158633 -0.00182366 0)
(-0.0156945 -0.00174551 0)
(-0.0116931 -0.00335069 0)
(-0.0116453 -0.00318148 0)
(-0.0115864 -0.00305214 0)
(-0.00533051 -0.0021648 0)
(-0.0055126 -0.00223565 0)
(-0.00567235 -0.00229214 0)
(0.00112618 -0.0012647 0)
(0.000516585 -0.0013781 0)
(-0.000132368 -0.00146668 0)
(0.00119051 0.00715081 0)
(0.000531748 0.00757075 0)
(-0.000163103 0.00793587 0)
(-0.0141431 -0.0021308 0)
(-0.0141789 -0.00233398 0)
(-0.0141883 -0.00253659 0)
(-0.0301727 0.00344936 0)
(-0.0305808 0.003532 0)
(-0.0309648 0.00366822 0)
(-0.0429561 0.0135711 0)
(-0.0434331 0.0136791 0)
(-0.0439002 0.0138037 0)
(-0.0551139 0.0224368 0)
(-0.0554999 0.0224992 0)
(-0.0558832 0.0225606 0)
(-0.0645563 0.0290075 0)
(-0.0648015 0.0290267 0)
(-0.0650444 0.0290424 0)
(-0.0677421 0.0322499 0)
(-0.0678127 0.0322257 0)
(-0.0678806 0.032198 0)
(-0.0633153 0.0318583 0)
(-0.0632207 0.0317996 0)
(-0.0631237 0.0317363 0)
(-0.0523408 0.0284722 0)
(-0.0521264 0.0283979 0)
(-0.0519096 0.028318 0)
(-0.0373593 0.0232632 0)
(-0.0370823 0.0231952 0)
(-0.0368033 0.0231214 0)
(-0.0221227 0.0173359 0)
(-0.0218448 0.0172992 0)
(-0.0215652 0.0172588 0)
(-0.00952278 0.0120738 0)
(-0.00927233 0.0120855 0)
(-0.00902144 0.0120937 0)
(-0.0017904 0.0072004 0)
(-0.00158459 0.00728223 0)
(-0.00138061 0.00735741 0)
(-0.00441298 0.0037204 0)
(-0.00426911 0.00384807 0)
(-0.00412712 0.00397875 0)
(-0.0126571 0.00148513 0)
(-0.0125475 0.00157434 0)
(-0.0124396 0.00167352 0)
(-0.0167228 -0.000542759 0)
(-0.0166417 -0.000504869 0)
(-0.0165597 -0.000462435 0)
(-0.0155793 -0.00172436 0)
(-0.0155177 -0.00171539 0)
(-0.0154569 -0.00171066 0)
(-0.0115513 -0.002993 0)
(-0.0115323 -0.00296581 0)
(-0.0115157 -0.00294088 0)
(-0.00575906 -0.00233551 0)
(-0.0057956 -0.00235719 0)
(-0.00583423 -0.00236824 0)
(-0.000612171 -0.00153091 0)
(-0.000866698 -0.00156263 0)
(-0.00112253 -0.00157025 0)
(-0.000631564 0.00800154 0)
(-0.000871941 0.00798334 0)
(-0.00110453 0.00792684 0)
(-0.0142757 -0.00276887 0)
(-0.0143746 -0.002739 0)
(-0.0143333 -0.00243475 0)
(-0.0317897 0.00395962 0)
(-0.0330062 0.00447879 0)
(-0.0342677 0.00515086 0)
(-0.0448035 0.0140502 0)
(-0.0461152 0.0144365 0)
(-0.0474125 0.0148713 0)
(-0.0566079 0.0226951 0)
(-0.0576695 0.0229097 0)
(-0.058711 0.0231431 0)
(-0.0654976 0.0290825 0)
(-0.0661643 0.0291497 0)
(-0.0668087 0.0292217 0)
(-0.0679998 0.0321486 0)
(-0.0681744 0.0320773 0)
(-0.0683282 0.0320036 0)
(-0.0629305 0.0316191 0)
(-0.0626473 0.0314453 0)
(-0.0623504 0.0312678 0)
(-0.0514926 0.0281713 0)
(-0.0508814 0.0279535 0)
(-0.0502657 0.0277328 0)
(-0.0362736 0.022987 0)
(-0.0355006 0.0227882 0)
(-0.0347331 0.0225875 0)
(-0.021038 0.0171852 0)
(-0.0202724 0.0170723 0)
(-0.0195203 0.0169572 0)
(-0.00855282 0.0121125 0)
(-0.00788449 0.0121352 0)
(-0.00723797 0.0121531 0)
(-0.00100119 0.00750133 0)
(-0.000469806 0.00770466 0)
(4.08865e-05 0.00789256 0)
(-0.00385165 0.00422748 0)
(-0.0034416 0.00454836 0)
(-0.00302958 0.00483466 0)
(-0.0122211 0.00185192 0)
(-0.0118792 0.00207511 0)
(-0.0115232 0.00228668 0)
(-0.0163955 -0.000385934 0)
(-0.0161384 -0.000282939 0)
(-0.0158648 -0.000171005 0)
(-0.0153403 -0.00170751 0)
(-0.0151675 -0.0017159 0)
(-0.0149888 -0.00172316 0)
(-0.0114731 -0.00290216 0)
(-0.0114027 -0.00286164 0)
(-0.0113273 -0.00283548 0)
(-0.00591222 -0.00239019 0)
(-0.00604349 -0.00240935 0)
(-0.00616963 -0.00240987 0)
(-0.00160157 -0.0015872 0)
(-0.0022538 -0.00162791 0)
(-0.00284452 -0.00165768 0)
(-0.00155203 0.00768916 0)
(-0.00219097 0.00683401 0)
(-0.00271913 0.00561939 0)
(-0.0141443 -0.00195572 0)
(-0.0148104 -0.00197041 0)
(-0.0160309 0.00101303 0)
(-0.0170953 0.00523136 0)
(-0.0361343 0.00625934 0)
(-0.0386157 0.0079001 0)
(-0.0408424 0.00985663 0)
(-0.0427208 0.011904 0)
(-0.049139 0.0155293 0)
(-0.0512324 0.0164369 0)
(-0.053138 0.0174007 0)
(-0.0548768 0.018375 0)
(-0.060094 0.0234959 0)
(-0.0617847 0.0239791 0)
(-0.0633662 0.0244929 0)
(-0.0648548 0.0250205 0)
(-0.0676523 0.0293317 0)
(-0.0686734 0.0294821 0)
(-0.0696075 0.0296347 0)
(-0.0704593 0.0297795 0)
(-0.0685018 0.0319011 0)
(-0.0686806 0.0317668 0)
(-0.068794 0.0316221 0)
(-0.0688466 0.0314629 0)
(-0.0619168 0.0310203 0)
(-0.061341 0.0306974 0)
(-0.0607281 0.0303629 0)
(-0.0600823 0.030015 0)
(-0.0494085 0.0274267 0)
(-0.0483129 0.027028 0)
(-0.0472105 0.0266182 0)
(-0.0461035 0.0261955 0)
(-0.0336843 0.0223096 0)
(-0.0323664 0.0219464 0)
(-0.03107 0.0215722 0)
(-0.0297954 0.0211847 0)
(-0.0185042 0.0167947 0)
(-0.0172474 0.0165748 0)
(-0.0160369 0.0163403 0)
(-0.014871 0.0160887 0)
(-0.00638279 0.0121707 0)
(-0.00535345 0.0121721 0)
(-0.00438097 0.0121518 0)
(-0.00346273 0.0121079 0)
(0.000713937 0.00812994 0)
(0.00151648 0.00838482 0)
(0.00227474 0.00860282 0)
(0.0029908 0.0087863 0)
(-0.00245846 0.0051931 0)
(-0.00173365 0.00559109 0)
(-0.00102241 0.00594396 0)
(-0.000328649 0.00625416 0)
(-0.0110141 0.00256772 0)
(-0.0103355 0.00290908 0)
(-0.00964311 0.0032332 0)
(-0.00894687 0.00353196 0)
(-0.0154669 1.55388e-06 0)
(-0.0149255 0.000252914 0)
(-0.0143571 0.000538222 0)
(-0.0137767 0.000841513 0)
(-0.0147363 -0.00171205 0)
(-0.0143878 -0.0016418 0)
(-0.014008 -0.00148503 0)
(-0.013604 -0.00124144 0)
(-0.0112144 -0.00281148 0)
(-0.0110603 -0.00277232 0)
(-0.0109058 -0.00268472 0)
(-0.010747 -0.00251363 0)
(-0.00635308 -0.00239416 0)
(-0.0065939 -0.00234732 0)
(-0.00682036 -0.00224809 0)
(-0.00703893 -0.00207109 0)
(-0.00355347 -0.00167891 0)
(-0.00429298 -0.0016244 0)
(-0.00484101 -0.00146257 0)
(-0.00540627 -0.00139776 0)
(-0.00320965 0.00385936 0)
(-0.00351483 0.00224824 0)
(-0.00461033 0.00497347 0)
(-0.00581071 0.0034631 0)
(-0.0193381 0.0101062 0)
(-0.02415 0.0150039 0)
(-0.0300455 0.0207568 0)
(-0.0302611 0.0260298 0)
(-0.0445199 0.0139564 0)
(-0.0462443 0.0159392 0)
(-0.0471542 0.017892 0)
(-0.0462849 0.0193486 0)
(-0.0564579 0.0193187 0)
(-0.0577935 0.0202243 0)
(-0.0586964 0.021072 0)
(-0.0592625 0.0217151 0)
(-0.0662465 0.0255478 0)
(-0.0675156 0.0260605 0)
(-0.068633 0.0265182 0)
(-0.0696421 0.0268263 0)
(-0.071219 0.0299084 0)
(-0.0718829 0.030012 0)
(-0.0724697 0.0300729 0)
(-0.0730081 0.0300581 0)
(-0.0688309 0.0312844 0)
(-0.0687488 0.0310809 0)
(-0.0686233 0.0308459 0)
(-0.0684705 0.0305712 0)
(-0.0593996 0.02965 0)
(-0.0586823 0.0292637 0)
(-0.0579452 0.0288528 0)
(-0.0571957 0.0284159 0)
(-0.0449905 0.0257574 0)
(-0.0438718 0.0253007 0)
(-0.0427523 0.0248231 0)
(-0.0416375 0.0243248 0)
(-0.0285424 0.020782 0)
(-0.0273092 0.0203619 0)
(-0.0260926 0.0199225 0)
(-0.0248989 0.0194616 0)
(-0.0137492 0.0158184 0)
(-0.0126683 0.0155278 0)
(-0.0116214 0.0152144 0)
(-0.0106123 0.0148717 0)
(-0.00259701 0.0120381 0)
(-0.00178054 0.0119398 0)
(-0.00100613 0.0118076 0)
(-0.000270226 0.0116287 0)
(0.00366662 0.00893424 0)
(0.00430501 0.00904466 0)
(0.00490988 0.00911363 0)
(0.00548378 0.00913141 0)
(0.000347161 0.00651967 0)
(0.00100427 0.00673697 0)
(0.00164268 0.00690068 0)
(0.00226631 0.00700124 0)
(-0.00825271 0.00379711 0)
(-0.00756578 0.00402393 0)
(-0.00688959 0.00421159 0)
(-0.00622346 0.00435848 0)
(-0.0131961 0.00114263 0)
(-0.0126239 0.00142375 0)
(-0.0120679 0.00167416 0)
(-0.0115432 0.00188306 0)
(-0.0131886 -0.000930111 0)
(-0.0127755 -0.00058296 0)
(-0.0123746 -0.000235845 0)
(-0.0120081 7.0456e-05 0)
(-0.0105833 -0.00224271 0)
(-0.0104188 -0.001877 0)
(-0.0102563 -0.00144505 0)
(-0.0101122 -0.00100571 0)
(-0.00725321 -0.00182732 0)
(-0.00745242 -0.00148129 0)
(-0.00763351 -0.00104847 0)
(-0.00781013 -0.000572716 0)
(-0.00608177 -0.0012096 0)
(-0.00671945 -0.00084744 0)
(-0.00723351 -0.000297033 0)
(-0.00774637 0.00014395 0)
(-0.00605632 0.00239635 0)
(-0.00608204 0.00224051 0)
(-0.007009 0.00515438 0)
(-0.00792927 0.0021575 0)
(-0.0186175 -0.000768151 0)
(0.00128512 -0.000357938 0)
(0.00114878 -0.000154315 0)
(0.00537971 -3.07479e-05 0)
(0.00673737 -5.97286e-05 0)
(0.00797 -6.1088e-08 0)
(0.00849558 3.60581e-05 0)
(0.00839588 5.78826e-05 0)
(0.00780966 7.94688e-05 0)
(0.00677451 8.98326e-05 0)
(0.00543564 8.35705e-05 0)
(0.00399904 6.56246e-05 0)
(0.00262461 4.50593e-05 0)
(0.00135018 3.21041e-05 0)
(0.000241329 2.31714e-05 0)
(-0.000805005 2.65606e-05 0)
(-0.00103536 3.51789e-05 0)
(-0.00393817 -0.000115929 0)
(0.00586374 -0.000606038 0)
(0.0097757 0.00115868 0)
(-0.030231 -0.00441215 0)
(0.000776468 -0.00287118 0)
(0.000181119 -0.000982748 0)
(0.00872785 -0.000829088 0)
(0.01231 -0.000636502 0)
(0.0152644 -0.000338585 0)
(0.0172444 -0.000107446 0)
(0.0181229 8.53995e-05 0)
(0.0179893 0.000277915 0)
(0.0168315 0.000438177 0)
(0.0147662 0.000531339 0)
(0.0120615 0.000554591 0)
(0.00901699 0.000533217 0)
(0.00582746 0.000495275 0)
(0.00281205 0.000435457 0)
(-3.67798e-05 0.000318061 0)
(-0.00107847 0.00038823 0)
(-0.00537319 -0.000924618 0)
(0.00768278 -0.00329537 0)
(0.0163681 0.00335561 0)
(-0.0295258 -0.00810354 0)
(-0.000904971 -0.00541873 0)
(-0.000589173 -0.00210099 0)
(0.00937931 -0.00204175 0)
(0.013872 -0.00152176 0)
(0.0177319 -0.000939065 0)
(0.0206873 -0.000500926 0)
(0.0224775 -9.46656e-05 0)
(0.023136 0.000331105 0)
(0.0225862 0.000721173 0)
(0.0208391 0.00101309 0)
(0.018059 0.00118253 0)
(0.0145097 0.00125028 0)
(0.010447 0.00124298 0)
(0.00635562 0.00114267 0)
(0.00240323 0.000834873 0)
(0.000811702 0.000835994 0)
(-0.00299839 -0.00152554 0)
(0.00705069 -0.00603237 0)
(0.0177933 0.00608766 0)
(-0.0257827 -0.0112227 0)
(-0.00187941 -0.00768635 0)
(-0.000418608 -0.00341829 0)
(0.00942215 -0.00336992 0)
(0.0140394 -0.00250009 0)
(0.018234 -0.00166757 0)
(0.0216374 -0.00103653 0)
(0.023933 -0.000413376 0)
(0.0251364 0.000253788 0)
(0.0251706 0.000891542 0)
(0.023983 0.0014199 0)
(0.0216306 0.00179361 0)
(0.0182738 0.00201774 0)
(0.0141344 0.00209779 0)
(0.00974535 0.00199264 0)
(0.00541533 0.00148998 0)
(0.00335567 0.00126612 0)
(0.000726751 -0.00178485 0)
(0.00682799 -0.00827963 0)
(0.0173525 0.008878 0)
(-0.0218267 -0.0138024 0)
(-0.00202952 -0.00966613 0)
(0.000441462 -0.00477476 0)
(0.00956474 -0.00463035 0)
(0.0140249 -0.00346497 0)
(0.0182431 -0.00243133 0)
(0.0217567 -0.00162454 0)
(0.0242308 -0.000796751 0)
(0.0256778 9.61964e-05 0)
(0.0260387 0.000967995 0)
(0.0252555 0.00172934 0)
(0.0233423 0.0023214 0)
(0.0203844 0.00273259 0)
(0.0165481 0.00293502 0)
(0.0123501 0.00285447 0)
(0.00816394 0.00218784 0)
(0.00584789 0.00161544 0)
(0.00415772 -0.00179259 0)
(0.00706435 -0.00994716 0)
(0.0162913 0.0114759 0)
(-0.018148 -0.0159468 0)
(-0.00178683 -0.0114443 0)
(0.00162588 -0.00611317 0)
(0.00994761 -0.00578878 0)
(0.0141956 -0.00439014 0)
(0.0182853 -0.00318833 0)
(0.0217331 -0.00221787 0)
(0.0242052 -0.00119782 0)
(0.0257076 -9.38363e-05 0)
(0.0261807 0.000995722 0)
(0.0255811 0.00197356 0)
(0.0239282 0.00277327 0)
(0.0212904 0.00337052 0)
(0.0178171 0.00370033 0)
(0.0140085 0.00365189 0)
(0.0102562 0.00285403 0)
(0.00793004 0.00191064 0)
(0.00682383 -0.00166248 0)
(0.00741496 -0.0110929 0)
(0.0150617 0.013872 0)
(-0.0147817 -0.0177137 0)
(-0.00139546 -0.0130686 0)
(0.00285895 -0.00743427 0)
(0.0105096 -0.00685889 0)
(0.0145828 -0.00526827 0)
(0.0184809 -0.00391754 0)
(0.0217772 -0.00279338 0)
(0.0241564 -0.00159193 0)
(0.0256122 -0.000286628 0)
(0.0260739 0.0010106 0)
(0.0255009 0.00219218 0)
(0.0239279 0.0031842 0)
(0.0214463 0.00395084 0)
(0.0182433 0.00438946 0)
(0.0148385 0.00435659 0)
(0.0116387 0.00344587 0)
(0.00948031 0.00217573 0)
(0.00876582 -0.00146326 0)
(0.00775204 -0.0117908 0)
(0.0138318 0.0161097 0)
(-0.0117237 -0.0191493 0)
(-0.00089753 -0.0145293 0)
(0.0039644 -0.00876475 0)
(0.0111251 -0.00786973 0)
(0.0151126 -0.00610321 0)
(0.0188263 -0.00461057 0)
(0.0219435 -0.00333913 0)
(0.0241842 -0.00196495 0)
(0.0255309 -0.000465507 0)
(0.0259049 0.00103429 0)
(0.0252603 0.00241336 0)
(0.0236406 0.00358672 0)
(0.0211724 0.00450293 0)
(0.018121 0.0050191 0)
(0.0150642 0.00496705 0)
(0.0124431 0.00394534 0)
(0.0105598 0.00241293 0)
(0.0101603 -0.00123971 0)
(0.00807446 -0.0121227 0)
(0.0126637 0.0182153 0)
(-0.00897528 -0.0203018 0)
(-0.000273694 -0.015821 0)
(0.00485576 -0.0101037 0)
(0.0116761 -0.00885225 0)
(0.015684 -0.00690988 0)
(0.0192801 -0.00527136 0)
(0.0222447 -0.00385218 0)
(0.0243389 -0.00230872 0)
(0.0255372 -0.00061836 0)
(0.0257612 0.00108204 0)
(0.0249693 0.00265592 0)
(0.0232152 0.00400337 0)
(0.0206635 0.00504999 0)
(0.017677 0.00560685 0)
(0.0149137 0.00548981 0)
(0.0128656 0.00434626 0)
(0.0113205 0.00261499 0)
(0.0112035 -0.00101461 0)
(0.00841512 -0.0121647 0)
(0.0115786 0.0202072 0)
(-0.00652151 -0.02122 0)
(0.000457305 -0.0169563 0)
(0.0055427 -0.01142 0)
(0.0120947 -0.00982782 0)
(0.0162077 -0.00770867 0)
(0.0197857 -0.00591432 0)
(0.0226701 -0.0043392 0)
(0.0246521 -0.00262195 0)
(0.0256935 -0.00073672 0)
(0.0257189 0.00116695 0)
(0.0247084 0.00293501 0)
(0.0227471 0.0044496 0)
(0.0200492 0.00560625 0)
(0.0170821 0.00616359 0)
(0.0145827 0.00593022 0)
(0.0130951 0.00464627 0)
(0.0119254 0.00277332 0)
(0.0120649 -0.000793801 0)
(0.00880336 -0.0119692 0)
(0.0105835 0.0221087 0)
(-0.00432793 -0.021942 0)
(0.0012379 -0.0179483 0)
(0.00608108 -0.012685 0)
(0.0123735 -0.010805 0)
(0.0166316 -0.00851787 0)
(0.0202885 -0.00655909 0)
(0.0231885 -0.00481501 0)
(0.0251287 -0.00291152 0)
(0.0260444 -0.000818267 0)
(0.025853 0.00129916 0)
(0.0245654 0.00326415 0)
(0.0223312 0.00493729 0)
(0.0194434 0.00617944 0)
(0.0164788 0.00669375 0)
(0.0142316 0.00629113 0)
(0.0132826 0.00484507 0)
(0.0125005 0.00288265 0)
(0.0128658 -0.000579279 0)
(0.00925015 -0.0115687 0)
(0.00968039 0.0239429 0)
(-0.00239637 -0.0224853 0)
(0.00199999 -0.0188152 0)
(0.00652605 -0.013882 0)
(0.0125463 -0.0117828 0)
(0.0169473 -0.00934875 0)
(0.020752 -0.00722418 0)
(0.0237597 -0.00529817 0)
(0.0257448 -0.00319118 0)
(0.0266001 -0.000868761 0)
(0.0262161 0.00148264 0)
(0.0246259 0.00365345 0)
(0.0220705 0.00547572 0)
(0.0189625 0.00677377 0)
(0.015997 0.00719886 0)
(0.0139901 0.00657624 0)
(0.0135331 0.00494637 0)
(0.0131179 0.00294284 0)
(0.0136725 -0.000369008 0)
(0.00974606 -0.0109823 0)
(0.00886924 0.0257298 0)
(-0.000890725 -0.0228829 0)
(0.00268295 -0.019578 0)
(0.00691365 -0.0150074 0)
(0.0126611 -0.0127569 0)
(0.0171802 -0.0102054 0)
(0.021166 -0.00792279 0)
(0.0243496 -0.0058059 0)
(0.0264586 -0.00347759 0)
(0.0273323 -0.00090085 0)
(0.0268189 0.00171248 0)
(0.0249484 0.00410594 0)
(0.0220583 0.00607016 0)
(0.018717 0.0073913 0)
(0.0157505 0.00768078 0)
(0.0139574 0.00679361 0)
(0.0139091 0.00496089 0)
(0.0137989 0.00295901 0)
(0.0145033 -0.000157948 0)
(0.0102644 -0.010223 0)
(0.00814861 0.0274856 0)
(-0.00012672 -0.0231976 0)
(0.0032458 -0.020283 0)
(0.00726277 -0.0160687 0)
(0.0127625 -0.0137241 0)
(0.0173718 -0.0110873 0)
(0.0215437 -0.00866156 0)
(0.0249402 -0.00635029 0)
(0.0272268 -0.00378534 0)
(0.0281875 -0.000930098 0)
(0.0276267 0.00197587 0)
(0.0255454 0.00461563 0)
(0.0223535 0.00671983 0)
(0.01879 0.00803225 0)
(0.015822 0.00814349 0)
(0.014197 0.00695756 0)
(0.0144381 0.00490775 0)
(0.0145291 0.00294164 0)
(0.0153422 6.26003e-05 0)
(0.0107658 -0.0093012 0)
(0.00751445 0.0292218 0)
(-0.000173445 -0.0235185 0)
(0.00368007 -0.0209887 0)
(0.00758613 -0.0170803 0)
(0.0128827 -0.0146844 0)
(0.0175632 -0.0119923 0)
(0.0219093 -0.0094419 0)
(0.0255277 -0.00693707 0)
(0.0280159 -0.00412341 0)
(0.0291058 -0.000969968 0)
(0.028574 0.00225558 0)
(0.0263805 0.00516786 0)
(0.0229655 0.00741663 0)
(0.0192193 0.00869441 0)
(0.0162497 0.00859289 0)
(0.0147327 0.00708748 0)
(0.0151217 0.00481349 0)
(0.0152775 0.00290629 0)
(0.0161563 0.000300121 0)
(0.0112026 -0.00822622 0)
(0.00695895 0.0309441 0)
(-0.000656676 -0.0239927 0)
(0.0040097 -0.0217366 0)
(0.00788983 -0.0180584 0)
(0.0130399 -0.0156409 0)
(0.0177832 -0.0129182 0)
(0.0222841 -0.0102621 0)
(0.0261128 -0.00756716 0)
(0.0288016 -0.00449523 0)
(0.0300351 -0.00102904 0)
(0.029585 0.0025348 0)
(0.0273816 0.00574241 0)
(0.0238529 0.00814565 0)
(0.0199903 0.00937259 0)
(0.0170225 0.00903561 0)
(0.0155495 0.00720471 0)
(0.0159431 0.00470878 0)
(0.01601 0.00287216 0)
(0.0169112 0.000560632 0)
(0.0115242 -0.00700977 0)
(0.00646912 0.0326532 0)
(-0.00063115 -0.0246577 0)
(0.00428325 -0.0225112 0)
(0.00818322 -0.0190176 0)
(0.0132391 -0.0165968 0)
(0.0180421 -0.0138623 0)
(0.0226745 -0.0111191 0)
(0.0266904 -0.00824046 0)
(0.0295647 -0.00490311 0)
(0.0309374 -0.00111307 0)
(0.0305936 0.00280055 0)
(0.028463 0.00631846 0)
(0.0249373 0.00888766 0)
(0.0210426 0.0100586 0)
(0.0180865 0.00947743 0)
(0.0165992 0.00732925 0)
(0.0168702 0.00462433 0)
(0.0166963 0.00285976 0)
(0.01758 0.000853361 0)
(0.0116812 -0.00567726 0)
(0.00602646 0.0343329 0)
(-0.000181694 -0.0252268 0)
(0.00452588 -0.0233214 0)
(0.00847219 -0.0199659 0)
(0.0134722 -0.0175543 0)
(0.0183302 -0.0148212 0)
(0.0230683 -0.0120072 0)
(0.0272456 -0.00895393 0)
(0.0302895 -0.00534791 0)
(0.0317917 -0.00122596 0)
(0.0315559 0.00304318 0)
(0.0295477 0.0068778 0)
(0.0261249 0.00962261 0)
(0.0222856 0.010742 0)
(0.019358 0.00992208 0)
(0.0178084 0.00747728 0)
(0.0178536 0.00458738 0)
(0.0173053 0.00288772 0)
(0.0181402 0.0011912 0)
(0.0116347 -0.00424924 0)
(0.00559796 0.0359994 0)
(-4.11934e-05 -0.0256255 0)
(0.00473054 -0.024148 0)
(0.00875384 -0.0209089 0)
(0.0137189 -0.0185174 0)
(0.0186199 -0.0157919 0)
(0.0234378 -0.0129134 0)
(0.0277577 -0.00968963 0)
(0.0309659 -0.00581282 0)
(0.0325926 -0.00135684 0)
(0.0324522 0.00326194 0)
(0.0305803 0.00740835 0)
(0.0273257 0.0103332 0)
(0.0236164 0.0114122 0)
(0.0207351 0.0103718 0)
(0.0190814 0.00766108 0)
(0.0188184 0.00461928 0)
(0.0177923 0.00296883 0)
(0.0185617 0.00158554 0)
(0.0113886 -0.0026166 0)
(0.00521425 0.0374916 0)
(-0.000520437 -0.02618 0)
(0.00488172 -0.0250114 0)
(0.00901502 -0.0218714 0)
(0.0139432 -0.0194932 0)
(0.0188651 -0.0167752 0)
(0.0237423 -0.0138311 0)
(0.0281979 -0.0104287 0)
(0.0315758 -0.00626789 0)
(0.0333288 -0.00147365 0)
(0.0332646 0.00347523 0)
(0.0315196 0.00791307 0)
(0.0284594 0.0110139 0)
(0.0249266 0.0120651 0)
(0.0220963 0.0108281 0)
(0.0202861 0.00788652 0)
(0.0196399 0.0047274 0)
(0.0180696 0.00310989 0)
(0.0188227 0.00199033 0)
(0.0110707 -0.000448001 0)
(0.00442293 0.03938 0)
(-0.000377052 -0.0280228 0)
(0.00517962 -0.0271057 0)
(0.00944391 -0.0243137 0)
(0.0141985 -0.0219244 0)
(0.0190748 -0.0192855 0)
(0.0240841 -0.016303 0)
(0.028871 -0.0125059 0)
(0.0326356 -0.00759618 0)
(0.0347155 -0.00187042 0)
(0.0349151 0.00397432 0)
(0.0334542 0.00910889 0)
(0.0307875 0.0125924 0)
(0.0276197 0.0136223 0)
(0.0247802 0.0120512 0)
(0.0223962 0.00873302 0)
(0.0207281 0.00529301 0)
(0.0177803 0.00371736 0)
(0.0193853 0.00238493 0)
(0.0117243 0.00123293 0)
(0.0108178 0.0382874 0)
(-1.93292e-05 -0.0309898 0)
(0.00569283 -0.0305607 0)
(0.00979526 -0.0282021 0)
(0.0141058 -0.0257491 0)
(0.0187954 -0.023346 0)
(0.0240304 -0.0205289 0)
(0.0292724 -0.0162423 0)
(0.0334052 -0.0101711 0)
(0.0357035 -0.00296049 0)
(0.0360779 0.00433056 0)
(0.034757 0.010615 0)
(0.0321502 0.0148302 0)
(0.0287944 0.0161402 0)
(0.0251679 0.0145112 0)
(0.0211482 0.0110408 0)
(0.0173895 0.00755935 0)
(0.0117846 0.00557192 0)
(0.0152717 0.00349749 0)
(-0.00720678 0.0114028 0)
(-0.00703781 0.0374028 0)
(-0.000233539 -0.0337543 0)
(0.00549744 -0.0340274 0)
(0.00895568 -0.0316116 0)
(0.0124635 -0.029144 0)
(0.0168051 -0.0273667 0)
(0.0220304 -0.0250777 0)
(0.0271524 -0.0203299 0)
(0.0308004 -0.0130032 0)
(0.0325078 -0.00430789 0)
(0.0325159 0.00441923 0)
(0.0310554 0.0119094 0)
(0.0282169 0.0170454 0)
(0.0241497 0.0190468 0)
(0.0190343 0.0179967 0)
(0.0128208 0.0150471 0)
(0.00700001 0.0115547 0)
(0.000492238 0.00856462 0)
(-0.0114211 0.0135909 0)
(-0.0321272 0.0252535 0)
(-0.0321312 0.0381759 0)
(-0.000974801 -0.0367364 0)
(0.00441536 -0.0369727 0)
(0.00677257 -0.0341666 0)
(0.00926984 -0.0319456 0)
(0.0130314 -0.0312222 0)
(0.0175487 -0.0293654 0)
(0.0214827 -0.023581 0)
(0.023398 -0.0145661 0)
(0.023326 -0.00444602 0)
(0.0219226 0.00530962 0)
(0.019612 0.013826 0)
(0.0162028 0.0200629 0)
(0.0113642 0.0231885 0)
(0.00500452 0.0231017 0)
(-0.00202831 0.0200955 0)
(-0.0104621 0.0173781 0)
(-0.0247495 0.0196744 0)
(-0.0405432 0.0263975 0)
(-0.0497091 0.0326294 0)
(-0.0472023 0.0362214 0)
(-0.000315333 -0.0389677 0)
(0.00258169 -0.0388907 0)
(0.00363708 -0.035679 0)
(0.00485002 -0.0339842 0)
(0.00742655 -0.0343525 0)
(0.0104306 -0.0324117 0)
(0.0123855 -0.0249584 0)
(0.0117642 -0.0138825 0)
(0.00921784 -0.00240038 0)
(0.00579905 0.00810585 0)
(0.00219117 0.0171396 0)
(-0.00198199 0.0243164 0)
(-0.00717949 0.0281562 0)
(-0.0136242 0.0283057 0)
(-0.022573 0.0271139 0)
(-0.0355106 0.0283037 0)
(-0.0490013 0.031161 0)
(-0.0567703 0.0328868 0)
(-0.0575533 0.0334352 0)
(-0.0552073 0.0331002 0)
(0.00075371 -0.0393913 0)
(0.000124256 -0.039343 0)
(9.33082e-06 -0.0359955 0)
(-0.00059926 -0.0348316 0)
(0.000150443 -0.0360963 0)
(0.00122266 -0.0337551 0)
(0.000794391 -0.0244468 0)
(-0.0022728 -0.0114168 0)
(-0.00660803 0.000971579 0)
(-0.0114632 0.0115206 0)
(-0.0165305 0.0209611 0)
(-0.0215584 0.0285301 0)
(-0.0274016 0.0329102 0)
(-0.0355192 0.0350405 0)
(-0.0463973 0.0368331 0)
(-0.0567637 0.0378381 0)
(-0.0621852 0.0363062 0)
(-0.0627648 0.0336852 0)
(-0.061989 0.0328075 0)
(-0.0621279 0.0330184 0)
(0.000691385 -0.0380288 0)
(-0.0026582 -0.0383029 0)
(-0.00407995 -0.0347925 0)
(-0.00690607 -0.034097 0)
(-0.00843053 -0.0362709 0)
(-0.0100251 -0.0331882 0)
(-0.0133871 -0.0219355 0)
(-0.0181779 -0.00766299 0)
(-0.0232963 0.00505728 0)
(-0.0289008 0.015621 0)
(-0.0349413 0.0251741 0)
(-0.0414171 0.0332845 0)
(-0.049047 0.0392104 0)
(-0.0577549 0.0430192 0)
(-0.0650208 0.043951 0)
(-0.0677796 0.0410499 0)
(-0.0667729 0.0361904 0)
(-0.0658022 0.0333321 0)
(-0.066105 0.0333941 0)
(-0.0663522 0.0339686 0)
(-0.00316685 -0.0371635 0)
(-0.00580683 -0.0362489 0)
(-0.00859601 -0.0317581 0)
(-0.0138803 -0.0314565 0)
(-0.0182842 -0.0344028 0)
(-0.0234307 -0.0299974 0)
(-0.0297617 -0.0170907 0)
(-0.0358917 -0.00272751 0)
(-0.0415457 0.00965198 0)
(-0.0478003 0.0206811 0)
(-0.0548779 0.0309383 0)
(-0.0623006 0.039717 0)
(-0.0691707 0.045744 0)
(-0.0735902 0.0477378 0)
(-0.073735 0.0450129 0)
(-0.0706745 0.0393868 0)
(-0.0681715 0.0348859 0)
(-0.0677208 0.0334964 0)
(-0.0669966 0.0334172 0)
(-0.0642991 0.0327049 0)
(-0.00188318 -0.0358787 0)
(-0.00778741 -0.0330121 0)
(-0.0130728 -0.0267469 0)
(-0.0210871 -0.026602 0)
(-0.0289935 -0.0296895 0)
(-0.0377434 -0.0239221 0)
(-0.0466839 -0.010618 0)
(-0.0545055 0.00290624 0)
(-0.0613203 0.0152013 0)
(-0.0680854 0.0268192 0)
(-0.0746657 0.0372387 0)
(-0.0797097 0.0449351 0)
(-0.0815912 0.0483235 0)
(-0.07935 0.0467392 0)
(-0.0742486 0.0416495 0)
(-0.0697126 0.0365578 0)
(-0.0676503 0.0338816 0)
(-0.0659638 0.032606 0)
(-0.0619611 0.0308188 0)
(-0.0555423 0.0283453 0)
(-0.00274062 -0.0323472 0)
(-0.0100036 -0.028341 0)
(-0.0172795 -0.0198038 0)
(-0.0279436 -0.0193953 0)
(-0.0390924 -0.0222111 0)
(-0.0505045 -0.0155974 0)
(-0.0615514 -0.00271744 0)
(-0.0710725 0.00970181 0)
(-0.0785403 0.0211879 0)
(-0.0842982 0.0320749 0)
(-0.0876816 0.0407696 0)
(-0.0875397 0.045492 0)
(-0.0834305 0.0454896 0)
(-0.0766891 0.0418039 0)
(-0.070294 0.0372012 0)
(-0.0663797 0.034049 0)
(-0.063667 0.0319723 0)
(-0.0591901 0.0291348 0)
(-0.0518774 0.0252146 0)
(-0.0428856 0.0214813 0)
(-0.00490068 -0.028843 0)
(-0.0122095 -0.0226566 0)
(-0.0207759 -0.011358 0)
(-0.0335204 -0.0102619 0)
(-0.0467394 -0.0128212 0)
(-0.0591511 -0.00597938 0)
(-0.0707056 0.00608536 0)
(-0.080562 0.0166667 0)
(-0.0873073 0.0259887 0)
(-0.0903423 0.0343147 0)
(-0.0893514 0.0398392 0)
(-0.084426 0.0413763 0)
(-0.076903 0.0394479 0)
(-0.0693512 0.0360674 0)
(-0.0639377 0.0332915 0)
(-0.0603348 0.031232 0)
(-0.0561067 0.0282296 0)
(-0.0494632 0.0233871 0)
(-0.0405943 0.0178792 0)
(-0.0306594 0.0136169 0)
(-0.00543123 -0.0251827 0)
(-0.0141249 -0.0161751 0)
(-0.0232102 -0.00202542 0)
(-0.0370255 -3.30242e-05 0)
(-0.0507131 -0.00283207 0)
(-0.062086 0.00337415 0)
(-0.0721022 0.0142826 0)
(-0.0804943 0.0225574 0)
(-0.0851221 0.0286449 0)
(-0.0851099 0.033364 0)
(-0.0808829 0.0356444 0)
(-0.0738305 0.0351792 0)
(-0.0661806 0.0331809 0)
(-0.0600179 0.0312735 0)
(-0.0557701 0.0298781 0)
(-0.0519609 0.0277157 0)
(-0.0468669 0.023355 0)
(-0.0399236 0.016967 0)
(-0.0313413 0.0102117 0)
(-0.0215516 0.00508284 0)
(-0.0058631 -0.0209736 0)
(-0.0159725 -0.00912791 0)
(-0.024681 0.00747406 0)
(-0.0383459 0.0102714 0)
(-0.0512523 0.00651684 0)
(-0.0602933 0.0109299 0)
(-0.0669085 0.0203368 0)
(-0.0721446 0.0265813 0)
(-0.0742038 0.0293839 0)
(-0.0721657 0.0306246 0)
(-0.066909 0.0305219 0)
(-0.0603221 0.0293937 0)
(-0.0543343 0.0282478 0)
(-0.0498317 0.0276193 0)
(-0.0462206 0.0267102 0)
(-0.0423073 0.0239918 0)
(-0.0375203 0.0186662 0)
(-0.0318782 0.0112659 0)
(-0.0252844 0.00316178 0)
(-0.018093 -0.00330352 0)
(-0.0070779 -0.0162957 0)
(-0.0180524 -0.00192684 0)
(-0.0255619 0.0163493 0)
(-0.0379288 0.0198667 0)
(-0.0493427 0.0145416 0)
(-0.0558604 0.015951 0)
(-0.0584691 0.0233218 0)
(-0.0596983 0.0282029 0)
(-0.059231 0.0288154 0)
(-0.0563632 0.0276279 0)
(-0.0517683 0.0261679 0)
(-0.0468634 0.0250841 0)
(-0.0426711 0.0247295 0)
(-0.0391948 0.0246872 0)
(-0.0357657 0.0237188 0)
(-0.0319827 0.0206302 0)
(-0.0281508 0.0151172 0)
(-0.0246196 0.00766204 0)
(-0.021409 -0.00072383 0)
(-0.0188047 -0.00751965 0)
(-0.00937505 -0.0112887 0)
(-0.020662 0.0048963 0)
(-0.0263168 0.0239501 0)
(-0.0363731 0.0281173 0)
(-0.0458642 0.0211175 0)
(-0.0505407 0.0186869 0)
(-0.0501228 0.0231976 0)
(-0.0477081 0.0271764 0)
(-0.0448608 0.0271624 0)
(-0.0415655 0.0250499 0)
(-0.037963 0.0230916 0)
(-0.0345207 0.0221598 0)
(-0.0313847 0.0220957 0)
(-0.0282085 0.0220196 0)
(-0.0246598 0.0208061 0)
(-0.0210023 0.0177781 0)
(-0.0180598 0.0129509 0)
(-0.0164529 0.00656533 0)
(-0.0164039 -0.00101305 0)
(-0.0179015 -0.00778915 0)
(-0.0141711 -0.0064018 0)
(-0.0243549 0.0107667 0)
(-0.0273815 0.0294807 0)
(-0.0341777 0.0342977 0)
(-0.0412982 0.0261864 0)
(-0.0449686 0.0198992 0)
(-0.0433592 0.0208322 0)
(-0.0388127 0.0237369 0)
(-0.0340349 0.024156 0)
(-0.0300005 0.0224392 0)
(-0.0265586 0.0206469 0)
(-0.0234437 0.0198351 0)
(-0.0203421 0.0196939 0)
(-0.0168657 0.0192938 0)
(-0.0129401 0.0178736 0)
(-0.0091884 0.0153229 0)
(-0.00675974 0.0118131 0)
(-0.00654205 0.00722016 0)
(-0.0084621 0.00121719 0)
(-0.0124958 -0.00505377 0)
(-0.0219279 -0.00228024 0)
(-0.029483 0.0149238 0)
(-0.029186 0.0325997 0)
(-0.0316936 0.0381802 0)
(-0.0356953 0.0302444 0)
(-0.0385598 0.021147 0)
(-0.0371558 0.018339 0)
(-0.0322867 0.0195028 0)
(-0.0265401 0.0203363 0)
(-0.0215498 0.0194663 0)
(-0.0172842 0.0180452 0)
(-0.0133475 0.0173306 0)
(-0.0094987 0.0170863 0)
(-0.00539098 0.0163296 0)
(-0.000871596 0.0146552 0)
(0.00330301 0.012731 0)
(0.00543184 0.0109635 0)
(0.00437006 0.00863708 0)
(0.00087776 0.00447081 0)
(-0.00419021 -0.000805999 0)
(-0.0307448 0.00160835 0)
(-0.0357673 0.0162934 0)
(-0.0317239 0.0314677 0)
(-0.0292467 0.0377763 0)
(-0.0290292 0.0315242 0)
(-0.0300723 0.0212978 0)
(-0.0286056 0.0150897 0)
(-0.0242061 0.0139523 0)
(-0.0186402 0.0148394 0)
(-0.0131412 0.014601 0)
(-0.0076568 0.0133706 0)
(-0.0023019 0.0129718 0)
(0.00238466 0.0128366 0)
(0.00684809 0.0119806 0)
(0.0115512 0.0101798 0)
(0.0161111 0.00959399 0)
(0.0181561 0.0113159 0)
(0.0155607 0.0125515 0)
(0.00959585 0.00915206 0)
(0.00330753 0.0039508 0)
(-0.0407167 0.0026311 0)
(-0.0458354 0.0161034 0)
(-0.0353973 0.0296613 0)
(-0.0268608 0.0365918 0)
(-0.0214505 0.0329559 0)
(-0.0193978 0.0235706 0)
(-0.0161506 0.0155423 0)
(-0.0105059 0.0126589 0)
(-0.00512793 0.0133394 0)
(-0.000130154 0.0127074 0)
(0.00627989 0.0102228 0)
(0.0134395 0.0106849 0)
(0.0191902 0.0112977 0)
(0.0233626 0.0114269 0)
(0.0274294 0.00861316 0)
(0.032071 0.00811084 0)
(0.0328151 0.0104706 0)
(0.0259855 0.0135696 0)
(0.0152582 0.0119867 0)
(0.00876129 0.00684992 0)
(-0.0527884 0.00987575 0)
(-0.0579087 0.00798004 0)
(-0.0426238 0.0113728 0)
(-0.0281103 0.0196222 0)
(-0.0170927 0.0214924 0)
(-0.0106479 0.0162889 0)
(-0.003911 0.00549957 0)
(0.00538303 0.00137547 0)
(0.0113014 0.00523679 0)
(0.0140938 0.00485043 0)
(0.0214679 -0.00226543 0)
(0.0313763 0.000745828 0)
(0.0385746 0.00366938 0)
(0.0413118 0.00575937 0)
(0.0457595 -0.000114292 0)
(0.0550712 0.000243149 0)
(0.0582187 0.0159163 0)
(0.0434858 0.0369758 0)
(0.021151 0.0307039 0)
(0.0104397 0.0141734 0)
(-0.0134191 0.00159003 0)
(-0.00685157 -0.000821252 0)
(0.00865194 -0.000198665 0)
(0.00826895 0.00033197 0)
(0.00423435 0.000116571 0)
(0.0024781 -3.25348e-05 0)
(0.00226884 -7.14722e-06 0)
(0.00210971 1.09522e-05 0)
(0.0020447 -3.72551e-06 0)
(0.00213904 -1.24519e-05 0)
(0.00218946 -9.8034e-06 0)
(0.00210977 -6.38154e-06 0)
(0.00195634 -7.70784e-06 0)
(0.00176528 -6.90789e-06 0)
(0.00153676 -4.14165e-06 0)
(0.00130575 -1.68627e-06 0)
(0.00112298 -1.12144e-06 0)
(0.00101776 -1.43107e-06 0)
(0.000991153 -2.2597e-06 0)
(0.00103412 -2.28382e-06 0)
(-0.0223637 0.00424179 0)
(-0.00499011 -0.00515415 0)
(0.015183 -0.00229987 0)
(0.018236 0.000914783 0)
(0.0120956 0.00106744 0)
(0.00707638 0.000342108 0)
(0.00539717 0.000106899 0)
(0.00486493 6.73419e-05 0)
(0.00472259 -7.83771e-06 0)
(0.00470875 -2.69402e-05 0)
(0.00444381 1.72043e-05 0)
(0.00382316 6.13638e-05 0)
(0.00297005 8.08844e-05 0)
(0.00198596 9.76281e-05 0)
(0.000952365 0.000106686 0)
(1.93003e-05 9.56011e-05 0)
(-0.000677146 6.73151e-05 0)
(-0.0010859 3.28792e-05 0)
(-0.00123232 2.05489e-06 0)
(-0.00118951 -9.23057e-06 0)
(-0.0246402 0.00729233 0)
(-0.00062631 -0.0101763 0)
(0.0170074 -0.00458586 0)
(0.0220352 0.00114543 0)
(0.0170337 0.00218224 0)
(0.0106857 0.00114617 0)
(0.0074922 0.000452311 0)
(0.00643701 0.00018581 0)
(0.00609847 2.57841e-05 0)
(0.0056963 3.61589e-05 0)
(0.00478446 0.000167613 0)
(0.00332098 0.000288179 0)
(0.00148629 0.000355761 0)
(-0.000526745 0.000396313 0)
(-0.00249688 0.000392629 0)
(-0.00416333 0.000328404 0)
(-0.00535782 0.000225256 0)
(-0.00605255 0.000114705 0)
(-0.00632503 2.48929e-05 0)
(-0.00632733 -1.24141e-05 0)
(-0.0245884 0.0102221 0)
(0.00199816 -0.0151065 0)
(0.0163374 -0.00659362 0)
(0.021758 0.00115879 0)
(0.0186249 0.00315385 0)
(0.0125899 0.00210826 0)
(0.00860231 0.000978414 0)
(0.00706267 0.000388665 0)
(0.00634561 0.000142055 0)
(0.00526576 0.000234619 0)
(0.00341247 0.000497395 0)
(0.000860178 0.000723259 0)
(-0.00213493 0.000852894 0)
(-0.00524198 0.000902296 0)
(-0.00809889 0.000844488 0)
(-0.0103933 0.000677925 0)
(-0.0119849 0.000454134 0)
(-0.0129019 0.000233353 0)
(-0.0132825 6.43189e-05 0)
(-0.0133357 -1.04899e-05 0)
(-0.0236099 0.0127675 0)
(0.00321158 -0.019643 0)
(0.0139886 -0.00818281 0)
(0.0189363 0.00101652 0)
(0.0175189 0.00385187 0)
(0.0126517 0.00301676 0)
(0.00866387 0.00157566 0)
(0.00683654 0.000674458 0)
(0.00553783 0.000389365 0)
(0.00348052 0.000627414 0)
(0.000438678 0.00105659 0)
(-0.00336051 0.00139787 0)
(-0.0075468 0.00157883 0)
(-0.0116468 0.00159682 0)
(-0.0152159 0.00143046 0)
(-0.0179681 0.00111262 0)
(-0.0198324 0.000732211 0)
(-0.0209012 0.000378247 0)
(-0.0213609 0.000116953 0)
(-0.0214525 -5.04222e-06 0)
(-0.0221608 0.0149712 0)
(0.00356461 -0.0236193 0)
(0.0106195 -0.00931107 0)
(0.0146638 0.000778936 0)
(0.0146135 0.0042593 0)
(0.0111831 0.00375814 0)
(0.00773455 0.00215034 0)
(0.00577396 0.00104028 0)
(0.00364312 0.000818526 0)
(0.000335597 0.00126787 0)
(-0.0040434 0.00187354 0)
(-0.0091062 0.00231615 0)
(-0.0143573 0.00250968 0)
(-0.0192273 0.00243891 0)
(-0.0232826 0.00211023 0)
(-0.0263193 0.00160232 0)
(-0.0283442 0.00104102 0)
(-0.0295019 0.000539807 0)
(-0.0300094 0.000178329 0)
(-0.0301243 3.98333e-06 0)
(-0.0204193 0.0169215 0)
(0.00334624 -0.0269438 0)
(0.00683777 -0.00996122 0)
(0.00985053 0.000503495 0)
(0.0107574 0.00441656 0)
(0.00867222 0.00429295 0)
(0.00599142 0.002656 0)
(0.0038418 0.0015061 0)
(0.000570595 0.00148616 0)
(-0.00415552 0.00218445 0)
(-0.00987226 0.00294785 0)
(-0.0160633 0.00345243 0)
(-0.0221299 0.00359876 0)
(-0.0275009 0.00337963 0)
(-0.0318283 0.00284573 0)
(-0.0350054 0.0021221 0)
(-0.0371023 0.00136587 0)
(-0.0382978 0.000710023 0)
(-0.0388266 0.000244436 0)
(-0.0389534 1.49855e-05 0)
(-0.0184743 0.0186604 0)
(0.00274575 -0.029591 0)
(0.00316141 -0.010173 0)
(0.00527237 0.000212832 0)
(0.00662775 0.00439338 0)
(0.00559643 0.00463557 0)
(0.00361625 0.00310366 0)
(0.000942182 0.00212669 0)
(-0.00374599 0.00243486 0)
(-0.00988451 0.00337261 0)
(-0.0167946 0.00425239 0)
(-0.0238533 0.00475701 0)
(-0.0304368 0.0047903 0)
(-0.0360598 0.00437348 0)
(-0.0404894 0.00360616 0)
(-0.0437002 0.00265293 0)
(-0.0458043 0.00169555 0)
(-0.0470001 0.000882699 0)
(-0.0475304 0.000311794 0)
(-0.0476615 2.55292e-05 0)
(-0.0163778 0.0202072 0)
(0.00189403 -0.0315705 0)
(-4.8701e-05 -0.0100731 0)
(0.00144322 -7.66793e-05 0)
(0.00265058 0.00428145 0)
(0.00231621 0.00484293 0)
(0.00066488 0.00355765 0)
(-0.00307022 0.00297971 0)
(-0.00924675 0.00366815 0)
(-0.0166449 0.0048043 0)
(-0.0244818 0.0057355 0)
(-0.0320902 0.00616951 0)
(-0.0389118 0.00603225 0)
(-0.0445926 0.00538435 0)
(-0.049004 0.00436897 0)
(-0.0521755 0.00318117 0)
(-0.0542425 0.00202204 0)
(-0.055413 0.00105346 0)
(-0.0559319 0.000378598 0)
(-0.0560622 3.57896e-05 0)
(-0.0141475 0.0215582 0)
(0.000869721 -0.0328984 0)
(-0.00265007 -0.00991594 0)
(-0.00157153 -0.000249867 0)
(-0.000997572 0.00417221 0)
(-0.00100312 0.00499457 0)
(-0.00302524 0.00414095 0)
(-0.00823266 0.00411554 0)
(-0.0157628 0.00516221 0)
(-0.0241501 0.00642585 0)
(-0.0325829 0.00733366 0)
(-0.0404351 0.00763226 0)
(-0.0472753 0.00728336 0)
(-0.0528799 0.00638674 0)
(-0.0571951 0.00511896 0)
(-0.0602806 0.0036977 0)
(-0.0622824 0.00233994 0)
(-0.063411 0.00121931 0)
(-0.0639099 0.000443421 0)
(-0.0640362 4.55567e-05 0)
(-0.0117961 0.0227266 0)
(-0.000280869 -0.0336586 0)
(-0.00481806 -0.00972766 0)
(-0.00403854 -0.000276812 0)
(-0.00429224 0.00412099 0)
(-0.00450938 0.00521426 0)
(-0.00767944 0.00496815 0)
(-0.0144313 0.0055337 0)
(-0.0230407 0.0068625 0)
(-0.0320784 0.00817113 0)
(-0.040778 0.00898454 0)
(-0.0486257 0.00909862 0)
(-0.0553331 0.00851484 0)
(-0.0607778 0.00736425 0)
(-0.0649498 0.00584662 0)
(-0.0679213 0.0041968 0)
(-0.0698406 0.00264583 0)
(-0.070917 0.00137825 0)
(-0.0713903 0.000505285 0)
(-0.0715104 5.46911e-05 0)
(-0.00933633 0.0237399 0)
(-0.00156297 -0.0339329 0)
(-0.00683906 -0.00942561 0)
(-0.00631276 -0.000169733 0)
(-0.00744841 0.00420045 0)
(-0.00856237 0.00563596 0)
(-0.0133648 0.00609319 0)
(-0.0214451 0.00719132 0)
(-0.0307821 0.00869979 0)
(-0.0401232 0.00997383 0)
(-0.0488114 0.010636 0)
(-0.0564787 0.0105355 0)
(-0.0629599 0.00970863 0)
(-0.068197 0.00830716 0)
(-0.0721992 0.00654636 0)
(-0.0750405 0.00467508 0)
(-0.0768666 0.00293755 0)
(-0.0778836 0.0015289 0)
(-0.0783274 0.000563491 0)
(-0.0784397 6.31065e-05 0)
(-0.00677963 0.0246206 0)
(-0.00302782 -0.0337046 0)
(-0.00893043 -0.00906591 0)
(-0.00877316 5.96587e-05 0)
(-0.0108799 0.00449543 0)
(-0.0134825 0.00636108 0)
(-0.0199598 0.00751062 0)
(-0.0289911 0.00901846 0)
(-0.0386897 0.0106034 0)
(-0.0480288 0.0117764 0)
(-0.0565001 0.0122496 0)
(-0.0638768 0.011922 0)
(-0.0700801 0.0108544 0)
(-0.0750839 0.00921013 0)
(-0.0789013 0.00721499 0)
(-0.0816022 0.00513041 0)
(-0.0833273 0.00321357 0)
(-0.084279 0.00167021 0)
(-0.0846899 0.000617466 0)
(-0.0847931 7.07336e-05 0)
(-0.00413978 0.0253878 0)
(-0.00472202 -0.0329641 0)
(-0.0112961 -0.00861096 0)
(-0.0117848 0.000441433 0)
(-0.0150054 0.00507017 0)
(-0.019366 0.00742001 0)
(-0.0272112 0.00916218 0)
(-0.0367735 0.0109371 0)
(-0.0465032 0.0125105 0)
(-0.0556045 0.0135351 0)
(-0.0637252 0.0138006 0)
(-0.0707498 0.0132463 0)
(-0.0766486 0.0119468 0)
(-0.081405 0.0100702 0)
(-0.0850276 0.00785047 0)
(-0.0875792 0.00556114 0)
(-0.0891953 0.00347255 0)
(-0.0900755 0.00180114 0)
(-0.0904495 0.000666642 0)
(-0.0905423 7.7494e-05 0)
(-0.00143695 0.0260628 0)
(-0.00669234 -0.0316839 0)
(-0.0141018 -0.00799428 0)
(-0.0156071 0.00102915 0)
(-0.0200558 0.00594779 0)
(-0.026068 0.00877475 0)
(-0.0348137 0.0109633 0)
(-0.044523 0.0128756 0)
(-0.0540199 0.0143715 0)
(-0.0627222 0.01522 0)
(-0.0704154 0.0152745 0)
(-0.0770569 0.0145023 0)
(-0.0826366 0.0129829 0)
(-0.087135 0.0108852 0)
(-0.090552 0.00845085 0)
(-0.0929434 0.00596545 0)
(-0.0944403 0.0037129 0)
(-0.095241 0.00192051 0)
(-0.0955735 0.000710361 0)
(-0.0956543 8.32758e-05 0)
(0.0013 0.0266771 0)
(-0.00898511 -0.0298324 0)
(-0.0174485 -0.00713829 0)
(-0.020326 0.00185755 0)
(-0.0259989 0.00710709 0)
(-0.0332981 0.0103466 0)
(-0.0424727 0.0128288 0)
(-0.0520205 0.0147764 0)
(-0.0610968 0.0161515 0)
(-0.0693036 0.0168133 0)
(-0.0765299 0.0166639 0)
(-0.082772 0.0156868 0)
(-0.0880209 0.0139602 0)
(-0.0922479 0.0116529 0)
(-0.0954439 0.0090136 0)
(-0.0976593 0.00634088 0)
(-0.0990231 0.00393254 0)
(-0.0997338 0.00202675 0)
(-0.100019 0.000747798 0)
(-0.100085 8.79365e-05 0)
(0.00402625 0.0272494 0)
(-0.0116507 -0.0273544 0)
(-0.0213528 -0.00597555 0)
(-0.0258479 0.00293957 0)
(-0.0326019 0.00849397 0)
(-0.0407294 0.0120454 0)
(-0.0499414 0.014687 0)
(-0.0591055 0.0165977 0)
(-0.0676432 0.0178285 0)
(-0.0753038 0.0183054 0)
(-0.0820441 0.0179647 0)
(-0.0878738 0.0167968 0)
(-0.0927758 0.0148759 0)
(-0.0967109 0.0123697 0)
(-0.099663 0.00953498 0)
(-0.10168 0.0066839 0)
(-0.102892 0.00412855 0)
(-0.103499 0.00211788 0)
(-0.103728 0.000777945 0)
(-0.103778 9.1284e-05 0)
(0.00670044 0.0278996 0)
(-0.0147551 -0.0241367 0)
(-0.0257555 -0.00447303 0)
(-0.0319549 0.00426061 0)
(-0.0395445 0.0100403 0)
(-0.0480704 0.0137914 0)
(-0.0570347 0.0164871 0)
(-0.0656719 0.0183146 0)
(-0.0736067 0.019392 0)
(-0.0806976 0.0196929 0)
(-0.0869384 0.0191751 0)
(-0.0923378 0.0178302 0)
(-0.0968679 0.0157263 0)
(-0.100481 0.0130308 0)
(-0.103157 0.0100096 0)
(-0.104946 0.00698953 0)
(-0.105982 0.00429719 0)
(-0.106468 0.0021916 0)
(-0.106632 0.000799721 0)
(-0.106661 9.30521e-05 0)
(0.0089812 0.0283626 0)
(-0.0184035 -0.0200738 0)
(-0.0305706 -0.00265823 0)
(-0.0383782 0.00578394 0)
(-0.0465134 0.011675 0)
(-0.0550934 0.0155169 0)
(-0.0636226 0.0181887 0)
(-0.0716513 0.0199056 0)
(-0.0789541 0.0208303 0)
(-0.0854636 0.0209675 0)
(-0.091189 0.0202869 0)
(-0.0961318 0.0187772 0)
(-0.100254 0.0165005 0)
(-0.103502 0.0136256 0)
(-0.105859 0.0104289 0)
(-0.107383 0.00725223 0)
(-0.108214 0.00443556 0)
(-0.108559 0.0022463 0)
(-0.108648 0.000811925 0)
(-0.108653 9.26891e-05 0)
(0.0128832 0.0301871 0)
(-0.0227458 -0.0154062 0)
(-0.0357386 -0.000585954 0)
(-0.044843 0.00746085 0)
(-0.0532781 0.0133507 0)
(-0.0616878 0.0172034 0)
(-0.0696833 0.0198031 0)
(-0.077069 0.0213962 0)
(-0.0837274 0.0221719 0)
(-0.0896368 0.0221547 0)
(-0.094809 0.0213198 0)
(-0.0992377 0.0196524 0)
(-0.102883 0.0172108 0)
(-0.105699 0.0141657 0)
(-0.107681 0.0108028 0)
(-0.108898 0.00747779 0)
(-0.109496 0.00454402 0)
(-0.109684 0.00227857 0)
(-0.109686 0.000810811 0)
(-0.109663 8.8899e-05 0)
(-0.0204533 0.0237336 0)
(-0.0357245 -0.0050144 0)
(-0.0493154 0.00613661 0)
(-0.0597559 0.0124387 0)
(-0.0680176 0.017664 0)
(-0.0753412 0.0211293 0)
(-0.081791 0.023362 0)
(-0.0875127 0.0245945 0)
(-0.0925281 0.0250038 0)
(-0.0968799 0.0246258 0)
(-0.100608 0.023436 0)
(-0.103731 0.021408 0)
(-0.106235 0.018585 0)
(-0.108083 0.015138 0)
(-0.109267 0.0113837 0)
(-0.109844 0.00772902 0)
(-0.109951 0.00456928 0)
(-0.109796 0.00219535 0)
(-0.109604 0.0007269 0)
(-0.109514 6.45578e-05 0)
(-0.0461037 0.0176124 0)
(-0.0555476 0.00978126 0)
(-0.0682944 0.0154448 0)
(-0.0769399 0.0194842 0)
(-0.0836098 0.0232373 0)
(-0.0886264 0.0257788 0)
(-0.0923955 0.0272972 0)
(-0.0951573 0.0279198 0)
(-0.0970402 0.0277619 0)
(-0.0981594 0.0268529 0)
(-0.098629 0.0251644 0)
(-0.0985473 0.0226557 0)
(-0.0979685 0.0193549 0)
(-0.0969199 0.0154467 0)
(-0.0954679 0.0112983 0)
(-0.0937725 0.00737619 0)
(-0.0920735 0.00410041 0)
(-0.0906393 0.00175056 0)
(-0.0897149 0.00043342 0)
(-0.0893597 -7.96214e-06 0)
(-0.0627095 0.0216759 0)
(-0.0710227 0.0198755 0)
(-0.0799037 0.0225134 0)
(-0.085586 0.0246904 0)
(-0.0894292 0.0267858 0)
(-0.0913183 0.0280825 0)
(-0.0916561 0.028601 0)
(-0.0906385 0.0283751 0)
(-0.0884836 0.0274791 0)
(-0.0854447 0.0259522 0)
(-0.0818346 0.0237901 0)
(-0.0779671 0.0209622 0)
(-0.0740596 0.0174822 0)
(-0.0701888 0.0135072 0)
(-0.0663599 0.00938543 0)
(-0.0626374 0.00559097 0)
(-0.0592016 0.00257144 0)
(-0.0563206 0.000604201 0)
(-0.0544165 -0.000257139 0)
(-0.0536877 -0.000195017 0)
(-0.0727538 0.0268115 0)
(-0.0781897 0.0260634 0)
(-0.082548 0.0267383 0)
(-0.0846251 0.0272393 0)
(-0.0848117 0.0276233 0)
(-0.0830057 0.0274368 0)
(-0.0795617 0.0266874 0)
(-0.0747704 0.0254133 0)
(-0.0690786 0.0237264 0)
(-0.0630707 0.021736 0)
(-0.0574767 0.0195051 0)
(-0.052989 0.0169923 0)
(-0.0499218 0.014046 0)
(-0.0479157 0.0105302 0)
(-0.0460228 0.00657563 0)
(-0.0432695 0.00273442 0)
(-0.0392433 -0.000199675 0)
(-0.0341553 -0.00170794 0)
(-0.0294364 -0.00180308 0)
(-0.0269419 -0.000806352 0)
(-0.0742784 0.0296141 0)
(-0.0760186 0.0285394 0)
(-0.0761588 0.0277058 0)
(-0.0745428 0.0266764 0)
(-0.0711849 0.0254573 0)
(-0.066186 0.023866 0)
(-0.059971 0.0220108 0)
(-0.0530459 0.0200464 0)
(-0.0461245 0.0182133 0)
(-0.0401146 0.0167525 0)
(-0.0360918 0.0157845 0)
(-0.0348968 0.0150189 0)
(-0.0363701 0.0135666 0)
(-0.0389213 0.0104133 0)
(-0.0403252 0.00546878 0)
(-0.0390682 -0.000181439 0)
(-0.0348789 -0.0049028 0)
(-0.0283828 -0.00709151 0)
(-0.0204077 -0.00607094 0)
(-0.0137626 -0.00263254 0)
(-0.0676321 0.029574 0)
(-0.0658006 0.0277203 0)
(-0.062551 0.0256706 0)
(-0.0580679 0.0234038 0)
(-0.0523828 0.0209969 0)
(-0.0458008 0.0185187 0)
(-0.0388289 0.0162182 0)
(-0.0320667 0.0143936 0)
(-0.0262384 0.0134101 0)
(-0.0222182 0.0135975 0)
(-0.021069 0.0150028 0)
(-0.0234079 0.0167106 0)
(-0.0281693 0.0166286 0)
(-0.0326356 0.0129594 0)
(-0.0346484 0.00612315 0)
(-0.0338384 -0.00194791 0)
(-0.0304379 -0.00933905 0)
(-0.024665 -0.0138517 0)
(-0.0164523 -0.013455 0)
(-0.00563868 -0.00751504 0)
(-0.054697 0.0270008 0)
(-0.0502472 0.024469 0)
(-0.0449433 0.0216278 0)
(-0.0390737 0.0186552 0)
(-0.0327751 0.0157345 0)
(-0.026427 0.0131001 0)
(-0.0204874 0.0110811 0)
(-0.015412 0.0100328 0)
(-0.0116215 0.0103773 0)
(-0.00959099 0.0124809 0)
(-0.0102355 0.0162875 0)
(-0.0141455 0.0201584 0)
(-0.0197916 0.0207142 0)
(-0.0241396 0.0157597 0)
(-0.0259358 0.00687633 0)
(-0.0257255 -0.00302809 0)
(-0.0234009 -0.0124336 0)
(-0.0192128 -0.0193204 0)
(-0.0137013 -0.0205049 0)
(-0.00198985 -0.014236 0)
(-0.0382559 0.0227479 0)
(-0.0325644 0.0199427 0)
(-0.0266947 0.0168639 0)
(-0.0208743 0.0138048 0)
(-0.0152691 0.0110317 0)
(-0.0101658 0.00883052 0)
(-0.00587115 0.00752686 0)
(-0.0026734 0.00741118 0)
(-0.000852471 0.0088712 0)
(-0.000315926 0.0123797 0)
(-0.00141147 0.0181004 0)
(-0.00506712 0.0236953 0)
(-0.0101826 0.0245644 0)
(-0.0139034 0.0183828 0)
(-0.0157238 0.00786261 0)
(-0.0163825 -0.00330173 0)
(-0.0151204 -0.0142502 0)
(-0.0121922 -0.0227932 0)
(-0.010176 -0.0248167 0)
(-0.000846825 -0.0200659 0)
(-0.0214884 0.0179836 0)
(-0.0159639 0.01532 0)
(-0.010802 0.012451 0)
(-0.00603399 0.00968942 0)
(-0.00178558 0.00733566 0)
(0.00186533 0.00570028 0)
(0.00479094 0.00512704 0)
(0.0068699 0.00593267 0)
(0.00776496 0.00843755 0)
(0.00735894 0.0129037 0)
(0.0060989 0.0196035 0)
(0.00362129 0.026442 0)
(-0.000249267 0.0278731 0)
(-0.00337177 0.0208647 0)
(-0.00536841 0.0093219 0)
(-0.00669643 -0.00267553 0)
(-0.00667813 -0.014877 0)
(-0.00496985 -0.0244954 0)
(-0.00594929 -0.0260697 0)
(-0.00326291 -0.0233383 0)
(-0.00787231 0.0136808 0)
(-0.00359986 0.0114014 0)
(2.97825e-05 0.00893207 0)
(0.00327286 0.00656706 0)
(0.00609432 0.00465401 0)
(0.00860251 0.00351127 0)
(0.0107858 0.00345872 0)
(0.0125282 0.00489061 0)
(0.0136099 0.0082632 0)
(0.013504 0.0136244 0)
(0.0124321 0.0207326 0)
(0.0110126 0.0280969 0)
(0.00870768 0.0302281 0)
(0.00628492 0.0233002 0)
(0.00404725 0.0110828 0)
(0.00220475 -0.00179478 0)
(0.00136224 -0.0146786 0)
(0.00162582 -0.0245753 0)
(-0.000811055 -0.0251371 0)
(-0.00146359 -0.023851 0)
(0.0016056 0.0108953 0)
(0.0042488 0.00902025 0)
(0.00619915 0.00686359 0)
(0.00783368 0.00469163 0)
(0.00930352 0.00283453 0)
(0.0108478 0.00169343 0)
(0.0126631 0.00183009 0)
(0.0145379 0.00370029 0)
(0.0161735 0.00766267 0)
(0.0171221 0.013835 0)
(0.016976 0.0213745 0)
(0.0164562 0.0287868 0)
(0.0155691 0.0314605 0)
(0.0141174 0.025326 0)
(0.0120594 0.0131298 0)
(0.00992609 -0.000554415 0)
(0.00860239 -0.0138286 0)
(0.00728442 -0.0231318 0)
(0.00321226 -0.0226232 0)
(-0.00068581 -0.0233952 0)
(0.00697534 0.00893693 0)
(0.00885435 0.00783242 0)
(0.0100472 0.00613891 0)
(0.0108354 0.00420966 0)
(0.011419 0.00233349 0)
(0.0120168 0.00082541 0)
(0.0130054 0.000451881 0)
(0.0145148 0.00224027 0)
(0.0161944 0.00644487 0)
(0.0178643 0.0131138 0)
(0.0189263 0.0212017 0)
(0.019448 0.0286763 0)
(0.0197698 0.0316924 0)
(0.0194671 0.0265637 0)
(0.018152 0.014985 0)
(0.0163104 0.00114237 0)
(0.0146333 -0.0121139 0)
(0.0118393 -0.0203757 0)
(0.00557338 -0.018302 0)
(-0.00241929 -0.0206398 0)
(0.00408452 0.00706242 0)
(0.00658449 0.00652939 0)
(0.00838154 0.00527994 0)
(0.00973537 0.00370816 0)
(0.0107369 0.00203969 0)
(0.0114931 0.000476164 0)
(0.0122507 -0.000252634 0)
(0.013301 0.00119189 0)
(0.0144874 0.00523469 0)
(0.0160681 0.0118088 0)
(0.017922 0.0201401 0)
(0.0195619 0.027737 0)
(0.0210631 0.0310023 0)
(0.0220187 0.0267918 0)
(0.021848 0.01616 0)
(0.0207231 0.00280787 0)
(0.018878 -0.00983368 0)
(0.0147253 -0.0163964 0)
(0.00725806 -0.0129906 0)
(0.00153948 -0.0173864 0)
(-0.00429698 0.00458734 0)
(-0.00129473 0.00457176 0)
(0.00125151 0.00353093 0)
(0.00375266 0.00228146 0)
(0.00600529 0.000926341 0)
(0.00775511 -0.000520136 0)
(0.00898986 -0.0011459 0)
(0.00997434 0.000395976 0)
(0.0107316 0.0043768 0)
(0.0118727 0.0105191 0)
(0.0139951 0.0185193 0)
(0.0165966 0.025957 0)
(0.0193372 0.0293245 0)
(0.0216778 0.0258782 0)
(0.0228158 0.0164028 0)
(0.022628 0.00408964 0)
(0.0205032 -0.00705517 0)
(0.0149025 -0.0114469 0)
(0.00668149 -0.00747929 0)
(0.00143778 -0.0155951 0)
(-0.0101135 0.00223719 0)
(-0.00782341 0.00238295 0)
(-0.00550766 0.0011929 0)
(-0.0028716 -0.000200062 0)
(-0.000118253 -0.0013006 0)
(0.00188287 -0.00226064 0)
(0.00295336 -0.00227132 0)
(0.00356761 -0.000179078 0)
(0.00402896 0.00384365 0)
(0.00494163 0.00943737 0)
(0.00727723 0.0166944 0)
(0.0107086 0.0234071 0)
(0.0147508 0.0265423 0)
(0.0185623 0.0237342 0)
(0.0210606 0.0156193 0)
(0.0217709 0.00498024 0)
(0.0188676 -0.0037161 0)
(0.0121142 -0.00578877 0)
(0.00494187 -0.00218969 0)
(0.00102023 -0.0142904 0)
(-0.0111745 0.000612626 0)
(-0.0100302 0.000946374 0)
(-0.00918713 -0.000460211 0)
(-0.00824664 -0.00216503 0)
(-0.00709902 -0.00303205 0)
(-0.00653122 -0.00329078 0)
(-0.00651935 -0.00266908 0)
(-0.00645687 -0.000442727 0)
(-0.0059384 0.0033997 0)
(-0.00461206 0.00840992 0)
(-0.0018912 0.0144869 0)
(0.00249174 0.0201841 0)
(0.00798106 0.0226771 0)
(0.0132425 0.0204055 0)
(0.0170321 0.0138186 0)
(0.0177443 0.00574156 0)
(0.01395 0.000130091 0)
(0.00753526 -0.00036862 0)
(0.0037738 0.00125835 0)
(-0.00184696 -0.0114223 0)
(-0.00998895 -4.73423e-05 0)
(-0.0100717 0.000945437 0)
(-0.0109395 9.60182e-05 0)
(-0.0124701 -0.00167554 0)
(-0.0139582 -0.00245513 0)
(-0.0154941 -0.00256856 0)
(-0.0168118 -0.0020919 0)
(-0.0173694 -0.000354933 0)
(-0.0169577 0.00278962 0)
(-0.0153516 0.00694829 0)
(-0.0120417 0.0115445 0)
(-0.00670128 0.0158116 0)
(3.59607e-05 0.0174395 0)
(0.00662672 0.0158731 0)
(0.0113501 0.0115436 0)
(0.0121146 0.00717108 0)
(0.00974291 0.00369325 0)
(0.00481587 0.00292694 0)
(0.00597051 0.00303421 0)
(0.00189925 -0.00825602 0)
(-0.00841434 0.00047297 0)
(-0.00927349 0.00158433 0)
(-0.0105565 0.00167236 0)
(-0.0132374 -1.26485e-05 0)
(-0.0164142 -0.000680378 0)
(-0.019567 -0.00111802 0)
(-0.0221626 -0.00151818 0)
(-0.0238568 -0.000360148 0)
(-0.0242049 0.00180992 0)
(-0.0229013 0.00518612 0)
(-0.019385 0.00814623 0)
(-0.0134098 0.0108649 0)
(-0.00583843 0.0118305 0)
(0.00177751 0.0113094 0)
(0.00755764 0.00932905 0)
(0.00996899 0.00748163 0)
(0.0106246 0.00488881 0)
(0.00674721 0.00384898 0)
(0.00845902 0.00269666 0)
(0.00395119 -0.00752917 0)
(-0.00883921 0.00137833 0)
(-0.0093332 0.00215544 0)
(-0.00949176 0.00424026 0)
(-0.0101319 0.00287148 0)
(-0.0122824 0.00290106 0)
(-0.0154846 0.00233155 0)
(-0.0170598 0.00111082 0)
(-0.0180122 0.00141692 0)
(-0.0186328 0.00146887 0)
(-0.0181759 0.00384478 0)
(-0.0157785 0.00343284 0)
(-0.0110204 0.00381423 0)
(-0.00501555 0.00363151 0)
(0.000730329 0.00505105 0)
(0.00558387 0.00509237 0)
(0.00840869 0.00685928 0)
(0.0110216 0.00633965 0)
(0.00910255 0.00684596 0)
(0.0122931 0.00538037 0)
(-0.00146997 -0.003516 0)
(-0.00878247 0.00358516 0)
(-0.00779662 -0.000451646 0)
(-0.00704342 0.00448342 0)
(-0.00604518 0.000562058 0)
(-0.00508005 0.00344512 0)
(-0.0072005 0.00372426 0)
(-0.00742974 -0.000489084 0)
(-0.00692019 0.00260893 0)
(-0.00502762 -0.000537172 0)
(-0.00536936 0.00496726 0)
(-0.0060963 0.00186919 0)
(-0.00481654 0.00261294 0)
(-0.00404592 0.00200155 0)
(-0.00416838 0.00488372 0)
(-0.00229049 0.00127838 0)
(0.000134557 0.00253832 0)
(0.00407411 0.00290044 0)
(0.00481593 0.00239812 0)
(0.0101419 0.00744383 0)
(0.00345543 0.0040227 0)
)
;

boundaryField
{
    left_open
    {
        type            pressureInletOutletVelocity;
        value           nonuniform List<vector> 
40
(
(-0.0186175 -0.000768151 0)
(-0.030231 -0.00441215 0)
(-0.0295258 -0.00810354 0)
(-0.0257827 -0.0112227 0)
(-0.0218267 -0.0138024 0)
(-0.018148 -0.0159468 0)
(-0.0147817 -0.0177137 0)
(-0.0117237 -0.0191493 0)
(-0.00897528 -0.0203018 0)
(-0.00652151 -0.02122 0)
(-0.00432793 -0.021942 0)
(-0.00239637 -0.0224853 0)
(-0.000890725 -0.0228829 0)
(-0.00012672 -0.0231976 0)
(-0.000173445 0 0)
(-0.000656676 -0.0239927 0)
(-0.00063115 -0.0246577 0)
(-0.000181694 0 0)
(-4.11934e-05 0 0)
(-0.000520437 -0.02618 0)
(-0.000377052 -0.0280228 0)
(-1.93292e-05 -0.0309898 0)
(-0.000233539 -0.0337543 0)
(-0.000974801 -0.0367364 0)
(-0.000315333 -0.0389677 0)
(0.00075371 0 0)
(0.000691385 0 0)
(-0.00316685 -0.0371635 0)
(-0.00188318 -0.0358787 0)
(-0.00274062 -0.0323472 0)
(-0.00490068 -0.028843 0)
(-0.00543123 -0.0251827 0)
(-0.0058631 -0.0209736 0)
(-0.0070779 -0.0162957 0)
(-0.00937505 -0.0112887 0)
(-0.0141711 -0.0064018 0)
(-0.0219279 -0.00228024 0)
(-0.0307448 0.00160835 0)
(-0.0407167 0.0026311 0)
(-0.0527884 0.00987575 0)
)
;
    }
    right_open
    {
        type            pressureInletOutletVelocity;
        value           nonuniform List<vector> 
40
(
(0.00103412 -2.28382e-06 0)
(-0.00118951 0 0)
(-0.00632733 0 0)
(-0.0133357 0 0)
(-0.0214525 0 0)
(-0.0301243 0 0)
(-0.0389534 0 0)
(-0.0476615 0 0)
(-0.0560622 0 0)
(-0.0640362 0 0)
(-0.0715104 0 0)
(-0.0784397 0 0)
(-0.0847931 0 0)
(-0.0905423 0 0)
(-0.0956543 0 0)
(-0.100085 0 0)
(-0.103778 0 0)
(-0.106661 0 0)
(-0.108653 0 0)
(-0.109663 0 0)
(-0.109514 0 0)
(-0.0893597 0 0)
(-0.0536877 0 0)
(-0.0269419 0 0)
(-0.0137626 0 0)
(-0.00563868 0 0)
(-0.00198985 0 0)
(-0.000846825 -0.0200659 0)
(-0.00326291 0 0)
(-0.00146359 0 0)
(-0.00068581 -0.0233952 0)
(-0.00241929 0 0)
(0.00153948 -0.0173864 0)
(0.00143778 -0.0155951 0)
(0.00102023 -0.0142904 0)
(-0.00184696 0 0)
(0.00189925 -0.00825602 0)
(0.00395119 -0.00752917 0)
(-0.00146997 0 0)
(0.00345543 0.0040227 0)
)
;
    }
    base_side
    {
        type            noSlip;
    }
    top
    {
        type            pressureInletOutletVelocity;
        value           nonuniform List<vector> 
65
(
(-0.0527884 0.00987575 0)
(-0.0579087 0.00798004 0)
(-0.0426238 0.0113728 0)
(-0.0281103 0.0196222 0)
(-0.0170927 0.0214924 0)
(-0.0106479 0.0162889 0)
(-0.003911 0.00549957 0)
(0 0.00137547 0)
(0.0113014 0.00523679 0)
(0.0140938 0.00485043 0)
(0 -0.00226543 0)
(0 0.000745828 0)
(0.0385746 0.00366938 0)
(0.0413118 0.00575937 0)
(0 -0.000114292 0)
(0 0.000243149 0)
(0.0582187 0.0159163 0)
(0.0434858 0.0369758 0)
(0.021151 0.0307039 0)
(0.0104397 0.0141734 0)
(0.0076166 0.00726777 0)
(0.00713048 0.00628783 0)
(0.0064918 0.00594991 0)
(0.00577524 0.00597691 0)
(0.00496977 0.00615466 0)
(0.00406676 0.00629928 0)
(0.00309223 0.00640867 0)
(0.00205848 0.00668438 0)
(0.00119051 0.00715081 0)
(0.000531748 0.00757075 0)
(-0.000163103 0.00793587 0)
(-0.000631564 0.00800154 0)
(-0.000871941 0.00798334 0)
(-0.00110453 0.00792684 0)
(-0.00155203 0.00768916 0)
(-0.00219097 0.00683401 0)
(-0.00271913 0.00561939 0)
(-0.00320965 0.00385936 0)
(-0.00351483 0.00224824 0)
(-0.00461033 0.00497347 0)
(-0.00581071 0.0034631 0)
(-0.00605632 0.00239635 0)
(-0.00608204 0.00224051 0)
(-0.007009 0.00515438 0)
(-0.00792927 0.0021575 0)
(-0.00878247 0.00358516 0)
(0 -0.000451646 0)
(-0.00704342 0.00448342 0)
(0 0.000562058 0)
(-0.00508005 0.00344512 0)
(-0.0072005 0.00372426 0)
(0 -0.000489084 0)
(-0.00692019 0.00260893 0)
(0 -0.000537172 0)
(-0.00536936 0.00496726 0)
(-0.0060963 0.00186919 0)
(-0.00481654 0.00261294 0)
(-0.00404592 0.00200155 0)
(-0.00416838 0.00488372 0)
(-0.00229049 0.00127838 0)
(0.000134557 0.00253832 0)
(0.00407411 0.00290044 0)
(0.00481593 0.00239812 0)
(0.0101419 0.00744383 0)
(0 0.0040227 0)
)
;
    }
    front
    {
        type            empty;
    }
    back
    {
        type            empty;
    }
    air_to_aluminum
    {
        type            noSlip;
    }
}


// ************************************************************************* //
