/*--------------------------------*- C++ -*----------------------------------*\
| =========                 |                                                 |
| \\      /  F ield         | OpenFOAM: The Open Source CFD Toolbox           |
|  \\    /   O peration     | Version:                                        |
|   \\  /    A nd           | Website:  www.openfoam.com                      |
|    \\/     M anipulation  |                                                 |
\*---------------------------------------------------------------------------*/
FoamFile
{
    version     2.0;
    format      ascii;
    class       volScalarField;
    location    "1812.0/air";
    object      T;
}
// * * * * * * * * * * * * * * * * * * * * * * * * * * * * * * * * * * * * * //

dimensions      [0 0 0 1 0 0 0];


internalField   nonuniform List<scalar> 
2228
(
306.546
306.611
306.665
306.712
306.482
306.545
306.609
306.67
306.438
306.498
306.567
306.636
306.404
306.463
306.533
306.606
306.374
306.432
306.504
306.579
306.347
306.403
306.476
306.553
306.32
306.372
306.446
306.528
306.293
306.335
306.411
306.503
306.261
306.284
306.365
306.474
306.219
306.203
306.296
306.44
306.16
306.075
306.187
306.393
306.076
305.875
306.019
306.329
305.959
305.577
305.772
306.242
305.794
305.137
305.395
306.126
305.558
304.478
304.771
305.953
305.04
303.483
303.706
305.525
306.711
306.665
306.61
306.545
306.669
306.605
306.54
306.48
306.632
306.556
306.485
306.433
306.595
306.502
306.424
306.389
306.552
306.425
306.333
306.335
306.495
306.299
306.181
306.261
306.416
306.109
305.966
306.163
306.321
305.883
305.732
306.057
306.229
305.683
305.55
305.967
306.157
305.555
305.449
305.909
306.108
305.488
305.4
305.878
306.071
305.425
305.323
305.852
306.027
305.28
305.089
305.793
305.949
304.944
304.541
305.647
305.824
304.363
303.626
305.353
305.629
303.663
302.514
304.775
295.955
296.896
297.853
298.735
293.164
293.103
293.165
293.328
293.1
293.025
292.935
292.85
293.131
293.121
293.1
293.066
293.141
293.141
293.141
293.139
293.145
293.145
293.145
293.146
293.151
293.15
293.149
293.149
293.167
293.164
293.162
293.16
293.185
293.182
293.179
293.176
293.188
293.186
293.184
293.182
293.171
293.17
293.169
293.168
293.156
293.153
293.151
293.15
293.183
293.173
293.165
293.157
293.286
293.268
293.249
293.231
293.46
293.439
293.415
293.39
293.598
293.587
293.576
293.564
293.705
293.694
293.683
293.672
293.81
293.795
293.779
293.763
293.568
293.529
293.502
293.49
293.561
293.569
293.574
293.582
299.417
299.672
299.827
300.546
293.604
293.902
294.164
294.439
292.789
292.762
292.768
292.797
293.018
292.962
292.903
292.845
293.133
293.121
293.1
293.071
293.148
293.15
293.15
293.148
293.149
293.149
293.151
293.153
293.158
293.157
293.155
293.155
293.173
293.17
293.168
293.165
293.179
293.177
293.175
293.173
293.168
293.168
293.167
293.167
293.15
293.149
293.15
293.15
293.151
293.146
293.143
293.141
293.214
293.199
293.185
293.174
293.366
293.344
293.322
293.301
293.552
293.538
293.522
293.503
293.661
293.65
293.637
293.624
293.746
293.729
293.711
293.692
293.494
293.511
293.535
293.563
293.591
293.597
293.604
293.613
301.06
301.438
301.827
294.676
294.87
295.094
292.833
292.87
292.918
292.801
292.771
292.744
293.044
293.02
292.994
293.144
293.14
293.133
293.155
293.156
293.157
293.155
293.155
293.156
293.164
293.163
293.162
293.171
293.17
293.169
293.166
293.166
293.165
293.151
293.151
293.152
293.14
293.14
293.14
293.167
293.162
293.158
293.285
293.274
293.263
293.486
293.473
293.459
293.613
293.605
293.596
293.676
293.664
293.651
293.584
293.597
293.609
293.618
293.62
293.622
302.071
302.188
302.294
295.263
295.357
295.455
292.957
292.98
293.006
292.726
292.718
292.71
292.976
292.965
292.955
293.127
293.124
293.121
293.158
293.158
293.158
293.156
293.156
293.157
293.161
293.161
293.16
293.168
293.167
293.167
293.165
293.165
293.164
293.152
293.152
293.152
293.14
293.14
293.14
293.155
293.154
293.152
293.255
293.251
293.248
293.449
293.444
293.439
293.59
293.587
293.583
293.642
293.638
293.633
293.616
293.62
293.623
293.622
293.622
293.621
302.467
302.581
302.543
295.653
295.951
296.235
293.061
293.161
293.284
292.696
292.68
292.671
292.934
292.901
292.867
293.113
293.099
293.083
293.158
293.158
293.156
293.158
293.159
293.16
293.16
293.16
293.16
293.166
293.165
293.164
293.164
293.164
293.163
293.153
293.153
293.153
293.141
293.141
293.142
293.15
293.148
293.145
293.241
293.231
293.222
293.429
293.415
293.401
293.577
293.566
293.554
293.624
293.612
293.599
293.628
293.634
293.639
293.62
293.622
293.625
302.477
301.42
300.06
300.076
296.628
296.944
296.989
296.897
293.495
293.824
294.174
294.456
292.678
292.73
292.84
293.002
292.818
292.76
292.715
292.696
293.055
293.011
292.959
292.903
293.152
293.141
293.124
293.098
293.163
293.165
293.166
293.164
293.16
293.161
293.163
293.166
293.163
293.161
293.161
293.161
293.162
293.161
293.16
293.159
293.154
293.154
293.154
293.153
293.143
293.144
293.145
293.146
293.143
293.141
293.14
293.14
293.21
293.198
293.187
293.178
293.383
293.361
293.341
293.323
293.538
293.515
293.492
293.471
293.582
293.563
293.546
293.533
293.643
293.646
293.646
293.645
293.629
293.628
293.623
293.617
301.251
303.127
302.733
299.198
297.094
298.542
300.034
298.472
294.666
295.117
296.274
297.247
293.18
293.351
293.656
294.383
292.709
292.74
292.775
292.872
292.85
292.804
292.765
292.703
293.065
293.025
292.983
292.933
293.158
293.147
293.13
293.111
293.168
293.17
293.17
293.17
293.162
293.164
293.166
293.169
293.158
293.158
293.158
293.159
293.153
293.153
293.153
293.152
293.146
293.146
293.146
293.147
293.14
293.14
293.141
293.142
293.17
293.164
293.158
293.154
293.307
293.292
293.278
293.265
293.451
293.434
293.417
293.401
293.523
293.512
293.499
293.483
293.643
293.639
293.635
293.629
293.615
293.613
293.613
293.617
293.15
293.15
293.15
293.15
293.15
293.15
293.15
293.15
293.142
293.093
293.016
292.959
292.918
292.863
292.788
292.724
292.694
292.684
292.716
294.346
293.15
293.15
293.15
293.15
293.15
293.15
293.15
293.15
293.143
293.097
293.019
292.96
292.915
292.854
292.779
292.724
292.703
292.722
292.883
294.352
293.15
293.15
293.15
293.15
293.15
293.15
293.15
293.15
293.147
293.11
293.033
292.968
292.915
292.848
292.777
292.736
292.733
292.78
293.007
294.412
293.15
293.15
293.15
293.15
293.15
293.15
293.15
293.15
293.149
293.126
293.058
292.986
292.923
292.852
292.788
292.763
292.773
292.819
293.039
294.487
293.15
293.15
293.15
293.15
293.15
293.15
293.15
293.15
293.15
293.139
293.087
293.013
292.942
292.867
292.808
292.797
292.818
292.851
293.039
294.563
293.15
293.15
293.15
293.15
293.15
293.15
293.15
293.15
293.15
293.147
293.114
293.047
292.97
292.891
292.834
292.832
292.864
292.891
293.033
294.637
293.15
293.15
293.15
293.15
293.15
293.15
293.15
293.15
293.15
293.15
293.133
293.081
293.006
292.924
292.864
292.865
292.908
292.939
293.029
294.71
293.15
293.15
293.15
293.15
293.15
293.15
293.15
293.15
293.15
293.151
293.144
293.11
293.045
292.963
292.897
292.893
292.942
292.988
293.027
294.783
293.15
293.15
293.15
293.15
293.15
293.15
293.15
293.15
293.15
293.15
293.149
293.131
293.081
293.005
292.934
292.92
292.966
293.029
293.029
294.859
293.15
293.15
293.15
293.15
293.15
293.15
293.15
293.15
293.15
293.15
293.151
293.143
293.11
293.047
292.974
292.947
292.983
293.053
293.033
294.936
293.15
293.15
293.15
293.15
293.15
293.15
293.15
293.15
293.15
293.15
293.151
293.148
293.13
293.082
293.016
292.976
292.997
293.059
293.039
295.014
293.15
293.15
293.15
293.15
293.15
293.15
293.15
293.15
293.15
293.15
293.15
293.15
293.142
293.11
293.054
293.008
293.012
293.063
293.043
295.092
293.15
293.15
293.15
293.15
293.15
293.15
293.15
293.15
293.15
293.15
293.15
293.151
293.148
293.129
293.087
293.041
293.03
293.069
293.045
295.17
293.15
293.15
293.15
293.15
293.15
293.15
293.15
293.15
293.15
293.15
293.15
293.15
293.15
293.141
293.112
293.072
293.05
293.079
293.046
295.244
293.15
293.15
293.15
293.15
293.15
293.15
293.15
293.15
293.15
293.15
293.15
293.15
293.151
293.147
293.13
293.098
293.073
293.092
293.045
295.314
293.15
293.15
293.15
293.15
293.15
293.15
293.15
293.15
293.15
293.15
293.15
293.15
293.15
293.15
293.141
293.119
293.094
293.107
293.043
295.375
293.15
293.15
293.15
293.15
293.15
293.15
293.15
293.15
293.15
293.15
293.15
293.15
293.15
293.151
293.147
293.133
293.112
293.122
293.039
295.423
293.15
293.15
293.15
293.15
293.15
293.15
293.15
293.15
293.15
293.15
293.15
293.15
293.15
293.15
293.15
293.142
293.126
293.136
293.033
295.454
293.15
293.15
293.15
293.15
293.15
293.15
293.15
293.15
293.15
293.15
293.15
293.15
293.15
293.15
293.15
293.148
293.136
293.149
293.025
295.453
293.15
293.15
293.15
293.15
293.15
293.15
293.15
293.15
293.15
293.15
293.15
293.15
293.15
293.15
293.15
293.15
293.141
293.158
293.017
295.491
293.15
293.15
293.15
293.15
293.15
293.15
293.15
293.149
293.149
293.15
293.15
293.15
293.15
293.15
293.15
293.151
293.144
293.171
293.006
294.218
293.15
293.15
293.155
293.164
293.169
293.167
293.161
293.154
293.149
293.146
293.146
293.147
293.148
293.149
293.149
293.151
293.146
293.167
293.087
293.376
293.147
293.191
293.276
293.356
293.398
293.386
293.336
293.273
293.219
293.182
293.161
293.15
293.146
293.146
293.146
293.148
293.146
293.155
293.137
293.167
293.175
293.336
293.494
293.607
293.676
293.696
293.644
293.533
293.408
293.305
293.232
293.188
293.163
293.151
293.146
293.145
293.145
293.147
293.149
293.14
293.238
293.456
293.62
293.716
293.768
293.807
293.817
293.752
293.622
293.478
293.357
293.269
293.213
293.179
293.161
293.152
293.147
293.145
293.148
293.143
293.292
293.547
293.707
293.781
293.804
293.816
293.85
293.853
293.775
293.638
293.495
293.374
293.285
293.227
293.192
293.172
293.16
293.152
293.149
293.146
293.349
293.635
293.778
293.824
293.829
293.817
293.836
293.874
293.853
293.755
293.619
293.478
293.36
293.279
293.23
293.201
293.184
293.171
293.161
293.155
293.416
293.708
293.811
293.829
293.828
293.813
293.815
293.859
293.88
293.827
293.715
293.569
293.423
293.322
293.266
293.236
293.218
293.202
293.188
293.174
293.474
293.751
293.811
293.812
293.814
293.805
293.796
293.835
293.878
293.863
293.783
293.64
293.473
293.355
293.293
293.263
293.244
293.227
293.21
293.194
293.526
293.772
293.802
293.8
293.801
293.798
293.782
293.809
293.859
293.87
293.822
293.692
293.51
293.374
293.31
293.282
293.259
293.233
293.21
293.196
293.567
293.78
293.797
293.801
293.797
293.79
293.77
293.783
293.829
293.853
293.835
293.724
293.532
293.384
293.326
293.297
293.26
293.222
293.193
293.177
293.606
293.782
293.801
293.813
293.802
293.781
293.76
293.76
293.792
293.821
293.832
293.739
293.54
293.394
293.346
293.314
293.274
293.24
293.203
293.169
293.639
293.781
293.807
293.829
293.815
293.779
293.749
293.737
293.756
293.791
293.821
293.735
293.537
293.41
293.375
293.351
293.337
293.319
293.278
293.216
293.662
293.774
293.807
293.841
293.834
293.79
293.748
293.728
293.74
293.781
293.809
293.715
293.532
293.437
293.421
293.418
293.427
293.43
293.408
293.338
293.668
293.761
293.797
293.843
293.852
293.818
293.774
293.751
293.761
293.791
293.788
293.684
293.534
293.484
293.484
293.501
293.527
293.54
293.534
293.499
293.667
293.74
293.773
293.826
293.857
293.849
293.818
293.797
293.794
293.793
293.754
293.656
293.562
293.549
293.562
293.611
293.664
293.679
293.66
293.624
293.66
293.712
293.74
293.789
293.831
293.85
293.841
293.823
293.803
293.774
293.721
293.651
293.614
293.62
293.692
293.796
293.85
293.847
293.801
293.741
293.638
293.675
293.699
293.746
293.778
293.797
293.805
293.795
293.772
293.739
293.702
293.675
293.688
293.775
293.915
293.983
293.946
293.937
293.916
293.857
293.605
293.621
293.64
293.702
293.753
293.775
293.78
293.779
293.769
293.756
293.751
293.764
293.811
293.909
293.969
293.889
293.826
293.834
293.812
293.695
293.549
293.545
293.536
293.563
293.606
293.629
293.641
293.656
293.659
293.648
293.647
293.641
293.629
293.662
293.644
293.568
293.549
293.558
293.57
293.566
294.371
292.393
292.717
292.756
292.777
292.793
292.809
292.827
292.846
292.866
292.885
292.903
292.919
292.934
292.949
292.964
292.98
292.999
293.012
293.077
294.317
292.486
292.75
292.769
292.789
292.804
292.817
292.833
292.85
292.868
292.886
292.903
292.919
292.934
292.949
292.964
292.981
293
293.014
293.095
294.33
292.626
292.811
292.791
292.811
292.823
292.834
292.846
292.86
292.875
292.891
292.906
292.922
292.937
292.953
292.969
292.986
293.008
293.029
293.139
294.374
292.731
292.873
292.823
292.841
292.851
292.859
292.868
292.878
292.89
292.903
292.917
292.932
292.947
292.963
292.98
293.001
293.027
293.06
293.196
294.425
292.796
292.925
292.861
292.879
292.886
292.893
292.899
292.906
292.915
292.925
292.936
292.949
292.964
292.981
293
293.024
293.056
293.105
293.252
294.475
292.839
292.966
292.903
292.92
292.927
292.933
292.937
292.942
292.948
292.955
292.964
292.975
292.989
293.006
293.027
293.056
293.094
293.157
293.3
294.52
292.871
293.001
292.946
292.963
292.97
292.976
292.979
292.983
292.986
292.99
292.997
293.007
293.021
293.039
293.062
293.095
293.138
293.209
293.336
294.561
292.896
293.031
292.988
293.005
293.014
293.019
293.022
293.024
293.025
293.028
293.034
293.043
293.056
293.076
293.101
293.138
293.183
293.254
293.363
294.595
292.918
293.059
293.028
293.046
293.055
293.06
293.062
293.063
293.064
293.066
293.071
293.08
293.094
293.115
293.142
293.18
293.224
293.29
293.381
294.624
292.937
293.087
293.065
293.084
293.092
293.095
293.097
293.099
293.1
293.103
293.108
293.117
293.132
293.153
293.18
293.217
293.258
293.317
293.395
294.647
292.955
293.114
293.099
293.116
293.122
293.125
293.127
293.13
293.132
293.136
293.142
293.152
293.166
293.187
293.212
293.246
293.284
293.335
293.405
294.667
292.97
293.139
293.126
293.142
293.146
293.149
293.152
293.155
293.159
293.164
293.171
293.181
293.195
293.215
293.238
293.268
293.303
293.349
293.413
294.683
292.983
293.16
293.147
293.16
293.163
293.166
293.17
293.175
293.18
293.186
293.193
293.204
293.218
293.235
293.256
293.284
293.316
293.358
293.42
294.697
292.994
293.176
293.16
293.171
293.174
293.178
293.183
293.188
293.194
293.201
293.209
293.22
293.233
293.249
293.269
293.294
293.324
293.364
293.425
294.711
293.001
293.186
293.167
293.178
293.181
293.184
293.189
293.195
293.202
293.21
293.218
293.229
293.241
293.257
293.275
293.3
293.329
293.368
293.43
294.725
293.007
293.192
293.17
293.182
293.185
293.187
293.191
293.197
293.204
293.212
293.221
293.232
293.245
293.26
293.278
293.302
293.331
293.371
293.434
294.739
293.011
293.195
293.174
293.189
293.19
293.189
293.191
293.196
293.201
293.209
293.219
293.23
293.243
293.258
293.277
293.3
293.331
293.372
293.438
294.755
293.015
293.198
293.183
293.203
293.201
293.193
293.191
293.193
293.197
293.204
293.213
293.225
293.238
293.253
293.272
293.297
293.329
293.372
293.442
294.765
293.02
293.202
293.201
293.227
293.22
293.204
293.196
293.195
293.195
293.199
293.207
293.218
293.231
293.247
293.266
293.292
293.326
293.372
293.446
294.822
293.027
293.211
293.229
293.261
293.249
293.225
293.212
293.207
293.202
293.2
293.204
293.213
293.225
293.241
293.261
293.287
293.323
293.372
293.451
294.224
293.046
293.25
293.315
293.362
293.342
293.311
293.292
293.282
293.266
293.246
293.232
293.228
293.231
293.243
293.26
293.286
293.323
293.379
293.464
294.278
293.079
293.321
293.458
293.523
293.505
293.48
293.466
293.456
293.431
293.388
293.342
293.305
293.283
293.277
293.285
293.305
293.339
293.398
293.488
295.611
293.597
293.241
293.556
293.661
293.663
293.633
293.602
293.587
293.585
293.561
293.514
293.457
293.407
293.374
293.361
293.365
293.386
293.436
293.515
295.425
294.749
293.624
293.438
293.774
293.829
293.808
293.732
293.65
293.635
293.649
293.633
293.595
293.545
293.498
293.465
293.45
293.453
293.486
293.541
294.015
294.827
294.335
293.642
293.604
293.892
294.015
293.962
293.779
293.66
293.677
293.677
293.661
293.631
293.593
293.558
293.534
293.525
293.539
293.565
292.988
293.963
294.385
294.071
293.696
293.705
293.966
294.173
294.011
293.737
293.698
293.695
293.683
293.662
293.637
293.611
293.592
293.584
293.588
293.588
292.797
293.161
293.813
294.098
293.959
293.787
293.854
294.132
294.219
293.883
293.722
293.71
293.691
293.671
293.647
293.629
293.618
293.619
293.626
293.601
292.966
292.893
293.228
293.7
293.939
293.942
293.94
294.119
294.297
294.046
293.756
293.722
293.696
293.672
293.649
293.632
293.627
293.634
293.648
293.604
293.116
292.964
292.984
293.271
293.63
293.862
293.975
294.136
294.335
294.159
293.807
293.736
293.706
293.674
293.65
293.637
293.635
293.64
293.643
293.593
293.17
293.085
292.998
293.064
293.302
293.587
293.818
294.059
294.324
294.22
293.853
293.754
293.73
293.691
293.659
293.642
293.635
293.625
293.604
293.591
293.172
293.148
293.075
293.036
293.113
293.306
293.569
293.917
294.284
294.239
293.883
293.773
293.77
293.738
293.693
293.655
293.627
293.603
293.591
293.609
293.161
293.164
293.121
293.064
293.063
293.174
293.427
293.843
294.261
294.228
293.895
293.788
293.808
293.81
293.779
293.726
293.672
293.631
293.618
293.629
293.152
293.159
293.136
293.094
293.089
293.19
293.449
293.876
294.254
294.187
293.89
293.793
293.817
293.852
293.872
293.855
293.797
293.721
293.666
293.647
293.146
293.152
293.141
293.115
293.107
293.199
293.477
293.9
294.202
294.107
293.867
293.787
293.795
293.816
293.862
293.913
293.918
293.844
293.737
293.668
293.144
293.144
293.14
293.121
293.092
293.135
293.39
293.8
294.056
293.986
293.825
293.765
293.756
293.746
293.764
293.837
293.927
293.932
293.821
293.697
293.219
293.162
293.14
293.119
293.086
293.088
293.267
293.614
293.848
293.844
293.765
293.726
293.704
293.677
293.672
293.733
293.853
293.938
293.881
293.73
293.349
293.251
293.185
293.153
293.134
293.136
293.242
293.482
293.673
293.721
293.703
293.679
293.651
293.62
293.622
293.685
293.796
293.9
293.892
293.752
293.441
293.38
293.322
293.299
293.298
293.308
293.359
293.483
293.601
293.653
293.657
293.64
293.612
293.594
293.622
293.69
293.775
293.855
293.861
293.749
293.611
293.579
293.55
293.538
293.537
293.536
293.542
293.574
293.614
293.635
293.633
293.618
293.605
293.616
293.66
293.703
293.741
293.789
293.795
293.724
293.631
293.649
293.66
293.66
293.665
293.669
293.662
293.662
293.658
293.655
293.651
293.648
293.651
293.676
293.691
293.68
293.668
293.685
293.699
293.682
)
;

boundaryField
{
    left_open
    {
        type            inletOutlet;
        inletValue      uniform 293.15;
        value           nonuniform List<scalar> 
40
(
293.15
293.15
293.15
293.15
293.15
293.15
293.15
293.15
293.15
293.15
293.15
293.15
293.15
293.15
293.15
293.15
293.15
293.15
293.15
293.15
293.15
293.15
293.15
293.15
293.238
293.291
293.15
293.15
293.15
293.15
293.15
293.15
293.15
293.659
293.15
293.666
293.659
293.638
293.605
293.548
)
;
    }
    right_open
    {
        type            inletOutlet;
        inletValue      uniform 293.15;
        value           nonuniform List<scalar> 
40
(
293.077
293.096
293.14
293.197
293.253
293.3
293.336
293.362
293.381
293.395
293.405
293.413
293.42
293.426
293.43
293.435
293.439
293.442
293.447
293.451
293.464
293.487
293.514
293.54
293.15
293.587
293.15
293.604
293.593
293.59
293.607
293.628
293.645
293.665
293.692
293.723
293.744
293.743
293.72
293.68
)
;
    }
    base_side
    {
        type            zeroGradient;
    }
    top
    {
        type            inletOutlet;
        inletValue      uniform 293.15;
        value           nonuniform List<scalar> 
65
(
293.548
293.545
293.536
293.561
293.604
293.15
293.15
293.653
293.657
293.15
293.646
293.639
293.15
293.659
293.645
293.15
293.549
293.556
293.567
293.566
293.559
293.568
293.15
293.15
293.59
293.596
293.602
293.61
293.617
293.619
293.622
293.624
293.625
293.15
293.15
293.15
293.15
293.629
293.628
293.625
293.617
293.616
293.15
293.15
293.15
293.629
293.15
293.661
293.661
293.666
293.671
293.15
293.665
293.66
293.656
293.652
293.649
293.653
293.68
293.691
293.678
293.667
293.686
293.698
293.68
)
;
    }
    front
    {
        type            empty;
    }
    back
    {
        type            empty;
    }
    air_to_aluminum
    {
        type            compressible::turbulentTemperatureCoupledBaffleMixed;
        refValue        nonuniform List<scalar> 
129
(
306.536
306.529
306.514
306.493
306.607
306.659
306.704
306.741
306.741
306.704
306.659
306.607
306.536
306.529
306.514
306.492
306.466
306.492
306.436
306.449
306.407
306.413
306.378
306.381
306.35
306.353
306.325
306.326
306.302
306.303
306.28
306.282
306.262
306.263
306.245
306.246
306.231
306.231
306.218
306.219
306.209
306.209
306.201
306.202
306.196
306.196
306.193
306.193
306.193
306.193
306.193
306.193
306.73
306.699
306.669
306.64
306.614
306.59
306.568
306.548
306.53
306.515
306.501
306.49
306.48
306.473
306.468
306.466
306.466
306.466
306.466
306.466
306.466
306.466
306.73
306.699
306.669
306.64
306.614
306.59
306.568
306.548
306.53
306.515
306.501
306.49
306.48
306.473
306.468
306.466
306.466
306.466
306.466
306.491
306.449
306.413
306.381
306.352
306.326
306.302
306.281
306.262
306.245
306.231
306.219
306.209
306.201
306.196
306.193
306.466
306.436
306.406
306.378
306.35
306.325
306.301
306.28
306.261
306.244
306.23
306.218
306.208
306.201
306.195
306.193
306.193
306.193
306.193
306.193
)
;
        refGradient     uniform 0;
        valueFraction   nonuniform List<scalar> 
129
(
0.999971
0.999971
0.999971
0.999971
0.999855
0.999855
0.999855
0.999855
0.999855
0.999855
0.999855
0.999855
0.999971
0.999971
0.999971
0.999971
0.999971
0.999855
0.999971
0.999855
0.999971
0.999855
0.999971
0.999855
0.999971
0.999855
0.999971
0.999855
0.999971
0.999855
0.999971
0.999855
0.999971
0.999855
0.999971
0.999855
0.999971
0.999855
0.999971
0.999855
0.999971
0.999855
0.999971
0.999855
0.999971
0.999855
0.999964
0.999971
0.999964
0.999964
0.999855
0.999964
0.999918
0.999918
0.999918
0.999918
0.999918
0.999918
0.999918
0.999918
0.999918
0.999918
0.999918
0.999918
0.999918
0.999918
0.999918
0.999918
0.999964
0.999964
0.999964
0.999964
0.999964
0.999964
0.999918
0.999918
0.999918
0.999918
0.999918
0.999918
0.999918
0.999918
0.999918
0.999918
0.999918
0.999918
0.999918
0.999918
0.999918
0.999964
0.999964
0.999918
0.999964
0.999855
0.999855
0.999855
0.999855
0.999855
0.999855
0.999855
0.999855
0.999855
0.999855
0.999855
0.999855
0.999855
0.999855
0.999855
0.999855
0.999971
0.999971
0.999971
0.999971
0.999971
0.999971
0.999971
0.999971
0.999971
0.999971
0.999971
0.999971
0.999971
0.999971
0.999971
0.999964
0.999964
0.999964
0.999964
0.999971
)
;
        value           nonuniform List<scalar> 
129
(
306.536
306.529
306.514
306.492
306.607
306.659
306.704
306.741
306.741
306.704
306.659
306.607
306.536
306.528
306.514
306.492
306.465
306.492
306.436
306.449
306.406
306.413
306.377
306.381
306.35
306.353
306.325
306.326
306.301
306.303
306.28
306.282
306.261
306.263
306.245
306.246
306.23
306.231
306.218
306.219
306.208
306.209
306.201
306.202
306.195
306.196
306.192
306.192
306.193
306.193
306.193
306.193
306.73
306.699
306.669
306.64
306.614
306.59
306.568
306.548
306.53
306.515
306.501
306.49
306.48
306.473
306.468
306.466
306.466
306.466
306.466
306.466
306.466
306.466
306.73
306.699
306.669
306.64
306.614
306.59
306.568
306.548
306.53
306.514
306.501
306.489
306.48
306.473
306.468
306.466
306.466
306.466
306.466
306.491
306.449
306.413
306.381
306.352
306.326
306.302
306.281
306.262
306.245
306.231
306.219
306.209
306.201
306.196
306.193
306.465
306.436
306.406
306.377
306.35
306.324
306.301
306.28
306.261
306.244
306.23
306.217
306.208
306.2
306.195
306.193
306.193
306.193
306.192
306.192
)
;
        Tnbr            T;
        thicknessLayers 0();
        kappaLayers     0();
        kappaMethod     fluidThermo;
        kappa           none;
        alphaAni        none;
        alpha           none;
    }
}


// ************************************************************************* //
