/*--------------------------------*- C++ -*----------------------------------*\
| =========                 |                                                 |
| \\      /  F ield         | OpenFOAM: The Open Source CFD Toolbox           |
|  \\    /   O peration     | Version:                                        |
|   \\  /    A nd           | Website:  www.openfoam.com                      |
|    \\/     M anipulation  |                                                 |
\*---------------------------------------------------------------------------*/
FoamFile
{
    version     2.0;
    format      ascii;
    class       surfaceScalarField;
    location    "1909.0/air";
    object      phi;
}
// * * * * * * * * * * * * * * * * * * * * * * * * * * * * * * * * * * * * * //

dimensions      [1 0 -1 0 0 0 0];
oriented        oriented;


internalField   nonuniform List<scalar> 
4299
(
6.97869e-08
-6.97738e-08
1.06611e-07
-3.68107e-08
7.00975e-08
3.65262e-08
7.01105e-08
6.31813e-08
-1.32942e-07
1.08253e-07
-8.18694e-08
6.98285e-08
7.4964e-08
1.39952e-07
3.84394e-08
-1.71368e-07
6.80937e-08
-1.1151e-07
4.3426e-08
9.96448e-08
1.83391e-07
2.03494e-08
-1.91705e-07
3.67529e-08
-1.27901e-07
2.32281e-08
1.13183e-07
2.06632e-07
9.33707e-09
-2.01029e-07
1.86913e-08
-1.37241e-07
1.23433e-08
1.19544e-07
2.18989e-07
2.73322e-09
-2.03748e-07
9.96912e-09
-1.44463e-07
8.24196e-09
1.21285e-07
2.27244e-07
-1.6197e-09
-2.02115e-07
7.03032e-09
-1.53099e-07
8.67774e-09
1.19652e-07
2.35935e-07
-5.96809e-09
-1.96132e-07
7.97868e-09
-1.67028e-07
1.29375e-08
1.1471e-07
2.48887e-07
-1.07709e-08
-1.85344e-07
1.25378e-08
-1.90314e-07
2.14292e-08
1.05839e-07
2.70332e-07
-1.67428e-08
-1.68579e-07
2.12587e-08
-2.2828e-07
3.52945e-08
9.18334e-08
3.05645e-07
-2.41401e-08
-1.44408e-07
3.51412e-08
-2.87506e-07
5.62078e-08
7.08119e-08
3.61877e-07
-3.10307e-08
-1.13337e-07
5.78317e-08
-3.76294e-07
8.72409e-08
4.1462e-08
4.49147e-07
-2.35916e-08
-8.97096e-08
1.06038e-07
-5.05877e-07
1.36596e-07
1.09451e-08
5.85766e-07
2.01755e-08
-1.09907e-07
2.10253e-07
-6.9612e-07
2.19314e-07
1.79187e-09
8.0507e-07
1.11541e-07
-2.21637e-07
3.58431e-07
-9.43748e-07
3.448e-07
1.49502e-08
1.14977e-06
3.03244e-07
-5.25266e-07
5.50299e-07
-1.19227e-06
5.01342e-07
6.28132e-08
1.65097e-06
-7.19611e-08
7.1974e-08
-1.0706e-07
3.51114e-08
-6.81431e-08
-3.89037e-08
-6.81301e-08
-7.32734e-08
1.4526e-07
-1.09321e-07
7.1171e-08
-6.03288e-08
-8.7883e-08
-1.28446e-07
-4.933e-08
1.94603e-07
-7.04121e-08
9.22654e-08
-3.38704e-08
-1.24412e-07
-1.62304e-07
-3.33029e-08
2.27919e-07
-4.12025e-08
1.00179e-07
-1.31081e-08
-1.52492e-07
-1.75398e-07
-2.82761e-08
2.5621e-07
-2.59304e-08
9.78531e-08
4.35559e-12
-1.78404e-07
-1.75377e-07
-3.06558e-08
2.86887e-07
-1.92494e-08
8.64845e-08
1.1954e-08
-2.09562e-07
-1.63397e-07
-3.61137e-08
3.23034e-07
-1.61698e-08
6.66146e-08
2.08334e-08
-2.46475e-07
-1.4252e-07
-4.07074e-08
3.63795e-07
-1.24987e-08
3.8538e-08
2.83363e-08
-2.87154e-07
-1.14113e-07
-4.21571e-08
4.06031e-07
-5.17272e-09
1.75558e-09
3.60187e-08
-3.28115e-07
-7.79942e-08
-4.10161e-08
4.47151e-07
7.14698e-09
-4.61474e-08
4.81896e-08
-3.68875e-07
-2.96813e-08
-4.30732e-08
4.90338e-07
2.76856e-08
-1.1663e-07
7.24228e-08
-4.13329e-07
4.28677e-08
-5.39815e-08
5.44421e-07
6.11598e-08
-2.31563e-07
1.1958e-07
-4.7156e-07
1.6254e-07
-6.86263e-08
6.131e-07
1.22203e-07
-4.224e-07
1.97157e-07
-5.46549e-07
3.59701e-07
-4.6334e-08
6.5941e-07
2.28691e-07
-6.9783e-07
2.76439e-07
-5.94586e-07
6.36022e-07
4.14954e-08
6.1781e-07
2.81748e-07
-9.38857e-07
2.0255e-07
-5.15629e-07
8.38452e-07
3.28296e-08
5.84452e-07
-1.07288e-07
-7.99568e-07
-2.53303e-07
-3.69256e-07
5.85406e-07
1.92705e-05
5.87373e-06
-2.51436e-05
1.43148e-05
4.95687e-06
1.05578e-05
3.75852e-06
2.6459e-06
7.91318e-06
1.7657e-05
4.88046e-06
-1.66637e-05
1.7705e-05
4.90933e-06
1.68612e-05
4.60367e-06
4.2122e-06
1.52973e-05
5.09507e-06
2.11308e-06
-2.32767e-06
7.46444e-06
2.54003e-06
9.1138e-06
2.95478e-06
3.42183e-06
9.90561e-06
-9.36642e-07
-6.35529e-07
3.68648e-06
1.73833e-06
-1.34245e-07
4.04443e-06
6.48638e-07
1.71282e-06
5.75272e-06
-5.02377e-06
-2.68684e-06
7.07771e-06
-2.80646e-06
-2.34947e-06
-5.0733e-07
-1.64964e-06
-4.41932e-07
1.64609e-06
-1.05491e-05
-3.09381e-06
1.09585e-05
-9.72985e-06
-3.16604e-06
-8.39541e-06
-2.98117e-06
-2.298e-06
-6.53673e-06
-1.1549e-05
-1.99004e-06
1.04472e-05
-1.25956e-05
-2.11782e-06
-1.33861e-05
-2.18913e-06
-2.07318e-06
-1.36082e-05
-8.86262e-06
-8.19308e-07
7.69298e-06
-1.0218e-05
-7.6124e-07
-1.17274e-05
-6.78587e-07
-5.74751e-07
-1.32247e-05
-4.91594e-06
-1.91152e-07
4.28797e-06
-5.55945e-06
-1.17552e-07
-6.20344e-06
-3.44302e-08
1.1562e-07
-6.89367e-06
-3.52254e-07
1.79707e-07
-1.8642e-08
-7.1862e-07
2.4877e-07
-1.05863e-06
3.0553e-07
3.56964e-07
-1.30004e-06
3.54275e-06
7.41671e-07
-4.10486e-06
2.98125e-06
8.10128e-07
2.43312e-06
8.53518e-07
8.78458e-07
1.91149e-06
7.24043e-06
1.6798e-06
-8.17889e-06
6.26697e-06
1.78328e-06
5.26052e-06
1.85967e-06
1.91739e-06
4.2213e-06
1.02221e-05
2.89764e-06
-1.14405e-05
8.95445e-06
3.05046e-06
7.64074e-06
3.17289e-06
3.27522e-06
6.28244e-06
1.07801e-05
4.08947e-06
-1.19726e-05
9.554e-06
4.27594e-06
8.29756e-06
4.42865e-06
4.55762e-06
7.01449e-06
7.33938e-06
4.82213e-06
-8.07293e-06
6.58535e-06
5.02906e-06
5.81277e-06
5.20033e-06
5.34261e-06
5.02688e-06
4.50837e-07
4.79937e-06
-4.29319e-07
4.5855e-07
5.0201e-06
4.54509e-07
5.20314e-06
5.35918e-06
4.36723e-07
-9.59887e-06
3.95842e-06
1.04385e-05
-8.74414e-06
4.16404e-06
-7.8885e-06
4.34617e-06
4.51709e-06
-7.04773e-06
-1.89759e-05
2.09805e-06
2.08352e-05
-1.71305e-05
2.31762e-06
-1.52967e-05
2.51123e-06
2.72204e-06
-1.35027e-05
-3.82489e-05
-1.3845e-07
4.04808e-05
-3.57843e-05
-1.50833e-07
-3.30405e-05
-2.36677e-07
2.90358e-07
-3.06126e-05
-4.88673e-05
4.73043e-05
-5.03571e-05
-4.67811e-05
-4.30557e-05
5.83743e-06
1.54965e-06
3.86805e-06
7.70899e-07
2.63721e-06
1.28797e-06
3.41125e-06
8.83379e-07
1.29502e-05
3.89997e-06
9.89996e-06
3.82434e-06
6.74178e-06
4.45178e-06
6.72557e-06
3.4491e-06
9.79728e-06
4.01146e-06
8.82342e-06
4.80382e-06
7.20743e-06
6.07804e-06
8.64077e-06
5.31737e-06
6.77414e-06
2.98924e-06
7.06919e-06
4.50899e-06
6.64843e-06
6.50243e-06
9.58151e-06
5.72285e-06
3.30288e-06
1.32817e-06
4.2621e-06
3.54233e-06
4.48026e-06
6.27513e-06
9.93073e-06
4.12717e-06
-4.37123e-06
-8.3672e-07
-2.33265e-06
1.49987e-06
-6.52976e-07
4.58583e-06
8.59547e-06
6.70059e-07
-1.28924e-05
-1.54658e-06
-1.11245e-05
-2.57641e-07
-8.4117e-06
1.8866e-06
5.10183e-06
-4.90162e-06
-1.43476e-05
-4.22135e-07
-1.44809e-05
-1.20315e-07
-1.32556e-05
6.72774e-07
2.1055e-06
-1.02345e-05
-7.60293e-06
2.8722e-07
-8.20568e-06
4.82473e-07
-8.24308e-06
7.10335e-07
1.03283e-06
-7.16879e-06
-1.41275e-06
3.99847e-07
-1.36131e-06
4.30924e-07
-1.09764e-06
4.46483e-07
4.45015e-07
-5.10152e-07
1.4328e-06
8.78411e-07
1.02004e-06
8.43559e-07
7.01094e-07
7.65328e-07
6.44723e-07
5.01317e-07
3.14591e-06
1.95354e-06
2.0265e-06
1.96272e-06
8.5275e-07
1.93887e-06
1.87992e-06
-3.82606e-07
4.87559e-06
3.35994e-06
3.41011e-06
3.42776e-06
1.86987e-06
3.47869e-06
3.51257e-06
2.36833e-07
5.70609e-06
4.66769e-06
4.37112e-06
4.76209e-06
3.00588e-06
4.8433e-06
4.91263e-06
1.6052e-06
4.2309e-06
5.46278e-06
3.42732e-06
5.56478e-06
2.61778e-06
5.65197e-06
5.726e-06
1.80356e-06
4.05975e-07
5.49233e-06
3.64845e-07
5.60473e-06
3.17068e-07
5.69861e-06
5.77864e-06
2.63328e-07
-6.23628e-06
4.67958e-06
-5.46303e-06
4.83024e-06
-4.72939e-06
4.96379e-06
5.0782e-06
-4.03003e-06
-1.17513e-05
2.927e-06
-1.00528e-05
3.13073e-06
-8.37928e-06
3.28915e-06
3.42314e-06
-6.72527e-06
-2.81657e-05
4.76411e-07
-2.63663e-05
1.32791e-06
-2.43745e-05
1.29412e-06
1.6983e-06
-2.26527e-05
-4.33891e-05
-4.40058e-05
-4.44064e-05
-4.0497e-05
-1.61876e-06
2.51078e-06
-4.20093e-06
2.59065e-06
2.48511e-06
-6.6854e-06
9.25078e-07
5.05368e-06
-2.21938e-06
5.75062e-06
5.79971e-06
-5.53582e-06
3.84431e-06
6.54941e-06
1.82308e-06
7.79413e-06
8.46831e-06
-8.3867e-07
4.90781e-06
7.38232e-06
3.69576e-06
9.02847e-06
1.0315e-05
1.86434e-06
3.70548e-06
7.81011e-06
3.11441e-06
9.63383e-06
1.1275e-05
2.17063e-06
1.336e-06
7.14281e-06
2.05014e-06
8.92604e-06
1.0636e-05
2.70212e-06
-2.55766e-06
4.81169e-06
8.99917e-08
6.29595e-06
7.8146e-06
2.93458e-06
-7.55133e-06
2.15044e-06
-4.24467e-06
3.0174e-06
4.03716e-06
-4.32801e-07
-5.8126e-06
7.97338e-07
-3.8359e-06
1.04653e-06
1.41682e-06
-1.20579e-06
3.12846e-08
2.55574e-07
8.03127e-07
2.74212e-07
3.42064e-07
1.87726e-06
4.42439e-07
3.14455e-07
4.31805e-07
2.84888e-07
3.04391e-07
4.69535e-07
-1.10228e-06
1.03411e-06
-1.8324e-06
1.01512e-06
1.03006e-06
-2.5577e-06
-7.22256e-07
1.99301e-06
-1.70858e-06
2.00135e-06
2.02059e-06
-2.69902e-06
7.93269e-07
2.80462e-06
-3.16324e-08
2.82594e-06
2.85008e-06
-8.61354e-07
1.34476e-06
3.26295e-06
8.86838e-07
3.28341e-06
3.30354e-06
4.32938e-07
2.05077e-07
3.32061e-06
1.42679e-07
3.34523e-06
3.37079e-06
7.48866e-08
-3.60384e-06
2.89384e-06
-3.17484e-06
2.91569e-06
2.92655e-06
-2.7311e-06
-5.83405e-06
2.00206e-06
-4.96849e-06
2.04958e-06
2.0855e-06
-4.12797e-06
-2.17775e-05
1.12537e-06
-2.07312e-05
1.00176e-06
1.01036e-06
-1.96573e-05
-4.07367e-05
-4.07523e-05
-3.86228e-05
-7.47661e-06
7.88242e-07
-8.18511e-06
7.03912e-07
5.88997e-07
-8.7801e-06
-6.57345e-06
1.81955e-06
-7.55083e-06
1.67241e-06
1.49302e-06
-8.46556e-06
-1.89174e-06
2.86863e-06
-2.96569e-06
2.73928e-06
2.55545e-06
-4.03761e-06
1.04202e-06
3.69093e-06
1.44183e-07
3.63388e-06
3.50842e-06
-8.15097e-07
1.70216e-06
4.16189e-06
1.14298e-06
4.19295e-06
4.17172e-06
4.76399e-07
2.8307e-06
4.03714e-06
2.88606e-06
4.1402e-06
4.21916e-06
2.83929e-06
3.88064e-06
3.09954e-06
4.7813e-06
3.24783e-06
3.37477e-06
5.63344e-06
9.97042e-07
1.68303e-06
2.44491e-06
1.81381e-06
1.91969e-06
3.91422e-06
-1.18114e-07
5.99984e-07
1.03616e-06
6.64814e-07
7.22405e-07
2.23935e-06
2.31359e-06
1.63417e-07
2.78357e-06
1.94617e-07
2.34763e-07
3.27101e-06
4.81481e-07
1.51472e-07
4.96934e-07
1.79145e-07
2.16777e-07
5.14868e-07
-2.79707e-06
3.9108e-07
-3.02679e-06
4.09147e-07
4.33111e-07
-3.24277e-06
-3.02881e-06
7.2101e-07
-3.34854e-06
7.29085e-07
7.38632e-07
-3.65377e-06
-1.1509e-06
1.01051e-06
-1.43678e-06
1.01496e-06
1.01884e-06
-1.71696e-06
2.77504e-07
1.16581e-06
1.23731e-07
1.1686e-06
1.17145e-06
-2.89941e-08
3.78965e-08
1.20261e-06
1.61173e-10
1.20615e-06
1.2082e-06
-3.67726e-08
-2.54461e-06
1.01595e-06
-2.35173e-06
1.01311e-06
1.01325e-06
-2.15694e-06
-3.8683e-06
7.56091e-07
-3.61999e-06
7.64621e-07
7.74565e-07
-3.38149e-06
-1.91634e-05
2.61738e-07
-1.87026e-05
3.03383e-07
3.98877e-07
-1.83274e-05
-3.79783e-05
-3.73682e-05
-3.71549e-05
-9.82521e-06
1.02334e-06
-1.01459e-05
2.99424e-07
1.37266e-09
-1.01629e-05
-1.07705e-05
3.29452e-06
-1.25902e-05
2.09358e-06
1.52355e-06
-1.4126e-05
-6.83777e-06
6.06121e-06
-9.03253e-06
4.26256e-06
3.12797e-06
-1.06505e-05
-3.69383e-06
8.90876e-06
-6.14958e-06
6.68785e-06
4.78536e-06
-7.8253e-06
-2.02421e-06
1.13815e-05
-4.9799e-06
9.59967e-06
7.4554e-06
-7.68842e-06
2.04245e-06
1.21664e-05
4.20066e-08
1.15639e-05
1.02219e-05
-2.77529e-06
7.71411e-06
1.01024e-05
8.79913e-06
1.04818e-05
1.03287e-05
8.67969e-06
8.07755e-06
5.98056e-06
1.19481e-05
6.65062e-06
7.21203e-06
1.50982e-05
5.81269e-06
2.42733e-06
9.46123e-06
3.0263e-06
3.79779e-06
1.29022e-05
4.75904e-06
9.39e-07
6.19239e-06
1.59356e-06
2.54047e-06
7.45185e-06
5.82738e-07
8.70679e-07
5.20203e-07
1.65484e-06
2.83829e-06
2.2016e-07
-3.79542e-06
1.42463e-06
-4.20874e-06
2.06971e-06
3.15435e-06
-4.52355e-06
-4.42306e-06
2.19535e-06
-4.86775e-06
2.51708e-06
3.15135e-06
-4.86071e-06
-2.44767e-06
2.92647e-06
-2.96004e-06
3.0307e-06
3.26543e-06
-3.0715e-06
-4.53849e-07
3.35108e-06
-8.08041e-07
3.38494e-06
3.45268e-06
-9.94683e-07
-9.85992e-08
3.41242e-06
-1.38923e-07
3.42486e-06
3.44462e-06
-1.31112e-07
-1.6712e-06
2.92626e-06
-1.1767e-06
2.92999e-06
2.93607e-06
-6.68487e-07
-2.66276e-06
2.20705e-06
-2.00933e-06
2.27608e-06
2.36849e-06
-1.44221e-06
-1.7625e-05
1.50353e-06
-1.69733e-05
1.62322e-06
1.70094e-06
-1.6307e-05
-3.73981e-05
-3.76764e-05
-3.55655e-05
-9.46716e-06
-1.24854e-07
-1.04943e-05
2.27066e-07
-1.19047e-05
1.04247e-06
1.83091e-06
-1.31511e-05
-1.67114e-05
2.45245e-06
-1.91451e-05
2.65822e-06
-2.10578e-05
2.95255e-06
3.23209e-06
-2.24613e-05
-1.26118e-05
4.40687e-06
-1.40515e-05
4.0968e-06
-1.51553e-05
4.05563e-06
3.99989e-06
-1.59228e-05
-9.23042e-06
5.80315e-06
-9.69843e-06
4.56634e-06
-1.00254e-05
4.38462e-06
4.40313e-06
-1.04267e-05
-1.08617e-05
8.94474e-06
-1.21009e-05
5.80497e-06
-1.21027e-05
4.39404e-06
3.88497e-06
-1.15776e-05
-7.99816e-06
1.40857e-05
-1.21865e-05
9.94928e-06
-1.46206e-05
6.81442e-06
4.5589e-06
-1.52927e-05
6.1093e-06
1.66075e-05
1.84294e-06
1.41592e-05
-2.79876e-06
1.14095e-05
8.50676e-06
-6.77639e-06
1.81118e-05
1.36307e-05
1.81285e-05
1.41534e-05
1.56103e-05
1.39206e-05
1.27246e-05
1.13781e-05
1.76212e-05
8.95836e-06
1.98403e-05
1.19682e-05
1.93436e-05
1.44321e-05
1.53416e-05
1.67274e-05
8.9791e-06
7.43917e-06
9.0726e-06
1.18813e-05
8.00755e-06
1.54971e-05
1.65503e-05
6.80263e-06
-1.02117e-06
8.67449e-06
-2.89914e-06
1.37544e-05
-4.40078e-06
1.69976e-05
1.64399e-05
-4.27943e-06
-5.10407e-06
9.25558e-06
-5.93136e-06
1.45812e-05
-6.79503e-06
1.78597e-05
1.67153e-05
-7.07111e-06
-3.77543e-06
8.17979e-06
-2.13529e-06
1.29499e-05
-1.33991e-06
1.7067e-05
1.74215e-05
-2.05367e-06
-1.84698e-06
6.96431e-06
1.05887e-06
1.00575e-05
3.96755e-06
1.41692e-05
1.65825e-05
4.80698e-06
-5.11166e-07
6.48431e-06
1.67198e-06
7.88304e-06
5.11794e-06
1.07355e-05
1.39689e-05
7.73986e-06
1.9245e-07
6.16101e-06
1.37728e-06
6.7007e-06
3.86348e-06
8.25543e-06
1.10966e-05
6.74325e-06
1.65776e-07
5.32634e-06
1.22498e-06
5.64154e-06
2.76926e-06
6.71235e-06
9.17257e-06
4.69617e-06
-6.01559e-07
4.48486e-06
-2.06871e-07
5.24585e-06
-1.77222e-07
6.68145e-06
9.06308e-06
-6.90317e-08
-1.57017e-05
3.87756e-06
-1.49625e-05
4.50444e-06
-1.43212e-05
6.03775e-06
7.41793e-06
-1.26785e-05
-3.15374e-05
-3.2255e-05
-2.71181e-05
-2.13871e-05
-1.5698e-05
2.54479e-06
-1.89684e-05
3.26912e-06
-2.29255e-05
3.95664e-06
4.46426e-06
-2.73896e-05
-2.34306e-05
3.51265e-06
-2.38629e-05
3.70085e-06
-2.36592e-05
3.75301e-06
3.60609e-06
-2.28009e-05
-1.63146e-05
3.90538e-06
-1.63365e-05
3.72377e-06
-1.60334e-05
3.4505e-06
3.10295e-06
-1.55305e-05
-1.08848e-05
4.36563e-06
-1.13559e-05
4.19642e-06
-1.17895e-05
3.88452e-06
3.475e-06
-1.21622e-05
-1.10184e-05
3.81165e-06
-1.06613e-05
3.84285e-06
-1.0548e-05
3.77278e-06
3.54425e-06
-1.06171e-05
-1.4555e-05
3.08096e-06
-1.30085e-05
2.30344e-06
-1.13934e-05
2.16267e-06
2.36723e-06
-1.02137e-05
-9.33742e-06
5.62605e-06
-1.01992e-05
3.16032e-06
-9.52041e-06
1.48624e-06
9.19886e-07
-8.06874e-06
6.48132e-06
1.05094e-05
2.23845e-06
7.39645e-06
-1.71634e-07
3.89686e-06
1.62942e-06
-8.78641e-07
1.32024e-05
1.40357e-05
1.01059e-05
1.05062e-05
7.63532e-06
6.38562e-06
3.84751e-06
5.42708e-06
6.4736e-06
1.43857e-05
6.71266e-06
1.02986e-05
6.06447e-06
7.0541e-06
5.54009e-06
4.37742e-06
-2.4683e-06
1.25978e-05
-9.40187e-07
8.78855e-06
-9.0465e-07
7.02444e-06
6.33968e-06
-1.70395e-06
-6.74733e-06
1.22764e-05
-6.61103e-06
8.65296e-06
-6.73312e-06
7.14617e-06
6.56706e-06
-6.96088e-06
-4.14433e-06
1.43533e-05
-6.27493e-06
1.07734e-05
-7.46849e-06
8.33517e-06
7.12906e-06
-8.0319e-06
2.88111e-06
1.62687e-05
-3.64387e-07
1.40055e-05
-3.16463e-06
1.11258e-05
8.90643e-06
-4.94658e-06
7.9414e-06
1.60667e-05
5.83595e-06
1.61037e-05
2.74758e-06
1.42054e-05
1.15826e-05
6.52209e-08
8.42712e-06
1.43866e-05
8.098e-06
1.6431e-05
6.17692e-06
1.61216e-05
1.39325e-05
3.82274e-06
6.26891e-06
1.28162e-05
6.82056e-06
1.58787e-05
6.34177e-06
1.65978e-05
1.49344e-05
5.33791e-06
5.36004e-07
1.22097e-05
1.56512e-06
1.48476e-05
2.72259e-06
1.54387e-05
1.3781e-05
3.87602e-06
-9.84594e-06
9.37525e-06
-5.45967e-06
1.04603e-05
-8.78569e-07
1.08578e-05
9.623e-06
3.28099e-06
-1.45221e-05
-1.23503e-05
-1.74823e-06
5.34476e-06
-1.683e-06
-5.4514e-07
-1.2795e-06
-4.03576e-07
-1.01188e-06
-2.67688e-07
-8.2007e-07
-1.91846e-07
-6.84616e-07
-1.35482e-07
-5.92831e-07
-9.17994e-08
-5.37915e-07
-5.4919e-08
-5.16183e-07
-2.17238e-08
-5.23587e-07
7.42249e-09
-5.53577e-07
3.00221e-08
-5.95172e-07
4.16431e-08
-6.34833e-07
3.97251e-08
-6.61584e-07
2.68342e-08
-6.7774e-07
1.62656e-08
-7.16474e-07
3.88771e-08
-8.06023e-07
8.97344e-08
-8.07834e-07
2.01928e-09
-2.27314e-07
-5.80395e-07
1.78917e-06
-2.01695e-06
1.78896e-06
-3.43767e-06
-1.38636e-06
-2.68929e-06
-1.15201e-06
-2.23705e-06
-7.19967e-07
-1.87856e-06
-5.5037e-07
-1.62481e-06
-3.89247e-07
-1.45092e-06
-2.65692e-07
-1.34985e-06
-1.55994e-07
-1.31548e-06
-5.60762e-08
-1.34128e-06
3.32478e-08
-1.41504e-06
1.0383e-07
-1.51397e-06
1.40632e-07
-1.60767e-06
1.33506e-07
-1.66978e-06
8.90513e-08
-1.69396e-06
4.05842e-08
-1.71398e-06
5.90613e-08
-1.7498e-06
1.25745e-07
-1.51984e-06
-2.27733e-07
-6.50901e-07
-1.4492e-06
2.22974e-06
-4.89798e-06
4.01846e-06
-4.22553e-06
-2.22813e-06
-3.43203e-06
-1.94554e-06
-2.94791e-06
-1.20411e-06
-2.553e-06
-9.45291e-07
-2.27126e-06
-6.70992e-07
-2.07961e-06
-4.57346e-07
-1.97412e-06
-2.61464e-07
-1.94969e-06
-8.04844e-08
-1.9987e-06
8.22913e-08
-2.10199e-06
2.07181e-07
-2.22184e-06
2.60578e-07
-2.30787e-06
2.19659e-07
-2.31648e-06
9.78103e-08
-2.22798e-06
-4.77533e-08
-2.05749e-06
-1.11258e-07
-1.83157e-06
-1.00022e-07
-1.38455e-06
-6.74609e-07
-5.98352e-07
-2.23521e-06
2.13303e-06
-7.62961e-06
6.15124e-06
-4.48663e-06
-2.94832e-06
-3.78837e-06
-2.64383e-06
-3.33939e-06
-1.6531e-06
-2.97351e-06
-1.31116e-06
-2.71143e-06
-9.33069e-07
-2.53852e-06
-6.30238e-07
-2.45322e-06
-3.46735e-07
-2.45033e-06
-8.3339e-08
-2.51678e-06
1.48798e-07
-2.62023e-06
3.10712e-07
-2.70419e-06
3.44668e-07
-2.70286e-06
2.18496e-07
-2.56985e-06
-3.50156e-08
-2.29264e-06
-3.24774e-07
-1.88141e-06
-5.22349e-07
-1.37831e-06
-6.03045e-07
-7.89812e-07
-1.26308e-06
-1.28337e-07
-2.8965e-06
2.04399e-06
-9.80204e-06
8.195e-06
-4.42655e-06
-3.47673e-06
-3.89974e-06
-3.17065e-06
-3.52281e-06
-2.03002e-06
-3.21732e-06
-1.61664e-06
-2.99808e-06
-1.15229e-06
-2.86133e-06
-7.66958e-07
-2.80548e-06
-4.02556e-07
-2.82114e-06
-6.76192e-08
-2.88436e-06
2.12094e-07
-2.94711e-06
3.73575e-07
-2.94026e-06
3.37981e-07
-2.79947e-06
7.79066e-08
-2.49931e-06
-3.34976e-07
-2.05589e-06
-7.68014e-07
-1.4843e-06
-1.09383e-06
-7.99423e-07
-1.28789e-06
-1.28716e-07
-1.93384e-06
3.655e-07
-3.39067e-06
1.97755e-06
-1.14141e-05
1.01723e-05
-4.1251e-06
-3.76564e-06
-3.82661e-06
-3.46916e-06
-3.55402e-06
-2.3026e-06
-3.32676e-06
-1.84388e-06
-3.16045e-06
-1.31856e-06
-3.06417e-06
-8.63206e-07
-3.03441e-06
-4.32268e-07
-3.0544e-06
-4.75635e-08
-3.08806e-06
2.45862e-07
-3.07689e-06
3.62545e-07
-2.9524e-06
2.1368e-07
-2.66842e-06
-2.05868e-07
-2.22892e-06
-7.74283e-07
-1.67562e-06
-1.32116e-06
-1.03473e-06
-1.73463e-06
-2.8393e-07
-2.03866e-06
4.98258e-07
-2.71605e-06
8.56959e-07
-3.74937e-06
1.91749e-06
-1.24746e-05
1.20896e-05
-3.62057e-06
-3.79322e-06
-3.58777e-06
-3.50201e-06
-3.4563e-06
-2.43409e-06
-3.32336e-06
-1.97679e-06
-3.21452e-06
-1.42737e-06
-3.1554e-06
-9.22272e-07
-3.14166e-06
-4.45949e-07
-3.14939e-06
-3.97525e-08
-3.13445e-06
2.31041e-07
-3.03703e-06
2.65282e-07
-2.80058e-06
-2.25735e-08
-2.40122e-06
-6.05033e-07
-1.86258e-06
-1.31274e-06
-1.23636e-06
-1.94724e-06
-5.63156e-07
-2.40773e-06
1.87329e-07
-2.78908e-06
9.90206e-07
-3.51891e-06
1.2967e-06
-4.05585e-06
1.86725e-06
-1.30451e-05
1.39567e-05
-2.95245e-06
-3.57235e-06
-3.18726e-06
-3.26727e-06
-3.23406e-06
-2.38731e-06
-3.21632e-06
-1.99452e-06
-3.17037e-06
-1.47327e-06
-3.14368e-06
-9.48901e-07
-3.13613e-06
-4.53435e-07
-3.12062e-06
-5.51685e-08
-3.05132e-06
1.61877e-07
-2.87477e-06
8.88992e-08
-2.54951e-06
-3.4765e-07
-2.06635e-06
-1.088e-06
-1.45661e-06
-1.92232e-06
-7.72785e-07
-2.63091e-06
-6.95134e-08
-3.11089e-06
6.55909e-07
-3.51441e-06
1.41191e-06
-4.27485e-06
1.66989e-06
-4.31379e-06
1.8363e-06
-1.32115e-05
1.57928e-05
-2.17146e-06
-3.15701e-06
-2.6326e-06
-2.80622e-06
-2.88297e-06
-2.137e-06
-3.00665e-06
-1.87082e-06
-3.03496e-06
-1.44493e-06
-3.03981e-06
-9.43982e-07
-3.03365e-06
-4.59525e-07
-2.99233e-06
-9.63769e-08
-2.87382e-06
4.35025e-08
-2.63391e-06
-1.50852e-07
-2.2413e-06
-7.40067e-07
-1.69289e-06
-1.63622e-06
-1.02419e-06
-2.59083e-06
-2.91918e-07
-3.36302e-06
4.40837e-07
-3.8435e-06
1.14213e-06
-4.21558e-06
1.8036e-06
-4.93624e-06
1.97646e-06
-4.4866e-06
1.81546e-06
-1.30505e-05
1.7608e-05
-1.33911e-06
-2.63415e-06
-1.94708e-06
-2.19836e-06
-2.39962e-06
-1.68455e-06
-2.68978e-06
-1.58068e-06
-2.81114e-06
-1.32353e-06
-2.85339e-06
-9.01663e-07
-2.85003e-06
-4.62806e-07
-2.78673e-06
-1.59564e-07
-2.62826e-06
-1.14831e-07
-2.3379e-06
-4.41056e-07
-1.88863e-06
-1.18914e-06
-1.28007e-06
-2.24459e-06
-5.56568e-07
-3.31414e-06
2.11306e-07
-4.13071e-06
9.53666e-07
-4.5857e-06
1.6177e-06
-4.87948e-06
2.16414e-06
-5.4826e-06
2.22637e-06
-4.54879e-06
1.79946e-06
-1.26236e-05
1.94072e-05
-5.12036e-07
-2.09638e-06
-1.17567e-06
-1.53482e-06
-1.79136e-06
-1.06897e-06
-2.25934e-06
-1.11276e-06
-2.49655e-06
-1.0863e-06
-2.58884e-06
-8.09306e-07
-2.59438e-06
-4.5719e-07
-2.51518e-06
-2.38658e-07
-2.32413e-06
-3.05743e-07
-1.98918e-06
-7.75852e-07
-1.48542e-06
-1.69273e-06
-8.1821e-07
-2.9116e-06
-4.90441e-08
-4.08311e-06
7.30623e-07
-4.9102e-06
1.45107e-06
-5.30599e-06
2.05424e-06
-5.48253e-06
2.47741e-06
-5.90567e-06
2.42111e-06
-4.49243e-06
1.78463e-06
-1.19871e-05
2.11916e-05
2.17296e-07
-1.66783e-06
-3.85432e-07
-9.32153e-07
-1.08374e-06
-3.70792e-07
-1.71353e-06
-4.83053e-07
-2.08503e-06
-7.14798e-07
-2.24452e-06
-6.49763e-07
-2.26776e-06
-4.3387e-07
-2.17804e-06
-3.28284e-07
-1.95835e-06
-5.25304e-07
-1.58082e-06
-1.15324e-06
-1.02414e-06
-2.24924e-06
-3.06758e-07
-3.6288e-06
4.8309e-07
-4.87278e-06
1.24299e-06
-5.66993e-06
1.90739e-06
-5.97025e-06
2.42591e-06
-6.00094e-06
2.72599e-06
-6.20566e-06
2.56004e-06
-4.32641e-06
1.76862e-06
-1.11956e-05
2.29599e-05
8.16468e-07
-1.34833e-06
3.75974e-07
-4.9169e-07
-3.27531e-07
3.32606e-07
-1.06261e-06
2.51914e-07
-1.57123e-06
-2.06203e-07
-1.81515e-06
-4.05805e-07
-1.86701e-06
-3.8194e-07
-1.77181e-06
-4.23393e-07
-1.52663e-06
-7.70373e-07
-1.11e-06
-1.56974e-06
-5.07827e-07
-2.85126e-06
2.38609e-07
-4.37508e-06
1.01326e-06
-5.64728e-06
1.71635e-06
-6.37289e-06
2.29357e-06
-6.54735e-06
2.7117e-06
-6.41897e-06
2.89745e-06
-6.39132e-06
2.64504e-06
-4.07395e-06
1.75107e-06
-1.03017e-05
2.47107e-05
1.35537e-06
-1.13922e-06
1.04682e-06
-1.83159e-07
4.23546e-07
9.55813e-07
-3.36422e-07
1.01177e-06
-9.57351e-07
4.14668e-07
-1.29605e-06
-6.7088e-08
-1.38921e-06
-2.88721e-07
-1.2959e-06
-5.16618e-07
-1.0312e-06
-1.03499e-06
-5.83519e-07
-2.0173e-06
5.13537e-08
-3.48601e-06
7.88269e-07
-5.11186e-06
1.50961e-06
-6.3685e-06
2.12043e-06
-6.9836e-06
2.58675e-06
-7.01357e-06
2.89944e-06
-6.73157e-06
2.98743e-06
-6.47923e-06
2.68245e-06
-3.76889e-06
1.73397e-06
-9.35317e-06
2.64445e-05
1.82595e-06
-1.02572e-06
1.61404e-06
2.8739e-08
1.10569e-06
1.46413e-06
4.0739e-07
1.70998e-06
-2.61063e-07
1.08304e-06
-6.88767e-07
3.60612e-07
-8.34565e-07
-1.42878e-07
-7.54585e-07
-5.96529e-07
-4.81322e-07
-1.30817e-06
-1.53032e-08
-2.48323e-06
6.1898e-07
-4.12019e-06
1.31548e-06
-5.80826e-06
1.94357e-06
-6.99651e-06
2.43241e-06
-7.47235e-06
2.77473e-06
-7.3558e-06
2.98753e-06
-6.94428e-06
2.99961e-06
-6.49123e-06
2.68352e-06
-3.45272e-06
1.72212e-06
-8.39176e-06
2.81663e-05
2.21038e-06
-1.00033e-06
2.07358e-06
1.65541e-07
1.68808e-06
1.84961e-06
1.10503e-06
2.29296e-06
4.69127e-07
1.71887e-06
-7.37062e-09
8.37085e-07
-2.10138e-07
5.99225e-08
-1.57472e-07
-6.49135e-07
1.09237e-07
-1.5748e-06
5.75003e-07
-2.94891e-06
1.1804e-06
-4.7255e-06
1.79214e-06
-6.41992e-06
2.29163e-06
-7.49592e-06
2.63922e-06
-7.81986e-06
2.85666e-06
-7.57314e-06
2.98381e-06
-7.07134e-06
2.94371e-06
-6.45103e-06
2.66397e-06
-3.1729e-06
1.72301e-06
-7.4508e-06
2.98891e-05
2.46879e-06
-1.06603e-06
2.40425e-06
2.30089e-07
2.14845e-06
2.1054e-06
1.70951e-06
2.73187e-06
1.17021e-06
2.25811e-06
7.06905e-07
1.30036e-06
4.66644e-07
3.00202e-07
4.81079e-07
-6.63519e-07
7.25658e-07
-1.81931e-06
1.16718e-06
-3.39036e-06
1.70579e-06
-5.26403e-06
2.19221e-06
-6.90627e-06
2.5373e-06
-7.84095e-06
2.73795e-06
-8.02043e-06
2.84137e-06
-7.67646e-06
2.90258e-06
-7.13245e-06
2.83325e-06
-6.38161e-06
2.64247e-06
-2.98202e-06
1.74871e-06
-6.55705e-06
3.16376e-05
2.5418e-06
-1.23385e-06
2.57217e-06
1.99717e-07
2.46378e-06
2.2138e-06
2.18773e-06
3.0079e-06
1.78582e-06
2.65998e-06
1.39239e-06
1.69376e-06
1.15015e-06
5.42444e-07
1.13054e-06
-6.43863e-07
1.34346e-06
-2.03218e-06
1.73544e-06
-3.78227e-06
2.16517e-06
-5.6937e-06
2.49266e-06
-7.23369e-06
2.6728e-06
-8.02103e-06
2.73531e-06
-8.08285e-06
2.74461e-06
-7.68566e-06
2.76097e-06
-7.14871e-06
2.68546e-06
-6.306e-06
2.6397e-06
-2.93616e-06
1.80945e-06
-5.72683e-06
3.34468e-05
2.38286e-06
-1.53006e-06
2.54722e-06
3.53646e-08
2.6113e-06
2.14973e-06
2.51292e-06
3.10628e-06
2.27086e-06
2.90201e-06
1.98474e-06
1.97986e-06
1.77526e-06
7.51925e-07
1.74423e-06
-6.12808e-07
1.9298e-06
-2.2177e-06
2.24281e-06
-4.09523e-06
2.52415e-06
-5.97499e-06
2.67615e-06
-7.38563e-06
2.69977e-06
-8.04457e-06
2.64524e-06
-8.02824e-06
2.58563e-06
-7.62594e-06
2.57538e-06
-7.13835e-06
2.52359e-06
-6.25413e-06
2.67586e-06
-3.08834e-06
1.94456e-06
-4.99556e-06
3.53911e-05
2.01884e-06
-1.99504e-06
2.33342e-06
-2.79185e-07
2.57256e-06
1.91061e-06
2.65408e-06
3.02478e-06
2.57783e-06
2.97824e-06
2.41588e-06
2.14179e-06
2.26946e-06
8.98335e-07
2.26316e-06
-6.06486e-07
2.42649e-06
-2.38098e-06
2.62514e-06
-4.29384e-06
2.73875e-06
-6.08855e-06
2.72873e-06
-7.37556e-06
2.62485e-06
-7.94062e-06
2.48404e-06
-7.88733e-06
2.38228e-06
-7.52408e-06
2.35964e-06
-7.11561e-06
2.3699e-06
-6.26432e-06
2.76867e-06
-3.48706e-06
1.98293e-06
-4.20982e-06
3.73738e-05
4.2804e-06
-4.93982e-06
6.01533e-06
-2.01336e-06
7.67539e-06
2.50923e-07
9.30189e-06
1.39846e-06
1.05309e-05
1.74935e-06
1.13426e-05
1.33007e-06
1.1775e-05
4.65982e-07
1.19175e-05
-7.48906e-07
1.18226e-05
-2.28595e-06
1.14279e-05
-3.89905e-06
1.07037e-05
-5.3641e-06
9.71081e-06
-6.38243e-06
8.62986e-06
-6.85931e-06
7.68641e-06
-6.9435e-06
7.09955e-06
-6.93686e-06
7.06209e-06
-7.07791e-06
7.64078e-06
-6.84288e-06
1.00854e-05
-5.93147e-06
1.12618e-05
-5.38457e-06
2.34917e-05
2.13267e-06
-6.92163e-06
2.75425e-06
-2.63332e-06
3.16509e-06
-1.59092e-07
4.51979e-06
4.4235e-08
6.35353e-06
-8.40508e-08
8.03291e-06
-3.49021e-07
9.23976e-06
-7.4063e-07
9.8393e-06
-1.34821e-06
9.72601e-06
-2.17241e-06
8.94715e-06
-3.1199e-06
7.61565e-06
-4.03227e-06
6.02594e-06
-4.79236e-06
4.61689e-06
-5.44992e-06
3.56759e-06
-5.89395e-06
2.98493e-06
-6.3541e-06
2.88813e-06
-6.98116e-06
3.86038e-06
-7.8148e-06
5.14174e-06
-7.21081e-06
6.04936e-06
-6.28727e-06
1.28797e-05
1.95156e-06
-8.83611e-06
1.30343e-06
-1.98509e-06
1.20126e-07
1.02426e-06
3.40618e-07
-1.76212e-07
1.56202e-06
-1.30517e-06
2.97774e-06
-1.76433e-06
4.12094e-06
-1.8834e-06
4.68756e-06
-1.91443e-06
4.53368e-06
-2.01815e-06
3.653e-06
-2.23888e-06
2.27887e-06
-2.65785e-06
1.02332e-06
-3.5366e-06
2.53548e-07
-4.68007e-06
-3.66902e-07
-5.2735e-06
-9.2151e-07
-5.79959e-06
-1.82999e-06
-6.07243e-06
-3.64583e-06
-5.99758e-06
-6.35689e-06
-4.49802e-06
-7.51487e-06
-5.13295e-06
3.03466e-06
1.15719e-06
-8.65291e-06
-5.63577e-07
-2.64619e-07
-2.20421e-06
2.66364e-06
-2.28262e-06
-9.83675e-08
-1.49441e-06
-2.09335e-06
-4.28143e-07
-2.83021e-06
4.32257e-07
-2.7433e-06
7.24265e-07
-2.20605e-06
3.5192e-07
-1.64557e-06
-5.70468e-07
-1.31638e-06
-1.65096e-06
-1.57735e-06
-2.17041e-06
-3.01721e-06
-2.40819e-06
-4.44227e-06
-3.04672e-06
-4.63496e-06
-4.24605e-06
-4.60004e-06
-6.53951e-06
-3.77755e-06
-1.10906e-05
-1.4481e-06
-1.40463e-05
-1.56065e-06
-1.31756e-05
-6.02885e-06
-6.45949e-06
-6.29148e-07
-8.89474e-06
-2.86542e-06
1.97017e-06
-3.60385e-06
3.40045e-06
-2.9773e-06
-7.25473e-07
-1.58057e-06
-3.48946e-06
3.32764e-08
-4.44269e-06
9.41251e-07
-3.64985e-06
6.76885e-07
-1.94072e-06
-4.82922e-07
-4.85396e-07
-1.9485e-06
1.49212e-07
-3.087e-06
-4.38975e-07
-3.60532e-06
-2.49888e-06
-4.03862e-06
-4.00878e-06
-4.97064e-06
-3.7027e-06
-6.49227e-06
-3.0776e-06
-8.89387e-06
-1.37588e-06
-1.18338e-05
1.48256e-06
-1.3623e-05
2.09583e-07
-1.29907e-05
-6.6648e-06
-1.23568e-05
-1.4438e-06
-7.87124e-06
-3.62355e-06
4.1484e-06
-3.21445e-06
2.99008e-06
-1.27763e-06
-2.66196e-06
1.51742e-06
-6.28254e-06
4.14371e-06
-7.06654e-06
5.57726e-06
-5.08098e-06
5.06716e-06
-1.42866e-06
2.78028e-06
1.80257e-06
-1.447e-07
3.07437e-06
-2.60946e-06
2.02569e-06
-4.07923e-06
-1.02903e-06
-4.91643e-06
-3.17126e-06
-5.87861e-06
-2.74008e-06
-7.15052e-06
-1.80516e-06
-8.04147e-06
-4.85702e-07
-8.21206e-06
1.64756e-06
-8.86616e-06
8.55723e-07
-1.05645e-05
-4.96165e-06
-1.19491e-05
-1.36936e-06
-5.95983e-06
-2.82989e-06
5.60765e-06
-1.21521e-06
1.37488e-06
1.89604e-06
-5.77165e-06
5.58733e-06
-9.97168e-06
8.968e-06
-1.04453e-05
1.11401e-05
-7.2514e-06
1.13502e-05
-1.63705e-06
9.00912e-06
4.14509e-06
4.6784e-06
7.40572e-06
5.94542e-08
6.64454e-06
-3.37586e-06
2.4063e-06
-4.89934e-06
-1.64744e-06
-5.6905e-06
-1.94839e-06
-6.66749e-06
-8.27791e-07
-6.95061e-06
-2.03263e-07
-5.75296e-06
4.47399e-07
-4.77258e-06
-1.27497e-07
-6.25849e-06
-3.47335e-06
-7.7508e-06
-1.31432e-06
-4.54722e-06
-1.5926e-06
5.88498e-06
1.20155e-06
-1.4191e-06
4.85265e-06
-9.42106e-06
9.03849e-06
-1.41565e-05
1.28839e-05
-1.42903e-05
1.54001e-05
-9.76733e-06
1.61254e-05
-2.36215e-06
1.45868e-05
5.68424e-06
1.04882e-05
1.15047e-05
4.74341e-06
1.23893e-05
-8.33288e-07
7.98269e-06
-4.0003e-06
1.51977e-06
-4.77406e-06
-1.17411e-06
-5.20054e-06
-4.00795e-07
-5.36627e-06
-3.7486e-08
-4.56527e-06
-3.54466e-07
-3.53458e-06
-1.15894e-06
-4.22958e-06
-2.77676e-06
-4.28269e-06
-1.27833e-06
-3.49325e-06
-4.61099e-07
5.06714e-06
2.83717e-06
-4.71659e-06
6.87643e-06
-1.34599e-05
1.17791e-05
-1.90592e-05
1.58325e-05
-1.83434e-05
1.8179e-05
-1.21135e-05
1.8847e-05
-3.03011e-06
1.7864e-05
6.66699e-06
1.47952e-05
1.45735e-05
9.52905e-06
1.7655e-05
3.19171e-06
1.43194e-05
-1.90352e-06
6.61479e-06
-3.69327e-06
6.15974e-07
-3.65615e-06
-4.37543e-07
-3.15464e-06
-5.38725e-07
-2.18493e-06
-1.32409e-06
-1.38945e-06
-1.95447e-06
-1.96022e-06
-2.20573e-06
-1.954e-06
-1.74615e-06
-4.66764e-06
1.50956e-07
3.16975e-06
3.50029e-06
-8.06488e-06
8.2526e-06
-1.82129e-05
1.33746e-05
-2.41809e-05
1.68232e-05
-2.17909e-05
1.84978e-05
-1.37868e-05
1.89383e-05
-3.46955e-06
1.83532e-05
7.25238e-06
1.64706e-05
1.64558e-05
1.27036e-05
2.14214e-05
7.3034e-06
1.97188e-05
1.65619e-06
1.22614e-05
-1.7111e-06
3.9833e-06
-1.81089e-06
-3.37528e-07
-5.85298e-07
-1.7642e-06
9.41218e-07
-2.85057e-06
1.98978e-06
-3.00312e-06
1.72749e-06
-1.94352e-06
-2.45153e-07
-1.30609e-06
-4.65763e-06
3.50524e-07
1.51298e-06
3.63324e-06
-1.13472e-05
8.65544e-06
-2.32351e-05
1.26496e-05
-2.81735e-05
1.44995e-05
-2.36389e-05
1.51979e-05
-1.44836e-05
1.55326e-05
-3.8029e-06
1.56294e-05
7.15629e-06
1.51334e-05
1.69517e-05
1.33954e-05
2.31588e-05
1.01874e-05
2.29258e-05
6.21753e-06
1.62306e-05
3.13044e-06
7.07033e-06
2.80121e-06
-7.96709e-09
4.49211e-06
-3.45492e-06
6.44206e-06
-4.8007e-06
7.23509e-06
-3.79676e-06
6.34788e-06
-1.05711e-06
1.99715e-06
-1.90207e-06
-4.34436e-06
-1.50099e-07
-2.39075e-07
3.06464e-06
-1.45624e-05
7.15232e-06
-2.73212e-05
9.06944e-06
-3.00881e-05
9.12864e-06
-2.36962e-05
8.99026e-06
-1.43444e-05
9.41262e-06
-4.22461e-06
1.02395e-05
6.32997e-06
1.10766e-05
1.61147e-05
1.13964e-05
2.28384e-05
1.08787e-05
2.34425e-05
9.7909e-06
1.73177e-05
9.19534e-06
7.66599e-06
9.96417e-06
-7.7606e-07
1.2436e-05
-5.92627e-06
1.43532e-05
-6.71819e-06
1.43354e-05
-3.78015e-06
1.20867e-05
1.18979e-06
5.9033e-06
-1.86517e-06
-3.22423e-06
-8.39664e-07
-1.26481e-06
1.60069e-06
-1.7003e-05
3.58768e-06
-2.93056e-05
3.47888e-06
-2.99763e-05
2.39101e-06
-2.26073e-05
1.78808e-06
-1.37416e-05
2.18718e-06
-4.62383e-06
3.37553e-06
5.14181e-06
5.09382e-06
1.43964e-05
7.01069e-06
2.09209e-05
8.91644e-06
2.15358e-05
1.08004e-05
1.54331e-05
1.29991e-05
5.46757e-06
1.64145e-05
-4.1905e-06
2.00235e-05
-9.53444e-06
2.17574e-05
-8.45206e-06
2.06412e-05
-2.66516e-06
1.69206e-05
4.9081e-06
1.13809e-05
-1.85723e-06
-1.13269e-06
-1.89861e-06
-1.22382e-06
-1.02402e-06
-1.78769e-05
-1.23139e-06
-2.90951e-05
-2.69725e-06
-2.85074e-05
-4.42035e-06
-2.08839e-05
-5.39375e-06
-1.27691e-05
-5.30486e-06
-4.71323e-06
-4.24289e-06
4.07973e-06
-2.10933e-06
1.22625e-05
9.56515e-07
1.78545e-05
4.48405e-06
1.80074e-05
8.68961e-06
1.12271e-05
1.3655e-05
5.0273e-07
1.92689e-05
-9.80266e-06
2.30978e-05
-1.33607e-05
2.39e-05
-9.25268e-06
2.18838e-05
-6.49346e-07
1.74634e-05
9.32633e-06
1.68687e-05
-2.9335e-06
2.22203e-07
-3.48666e-06
-6.71093e-07
-4.33909e-06
-1.70234e-05
-6.23186e-06
-2.71988e-05
-8.72276e-06
-2.60134e-05
-1.10103e-05
-1.85967e-05
-1.25521e-05
-1.12286e-05
-1.29701e-05
-4.29601e-06
-1.21767e-05
3.28588e-06
-1.00569e-05
1.01424e-05
-6.46716e-06
1.4264e-05
-1.67359e-06
1.32129e-05
3.87118e-06
5.68183e-06
1.02171e-05
-5.84227e-06
1.46681e-05
-1.42475e-05
1.66183e-05
-1.53054e-05
1.63788e-05
-9.01049e-06
1.42881e-05
1.44173e-06
1.13087e-05
1.23033e-05
2.01006e-05
-3.57256e-06
1.27271e-06
-4.96929e-06
7.25175e-07
-7.60534e-06
-1.43862e-05
-1.11421e-05
-2.36582e-05
-1.44897e-05
-2.26624e-05
-1.71983e-05
-1.58888e-05
-1.93455e-05
-9.08307e-06
-2.03534e-05
-3.28929e-06
-1.97711e-05
2.7028e-06
-1.74695e-05
7.84001e-06
-1.34995e-05
1.02929e-05
-8.40822e-06
8.12045e-06
-3.48524e-06
7.59741e-07
-1.36788e-06
-7.95105e-06
-1.72227e-06
-1.38849e-05
-1.65559e-06
-1.53701e-05
-7.64965e-07
-9.90092e-06
-2.69289e-07
9.45504e-07
3.12218e-07
1.17183e-05
1.9978e-05
-4.12273e-06
1.40752e-06
-5.75607e-06
2.35795e-06
-9.98531e-06
-1.01564e-05
-1.53285e-05
-1.83112e-05
-1.97533e-05
-1.82337e-05
-2.26907e-05
-1.29518e-05
-2.49069e-05
-6.86893e-06
-2.60687e-05
-2.12925e-06
-2.52923e-05
1.92485e-06
-2.26939e-05
5.24013e-06
-1.89218e-05
6.5201e-06
-1.64506e-05
5.65226e-06
-1.76447e-05
1.96331e-06
-2.14209e-05
-4.16868e-06
-2.35957e-05
-1.17125e-05
-2.33858e-05
-1.55795e-05
-2.13839e-05
-1.19009e-05
-1.83852e-05
-2.05347e-06
-1.46732e-05
8.00321e-06
1.57374e-05
-3.89397e-06
1.67863e-06
-5.29006e-06
3.75345e-06
-1.03528e-05
-5.09422e-06
-1.78791e-05
-1.07817e-05
-2.40993e-05
-1.20089e-05
-2.7679e-05
-9.37165e-06
-2.91689e-05
-5.38058e-06
-2.94458e-05
-1.85418e-06
-2.87925e-05
1.27043e-06
-2.76528e-05
4.10162e-06
-2.67909e-05
5.66335e-06
-2.92283e-05
8.09638e-06
-3.35982e-05
6.33332e-06
-3.75972e-05
-1.76546e-07
-4.13125e-05
-7.99716e-06
-4.40477e-05
-1.2834e-05
-4.29417e-05
-1.29973e-05
-3.7913e-05
-7.08139e-06
-2.97164e-05
-1.98872e-07
6.85128e-06
-3.32463e-06
3.40758e-06
-3.62817e-06
4.0563e-06
-7.9584e-06
-7.66523e-07
-1.74303e-05
-1.30809e-06
-2.56437e-05
-3.79122e-06
-3.2469e-05
-2.54489e-06
-3.62586e-05
-1.59084e-06
-3.69951e-05
-1.11536e-06
-3.63886e-05
6.67557e-07
-3.61633e-05
3.88092e-06
-3.36589e-05
3.16214e-06
-3.48388e-05
9.27384e-06
-3.55368e-05
7.02208e-06
-3.82311e-05
2.50873e-06
-4.45076e-05
-1.71687e-06
-5.31597e-05
-4.16688e-06
-5.82721e-05
-7.86091e-06
-5.98344e-05
-5.50328e-06
-5.23127e-05
-7.72481e-06
-5.00187e-06
-6.31685e-06
-3.41815e-06
-5.0789e-06
-1.31871e-05
-1.85002e-05
-2.74089e-05
-3.32951e-05
-3.39292e-05
-3.23223e-05
-3.47371e-05
-2.43147e-05
-2.4624e-05
-1.86423e-05
-1.8381e-05
-2.16987e-05
-3.44681e-05
-3.93869e-05
-5.35387e-05
-5.3328e-05
-1.73994e-06
1.73964e-06
1.32649e-07
-1.87251e-06
5.79286e-07
-4.47081e-07
5.71844e-07
7.55898e-09
5.46159e-07
2.57843e-08
4.96765e-07
4.94404e-08
4.23028e-07
7.37652e-08
3.78446e-07
4.46081e-08
3.73201e-07
5.27066e-09
3.88619e-07
-1.53961e-08
3.9783e-07
-9.19388e-09
3.6216e-07
3.56822e-08
2.54923e-07
1.07247e-07
9.16846e-08
1.63248e-07
-9.837e-08
1.90057e-07
-2.88739e-07
1.90368e-07
-4.43277e-07
1.54538e-07
-5.369e-07
9.36226e-08
-5.7201e-07
3.51102e-08
1.234e-09
-2.3092e-06
4.04863e-06
2.00175e-07
-4.38163e-06
8.20558e-07
-1.06792e-06
9.05205e-07
-7.69618e-08
1.00417e-06
-7.30935e-08
1.00373e-06
4.99185e-08
9.12855e-07
1.6467e-07
8.36657e-07
1.20829e-07
8.03523e-07
3.84292e-08
7.82233e-07
5.91362e-09
7.06996e-07
6.60532e-08
4.96607e-07
2.46066e-07
1.17114e-07
4.86732e-07
-3.78648e-07
6.59009e-07
-9.05631e-07
7.17039e-07
-1.37317e-06
6.57906e-07
-1.71038e-06
4.91754e-07
-1.89802e-06
2.81263e-07
-1.96737e-06
1.04457e-07
8.25574e-09
-2.25795e-06
6.30645e-06
-1.65649e-08
-6.62276e-06
5.42465e-07
-1.62702e-06
8.14881e-07
-3.4921e-07
1.08496e-06
-3.43115e-07
1.15485e-06
-1.9936e-08
1.10087e-06
2.18669e-07
1.03259e-06
1.89131e-07
9.7634e-07
9.4698e-08
8.85723e-07
9.65459e-08
6.6213e-07
2.89644e-07
2.09865e-07
6.98306e-07
-4.6997e-07
1.16654e-06
-1.26581e-06
1.45484e-06
-2.03368e-06
1.48491e-06
-2.65159e-06
1.27582e-06
-3.06202e-06
9.02183e-07
-3.27746e-06
4.96701e-07
-3.35584e-06
1.82838e-07
1.80735e-08
-2.13234e-06
8.43874e-06
-2.65086e-07
-8.48972e-06
1.81716e-07
-2.07372e-06
6.41711e-07
-8.09043e-07
1.01607e-06
-7.17435e-07
1.1267e-06
-1.30548e-07
1.10823e-06
2.37162e-07
1.05157e-06
2.45809e-07
9.64501e-07
1.81782e-07
7.71819e-07
2.89237e-07
3.45399e-07
7.16047e-07
-3.88251e-07
1.43191e-06
-1.34867e-06
2.12694e-06
-2.36089e-06
2.46706e-06
-3.25164e-06
2.37566e-06
-3.91407e-06
1.93824e-06
-4.32886e-06
1.31698e-06
-4.5384e-06
7.06247e-07
-4.61347e-06
2.57903e-07
2.7924e-08
-1.99879e-06
1.04376e-05
-5.15991e-07
-9.97223e-06
-1.01833e-07
-2.48766e-06
5.18985e-07
-1.42973e-06
9.14053e-07
-1.11248e-06
1.03494e-06
-2.51413e-07
1.02929e-06
2.42835e-07
9.63739e-07
3.11371e-07
8.18368e-07
3.27169e-07
4.77557e-07
6.30047e-07
-1.97931e-07
1.3915e-06
-1.20787e-06
2.4418e-06
-2.3801e-06
3.29915e-06
-3.50186e-06
3.58882e-06
-4.41389e-06
3.28769e-06
-5.05361e-06
2.57796e-06
-5.4392e-06
1.70257e-06
-5.62904e-06
8.96086e-07
-5.6955e-06
3.24365e-07
3.63905e-08
-1.8626e-06
1.23003e-05
-7.04277e-07
-1.11303e-05
-2.79396e-07
-2.91231e-06
4.38488e-07
-2.1475e-06
8.10578e-07
-1.48454e-06
9.2245e-07
-3.63261e-07
9.05249e-07
2.60048e-07
8.01986e-07
4.14647e-07
5.5753e-07
5.71632e-07
1.61102e-08
1.17145e-06
-9.24811e-07
2.33238e-06
-2.15832e-06
3.67527e-06
-3.44645e-06
4.58727e-06
-4.57988e-06
4.72225e-06
-5.44618e-06
4.15399e-06
-6.03069e-06
3.16247e-06
-6.37484e-06
2.04672e-06
-6.54043e-06
1.06167e-06
-6.59612e-06
3.80057e-07
4.27806e-08
-1.72965e-06
1.40301e-05
-8.36074e-07
-1.20237e-05
-3.74627e-07
-3.37355e-06
3.6208e-07
-2.88412e-06
6.93367e-07
-1.8158e-06
7.85544e-07
-4.55416e-07
7.38763e-07
3.06838e-07
5.68822e-07
5.84596e-07
1.78096e-07
9.62357e-07
-5.99844e-07
1.94937e-06
-1.77885e-06
3.51134e-06
-3.15174e-06
5.04814e-06
-4.46016e-06
5.89568e-06
-5.53546e-06
5.79755e-06
-6.32232e-06
4.94085e-06
-6.84104e-06
3.68119e-06
-7.14143e-06
2.3471e-06
-7.28186e-06
1.2021e-06
-7.32589e-06
4.24083e-07
4.6739e-08
-1.60465e-06
1.56351e-05
-9.36104e-07
-1.2692e-05
-4.47558e-07
-3.86194e-06
2.52547e-07
-3.58416e-06
5.37926e-07
-2.10115e-06
6.05008e-07
-5.2248e-07
5.16271e-07
3.95579e-07
2.51709e-07
8.49158e-07
-3.27331e-07
1.54138e-06
-1.34343e-06
2.96543e-06
-2.69447e-06
4.86234e-06
-4.11409e-06
6.46774e-06
-5.36725e-06
7.14884e-06
-6.34545e-06
6.77575e-06
-7.042e-06
5.6374e-06
-7.49484e-06
4.13402e-06
-7.75261e-06
2.60488e-06
-7.86811e-06
1.3176e-06
-7.89995e-06
4.55919e-07
4.79845e-08
-1.49355e-06
1.7129e-05
-1.0173e-06
-1.31681e-05
-5.33464e-07
-4.34567e-06
8.26229e-08
-4.20022e-06
3.26351e-07
-2.34487e-06
3.64146e-07
-5.60265e-07
2.23237e-07
5.36486e-07
-1.69373e-07
1.24176e-06
-9.56219e-07
2.32821e-06
-2.16976e-06
4.17894e-06
-3.60799e-06
6.30054e-06
-4.99271e-06
7.85245e-06
-6.14213e-06
8.29825e-06
-7.00822e-06
7.64185e-06
-7.61541e-06
6.24459e-06
-8.00556e-06
4.52417e-06
-8.22234e-06
2.82166e-06
-8.31307e-06
1.40833e-06
-8.33208e-06
4.74929e-07
4.61551e-08
-1.39771e-06
1.85272e-05
-1.09434e-06
-1.34714e-05
-6.54575e-07
-4.78538e-06
-1.30421e-07
-4.72436e-06
5.42609e-08
-2.52954e-06
5.64702e-08
-5.62475e-07
-1.59954e-07
7.52897e-07
-7.01989e-07
1.78378e-06
-1.68392e-06
3.31012e-06
-3.02601e-06
5.52101e-06
-4.46717e-06
7.74169e-06
-5.75685e-06
9.14213e-06
-6.77853e-06
9.31994e-06
-7.53178e-06
8.39509e-06
-8.05454e-06
6.76735e-06
-8.38497e-06
4.85459e-06
-8.56157e-06
2.99826e-06
-8.62711e-06
1.47387e-06
-8.6323e-06
4.80122e-07
4.07152e-08
-1.31729e-06
1.9845e-05
-1.18373e-06
-1.36049e-05
-8.23423e-07
-5.14567e-06
-4.09935e-07
-5.13784e-06
-2.88947e-07
-2.65052e-06
-3.33666e-07
-5.17769e-07
-6.40701e-07
1.05991e-06
-1.33815e-06
2.4812e-06
-2.47037e-06
4.44231e-06
-3.86185e-06
6.91248e-06
-5.23549e-06
9.11531e-06
-6.39337e-06
1.03e-05
-7.28068e-06
1.02073e-05
-7.92644e-06
9.04085e-06
-8.36933e-06
7.21024e-06
-8.64137e-06
5.12663e-06
-8.77729e-06
3.13417e-06
-8.81643e-06
1.51302e-06
-8.80636e-06
4.70051e-07
3.08915e-08
-1.25338e-06
2.10991e-05
-1.29482e-06
-1.35634e-05
-1.03929e-06
-5.40122e-06
-7.49867e-07
-5.42726e-06
-6.90819e-07
-2.70958e-06
-7.99872e-07
-4.08741e-07
-1.21421e-06
1.47421e-06
-2.05089e-06
3.31786e-06
-3.27008e-06
5.66148e-06
-4.63631e-06
8.27869e-06
-5.89184e-06
1.03708e-05
-6.90083e-06
1.1309e-05
-7.65674e-06
1.09632e-05
-8.20112e-06
9.58523e-06
-8.5665e-06
7.57562e-06
-8.77948e-06
5.33961e-06
-8.87285e-06
3.22754e-06
-8.88355e-06
1.52372e-06
-8.85628e-06
4.42782e-07
1.56144e-08
-1.20785e-06
2.23077e-05
-1.43267e-06
-1.33385e-05
-1.29887e-06
-5.53505e-06
-1.13916e-06
-5.58696e-06
-1.15108e-06
-2.69767e-06
-1.34085e-06
-2.19007e-07
-1.86436e-06
1.99768e-06
-2.80225e-06
4.25573e-06
-4.04031e-06
6.89954e-06
-5.32053e-06
9.55891e-06
-6.4274e-06
1.14777e-05
-7.28397e-06
1.21656e-05
-7.91496e-06
1.15942e-05
-8.36208e-06
1.00323e-05
-8.64972e-06
7.86326e-06
-8.80108e-06
5.49097e-06
-8.8487e-06
3.27517e-06
-8.82812e-06
1.50314e-06
-8.78121e-06
3.95863e-07
-6.54019e-09
-1.18362e-06
2.34922e-05
-1.60006e-06
-1.2922e-05
-1.59713e-06
-5.53802e-06
-1.56853e-06
-5.61555e-06
-1.66238e-06
-2.60384e-06
-1.94295e-06
6.152e-08
-2.56176e-06
2.61645e-06
-3.55122e-06
5.24518e-06
-4.74627e-06
8.09459e-06
-5.89749e-06
1.07101e-05
-6.84166e-06
1.24219e-05
-7.54978e-06
1.28737e-05
-8.06193e-06
1.21063e-05
-8.41306e-06
1.03835e-05
-8.62034e-06
8.07055e-06
-8.70583e-06
5.57646e-06
-8.70331e-06
3.27265e-06
-8.64789e-06
1.44771e-06
-8.57831e-06
3.26288e-07
-3.73385e-08
-1.18483e-06
2.4678e-05
-1.79895e-06
-1.23079e-05
-1.92738e-06
-5.40963e-06
-2.02812e-06
-5.5148e-06
-2.21194e-06
-2.42005e-06
-2.58331e-06
4.32846e-07
-3.27068e-06
3.3038e-06
-4.26045e-06
6.23495e-06
-5.36337e-06
9.19752e-06
-6.35981e-06
1.17066e-05
-7.13876e-06
1.32008e-05
-7.70507e-06
1.344e-05
-8.1022e-06
1.25034e-05
-8.35586e-06
1.06371e-05
-8.47828e-06
8.19297e-06
-8.49231e-06
5.59048e-06
-8.43429e-06
3.21464e-06
-8.33971e-06
1.35313e-06
-8.24416e-06
2.30735e-07
-7.94386e-08
-1.21678e-06
2.58959e-05
-2.03101e-06
-1.14937e-05
-2.2811e-06
-5.15957e-06
-2.50628e-06
-5.2896e-06
-2.78178e-06
-2.14457e-06
-3.23287e-06
8.83904e-07
-3.95565e-06
4.02656e-06
-4.90026e-06
7.17957e-06
-5.87691e-06
1.01742e-05
-6.70689e-06
1.25365e-05
-7.32468e-06
1.38186e-05
-7.75548e-06
1.38708e-05
-8.03867e-06
1.27866e-05
-8.19124e-06
1.07897e-05
-8.22301e-06
8.22474e-06
-8.15922e-06
5.52669e-06
-8.03978e-06
3.09519e-06
-7.90119e-06
1.21455e-06
-7.77584e-06
1.05377e-07
-1.36217e-07
-1.2872e-06
2.71842e-05
-2.2963e-06
-1.04846e-05
-2.64822e-06
-4.80766e-06
-2.98932e-06
-4.94848e-06
-3.35012e-06
-1.78379e-06
-3.86214e-06
1.3959e-06
-4.58632e-06
4.75074e-06
-5.45019e-06
8.04344e-06
-6.28044e-06
1.10044e-05
-6.9422e-06
1.31983e-05
-7.40563e-06
1.4282e-05
-7.70532e-06
1.41705e-05
-7.87331e-06
1.29546e-05
-7.91997e-06
1.08364e-05
-7.85506e-06
8.15984e-06
-7.7074e-06
5.37903e-06
-7.52083e-06
2.90862e-06
-7.33311e-06
1.02682e-06
-7.17368e-06
-5.40498e-08
-2.12072e-07
-1.39977e-06
2.85851e-05
-2.59257e-06
-9.29177e-06
-3.01921e-06
-4.38103e-06
-3.46219e-06
-4.50548e-06
-3.89472e-06
-1.35126e-06
-4.44493e-06
1.9461e-06
-5.14011e-06
5.44592e-06
-5.89855e-06
8.80188e-06
-6.57357e-06
1.16795e-05
-7.0713e-06
1.3696e-05
-7.3872e-06
1.45979e-05
-7.55795e-06
1.43412e-05
-7.6081e-06
1.30048e-05
-7.54442e-06
1.07727e-05
-7.37865e-06
7.99406e-06
-7.14334e-06
5.14372e-06
-6.88517e-06
2.65044e-06
-6.64263e-06
7.8428e-07
-6.44438e-06
-2.52304e-07
-3.12658e-07
-1.58955e-06
3.01759e-05
-2.91526e-06
-7.96603e-06
-3.38609e-06
-3.9102e-06
-3.90804e-06
-3.98351e-06
-4.39426e-06
-8.65047e-07
-4.96014e-06
2.51198e-06
-5.60223e-06
6.08801e-06
-6.24005e-06
9.43971e-06
-6.75872e-06
1.21981e-05
-7.09931e-06
1.40366e-05
-7.2736e-06
1.47722e-05
-7.31636e-06
1.4384e-05
-7.2468e-06
1.29352e-05
-7.07214e-06
1.0598e-05
-6.80794e-06
7.72984e-06
-6.48764e-06
4.8234e-06
-6.15544e-06
2.31823e-06
-5.8489e-06
4.77732e-07
-5.60364e-06
-4.97573e-07
-4.44907e-07
-1.6608e-06
3.18379e-05
-3.27119e-06
-6.3556e-06
-3.73217e-06
-3.44922e-06
-4.30252e-06
-3.41313e-06
-4.8247e-06
-3.42864e-07
-5.3904e-06
3.07768e-06
-5.96967e-06
6.6673e-06
-6.48452e-06
9.95457e-06
-6.85267e-06
1.25663e-05
-7.04336e-06
1.42273e-05
-7.07786e-06
1.48067e-05
-6.98923e-06
1.42954e-05
-6.79908e-06
1.27451e-05
-6.52357e-06
1.03225e-05
-6.18184e-06
7.38806e-06
-5.79608e-06
4.43759e-06
-5.39482e-06
1.91692e-06
-5.00405e-06
8.69326e-08
-4.68701e-06
-8.14625e-07
-6.23473e-07
-1.29976e-05
1.74491e-05
-1.52987e-05
-4.05468e-06
-1.74131e-05
-1.33489e-06
-2.00004e-05
-8.25666e-07
-2.22429e-05
1.89965e-06
-2.40895e-05
4.92438e-06
-2.54509e-05
8.02873e-06
-2.6185e-05
1.06887e-05
-2.6193e-05
1.25742e-05
-2.55237e-05
1.3558e-05
-2.43635e-05
1.36465e-05
-2.29662e-05
1.2898e-05
-2.15612e-05
1.13398e-05
-2.02168e-05
8.9775e-06
-1.87793e-05
5.94959e-06
-1.7039e-05
2.69616e-06
-1.51104e-05
-1.26917e-08
-1.28124e-05
-2.2115e-06
-1.05796e-05
-3.04748e-06
-2.27707e-06
-1.59249e-05
1.05722e-05
-1.82744e-05
-1.70617e-06
-1.97294e-05
1.2012e-07
-2.14967e-05
9.41958e-07
-2.29372e-05
3.34017e-06
-2.3706e-05
5.69312e-06
-2.36234e-05
7.94614e-06
-2.26818e-05
9.74707e-06
-2.10371e-05
1.09295e-05
-1.90132e-05
1.15341e-05
-1.71037e-05
1.17367e-05
-1.5882e-05
1.16758e-05
-1.56363e-05
1.10931e-05
-1.5934e-05
9.27366e-06
-1.58615e-05
5.87488e-06
-1.47655e-05
1.5978e-06
-1.24524e-05
-2.32756e-06
-9.20013e-06
-5.46434e-06
-5.15426e-06
-7.09299e-06
-5.62605e-06
-1.492e-05
9.95711e-06
-1.80951e-05
1.46674e-06
-1.92873e-05
1.31192e-06
-2.01758e-05
1.83081e-06
-2.05419e-05
3.7064e-06
-2.01533e-05
5.30458e-06
-1.8882e-05
6.67489e-06
-1.68787e-05
7.74386e-06
-1.45176e-05
8.56839e-06
-1.23809e-05
9.39719e-06
-1.1234e-05
1.05894e-05
-1.17276e-05
1.21685e-05
-1.35925e-05
1.29566e-05
-1.53766e-05
1.10559e-05
-1.56943e-05
6.19049e-06
-1.43582e-05
2.5986e-07
-1.2037e-05
-4.65027e-06
-8.64381e-06
-8.85834e-06
-4.01822e-06
-1.17187e-05
-9.49428e-06
-1.39567e-05
1.17448e-05
-1.65919e-05
4.09783e-06
-1.75281e-05
2.24631e-06
-1.74949e-05
1.79777e-06
-1.67321e-05
2.94403e-06
-1.53696e-05
3.94229e-06
-1.33548e-05
4.6604e-06
-1.09291e-05
5.31838e-06
-8.63403e-06
6.27343e-06
-7.21574e-06
7.97872e-06
-7.47265e-06
1.08457e-05
-9.73487e-06
1.44298e-05
-1.28707e-05
1.60912e-05
-1.47981e-05
1.2982e-05
-1.45854e-05
5.97658e-06
-1.31778e-05
-1.1489e-06
-1.12378e-05
-6.59181e-06
-8.46045e-06
-1.16374e-05
-4.21921e-06
-1.59619e-05
-1.317e-05
-1.19559e-05
1.30768e-05
-1.38666e-05
6.00324e-06
-1.49793e-05
3.35514e-06
-1.47257e-05
1.54272e-06
-1.32397e-05
1.45845e-06
-1.11169e-05
1.82009e-06
-8.67255e-06
2.21661e-06
-6.21723e-06
2.8636e-06
-4.28538e-06
4.34193e-06
-3.6589e-06
7.35212e-06
-5.0135e-06
1.21997e-05
-8.23545e-06
1.76508e-05
-1.16557e-05
1.95106e-05
-1.32611e-05
1.45867e-05
-1.2846e-05
5.56111e-06
-1.16244e-05
-2.3707e-06
-1.01605e-05
-8.05624e-06
-8.11257e-06
-1.3686e-05
-4.16425e-06
-1.99098e-05
-1.73219e-05
-9.11485e-06
1.19742e-05
-1.01479e-05
7.03201e-06
-1.14541e-05
4.65665e-06
-1.18526e-05
1.93784e-06
-1.07741e-05
3.78742e-07
-8.51513e-06
-4.3863e-07
-5.7631e-06
-5.34771e-07
-3.19582e-06
2.96991e-07
-1.45013e-06
2.59679e-06
-1.1321e-06
7.03409e-06
-2.91344e-06
1.39803e-05
-6.29072e-06
2.10272e-05
-9.56215e-06
2.27815e-05
-1.10852e-05
1.61094e-05
-1.09513e-05
5.42721e-06
-9.98051e-06
-3.34093e-06
-8.69286e-06
-9.3428e-06
-7.39186e-06
-1.49852e-05
-4.2089e-06
-2.30897e-05
-2.21568e-05
-5.79145e-06
9.69737e-06
-6.34561e-06
7.5837e-06
-7.43223e-06
5.73979e-06
-8.26421e-06
2.76639e-06
-8.20765e-06
3.19872e-07
-6.93427e-06
-1.71276e-06
-4.56709e-06
-2.90172e-06
-1.85321e-06
-2.41643e-06
1.89785e-07
5.5426e-07
7.81347e-07
6.44264e-06
-7.41401e-07
1.55023e-05
-3.73836e-06
2.40234e-05
-6.74159e-06
2.57843e-05
-8.49679e-06
1.78644e-05
-8.90012e-06
5.83043e-06
-8.10402e-06
-4.13645e-06
-6.7107e-06
-1.07345e-05
-6.14002e-06
-1.55529e-05
-4.41572e-06
-2.48095e-05
-2.42443e-05
-2.19355e-06
1.10119e-05
-3.65333e-06
9.04187e-06
-4.55712e-06
6.6412e-06
-5.1302e-06
3.33705e-06
-5.28639e-06
4.74284e-07
-4.84544e-06
-2.1545e-06
-3.49422e-06
-4.25279e-06
-1.37321e-06
-4.53685e-06
9.15229e-07
-1.73396e-06
2.11914e-06
5.23882e-06
1.43537e-06
1.61853e-05
-8.60761e-07
2.63187e-05
-3.44005e-06
2.83633e-05
-5.50741e-06
1.99313e-05
-6.54101e-06
6.86353e-06
-6.02425e-06
-4.65317e-06
-4.44439e-06
-1.23134e-05
-4.26644e-06
-1.57288e-05
-3.64396e-06
-2.54303e-05
-2.68787e-05
-1.74044e-07
1.66099e-05
-2.92468e-06
1.17905e-05
-3.86247e-06
7.57691e-06
-4.10819e-06
3.58093e-06
-3.8964e-06
2.6128e-07
-3.31085e-06
-2.74034e-06
-2.27815e-06
-5.28489e-06
-8.11178e-07
-6.00278e-06
1.15958e-06
-3.70422e-06
2.94195e-06
3.45634e-06
3.33685e-06
1.57897e-05
2.1588e-06
2.74959e-05
-6.93968e-08
3.05913e-05
-2.1212e-06
2.19826e-05
-3.7565e-06
8.49812e-06
-3.79216e-06
-4.61778e-06
-2.35313e-06
-1.37521e-05
-2.21836e-06
-1.58633e-05
-2.55102e-06
-2.50941e-05
-3.02487e-05
-1.45701e-06
2.24398e-05
-4.2954e-06
1.46262e-05
-5.18404e-06
8.46332e-06
-5.27407e-06
3.66911e-06
-4.79231e-06
-2.21589e-07
-3.80214e-06
-3.73047e-06
-2.387e-06
-6.69888e-06
-7.73266e-07
-7.61487e-06
1.01351e-06
-5.48969e-06
3.11744e-06
1.35227e-06
4.60577e-06
1.43005e-05
4.74089e-06
2.73596e-05
3.61679e-06
3.17149e-05
1.61716e-06
2.39818e-05
-3.39186e-07
1.04538e-05
-1.149e-06
-3.80801e-06
-6.04216e-07
-1.42966e-05
-6.19017e-07
-1.58497e-05
-2.17692e-06
-2.35341e-05
-2.85528e-05
-4.96141e-06
2.56939e-05
-7.07976e-06
1.67416e-05
-7.97616e-06
9.3574e-06
-8.1923e-06
3.8833e-06
-7.5858e-06
-8.29161e-07
-6.24823e-06
-5.06787e-06
-4.37315e-06
-8.57251e-06
-2.15081e-06
-9.83504e-06
4.61559e-08
-7.68454e-06
2.46571e-06
-1.06707e-06
4.90332e-06
1.18618e-05
6.37489e-06
2.58866e-05
6.43402e-06
3.1655e-05
5.12288e-06
2.52925e-05
3.19022e-06
1.2386e-05
1.71358e-06
-2.33105e-06
1.12389e-06
-1.37063e-05
6.31381e-07
-1.53584e-05
-1.38588e-06
-2.15177e-05
-2.93318e-05
-8.3849e-06
2.71167e-05
-1.02244e-05
1.85784e-05
-1.15927e-05
1.07236e-05
-1.22448e-05
4.53374e-06
-1.1694e-05
-1.38075e-06
-1.003e-05
-6.73163e-06
-7.67459e-06
-1.09264e-05
-4.91995e-06
-1.25872e-05
-2.04817e-06
-1.05538e-05
8.09398e-07
-3.92351e-06
4.06659e-06
8.60331e-06
6.79358e-06
2.31577e-05
8.18688e-06
3.02605e-05
7.86265e-06
2.56162e-05
6.36649e-06
1.38818e-05
4.5056e-06
-4.69518e-07
2.94527e-06
-1.21452e-05
2.03833e-06
-1.44526e-05
-3.15822e-07
-1.9164e-05
-2.45521e-05
-9.90492e-06
2.89902e-05
-1.25187e-05
2.11899e-05
-1.48e-05
1.3003e-05
-1.61036e-05
5.83609e-06
-1.57728e-05
-1.71171e-06
-1.39305e-05
-8.57319e-06
-1.11085e-05
-1.3747e-05
-8.03458e-06
-1.56587e-05
-4.87319e-06
-1.37122e-05
-1.62515e-06
-7.16976e-06
2.25253e-06
4.72441e-06
6.03965e-06
1.93681e-05
8.74156e-06
2.75567e-05
9.57868e-06
2.47782e-05
8.76173e-06
1.46985e-05
6.94851e-06
1.34463e-06
4.6872e-06
-9.88289e-06
3.07258e-06
-1.28392e-05
1.35673e-06
-1.74494e-05
-2.75286e-05
-8.84488e-06
3.28881e-05
-1.26036e-05
2.4946e-05
-1.5557e-05
1.59545e-05
-1.73388e-05
7.61674e-06
-1.74073e-05
-1.64268e-06
-1.59072e-05
-1.00714e-05
-1.30163e-05
-1.66356e-05
-9.83959e-06
-1.88332e-05
-7.04211e-06
-1.65068e-05
-3.95621e-06
-1.02535e-05
3.57245e-08
7.31751e-07
4.48192e-06
1.49192e-05
8.29545e-06
2.37408e-05
1.03002e-05
2.27722e-05
1.03313e-05
1.46672e-05
8.8513e-06
2.82574e-06
6.16059e-06
-7.19123e-06
3.5559e-06
-1.0236e-05
2.82499e-07
-1.41784e-05
-1.98192e-05
-5.53721e-06
3.84877e-05
-9.4409e-06
2.88461e-05
-1.18774e-05
1.83884e-05
-1.32501e-05
8.98789e-06
-1.37503e-05
-1.14137e-06
-1.31912e-05
-1.06265e-05
-1.13216e-05
-1.84998e-05
-8.68905e-06
-2.14623e-05
-6.85697e-06
-1.83362e-05
-5.03544e-06
-1.20729e-05
-1.91862e-06
-2.38501e-06
2.74327e-06
1.02547e-05
7.33145e-06
1.915e-05
1.0345e-05
1.97571e-05
1.12965e-05
1.37154e-05
1.02636e-05
3.8598e-06
7.42957e-06
-4.35644e-06
4.62419e-06
-7.43276e-06
2.54532e-06
-1.21028e-05
-1.90228e-05
-1.1415e-06
4.34489e-05
-2.95458e-06
3.06518e-05
-3.80797e-06
1.92362e-05
-3.71408e-06
8.89154e-06
-3.53667e-06
-1.31752e-06
-3.57772e-06
-1.05795e-05
-3.87601e-06
-1.81916e-05
-3.44235e-06
-2.18879e-05
-3.29528e-06
-1.84805e-05
-3.66312e-06
-1.17029e-05
-2.30326e-06
-3.74452e-06
1.6396e-06
6.30977e-06
6.47903e-06
1.4308e-05
1.02216e-05
1.60127e-05
1.19721e-05
1.19646e-05
1.13412e-05
4.49211e-06
8.61456e-06
-1.62971e-06
6.20353e-06
-5.02508e-06
5.58664e-06
-1.14898e-05
-2.00375e-05
4.37197e-06
4.4414e-05
6.55369e-06
2.84573e-05
8.2353e-06
1.75398e-05
9.90605e-06
7.21235e-06
1.12098e-05
-2.61901e-06
1.14036e-05
-1.0763e-05
9.2413e-06
-1.60155e-05
6.12281e-06
-1.87552e-05
3.39805e-06
-1.57504e-05
5.10219e-07
-8.81339e-06
-6.04118e-07
-2.6293e-06
1.83446e-06
3.87001e-06
6.38978e-06
9.75071e-06
1.05021e-05
1.1899e-05
1.28005e-05
9.66651e-06
1.25828e-05
4.7109e-06
1.01273e-05
8.2431e-07
8.03983e-06
-2.9421e-06
6.56374e-06
-1.00172e-05
-1.47078e-05
9.74928e-06
3.85431e-05
1.72996e-05
2.08903e-05
2.25851e-05
1.22293e-05
2.6867e-05
2.91264e-06
2.91581e-05
-4.90735e-06
2.89706e-05
-1.05578e-05
2.45791e-05
-1.16049e-05
1.78695e-05
-1.20286e-05
1.16188e-05
-9.4907e-06
6.69593e-06
-3.89044e-06
2.88861e-06
1.17815e-06
3.59625e-06
3.16204e-06
7.41996e-06
5.92583e-06
1.13695e-05
7.94851e-06
1.36018e-05
7.43373e-06
1.36984e-05
4.61284e-06
1.26934e-05
1.82517e-06
1.11097e-05
-1.36271e-06
7.88576e-06
-6.7952e-06
-6.85885e-06
1.68105e-05
2.50141e-05
2.98676e-05
7.81046e-06
3.81707e-05
3.89242e-06
4.52437e-05
-4.17973e-06
4.55549e-05
-5.21368e-06
4.33533e-05
-8.34018e-06
3.52041e-05
-3.44259e-06
2.59585e-05
-2.76516e-06
1.74041e-05
-9.26428e-07
1.2346e-05
1.16688e-06
7.46577e-06
6.05516e-06
8.05834e-06
2.56787e-06
1.10592e-05
2.92354e-06
1.42115e-05
4.79424e-06
1.60577e-05
5.58501e-06
1.7528e-05
3.13909e-06
1.88205e-05
5.28597e-07
1.52189e-05
2.23649e-06
1.1071e-05
-2.64771e-06
5.41965e-07
2.70312e-05
4.37855e-05
4.24456e-05
4.87867e-05
3.60819e-05
3.72847e-05
2.66387e-05
2.22001e-05
1.61298e-05
1.60727e-05
8.98812e-06
1.36533e-05
1.74056e-05
1.86902e-05
1.82046e-05
1.92558e-05
2.27109e-05
1.20959e-05
1.15769e-05
)
;

boundaryField
{
    left_open
    {
        type            calculated;
        value           nonuniform List<scalar> 
40
(
2.22801e-06
4.27878e-06
5.06723e-06
5.20679e-06
4.95493e-06
4.41398e-06
3.64812e-06
2.73153e-06
1.75608e-06
8.1622e-07
-2.57466e-08
-6.45857e-07
-1.13597e-06
-1.56449e-06
-1.93944e-06
-2.23576e-06
-2.4031e-06
-2.37397e-06
-2.08665e-06
-1.55383e-06
-1.33481e-06
-1.49214e-07
-3.62649e-08
-1.33884e-06
8.70985e-07
4.17528e-07
-5.40781e-07
-9.71454e-08
2.25267e-07
2.92165e-06
1.29708e-06
1.58979e-06
7.45945e-07
-2.33539e-07
1.57956e-06
2.52311e-06
3.98902e-06
3.62431e-06
1.59679e-06
6.44092e-06
)
;
    }
    right_open
    {
        type            calculated;
        value           nonuniform List<scalar> 
40
(
-5.73244e-07
-1.97439e-06
-3.36566e-06
-4.62332e-06
-5.70397e-06
-6.60251e-06
-7.32985e-06
-7.90119e-06
-8.33025e-06
-8.62686e-06
-8.79654e-06
-8.841e-06
-8.75905e-06
-8.54751e-06
-8.20206e-06
-7.71906e-06
-7.09782e-06
-6.34379e-06
-5.47139e-06
-4.50844e-06
-8.92597e-06
-1.80486e-06
-1.48607e-07
-5.42763e-07
-1.27061e-08
6.26875e-07
-2.32585e-06
-1.00991e-06
8.20187e-07
-3.86876e-06
-6.1189e-07
-5.08928e-06
4.33498e-06
-7.42274e-06
1.73949e-06
6.59707e-06
1.23764e-06
3.92601e-08
3.67235e-06
8.65708e-06
)
;
    }
    base_side
    {
        type            calculated;
        value           uniform 0;
    }
    top
    {
        type            calculated;
        value           nonuniform List<scalar> 
65
(
3.28533e-06
1.15819e-06
8.92979e-07
6.79998e-06
1.52438e-06
6.36475e-06
4.28951e-06
-4.77192e-07
-9.33061e-07
6.2904e-06
-7.25404e-06
9.57405e-06
1.03782e-06
2.24193e-06
1.59768e-06
8.60294e-06
-2.93616e-06
8.65954e-06
-7.917e-06
-1.10217e-05
1.41688e-06
1.33982e-06
-3.81007e-06
-3.43449e-06
8.03408e-07
1.93831e-06
1.69079e-06
-2.21057e-06
1.36272e-06
1.01506e-06
-1.12049e-06
-3.83515e-07
-3.07683e-07
1.8429e-07
1.74297e-06
1.89869e-06
-4.10653e-07
-1.5289e-07
5.2147e-06
9.00668e-07
1.68675e-06
2.51018e-06
8.28498e-06
2.56215e-07
2.53114e-06
3.32529e-06
-8.95507e-06
5.18473e-06
-1.05075e-05
7.49047e-06
-9.54687e-06
7.19141e-06
1.677e-06
5.14801e-06
1.22366e-06
1.31346e-05
-2.09794e-06
-8.27663e-07
3.51272e-06
6.07225e-06
2.08953e-06
-2.92524e-06
1.28516e-05
-2.12619e-06
3.46321e-06
)
;
    }
    front
    {
        type            empty;
        value           nonuniform 0();
    }
    back
    {
        type            empty;
        value           nonuniform 0();
    }
    air_to_aluminum
    {
        type            calculated;
        value           nonuniform List<scalar> 
129
(
0
0
0
0
0
0
0
0
0
0
0
0
0
-2.11758e-22
0
0
0
0
0
0
0
0
0
0
0
0
0
0
0
0
8.47033e-22
0
0
0
0
0
0
0
0
2.64698e-23
0
0
0
0
0
0
0
0
0
0
0
0
0
0
0
0
0
0
0
-2.64698e-23
0
0
0
0
0
0
0
0
0
0
0
0
0
0
0
0
0
0
0
0
0
0
0
0
0
0
0
0
0
0
0
0
0
0
0
0
0
0
0
-6.61744e-24
0
0
-5.29396e-23
0
0
0
0
0
0
0
0
0
0
0
0
0
8.47033e-22
0
0
0
0
0
0
0
0
0
0
0
0
)
;
    }
}


// ************************************************************************* //
