/*--------------------------------*- C++ -*----------------------------------*\
| =========                 |                                                 |
| \\      /  F ield         | OpenFOAM: The Open Source CFD Toolbox           |
|  \\    /   O peration     | Version:                                        |
|   \\  /    A nd           | Website:  www.openfoam.com                      |
|    \\/     M anipulation  |                                                 |
\*---------------------------------------------------------------------------*/
FoamFile
{
    version     2.0;
    format      ascii;
    class       volScalarField;
    location    "1926.5/air";
    object      rho;
}
// * * * * * * * * * * * * * * * * * * * * * * * * * * * * * * * * * * * * * //

dimensions      [1 -3 0 0 0 0 0];


internalField   nonuniform List<scalar> 
2228
(
1.14864
1.1484
1.14819
1.14802
1.14888
1.14864
1.1484
1.14818
1.14904
1.14882
1.14856
1.1483
1.14917
1.14895
1.14868
1.14841
1.14928
1.14907
1.1488
1.14851
1.14939
1.14919
1.14891
1.14861
1.1495
1.14933
1.14904
1.14871
1.14962
1.14951
1.14921
1.14882
1.14978
1.14981
1.14949
1.14896
1.15003
1.15036
1.14998
1.14916
1.15043
1.15141
1.151
1.14951
1.15107
1.15322
1.15296
1.15012
1.15181
1.15553
1.15583
1.15107
1.15234
1.15756
1.15868
1.15228
1.15295
1.15919
1.16041
1.15325
1.15497
1.16096
1.16091
1.15388
1.14802
1.14819
1.1484
1.14864
1.14818
1.1484
1.14865
1.14888
1.1483
1.14856
1.14882
1.14904
1.14841
1.14868
1.14895
1.14917
1.14851
1.14879
1.14906
1.14928
1.14861
1.1489
1.14917
1.14938
1.1487
1.14901
1.14928
1.14948
1.14879
1.14913
1.14942
1.14958
1.1489
1.1493
1.14961
1.1497
1.14902
1.14956
1.14991
1.14986
1.1492
1.14998
1.1504
1.15008
1.14945
1.15065
1.15122
1.15042
1.14981
1.15175
1.15252
1.15094
1.15031
1.15356
1.1545
1.15168
1.15122
1.15674
1.15739
1.15265
1.15373
1.16205
1.16159
1.15452
1.18323
1.17356
1.16683
1.1648
1.19644
1.1836
1.17519
1.17408
1.18816
1.18194
1.1811
1.18558
1.18754
1.18863
1.19258
1.19812
1.19719
1.19994
1.20283
1.20504
1.20446
1.20517
1.20545
1.20535
1.20488
1.20476
1.20459
1.20443
1.20431
1.20427
1.20424
1.20423
1.204
1.20404
1.20408
1.20412
1.20264
1.2027
1.20277
1.20285
1.20216
1.20214
1.20212
1.20211
1.20222
1.20221
1.20218
1.20214
1.20218
1.2022
1.20219
1.20217
1.2021
1.20211
1.2021
1.20209
1.20203
1.20202
1.20199
1.20196
1.2019
1.20187
1.20183
1.2018
1.2017
1.20166
1.20163
1.2016
1.20148
1.20144
1.20141
1.2014
1.20126
1.20121
1.20122
1.20125
1.20203
1.20204
1.202
1.20205
1.16349
1.16328
1.16732
1.17215
1.17786
1.18584
1.19484
1.19969
1.19311
1.20047
1.20447
1.20552
1.20313
1.20578
1.20629
1.20613
1.20594
1.20585
1.2055
1.20521
1.20505
1.20477
1.20458
1.20446
1.20432
1.20426
1.20424
1.20423
1.20423
1.20423
1.20424
1.20425
1.20415
1.20418
1.20421
1.20423
1.20293
1.20301
1.2031
1.20319
1.2021
1.2021
1.2021
1.20211
1.2021
1.20207
1.20204
1.20201
1.20213
1.20209
1.20205
1.20201
1.20207
1.20204
1.202
1.20197
1.20193
1.20191
1.20188
1.20185
1.20177
1.20174
1.20172
1.2017
1.20158
1.20157
1.20156
1.20156
1.20141
1.20142
1.20145
1.20149
1.2013
1.20136
1.20143
1.20148
1.20204
1.20208
1.20212
1.20215
1.17482
1.17598
1.1768
1.20078
1.20127
1.2016
1.20572
1.20583
1.20592
1.20596
1.20585
1.20574
1.20503
1.20492
1.20482
1.2044
1.20436
1.20433
1.20423
1.20424
1.20424
1.20426
1.20426
1.20427
1.20424
1.20425
1.20426
1.20326
1.2033
1.20335
1.20213
1.20214
1.20215
1.20199
1.20198
1.20197
1.20198
1.20196
1.20194
1.20194
1.20192
1.2019
1.20183
1.20182
1.20181
1.2017
1.20169
1.20169
1.20157
1.20158
1.2016
1.20153
1.20155
1.20158
1.20152
1.20153
1.20154
1.20215
1.20214
1.20213
1.17719
1.17738
1.17755
1.20175
1.20182
1.20189
1.20595
1.20597
1.20598
1.20567
1.20563
1.20559
1.20476
1.20473
1.2047
1.20431
1.2043
1.2043
1.20424
1.20424
1.20425
1.20427
1.20427
1.20427
1.20426
1.20427
1.20427
1.20338
1.2034
1.20342
1.20216
1.20217
1.20217
1.20196
1.20196
1.20195
1.20193
1.20193
1.20192
1.20189
1.20188
1.20188
1.2018
1.2018
1.2018
1.2017
1.2017
1.2017
1.20161
1.20161
1.20162
1.20159
1.20159
1.2016
1.20154
1.20153
1.20153
1.20213
1.20213
1.20213
1.17785
1.17817
1.17846
1.20201
1.20213
1.20225
1.20601
1.20604
1.20607
1.20552
1.20541
1.20531
1.20464
1.20457
1.2045
1.20429
1.20427
1.20427
1.20425
1.20426
1.20426
1.20428
1.20428
1.20428
1.20427
1.20427
1.20428
1.20345
1.20349
1.20354
1.20219
1.20221
1.20223
1.20195
1.20194
1.20193
1.20191
1.2019
1.20188
1.20187
1.20185
1.20184
1.20179
1.20179
1.20178
1.2017
1.20171
1.20171
1.20163
1.20164
1.20165
1.2016
1.2016
1.2016
1.20152
1.20149
1.20145
1.20213
1.2021
1.20206
1.17894
1.17973
1.17968
1.18056
1.20246
1.20279
1.20332
1.20408
1.20608
1.20605
1.20596
1.20576
1.20515
1.20496
1.20477
1.2046
1.20443
1.20436
1.20431
1.20429
1.20426
1.20427
1.20428
1.20429
1.20427
1.20428
1.20429
1.20429
1.20429
1.20429
1.20429
1.20429
1.20428
1.20428
1.20429
1.20429
1.2036
1.20367
1.20374
1.2038
1.20227
1.20232
1.20238
1.20246
1.20193
1.20192
1.20192
1.20193
1.20187
1.20185
1.20183
1.20182
1.20182
1.2018
1.20177
1.20175
1.20177
1.20175
1.20172
1.20169
1.20171
1.20169
1.20167
1.20163
1.20165
1.20163
1.20159
1.20155
1.20157
1.20153
1.20149
1.20145
1.2014
1.20134
1.20128
1.20124
1.20198
1.20194
1.20192
1.20183
1.18311
1.18606
1.18943
1.19285
1.20483
1.20511
1.20499
1.20431
1.20545
1.20505
1.20461
1.20425
1.20445
1.20435
1.20429
1.20428
1.20429
1.2043
1.20431
1.20432
1.2043
1.2043
1.20431
1.2043
1.20429
1.20429
1.20429
1.20428
1.20428
1.20428
1.20428
1.20428
1.20429
1.20428
1.20428
1.20428
1.20386
1.20391
1.20396
1.20399
1.20254
1.20262
1.20271
1.2028
1.20194
1.20196
1.20199
1.20202
1.20182
1.20182
1.20183
1.20184
1.20174
1.20173
1.20174
1.20175
1.20167
1.20166
1.20166
1.20168
1.2016
1.20159
1.20159
1.2016
1.20152
1.2015
1.20149
1.20148
1.20142
1.20139
1.20137
1.20134
1.2012
1.20116
1.20112
1.20108
1.20178
1.20174
1.20175
1.2018
1.20456
1.20487
1.20499
1.20506
1.20509
1.20508
1.20504
1.20498
1.20494
1.2049
1.20488
1.20486
1.20485
1.20486
1.20487
1.20498
1.20554
1.20648
1.20752
1.19943
1.20447
1.20473
1.20488
1.20498
1.20504
1.20506
1.20502
1.20497
1.20492
1.20488
1.20486
1.20485
1.20484
1.20484
1.20486
1.20497
1.20552
1.20633
1.20704
1.19965
1.20439
1.20457
1.2047
1.20483
1.20495
1.205
1.20498
1.20492
1.20487
1.20484
1.20483
1.20482
1.20482
1.20482
1.20484
1.20493
1.20537
1.20588
1.20647
1.19963
1.20434
1.20443
1.20452
1.20466
1.20481
1.20491
1.20491
1.20486
1.2048
1.20478
1.20477
1.20478
1.20479
1.20479
1.20481
1.20487
1.20519
1.20538
1.20605
1.1995
1.20432
1.20435
1.20438
1.20449
1.20466
1.20479
1.20482
1.20477
1.20472
1.20469
1.2047
1.20472
1.20474
1.20475
1.20477
1.20481
1.20502
1.20504
1.20576
1.19934
1.20432
1.20431
1.20429
1.20435
1.2045
1.20466
1.20472
1.20468
1.20462
1.2046
1.20461
1.20465
1.20468
1.20471
1.20473
1.20475
1.20489
1.20483
1.20558
1.19918
1.20432
1.20429
1.20422
1.20421
1.20434
1.20452
1.2046
1.20458
1.20452
1.2045
1.20452
1.20457
1.20462
1.20465
1.20468
1.20469
1.20479
1.2047
1.20544
1.19902
1.20432
1.20426
1.20413
1.20408
1.20418
1.20436
1.20448
1.20448
1.20443
1.2044
1.20442
1.20448
1.20454
1.20459
1.20462
1.20464
1.20471
1.2046
1.20534
1.19888
1.20432
1.20422
1.20402
1.20392
1.20401
1.2042
1.20434
1.20437
1.20433
1.20431
1.20433
1.20439
1.20447
1.20452
1.20456
1.20458
1.20464
1.20453
1.20526
1.19875
1.20432
1.20415
1.20388
1.20374
1.20382
1.20402
1.2042
1.20426
1.20425
1.20422
1.20424
1.20431
1.20439
1.20446
1.2045
1.20453
1.20457
1.20447
1.20519
1.19863
1.20431
1.20405
1.2037
1.20353
1.20361
1.20383
1.20405
1.20415
1.20416
1.20415
1.20417
1.20423
1.20431
1.20439
1.20444
1.20447
1.20452
1.20441
1.20513
1.19852
1.2043
1.20394
1.2035
1.2033
1.20338
1.20363
1.20388
1.20403
1.20407
1.20408
1.2041
1.20416
1.20425
1.20432
1.20438
1.20441
1.20446
1.20437
1.20508
1.19842
1.20428
1.2038
1.20329
1.20306
1.20315
1.20343
1.20372
1.20391
1.20399
1.20401
1.20404
1.2041
1.20418
1.20426
1.20432
1.20436
1.20441
1.20432
1.20503
1.19833
1.20424
1.20364
1.20306
1.20282
1.20292
1.20322
1.20355
1.20378
1.2039
1.20394
1.20399
1.20405
1.20413
1.20421
1.20427
1.20431
1.20436
1.20428
1.205
1.19825
1.2042
1.20346
1.20282
1.20257
1.20269
1.20302
1.20338
1.20365
1.20381
1.20388
1.20394
1.204
1.20408
1.20416
1.20422
1.20426
1.20431
1.20424
1.20499
1.19818
1.20414
1.20326
1.20257
1.20233
1.20247
1.20282
1.20322
1.20352
1.20372
1.20382
1.20389
1.20396
1.20404
1.20412
1.20418
1.20422
1.20427
1.20421
1.20499
1.19811
1.20407
1.20305
1.20232
1.2021
1.20226
1.20264
1.20306
1.2034
1.20363
1.20376
1.20384
1.20392
1.204
1.20408
1.20414
1.20418
1.20424
1.20419
1.20502
1.19805
1.20398
1.20281
1.20207
1.20187
1.20207
1.20247
1.20291
1.20328
1.20353
1.20369
1.20379
1.20388
1.20397
1.20404
1.20411
1.20415
1.20421
1.2042
1.20505
1.198
1.20387
1.20257
1.20183
1.20167
1.2019
1.20231
1.20277
1.20316
1.20344
1.20362
1.20374
1.20384
1.20393
1.20401
1.20407
1.20412
1.20419
1.20424
1.20507
1.19799
1.20374
1.20234
1.20162
1.20151
1.20175
1.20217
1.20263
1.20304
1.20334
1.20354
1.20368
1.20379
1.2039
1.20398
1.20404
1.20409
1.20421
1.20425
1.20497
1.19781
1.20337
1.20189
1.20132
1.2013
1.20152
1.20189
1.20232
1.20272
1.20305
1.20329
1.20348
1.20365
1.2038
1.2039
1.20397
1.20402
1.20414
1.20365
1.20389
1.19973
1.20278
1.20137
1.20115
1.20129
1.20146
1.20164
1.20187
1.20216
1.20244
1.20269
1.20295
1.20324
1.20351
1.20372
1.20382
1.2039
1.20357
1.20157
1.19947
1.20002
1.20236
1.20127
1.20146
1.2017
1.20179
1.20182
1.20185
1.20191
1.20202
1.20215
1.20236
1.20269
1.2031
1.20345
1.20363
1.20371
1.20206
1.1992
1.19743
1.19509
1.20213
1.20146
1.20188
1.20192
1.20174
1.20163
1.20168
1.20178
1.20187
1.2019
1.20196
1.2022
1.20267
1.20315
1.20346
1.20317
1.20146
1.20022
1.19715
1.19152
1.20202
1.20173
1.20201
1.2015
1.20089
1.20062
1.2007
1.20104
1.20142
1.20166
1.20172
1.20185
1.2023
1.20287
1.20333
1.20258
1.20216
1.20291
1.2011
1.19704
1.20193
1.20193
1.20174
1.20069
1.19992
1.19971
1.1999
1.20039
1.20106
1.20139
1.20141
1.20152
1.20202
1.20279
1.20305
1.20231
1.20306
1.20461
1.2045
1.20362
1.20191
1.20198
1.20129
1.20011
1.19963
1.19971
1.20008
1.20048
1.20077
1.20093
1.20105
1.20136
1.20205
1.20278
1.20258
1.20245
1.20378
1.20477
1.20474
1.20483
1.20192
1.20191
1.20098
1.20005
1.19994
1.20024
1.20051
1.20067
1.20081
1.20096
1.20119
1.20159
1.20218
1.20245
1.20226
1.20289
1.20409
1.20433
1.20429
1.20437
1.2019
1.20186
1.20094
1.20025
1.20042
1.2009
1.20125
1.20134
1.20125
1.20114
1.20123
1.20151
1.20183
1.20196
1.20226
1.20312
1.2035
1.20323
1.20345
1.20383
1.2019
1.20188
1.20106
1.20056
1.2009
1.20148
1.20165
1.20118
1.2004
1.19995
1.20013
1.20067
1.20122
1.20171
1.20236
1.20283
1.20257
1.20232
1.20234
1.2025
1.20187
1.20197
1.20128
1.20085
1.20121
1.20177
1.20172
1.20064
1.19899
1.19811
1.19857
1.19974
1.20083
1.20164
1.20219
1.20226
1.20208
1.2021
1.20216
1.20221
1.20184
1.2021
1.20157
1.20112
1.20135
1.20189
1.20194
1.20079
1.19868
1.19714
1.19744
1.19898
1.20046
1.20133
1.20167
1.20164
1.20159
1.20153
1.20192
1.20218
1.2018
1.20222
1.20192
1.20141
1.20142
1.20186
1.2022
1.20161
1.19973
1.1976
1.197
1.19815
1.19964
1.20056
1.20095
1.20114
1.20106
1.20104
1.20162
1.20202
1.20172
1.20227
1.2023
1.20181
1.20155
1.20171
1.20214
1.2023
1.2014
1.19949
1.19795
1.19792
1.19887
1.19981
1.20049
1.20099
1.20084
1.20113
1.20166
1.20197
1.20169
1.20215
1.20259
1.20231
1.2019
1.2017
1.20185
1.20225
1.20237
1.20166
1.20032
1.19943
1.1995
1.20013
1.20086
1.20124
1.20128
1.20156
1.20189
1.20201
1.20169
1.20182
1.20258
1.20269
1.20248
1.20211
1.2018
1.20183
1.20218
1.20244
1.20219
1.20162
1.20131
1.20144
1.2017
1.20172
1.20174
1.2019
1.202
1.20196
1.20159
1.20141
1.2022
1.20257
1.2026
1.20246
1.20222
1.20193
1.20181
1.20199
1.20228
1.20238
1.2023
1.20223
1.20211
1.20198
1.20195
1.20199
1.20196
1.20181
1.2015
1.20112
1.20168
1.20208
1.20222
1.20222
1.20217
1.20209
1.20194
1.20181
1.20182
1.20195
1.20203
1.20201
1.20194
1.20188
1.20188
1.20195
1.2019
1.20164
1.20132
1.20091
1.20122
1.20148
1.20161
1.20168
1.20172
1.20177
1.20181
1.2018
1.20175
1.20172
1.20171
1.20171
1.20172
1.20176
1.20189
1.20204
1.20197
1.20153
1.20157
1.20112
1.2012
1.2013
1.20152
1.2016
1.20174
1.20174
1.20179
1.20185
1.20189
1.2019
1.20191
1.20197
1.20201
1.20213
1.20231
1.20239
1.20234
1.20211
1.19927
1.20638
1.20643
1.20619
1.20601
1.20596
1.20593
1.20583
1.20563
1.20535
1.20509
1.20491
1.2048
1.20467
1.20452
1.20439
1.20433
1.20431
1.20431
1.20432
1.19937
1.20588
1.20621
1.20609
1.20596
1.20592
1.20591
1.20584
1.20568
1.20543
1.20515
1.20494
1.20481
1.20469
1.20454
1.20441
1.20433
1.20431
1.20431
1.20431
1.19927
1.20548
1.2058
1.2058
1.2058
1.20582
1.20584
1.20582
1.20572
1.2055
1.20522
1.20498
1.20482
1.20469
1.20454
1.20441
1.20433
1.20431
1.20431
1.20431
1.19911
1.20531
1.20539
1.20542
1.20555
1.20567
1.20575
1.20576
1.20571
1.20554
1.20526
1.205
1.2048
1.20466
1.20452
1.20439
1.20433
1.20431
1.20431
1.20431
1.19892
1.20522
1.20505
1.20507
1.20529
1.20549
1.20562
1.20568
1.20567
1.20552
1.20526
1.20498
1.20476
1.20461
1.20447
1.20437
1.20432
1.20431
1.20431
1.20431
1.19871
1.20514
1.2048
1.20483
1.20507
1.20532
1.20549
1.20559
1.2056
1.20547
1.2052
1.20491
1.2047
1.20454
1.20442
1.20434
1.20431
1.20431
1.20431
1.20431
1.1985
1.20507
1.20466
1.20472
1.20492
1.20518
1.20538
1.2055
1.20551
1.20537
1.2051
1.20482
1.20461
1.20447
1.20437
1.20432
1.20431
1.20431
1.20431
1.20431
1.19828
1.20499
1.20461
1.20469
1.20485
1.20509
1.20529
1.20541
1.2054
1.20524
1.20497
1.20471
1.20452
1.2044
1.20434
1.20432
1.20431
1.20431
1.20431
1.20431
1.19805
1.20492
1.2046
1.20471
1.20483
1.20504
1.20523
1.20532
1.20527
1.20509
1.20483
1.2046
1.20444
1.20436
1.20432
1.20431
1.20431
1.20431
1.20431
1.20431
1.19781
1.20487
1.20459
1.20473
1.20484
1.20502
1.20518
1.20523
1.20513
1.20492
1.20468
1.20449
1.20438
1.20433
1.20431
1.20431
1.20431
1.20431
1.20431
1.20431
1.19757
1.20483
1.20458
1.20474
1.20485
1.20501
1.20512
1.20511
1.20497
1.20476
1.20456
1.20442
1.20434
1.20432
1.20431
1.20431
1.20431
1.20431
1.20431
1.20431
1.19732
1.2048
1.20457
1.20475
1.20486
1.20498
1.20504
1.20497
1.2048
1.20461
1.20446
1.20436
1.20432
1.20431
1.20431
1.20431
1.20431
1.20431
1.20431
1.20431
1.19708
1.20477
1.20454
1.20473
1.20485
1.20493
1.20494
1.20482
1.20466
1.2045
1.20439
1.20433
1.20431
1.20431
1.20431
1.20431
1.20431
1.20431
1.20431
1.20431
1.19683
1.20475
1.20452
1.20471
1.20481
1.20485
1.20481
1.20468
1.20453
1.20442
1.20435
1.20432
1.20431
1.20431
1.20431
1.20431
1.20431
1.20431
1.20431
1.20431
1.19659
1.20474
1.20449
1.20467
1.20475
1.20475
1.20468
1.20455
1.20444
1.20436
1.20432
1.20431
1.20431
1.20431
1.20431
1.20431
1.20431
1.20431
1.20431
1.20431
1.19635
1.20474
1.20445
1.20462
1.20467
1.20464
1.20456
1.20446
1.20438
1.20433
1.20431
1.20431
1.20431
1.20431
1.20431
1.20431
1.20431
1.20431
1.20431
1.20431
1.19612
1.20474
1.20441
1.20456
1.20459
1.20454
1.20447
1.20439
1.20434
1.20431
1.20431
1.20431
1.20431
1.20431
1.20431
1.20431
1.20431
1.2043
1.2043
1.2043
1.1959
1.20475
1.20437
1.2045
1.20451
1.20446
1.2044
1.20435
1.20432
1.20431
1.2043
1.2043
1.2043
1.2043
1.2043
1.2043
1.2043
1.2043
1.2043
1.2043
1.19574
1.20476
1.20434
1.20445
1.20444
1.2044
1.20435
1.20432
1.20431
1.2043
1.2043
1.2043
1.2043
1.2043
1.2043
1.2043
1.2043
1.2043
1.2043
1.2043
1.19532
1.20478
1.2043
1.20441
1.20439
1.20436
1.20433
1.20431
1.2043
1.2043
1.2043
1.2043
1.2043
1.2043
1.2043
1.2043
1.2043
1.2043
1.2043
1.2043
1.1995
1.20476
1.20426
1.20434
1.20432
1.20431
1.20431
1.2043
1.2043
1.2043
1.2043
1.2043
1.2043
1.2043
1.2043
1.2043
1.2043
1.2043
1.2043
1.2043
1.20268
1.20451
1.20426
1.20431
1.2043
1.2043
1.2043
1.2043
1.2043
1.2043
1.2043
1.2043
1.2043
1.2043
1.2043
1.2043
1.2043
1.2043
1.2043
1.2043
1.20399
1.20436
1.20428
1.2043
1.2043
1.2043
1.2043
1.2043
1.2043
1.2043
1.2043
1.2043
1.20429
1.20428
1.20426
1.20424
1.20421
1.2042
1.20423
1.20429
1.2043
1.2043
1.20429
1.20429
1.20429
1.20429
1.20428
1.20428
1.20427
1.20426
1.20424
1.20422
1.20418
1.20411
1.20399
1.2038
1.20356
1.20344
1.20364
1.20414
1.20431
1.20428
1.20428
1.20427
1.20425
1.20423
1.20421
1.20419
1.20416
1.20413
1.20409
1.20404
1.20396
1.20383
1.20359
1.20317
1.20267
1.20246
1.20287
1.20383
1.20429
1.20427
1.20425
1.20422
1.20419
1.20416
1.20413
1.20409
1.20406
1.20402
1.20397
1.2039
1.2038
1.20363
1.20329
1.20268
1.20199
1.20174
1.20223
1.20352
1.20427
1.20425
1.20423
1.20419
1.20416
1.20414
1.20412
1.20409
1.20405
1.20401
1.20397
1.2039
1.20379
1.20358
1.20317
1.20243
1.20159
1.20124
1.20168
1.20318
1.20427
1.20425
1.20424
1.20422
1.20421
1.2042
1.20417
1.20412
1.20407
1.20403
1.20401
1.20397
1.20388
1.20367
1.20321
1.2024
1.20146
1.20099
1.20125
1.20285
1.20428
1.20427
1.20425
1.20424
1.20422
1.20417
1.2041
1.20401
1.20394
1.20389
1.20389
1.20392
1.20394
1.20382
1.20339
1.20254
1.20152
1.20091
1.201
1.20263
1.20406
1.20412
1.20412
1.20409
1.20403
1.20393
1.20383
1.20372
1.20364
1.20362
1.20364
1.20372
1.20384
1.20387
1.20358
1.20275
1.20167
1.20094
1.20088
1.20249
1.20305
1.20333
1.20347
1.20351
1.20349
1.20343
1.20337
1.20332
1.2033
1.20332
1.20339
1.20352
1.20368
1.20382
1.20369
1.20294
1.20183
1.201
1.20084
1.20241
1.20218
1.20243
1.20263
1.20276
1.20285
1.20291
1.20295
1.20297
1.203
1.20305
1.20317
1.20335
1.20356
1.20374
1.20369
1.20303
1.20193
1.20105
1.20081
1.20236
1.20193
1.20209
1.20225
1.2024
1.20254
1.20265
1.20269
1.20268
1.20269
1.20278
1.20296
1.2032
1.20344
1.20363
1.20359
1.20297
1.20189
1.20104
1.20074
1.20226
1.20183
1.202
1.20216
1.20232
1.20242
1.20243
1.20235
1.20225
1.20231
1.2025
1.20275
1.20302
1.20327
1.20345
1.20335
1.20271
1.20168
1.20097
1.20065
1.20231
1.20177
1.20192
1.20206
1.20213
1.20209
1.20192
1.20183
1.20184
1.20193
1.20209
1.20234
1.20263
1.2029
1.20303
1.20283
1.2022
1.20136
1.20085
1.20052
1.20213
1.20165
1.20172
1.20174
1.20168
1.20155
1.20143
1.20135
1.20133
1.20137
1.20149
1.2017
1.20197
1.20222
1.2023
1.20209
1.20158
1.201
1.20066
1.20046
1.20194
1.20146
1.20141
1.20133
1.20122
1.20108
1.20095
1.20085
1.20078
1.20077
1.20084
1.20099
1.20121
1.20143
1.20151
1.20138
1.20106
1.20073
1.20061
1.20058
1.20173
1.20124
1.2011
1.20097
1.20084
1.2007
1.20057
1.20045
1.20036
1.20031
1.20033
1.20041
1.20055
1.20073
1.20085
1.20082
1.20068
1.20056
1.20072
1.20083
1.20167
1.20097
1.20078
1.20064
1.20051
1.2004
1.20029
1.2002
1.20015
1.20015
1.20019
1.20027
1.20042
1.20038
1.20036
1.20039
1.2004
1.20053
1.20106
1.20128
1.20179
1.2017
1.20161
1.20161
1.20153
1.20163
1.20156
1.20162
1.2017
1.20178
1.20183
1.20182
1.20199
1.20204
1.20184
1.20166
1.20163
1.20192
1.20228
1.20214
1.20235
)
;

boundaryField
{
    left_open
    {
        type            calculated;
        value           nonuniform List<scalar> 
40
(
1.20432
1.20432
1.20431
1.20431
1.20431
1.20431
1.20431
1.20431
1.20431
1.20431
1.20431
1.20431
1.20431
1.20431
1.20431
1.20431
1.2043
1.2043
1.2043
1.2043
1.2043
1.2043
1.20237
1.20429
1.20429
1.20193
1.20428
1.20191
1.2019
1.20428
1.20186
1.20183
1.20179
1.20171
1.20168
1.20169
1.20159
1.2015
1.20133
1.20158
)
;
    }
    right_open
    {
        type            calculated;
        value           nonuniform List<scalar> 
40
(
1.20432
1.20431
1.20431
1.20431
1.20431
1.20431
1.20431
1.20431
1.20431
1.20431
1.20431
1.20431
1.20431
1.20431
1.20431
1.20431
1.2043
1.2043
1.2043
1.2043
1.2043
1.2043
1.2043
1.20429
1.20429
1.20429
1.20428
1.20428
1.20428
1.20428
1.20243
1.20427
1.20227
1.20426
1.20214
1.20196
1.20426
1.20425
1.2018
1.20236
)
;
    }
    base_side
    {
        type            calculated;
        value           nonuniform List<scalar> 
40
(
1.20456
1.20487
1.20499
1.20506
1.20509
1.20508
1.20504
1.20498
1.20494
1.2049
1.20488
1.20486
1.20485
1.20486
1.20487
1.20498
1.20554
1.20648
1.20752
1.19943
1.19927
1.20638
1.20643
1.20619
1.20601
1.20596
1.20593
1.20583
1.20563
1.20535
1.20509
1.20491
1.2048
1.20467
1.20452
1.20439
1.20433
1.20431
1.20431
1.20432
)
;
    }
    top
    {
        type            calculated;
        value           nonuniform List<scalar> 
65
(
1.20158
1.20113
1.20121
1.2013
1.20425
1.2016
1.20425
1.20174
1.20179
1.20185
1.20189
1.2019
1.20192
1.20425
1.20202
1.20214
1.20232
1.20237
1.20232
1.20425
1.20203
1.20425
1.20201
1.20207
1.20205
1.20209
1.20213
1.20216
1.20216
1.20215
1.20214
1.20425
1.20213
1.20214
1.20214
1.2021
1.20425
1.20199
1.20195
1.20194
1.20425
1.20425
1.20175
1.20176
1.20425
1.20425
1.20162
1.20163
1.20155
1.20425
1.20425
1.20165
1.20425
1.2018
1.20425
1.20184
1.20425
1.20206
1.20425
1.20169
1.20165
1.20194
1.20228
1.20214
1.20236
)
;
    }
    front
    {
        type            empty;
    }
    back
    {
        type            empty;
    }
    air_to_aluminum
    {
        type            calculated;
        value           nonuniform List<scalar> 
129
(
1.14868
1.14871
1.14876
1.14884
1.14841
1.14822
1.14805
1.14791
1.14791
1.14805
1.14822
1.14841
1.14868
1.14871
1.14877
1.14885
1.14894
1.14885
1.14905
1.149
1.14916
1.14914
1.14927
1.14926
1.14937
1.14936
1.14947
1.14946
1.14956
1.14955
1.14963
1.14963
1.1497
1.1497
1.14977
1.14976
1.14982
1.14981
1.14986
1.14986
1.1499
1.1499
1.14993
1.14992
1.14995
1.14994
1.14996
1.14996
1.14995
1.14995
1.14995
1.14995
1.14795
1.14807
1.14818
1.14828
1.14838
1.14847
1.14855
1.14862
1.14869
1.14875
1.1488
1.14884
1.14887
1.1489
1.14892
1.14893
1.14893
1.14893
1.14892
1.14892
1.14892
1.14892
1.14795
1.14807
1.14818
1.14828
1.14838
1.14847
1.14855
1.14862
1.14869
1.14875
1.1488
1.14884
1.14887
1.1489
1.14892
1.14892
1.14893
1.14893
1.14893
1.14885
1.149
1.14914
1.14926
1.14936
1.14946
1.14955
1.14963
1.1497
1.14976
1.14982
1.14986
1.1499
1.14993
1.14995
1.14996
1.14895
1.14905
1.14917
1.14927
1.14938
1.14947
1.14956
1.14964
1.14971
1.14977
1.14982
1.14987
1.1499
1.14993
1.14995
1.14996
1.14996
1.14996
1.14996
1.14996
)
;
    }
}


// ************************************************************************* //
