/*--------------------------------*- C++ -*----------------------------------*\
| =========                 |                                                 |
| \\      /  F ield         | OpenFOAM: The Open Source CFD Toolbox           |
|  \\    /   O peration     | Version:                                        |
|   \\  /    A nd           | Website:  www.openfoam.com                      |
|    \\/     M anipulation  |                                                 |
\*---------------------------------------------------------------------------*/
FoamFile
{
    version     2.0;
    format      ascii;
    class       surfaceScalarField;
    location    "1320/air";
    object      phi;
}
// * * * * * * * * * * * * * * * * * * * * * * * * * * * * * * * * * * * * * //

dimensions      [1 0 -1 0 0 0 0];
oriented        oriented;


internalField   nonuniform List<scalar> 
981
(
1.17118e-07
-4.21288e-09
1.04917e-07
1.22011e-08
7.29579e-08
3.19596e-08
4.17463e-08
3.12123e-08
2.0435e-08
2.13114e-08
4.69274e-09
1.57494e-08
-9.46873e-08
9.94965e-08
-3.46098e-08
-6.14948e-08
8.91722e-07
-9.26289e-07
8.88591e-07
-8.09214e-07
8.12286e-07
-3.15443e-08
-7.76764e-07
1.14586e-07
-1.46974e-07
1.18308e-08
1.02927e-07
-1.93483e-08
3.12845e-08
-5.15098e-08
3.21646e-08
-8.75e-08
3.59913e-08
-1.13793e-07
2.62936e-08
-1.1476e-07
9.67726e-10
-7.73714e-09
3.27763e-07
-9.47849e-09
2.97812e-07
4.21519e-08
2.17794e-07
1.11978e-07
1.31283e-07
1.17724e-07
6.67039e-08
8.58906e-08
2.57573e-08
5.66805e-08
-2.04034e-07
3.29444e-07
4.19697e-08
-3.08104e-07
1.44831e-06
-2.33312e-06
2.33391e-06
5.27807e-07
-1.39924e-08
4.86089e-07
8.38701e-08
3.71983e-07
2.26085e-07
2.39036e-07
2.50672e-07
1.32853e-07
1.92074e-07
7.29996e-08
1.16517e-07
-1.89964e-07
5.92549e-07
8.62627e-08
-5.84673e-07
1.53732e-06
-3.7844e-06
3.86796e-06
7.17896e-07
-1.77431e-08
6.69117e-07
1.3265e-07
5.32568e-07
3.62633e-07
3.63208e-07
4.20033e-07
2.21021e-07
3.34262e-07
1.55623e-07
1.81902e-07
-7.48349e-08
8.23105e-07
1.53365e-07
-8.13103e-07
1.4951e-06
-5.12602e-06
5.35928e-06
8.95302e-07
-2.09488e-08
8.43077e-07
1.84876e-07
6.93726e-07
5.11985e-07
4.984e-07
6.15361e-07
3.2744e-07
5.05224e-07
2.58537e-07
2.50795e-07
1.08713e-07
9.72942e-07
2.79974e-07
-9.84485e-07
1.43347e-06
-6.27917e-06
6.78842e-06
1.05758e-06
-2.39919e-08
1.00469e-06
2.37768e-07
8.5026e-07
6.66412e-07
6.39182e-07
8.26441e-07
4.47839e-07
6.96569e-07
3.71329e-07
3.27299e-07
3.16117e-07
1.02815e-06
4.63077e-07
-1.13152e-06
1.38463e-06
-7.20018e-06
8.16817e-06
1.20336e-06
-2.73243e-08
1.15207e-06
2.89066e-07
9.98844e-07
8.19637e-07
7.81765e-07
1.04352e-06
5.7928e-07
8.99057e-07
4.92364e-07
4.14213e-07
5.11083e-07
1.00942e-06
6.62558e-07
-1.28304e-06
1.35032e-06
-7.88723e-06
9.51309e-06
1.33423e-06
-3.36694e-08
1.28532e-06
3.37979e-07
1.13713e-06
9.67831e-07
9.23147e-07
1.2575e-06
7.20145e-07
1.10206e-06
6.16475e-07
5.17882e-07
7.03225e-07
9.22658e-07
8.44327e-07
-1.42417e-06
1.33335e-06
-8.37541e-06
1.08406e-05
-2.21749e-10
2.21284e-10
4.54463e-10
-6.79031e-10
7.48812e-10
-2.96809e-10
7.48883e-10
-1.48812e-10
3.64719e-10
1.27031e-09
-2.11215e-09
1.65925e-09
-6.98195e-10
2.40451e-09
1.69552e-10
1.80121e-10
2.8058e-09
-4.78394e-09
3.17612e-09
-1.0991e-09
5.5709e-09
1.18888e-09
-1.04601e-09
6.41419e-09
-1.00918e-08
6.5877e-09
-1.33876e-09
1.21381e-08
3.79532e-09
-4.9324e-09
1.46301e-08
-2.11164e-08
1.41898e-08
-1.03477e-09
2.62916e-08
1.2518e-08
-1.76851e-08
3.56112e-08
-4.4656e-08
3.23923e-08
1.91747e-09
5.86378e-08
5.10824e-08
-6.94399e-08
9.2846e-08
-8.74949e-08
8.06286e-08
1.3658e-08
1.39281e-07
-8.25931e-10
8.24308e-10
-1.15572e-09
3.23302e-10
-4.69493e-10
-6.93384e-10
-4.71845e-10
-2.04527e-09
2.86032e-09
-3.02049e-09
1.27191e-09
-1.40523e-09
-2.33812e-09
-1.88953e-09
-4.09872e-09
6.93706e-09
-6.33786e-09
3.44869e-09
-3.28491e-09
-5.46305e-09
-5.20669e-09
-8.42328e-09
1.53157e-08
-1.334e-08
8.23321e-09
-7.3284e-09
-1.16375e-08
-1.26135e-08
-1.70713e-08
3.23068e-08
-2.7269e-08
1.81633e-08
-1.52068e-08
-2.40664e-08
-2.80144e-08
-3.26387e-08
6.48302e-08
-5.38624e-08
3.88705e-08
-3.27673e-08
-4.59927e-08
-6.12957e-08
-5.21915e-08
1.16965e-07
-1.02467e-07
8.8231e-08
-9.06646e-08
-5.96716e-08
-1.53462e-07
-1.24865e-06
2.06471e-06
-1.04925e-07
-1.9189e-06
2.25572e-07
-4.78464e-07
1.83154e-08
3.1034e-07
-7.23833e-08
1.22088e-07
-1.60563e-07
1.20347e-07
-2.55326e-07
1.30756e-07
-3.20461e-07
9.14298e-08
-3.28564e-07
9.07107e-09
-1.98174e-08
-1.20656e-06
3.27607e-06
-7.18385e-08
-3.05093e-06
2.2131e-07
-7.72706e-07
-1.28882e-08
5.44693e-07
-1.50851e-07
2.60106e-07
-2.88877e-07
2.58376e-07
-4.31163e-07
2.73043e-07
-5.24326e-07
1.84594e-07
-5.39501e-07
2.42469e-08
-3.26545e-08
-1.01046e-06
4.29281e-06
-2.15501e-08
-4.03611e-06
1.33469e-07
-9.28917e-07
-8.50375e-08
7.63327e-07
-2.51865e-07
4.26971e-07
-4.32932e-07
4.39446e-07
-6.11329e-07
4.51441e-07
-7.23136e-07
2.96401e-07
-7.43082e-07
4.41936e-08
-4.54396e-08
-7.91049e-07
5.09189e-06
-1.02194e-08
-4.8125e-06
2.61438e-09
-9.42972e-07
-1.79251e-07
9.45283e-07
-3.69932e-07
6.1768e-07
-5.85346e-07
6.54861e-07
-7.88636e-07
6.54734e-07
-9.10907e-07
4.18673e-07
-9.33081e-07
6.6368e-08
-5.81612e-08
-5.97467e-07
5.69897e-06
-4.45949e-08
-5.36069e-06
-1.47175e-07
-8.41585e-07
-2.89214e-07
1.0874e-06
-4.9978e-07
8.28269e-07
-7.39787e-07
8.94869e-07
-9.57701e-07
8.7265e-07
-1.08391e-06
5.44881e-07
-1.10618e-06
8.86367e-08
-7.10839e-08
-4.44877e-07
6.15405e-06
-1.36034e-07
-5.66506e-06
-2.99212e-07
-6.79511e-07
-4.12045e-07
1.20033e-06
-6.38283e-07
1.05452e-06
-8.92824e-07
1.14941e-06
-1.11651e-06
1.09633e-06
-1.24183e-06
6.70201e-07
-1.2628e-06
1.09609e-07
-8.43545e-08
-3.37829e-07
6.50024e-06
-2.68157e-07
-5.73083e-06
-4.47619e-07
-5.01022e-07
-5.47187e-07
1.29998e-06
-7.82177e-07
1.28952e-06
-1.04224e-06
1.40948e-06
-1.26424e-06
1.31834e-06
-1.3868e-06
7.92761e-07
-1.40571e-06
1.28518e-07
-9.93786e-08
1.92855e-05
-4.77159e-07
1.91119e-05
5.1175e-07
1.81208e-05
1.95901e-06
1.66788e-05
2.69952e-06
1.50822e-05
2.6988e-06
1.36234e-05
1.97674e-06
1.36871e-05
8.59148e-07
1.30353e-05
-7.72361e-07
1.25777e-05
-7.90789e-06
1.25994e-05
1.07963e-05
1.00602e-05
-2.64517e-06
1.14694e-05
-8.96122e-07
1.22846e-05
1.14598e-06
1.29583e-05
2.02796e-06
1.31604e-05
2.49817e-06
1.28241e-05
2.31353e-06
1.22571e-05
1.42588e-06
1.13445e-05
1.40287e-07
6.49705e-06
-3.05268e-06
1.86351e-05
2.35309e-07
4.64136e-06
-6.05812e-06
5.80578e-06
-2.05953e-06
5.5754e-06
1.37953e-06
5.57628e-06
2.02875e-06
5.64469e-06
2.42818e-06
5.83087e-06
2.12467e-06
5.79404e-06
1.46096e-06
6.35626e-06
-4.20998e-07
4.78014e-06
-1.47555e-06
1.60493e-05
7.2717e-06
3.70105e-06
-9.09862e-06
3.00878e-06
-1.37489e-06
1.26938e-06
3.1142e-06
1.87784e-07
3.1032e-06
1.04388e-07
2.50399e-06
2.27625e-07
1.99607e-06
9.45398e-07
7.41517e-07
1.99679e-06
-1.46861e-06
3.04425e-06
-2.51723e-06
1.01933e-05
8.9367e-06
2.82904e-06
-1.10572e-05
1.13344e-06
2.8209e-07
5.38168e-08
4.18392e-06
2.61348e-08
3.1197e-06
-1.16358e-07
2.63322e-06
-1.15989e-06
3.02495e-06
-2.48152e-06
2.05724e-06
-3.16564e-06
-7.74186e-07
-2.31551e-06
-3.36693e-06
3.8538e-06
4.0337e-06
2.23478e-06
-7.11287e-06
8.54201e-07
1.64659e-06
2.55999e-06
2.46828e-06
4.6129e-06
1.04774e-06
5.10011e-06
2.11132e-06
3.81201e-06
4.26743e-06
9.34594e-07
4.89575e-06
-2.48552e-06
2.6346e-06
-4.45998e-06
-1.40102e-06
-1.27695e-06
6.94615e-07
2.83671e-07
-1.00818e-05
1.72163e-06
1.68919e-07
6.04319e-06
-1.85438e-06
8.60907e-06
-1.54509e-06
8.66986e-06
2.00748e-06
7.14637e-06
5.72851e-06
4.45408e-06
7.51697e-06
9.71377e-07
6.06258e-06
-3.47517e-06
3.00809e-06
-1.28679e-07
-4.59065e-06
-1.26909e-06
-7.70588e-06
-7.21108e-08
-1.03878e-06
8.80792e-07
-2.79003e-06
4.57077e-08
-7.0089e-07
-4.54957e-07
2.48635e-06
-2.94323e-07
5.51219e-06
-2.63726e-07
7.40947e-06
-3.83368e-07
6.10869e-06
-2.40297e-06
4.9722e-06
3.51596e-06
-6.08796e-06
-7.62243e-06
1.87414e-06
-9.53792e-06
9.03456e-07
-1.347e-05
1.22492e-06
-1.64139e-05
2.30044e-06
-1.77128e-05
3.76102e-06
-1.53721e-05
3.11489e-06
-1.4488e-05
6.44991e-06
-1.10662e-05
2.62722e-06
-1.19757e-05
5.85987e-06
2.4457e-06
-1.09353e-05
-1.23478e-05
-1.05127e-05
-1.32786e-05
-1.61098e-05
-2.56449e-05
-2.00756e-05
-2.66616e-05
-1.81513e-05
-2.27312e-05
-2.8315e-05
8.21441e-07
9.87205e-06
4.10413e-07
4.89239e-07
1.31661e-06
6.39362e-06
1.19247e-06
9.07814e-06
8.08927e-07
4.41653e-06
3.51804e-07
1.1591e-06
1.54087e-07
-4.36675e-06
4.578e-07
-6.3895e-06
3.8799e-07
-1.08761e-05
-2.73774e-05
9.02059e-06
6.52518e-07
8.20988e-06
6.24458e-07
7.15615e-06
1.04431e-06
1.86099e-06
5.49124e-06
1.16191e-06
-9.82166e-08
2.32693e-06
-5.07147e-07
3.8742e-06
-3.34631e-07
5.68015e-07
5.54054e-06
5.54215e-06
7.98789e-07
4.97692e-06
9.15721e-08
4.97492e-06
-3.18561e-07
-1.31715e-07
5.66212e-06
8.79034e-06
1.10734e-06
8.00858e-06
8.87012e-07
6.808e-06
8.80194e-07
1.38483e-06
5.26532e-06
4.52497e-06
9.96843e-07
4.16985e-06
1.23635e-06
3.27121e-06
1.76673e-06
2.78417e-06
1.85162e-06
1.48437e-06
6.81699e-07
1.53952e-06
1.19461e-06
1.32439e-06
2.00013e-06
3.19078e-06
9.43577e-07
-4.01608e-06
3.7129e-07
-3.52706e-06
7.61256e-07
-2.84086e-06
1.38769e-06
2.31317e-06
-1.86968e-06
-6.58629e-06
5.77628e-07
-6.53377e-06
7.32883e-07
-6.10606e-06
1.00753e-06
1.44633e-06
-5.15875e-06
-1.09034e-05
5.9082e-07
-1.10066e-05
8.21496e-07
-1.09226e-05
9.13615e-07
8.02001e-07
-1.02777e-05
-2.65477e-05
-2.59359e-05
-2.53888e-05
-2.45029e-05
2.37936e-06
3.18445e-06
1.93526e-06
6.37387e-06
1.05567e-06
6.57495e-06
2.43184e-06
3.83979e-06
3.9028e-06
3.56297e-07
4.22206e-06
6.57507e-07
3.11233e-06
-6.59387e-07
1.80952e-06
-3.75074e-06
6.09932e-07
-9.06144e-06
-2.3335e-05
6.53207e-08
3.28429e-06
-3.40329e-06
3.51281e-06
-7.023e-06
3.41624e-06
3.10437e-06
-1.0499e-05
5.80512e-06
4.16087e-06
3.76272e-06
5.66505e-06
7.88766e-07
6.32141e-06
6.09329e-06
-2.46233e-06
6.95603e-06
3.88115e-06
5.86058e-06
6.8107e-06
3.9305e-06
8.23191e-06
8.05017e-06
1.92333e-06
2.45968e-06
5.18356e-06
1.08221e-06
8.12381e-06
-1.54021e-07
9.4814e-06
8.77142e-06
-7.86807e-07
-1.09415e-06
6.60937e-06
-2.03686e-06
9.06474e-06
-2.74622e-06
1.02239e-05
9.47467e-06
-3.39849e-06
6.67745e-07
6.65354e-06
1.07101e-06
8.73625e-06
1.31265e-06
1.00561e-05
1.00978e-05
7.20673e-07
1.19532e-06
4.93125e-06
3.46427e-06
6.61503e-06
5.62666e-06
8.03773e-06
8.85969e-06
6.97475e-06
-1.48741e-06
2.82525e-06
1.47867e-06
3.84123e-06
4.81703e-06
4.91283e-06
5.86186e-06
8.02638e-06
-7.11132e-06
9.18567e-07
-4.61044e-06
1.41672e-06
-1.51386e-06
1.92646e-06
2.47073e-06
2.01571e-06
-2.14808e-05
-1.94679e-05
-1.7099e-05
-1.42878e-05
2.1096e-06
-1.28199e-05
4.26378e-06
-4.89935e-06
5.91227e-06
2.37101e-07
6.1038e-06
-8.59799e-07
6.81162e-06
-4.0733e-06
8.22605e-06
-7.15173e-07
8.05614e-06
7.20074e-06
5.76208e-06
1.04908e-05
2.49242e-06
5.41723e-06
-1.13621e-05
-4.66782e-06
-2.11112e-06
-8.93679e-06
-1.45007e-06
-1.15618e-05
2.12111e-06
-1.35008e-05
3.23961e-06
-1.59218e-05
3.71045e-06
-1.81505e-05
3.63819e-06
-1.98617e-05
3.02957e-06
-2.07549e-05
1.68593e-06
-2.06158e-05
-1.06076e-08
-5.49494e-07
-1.88238e-06
-5.06557e-06
-9.6711e-06
6.33135e-06
-1.32286e-05
5.67985e-06
-1.50053e-05
5.01624e-06
-1.57152e-05
4.41993e-06
-1.58829e-05
3.80435e-06
-1.58053e-05
2.94981e-06
-1.53169e-05
1.19571e-06
-1.38751e-05
-1.45276e-06
-2.80918e-06
-6.1529e-06
1.60717e-06
-9.45943e-06
9.61428e-06
-1.05086e-05
6.72878e-06
-1.07283e-05
5.2343e-06
-1.04046e-05
4.09707e-06
-1.00176e-05
3.41439e-06
-1.00001e-05
2.92244e-06
-9.64944e-06
8.37655e-07
-7.05245e-06
-4.03809e-06
-8.24235e-06
-7.61499e-06
8.50713e-06
-7.89123e-06
9.86776e-06
-7.76079e-06
6.58726e-06
-6.84582e-06
4.31367e-06
-6.14849e-06
3.40138e-06
-5.91062e-06
3.18066e-06
-6.47309e-06
3.48069e-06
-7.02761e-06
1.3893e-06
-5.217e-06
-5.81823e-06
-1.29571e-05
-1.23974e-05
1.66591e-05
-9.57822e-06
7.05043e-06
-9.00311e-06
5.96543e-06
-7.63255e-06
2.92229e-06
-6.17597e-06
1.94616e-06
-4.7851e-06
1.8042e-06
-4.18534e-06
2.8927e-06
-4.79225e-06
1.99891e-06
-4.65319e-06
-5.92426e-06
-1.4694e-05
-1.46304e-05
2.99517e-05
-1.38422e-05
6.27286e-06
-1.35211e-05
5.57029e-06
-1.28235e-05
2.17472e-06
-1.08599e-05
-2.76301e-08
-7.79435e-06
-1.23697e-06
-4.29726e-06
-5.70092e-07
-2.65577e-06
3.71196e-07
-2.85994e-06
-5.69685e-06
-1.841e-05
-6.87771e-06
4.35799e-05
-1.37209e-05
1.31202e-05
-1.39047e-05
5.74292e-06
-1.38268e-05
2.07248e-06
-1.3206e-05
-6.35409e-07
-1.05836e-05
-3.80642e-06
-5.49839e-06
-5.58382e-06
-8.92699e-07
-4.18818e-06
-7.39884e-07
-5.79024e-06
-1.28299e-05
9.3728e-06
4.49596e-05
1.18267e-06
2.12362e-05
-1.14509e-06
8.04122e-06
-1.29661e-06
2.2036e-06
3.85048e-07
-2.27855e-06
2.11565e-06
-5.41908e-06
2.59242e-06
-5.93994e-06
4.71544e-06
-6.25077e-06
5.31899e-06
-6.38503e-06
-1.16644e-05
2.19085e-05
2.8907e-05
2.18437e-05
2.13277e-05
2.18677e-05
7.88766e-06
2.326e-05
5.80642e-07
2.77899e-05
-6.90836e-06
2.77403e-05
-5.46238e-06
2.34006e-05
-1.50445e-06
1.93431e-05
-2.06385e-06
1.47754e-05
-1.81756e-06
-9.25697e-06
2.20836e-05
2.34224e-05
2.76358e-05
2.43178e-05
3.2389e-05
2.69854e-05
2.10993e-05
2.16268e-05
1.5021e-05
)
;

boundaryField
{
    base_side
    {
        type            calculated;
        value           uniform 0;
    }
    left_open
    {
        type            calculated;
        value           nonuniform List<scalar> 
18
(
-1.12905e-07
-3.22497e-07
-5.23293e-07
-7.14145e-07
-8.92096e-07
-1.05453e-06
-1.20003e-06
-1.32788e-06
-1.8842e-05
-7.89166e-06
-1.2287e-06
-6.60359e-07
-9.05646e-07
-6.16395e-06
2.50131e-06
-9.98286e-07
-1.88135e-06
9.41055e-06
)
;
    }
    right_open
    {
        type            calculated;
        value           nonuniform List<scalar> 
18
(
-1.07023e-07
-3.16484e-07
-5.26664e-07
-7.30297e-07
-9.20359e-07
-1.09325e-06
-1.24953e-06
-1.39069e-06
-2.01658e-05
-1.16148e-05
-1.5995e-06
-4.58296e-07
-2.85829e-06
8.9631e-07
-6.1312e-06
4.09217e-06
1.21982e-05
6.26151e-06
)
;
    }
    top
    {
        type            calculated;
        value           nonuniform List<scalar> 
31
(
4.8913e-06
-9.08004e-07
4.03241e-06
5.22217e-06
1.3304e-05
-2.277e-06
1.2999e-05
-5.71391e-06
1.03643e-05
7.75437e-06
-5.34008e-07
-2.18057e-07
2.35706e-07
3.931e-07
-7.39775e-08
-5.54651e-07
-9.30874e-07
-5.83486e-07
-4.22301e-07
-3.22671e-07
-4.22289e-07
-4.47967e-06
1.98139e-05
3.32317e-06
4.02614e-06
-1.47171e-05
-4.98669e-07
4.03737e-06
-2.53425e-06
4.86553e-06
-4.58618e-07
)
;
    }
    front
    {
        type            empty;
        value           nonuniform 0();
    }
    back
    {
        type            empty;
        value           nonuniform 0();
    }
    air_to_aluminum
    {
        type            calculated;
        value           nonuniform List<scalar> 
55
(
0
0
0
0
0
0
-5.16988e-26
0
0
0
0
0
0
0
0
0
0
0
0
0
0
0
0
0
0
0
0
0
0
0
0
0
1.29247e-26
0
0
0
0
0
0
0
0
0
0
0
0
0
2.64698e-23
0
0
0
0
0
0
0
0
)
;
    }
}


// ************************************************************************* //
