/*--------------------------------*- C++ -*----------------------------------*\
| =========                 |                                                 |
| \\      /  F ield         | OpenFOAM: The Open Source CFD Toolbox           |
|  \\    /   O peration     | Version:                                        |
|   \\  /    A nd           | Website:  www.openfoam.com                      |
|    \\/     M anipulation  |                                                 |
\*---------------------------------------------------------------------------*/
FoamFile
{
    version     2.0;
    format      ascii;
    class       volScalarField;
    location    "1901.5/aluminum";
    object      T;
}
// * * * * * * * * * * * * * * * * * * * * * * * * * * * * * * * * * * * * * //

dimensions      [0 0 0 1 0 0 0];


internalField   nonuniform List<scalar> 
372
(
307.172
307.182
307.202
307.232
307.164
307.174
307.194
307.225
307.149
307.159
307.178
307.21
307.128
307.136
307.153
307.183
307.271
307.319
307.375
307.445
307.265
307.312
307.365
307.423
307.255
307.302
307.35
307.396
307.243
307.294
307.34
307.377
307.518
307.586
307.679
307.474
307.512
307.547
307.428
307.448
307.463
307.393
307.402
307.409
307.771
307.787
307.771
307.56
307.563
307.56
307.467
307.467
307.467
307.41
307.41
307.41
307.679
307.586
307.518
307.547
307.512
307.474
307.463
307.448
307.428
307.409
307.402
307.393
307.445
307.375
307.319
307.271
307.423
307.365
307.312
307.265
307.396
307.35
307.302
307.254
307.377
307.34
307.294
307.243
307.232
307.202
307.182
307.172
307.225
307.194
307.174
307.164
307.21
307.178
307.159
307.149
307.182
307.153
307.136
307.128
307.101
307.106
307.116
307.127
307.072
307.075
307.08
307.084
307.042
307.044
307.046
307.048
307.013
307.014
307.015
307.016
306.985
306.986
306.987
306.988
306.96
306.96
306.961
306.961
306.936
306.937
306.937
306.938
306.915
306.916
306.916
306.916
306.896
306.897
306.897
306.897
306.879
306.88
306.88
306.881
306.865
306.866
306.866
306.866
306.853
306.853
306.854
306.854
306.843
306.843
306.844
306.844
306.835
306.836
306.836
306.836
306.83
306.831
306.831
306.831
306.827
306.828
306.828
306.828
307.366
307.368
307.369
307.335
307.335
307.336
307.305
307.305
307.305
307.277
307.277
307.277
307.251
307.251
307.251
307.226
307.226
307.226
307.204
307.204
307.204
307.185
307.185
307.185
307.167
307.167
307.167
307.151
307.151
307.151
307.138
307.138
307.138
307.126
307.126
307.126
307.117
307.117
307.117
307.11
307.11
307.11
307.105
307.105
307.105
307.102
307.102
307.102
307.37
307.37
307.37
307.336
307.336
307.336
307.305
307.305
307.305
307.277
307.277
307.277
307.251
307.251
307.251
307.226
307.226
307.226
307.204
307.204
307.204
307.185
307.185
307.185
307.167
307.167
307.167
307.151
307.151
307.151
307.138
307.138
307.138
307.126
307.126
307.126
307.117
307.117
307.117
307.11
307.11
307.11
307.105
307.105
307.105
307.102
307.102
307.102
307.369
307.368
307.366
307.336
307.335
307.335
307.305
307.305
307.305
307.277
307.277
307.277
307.251
307.251
307.251
307.226
307.226
307.226
307.204
307.204
307.204
307.185
307.185
307.185
307.167
307.167
307.167
307.151
307.151
307.151
307.138
307.138
307.138
307.126
307.126
307.126
307.117
307.117
307.117
307.11
307.11
307.11
307.105
307.105
307.105
307.102
307.102
307.102
307.127
307.116
307.106
307.101
307.084
307.08
307.075
307.072
307.048
307.046
307.044
307.042
307.016
307.015
307.014
307.013
306.988
306.987
306.986
306.985
306.961
306.961
306.96
306.96
306.938
306.937
306.937
306.936
306.916
306.916
306.916
306.915
306.897
306.897
306.897
306.896
306.881
306.88
306.88
306.88
306.866
306.866
306.866
306.865
306.854
306.854
306.854
306.853
306.844
306.844
306.844
306.843
306.836
306.836
306.836
306.836
306.831
306.831
306.831
306.83
306.828
306.828
306.828
306.828
)
;

boundaryField
{
    base_hotspot
    {
        type            fixedGradient;
        gradient        uniform 203.252;
    }
    base_adiabatic
    {
        type            zeroGradient;
    }
    front
    {
        type            empty;
    }
    back
    {
        type            empty;
    }
    aluminum_to_air
    {
        type            compressible::turbulentTemperatureCoupledBaffleMixed;
        refValue        nonuniform List<scalar> 
129
(
294.547
294.516
294.526
294.552
307.181
307.246
307.301
307.347
307.347
307.301
307.246
307.181
294.313
294.23
294.216
294.243
294.584
307.181
294.618
307.117
294.655
307.073
294.695
307.039
294.736
307.009
294.778
306.982
294.819
306.956
294.858
306.929
294.894
306.899
294.928
306.861
294.959
306.809
294.986
306.733
295.008
306.617
295.028
306.444
295.032
306.201
296.041
295.099
297.138
298.268
305.741
299.274
307.347
307.306
307.272
307.242
307.215
307.189
307.164
307.14
307.113
307.081
307.039
306.981
306.898
306.777
306.565
305.991
300.448
300.53
300.662
300.812
300.911
301.027
307.347
307.305
307.271
307.24
307.211
307.182
307.151
307.114
307.064
306.98
306.826
306.569
306.242
305.887
305.578
301.289
301.865
305.401
302.665
307.181
307.116
307.073
307.037
307.005
306.973
306.939
306.896
306.836
306.735
306.553
306.266
305.946
305.745
305.728
305.728
294.286
294.334
294.383
294.43
294.475
294.517
294.556
294.593
294.627
294.658
294.688
294.715
294.739
294.762
294.773
302.715
301.047
298.91
296.952
294.834
)
;
        refGradient     uniform 0;
        valueFraction   nonuniform List<scalar> 
129
(
2.89995e-05
2.89995e-05
2.89995e-05
2.89995e-05
0.000144981
0.000144981
0.000144981
0.000144981
0.000144981
0.000144981
0.000144981
0.000144981
2.89995e-05
2.89995e-05
2.89995e-05
2.89995e-05
2.89995e-05
0.000144981
2.89995e-05
0.000144981
2.89995e-05
0.000144981
2.89995e-05
0.000144981
2.89995e-05
0.000144981
2.89995e-05
0.000144981
2.89995e-05
0.000144981
2.89995e-05
0.000144981
2.89995e-05
0.000144981
2.89995e-05
0.000144981
2.89995e-05
0.000144981
2.89995e-05
0.000144981
2.89995e-05
0.000144981
2.89995e-05
0.000144981
2.89995e-05
0.000144981
3.62491e-05
2.89995e-05
3.62491e-05
3.62491e-05
0.000144981
3.62491e-05
8.21599e-05
8.21599e-05
8.21599e-05
8.21599e-05
8.21599e-05
8.21599e-05
8.21599e-05
8.21599e-05
8.21599e-05
8.21599e-05
8.21599e-05
8.21599e-05
8.21599e-05
8.21599e-05
8.21599e-05
8.21599e-05
3.62491e-05
3.62491e-05
3.62491e-05
3.62491e-05
3.62491e-05
3.62491e-05
8.21599e-05
8.21599e-05
8.21599e-05
8.21599e-05
8.21599e-05
8.21599e-05
8.21599e-05
8.21599e-05
8.21599e-05
8.21599e-05
8.21599e-05
8.21599e-05
8.21599e-05
8.21599e-05
8.21599e-05
3.62491e-05
3.62491e-05
8.21599e-05
3.62491e-05
0.000144981
0.000144981
0.000144981
0.000144981
0.000144981
0.000144981
0.000144981
0.000144981
0.000144981
0.000144981
0.000144981
0.000144981
0.000144981
0.000144981
0.000144981
0.000144981
2.89995e-05
2.89995e-05
2.89995e-05
2.89995e-05
2.89995e-05
2.89995e-05
2.89995e-05
2.89995e-05
2.89995e-05
2.89995e-05
2.89995e-05
2.89995e-05
2.89995e-05
2.89995e-05
2.89995e-05
3.62491e-05
3.62491e-05
3.62491e-05
3.62491e-05
2.89995e-05
)
;
        value           nonuniform List<scalar> 
129
(
307.171
307.164
307.149
307.127
307.243
307.294
307.339
307.377
307.377
307.339
307.294
307.243
307.171
307.163
307.149
307.127
307.1
307.127
307.071
307.084
307.041
307.048
307.012
307.016
306.985
306.987
306.959
306.961
306.936
306.937
306.914
306.916
306.896
306.897
306.879
306.88
306.864
306.866
306.852
306.853
306.842
306.844
306.835
306.836
306.829
306.83
306.826
306.826
306.827
306.827
306.827
306.827
307.365
307.334
307.305
307.276
307.25
307.226
307.204
307.184
307.167
307.151
307.137
307.126
307.117
307.11
307.105
307.102
307.102
307.102
307.102
307.102
307.102
307.102
307.365
307.334
307.305
307.276
307.25
307.226
307.204
307.184
307.166
307.151
307.137
307.126
307.116
307.109
307.104
307.102
307.102
307.101
307.101
307.127
307.084
307.048
307.016
306.987
306.961
306.937
306.916
306.897
306.88
306.866
306.853
306.843
306.836
306.831
306.828
307.1
307.071
307.041
307.012
306.985
306.959
306.936
306.914
306.896
306.879
306.864
306.852
306.843
306.835
306.83
306.828
306.828
306.827
306.827
306.827
)
;
        Tnbr            T;
        thicknessLayers 0();
        kappaLayers     0();
        kappaMethod     solidThermo;
        kappa           none;
        alphaAni        none;
        alpha           none;
    }
}


// ************************************************************************* //
