/*--------------------------------*- C++ -*----------------------------------*\
| =========                 |                                                 |
| \\      /  F ield         | OpenFOAM: The Open Source CFD Toolbox           |
|  \\    /   O peration     | Version:                                        |
|   \\  /    A nd           | Website:  www.openfoam.com                      |
|    \\/     M anipulation  |                                                 |
\*---------------------------------------------------------------------------*/
FoamFile
{
    version     2.0;
    format      ascii;
    class       volScalarField;
    location    "1871.5/air";
    object      rho;
}
// * * * * * * * * * * * * * * * * * * * * * * * * * * * * * * * * * * * * * //

dimensions      [1 -3 0 0 0 0 0];


internalField   nonuniform List<scalar> 
2228
(
1.1501
1.14986
1.14965
1.14948
1.15035
1.15012
1.14988
1.14964
1.15052
1.15031
1.15005
1.14977
1.15066
1.15048
1.15021
1.14989
1.1508
1.15068
1.15039
1.15002
1.15097
1.15093
1.15061
1.15016
1.15116
1.15128
1.15092
1.15032
1.15137
1.1517
1.15132
1.15051
1.15159
1.15214
1.15175
1.15072
1.15178
1.15251
1.15213
1.15091
1.15192
1.15276
1.1524
1.15106
1.15201
1.15292
1.15255
1.15115
1.15212
1.1531
1.15266
1.15121
1.15232
1.15351
1.15299
1.15138
1.15282
1.15447
1.15418
1.15219
1.15449
1.1565
1.15672
1.15467
1.14948
1.14965
1.14985
1.1501
1.14963
1.14986
1.1501
1.15034
1.14976
1.15002
1.15027
1.1505
1.14987
1.15014
1.1504
1.15063
1.14997
1.15025
1.15052
1.15074
1.15006
1.15035
1.15062
1.15084
1.15015
1.15045
1.15072
1.15093
1.15024
1.15056
1.15084
1.15103
1.15033
1.15069
1.15098
1.15113
1.15044
1.15088
1.15119
1.15125
1.15057
1.15116
1.15151
1.15141
1.15074
1.15158
1.15201
1.15163
1.15098
1.15221
1.15275
1.15194
1.1513
1.15314
1.15386
1.15239
1.15178
1.1546
1.15562
1.15317
1.15281
1.15714
1.15864
1.15533
1.19245
1.18748
1.18212
1.17704
1.20479
1.20514
1.20392
1.20145
1.20462
1.20612
1.2072
1.20738
1.20411
1.20528
1.20656
1.20728
1.20395
1.20477
1.20546
1.20491
1.20369
1.20418
1.20414
1.20184
1.20339
1.20362
1.20349
1.20119
1.2032
1.20327
1.20334
1.2025
1.20307
1.20312
1.20326
1.20333
1.20289
1.20296
1.20301
1.20285
1.20223
1.20187
1.20121
1.20018
1.2005
1.19961
1.19874
1.1981
1.19899
1.1986
1.19865
1.19923
1.19832
1.19866
1.19989
1.20126
1.19887
1.19868
1.19979
1.20148
1.19983
1.19929
1.19941
1.20028
1.19943
1.19929
1.19919
1.19937
1.19858
1.1986
1.19858
1.19858
1.19929
1.19912
1.19897
1.19885
1.20108
1.20094
1.20083
1.20073
1.17296
1.1682
1.16366
1.1647
1.19793
1.1924
1.18266
1.17534
1.20616
1.20137
1.18979
1.17997
1.20602
1.19943
1.18808
1.18393
1.20119
1.19372
1.18832
1.19057
1.19674
1.19197
1.19272
1.19824
1.19581
1.19226
1.19576
1.20224
1.19868
1.1944
1.19573
1.20089
1.20171
1.19759
1.19606
1.19861
1.20151
1.19796
1.19596
1.19741
1.19855
1.19671
1.19663
1.19876
1.1979
1.19851
1.20017
1.2022
1.20034
1.20171
1.20285
1.20338
1.20218
1.20247
1.2023
1.20195
1.20259
1.20256
1.20182
1.20097
1.20134
1.20197
1.20196
1.20152
1.19984
1.20043
1.2009
1.20113
1.19869
1.19894
1.19927
1.19958
1.19879
1.1988
1.1989
1.19905
1.20065
1.2006
1.20058
1.2006
1.16724
1.16831
1.16763
1.17585
1.17768
1.1784
1.18161
1.18409
1.18625
1.18765
1.19049
1.19315
1.19476
1.1973
1.19952
1.20176
1.20359
1.20495
1.20495
1.20601
1.20654
1.20369
1.20463
1.20499
1.20094
1.20216
1.20303
1.19941
1.20087
1.20215
1.20079
1.20211
1.20312
1.20324
1.20369
1.20389
1.20347
1.20345
1.2034
1.20172
1.20163
1.2016
1.20039
1.20004
1.19974
1.20106
1.20068
1.20029
1.20117
1.20111
1.20097
1.19978
1.19989
1.19995
1.19918
1.19928
1.19938
1.20064
1.20068
1.20072
1.16627
1.16549
1.16467
1.1786
1.17876
1.17901
1.18784
1.18874
1.18971
1.19504
1.19605
1.19706
1.20093
1.20165
1.20234
1.20566
1.206
1.20631
1.2067
1.20676
1.2068
1.20511
1.20517
1.20522
1.20351
1.20372
1.20392
1.20286
1.20318
1.20345
1.20357
1.20375
1.20389
1.20394
1.20395
1.20395
1.20336
1.20334
1.20332
1.20161
1.20163
1.20166
1.19958
1.19951
1.19945
1.20002
1.19989
1.19976
1.20087
1.2008
1.20072
1.19998
1.19998
1.19998
1.19945
1.19948
1.19952
1.20076
1.20078
1.2008
1.16316
1.1617
1.16166
1.17982
1.18188
1.18471
1.19172
1.19499
1.19808
1.19895
1.20161
1.20382
1.2036
1.20516
1.20637
1.20684
1.20739
1.20776
1.20686
1.20688
1.20689
1.20531
1.20543
1.20553
1.20426
1.20461
1.20478
1.20389
1.20426
1.20442
1.2041
1.20422
1.20425
1.20394
1.2039
1.20386
1.20328
1.20324
1.2032
1.20174
1.20186
1.20199
1.19934
1.19922
1.19916
1.19951
1.19916
1.19885
1.20056
1.20031
1.20004
1.19997
1.19992
1.19985
1.19958
1.19966
1.19974
1.20084
1.20089
1.20095
1.16369
1.16851
1.17149
1.17331
1.18885
1.19355
1.19657
1.19911
1.20147
1.20447
1.20623
1.20727
1.20602
1.20766
1.20843
1.20859
1.20755
1.20835
1.20865
1.20861
1.20805
1.20818
1.20815
1.20797
1.2069
1.20689
1.20681
1.20661
1.2056
1.20559
1.20549
1.20532
1.20485
1.2048
1.2047
1.20458
1.20446
1.20441
1.20435
1.2043
1.20422
1.20417
1.20413
1.2041
1.2038
1.20373
1.20366
1.2036
1.20315
1.20308
1.20301
1.20294
1.20216
1.2023
1.2024
1.20245
1.1992
1.19947
1.20001
1.20064
1.19847
1.19814
1.198
1.19807
1.19965
1.19918
1.19879
1.19857
1.19971
1.19953
1.1994
1.19937
1.19985
1.20001
1.20019
1.2004
1.20103
1.20113
1.20125
1.20134
1.17642
1.18125
1.18664
1.19189
1.20171
1.20381
1.20504
1.20488
1.20771
1.20748
1.20658
1.20522
1.20828
1.20756
1.2065
1.2054
1.20826
1.20761
1.2067
1.20574
1.20761
1.20703
1.20627
1.20549
1.20628
1.20581
1.20529
1.20485
1.20507
1.20481
1.20457
1.20442
1.20446
1.20437
1.20431
1.20428
1.20426
1.20424
1.20422
1.2042
1.20406
1.20402
1.20396
1.20388
1.20353
1.20345
1.20336
1.20326
1.20286
1.20277
1.20269
1.2026
1.20247
1.20243
1.20235
1.20226
1.20118
1.20161
1.20192
1.2021
1.19845
1.19914
1.19995
1.2007
1.19858
1.19883
1.19929
1.19991
1.19949
1.19975
1.20012
1.20056
1.20064
1.20088
1.2011
1.20129
1.20141
1.20146
1.2015
1.20154
1.20432
1.20432
1.20432
1.20432
1.20432
1.20432
1.20438
1.20477
1.20531
1.20553
1.20555
1.2055
1.20543
1.20534
1.20523
1.20515
1.20532
1.20575
1.20722
1.1996
1.20432
1.20432
1.20432
1.20432
1.20432
1.20431
1.20435
1.2047
1.20526
1.20551
1.20553
1.20547
1.20541
1.20532
1.20521
1.20514
1.20529
1.20563
1.20674
1.19983
1.20431
1.20431
1.20431
1.20431
1.20432
1.20431
1.20433
1.20458
1.20515
1.20547
1.20549
1.20544
1.20537
1.20528
1.20518
1.20511
1.20523
1.20536
1.20612
1.19979
1.20431
1.20431
1.20431
1.20431
1.20431
1.20431
1.20431
1.20446
1.20498
1.20539
1.20545
1.20539
1.20531
1.20523
1.20513
1.20505
1.20515
1.20511
1.20568
1.19961
1.20431
1.20431
1.20431
1.20431
1.20431
1.20431
1.20431
1.20438
1.20479
1.20528
1.20539
1.20533
1.20525
1.20517
1.20507
1.20498
1.20503
1.2049
1.2054
1.1994
1.20431
1.20431
1.20431
1.20431
1.20431
1.20431
1.20431
1.20433
1.20463
1.20512
1.20533
1.20528
1.20519
1.2051
1.20499
1.20489
1.2049
1.20472
1.20521
1.19918
1.20431
1.20431
1.20431
1.20431
1.20431
1.20431
1.20431
1.20431
1.2045
1.20495
1.20525
1.20524
1.20514
1.20503
1.20491
1.20479
1.20474
1.20456
1.20508
1.19897
1.20431
1.20431
1.20431
1.20431
1.20431
1.20431
1.20431
1.2043
1.2044
1.20479
1.20514
1.20519
1.2051
1.20497
1.20484
1.20469
1.20461
1.20441
1.20499
1.19877
1.20431
1.20431
1.20431
1.20431
1.20431
1.20431
1.20431
1.2043
1.20435
1.20464
1.20502
1.20514
1.20507
1.20492
1.20478
1.20462
1.20451
1.2043
1.20493
1.19857
1.20431
1.20431
1.20431
1.20431
1.20431
1.20431
1.20431
1.2043
1.20431
1.20452
1.20488
1.20508
1.20505
1.2049
1.20474
1.20458
1.20446
1.20423
1.20489
1.19839
1.20431
1.20431
1.20431
1.20431
1.20431
1.20431
1.20431
1.20431
1.2043
1.20444
1.20475
1.205
1.20502
1.20489
1.20472
1.20457
1.20446
1.2042
1.20487
1.19821
1.20431
1.20431
1.20431
1.20431
1.20431
1.20431
1.20431
1.20431
1.2043
1.20437
1.20463
1.2049
1.20499
1.20489
1.20472
1.20458
1.20449
1.2042
1.20486
1.19804
1.20431
1.20431
1.20431
1.20431
1.20431
1.20431
1.20431
1.20431
1.2043
1.20434
1.20454
1.2048
1.20495
1.2049
1.20475
1.20462
1.20453
1.20423
1.20486
1.19788
1.20431
1.20431
1.20431
1.20431
1.20431
1.20431
1.20431
1.20431
1.2043
1.20431
1.20446
1.2047
1.20489
1.2049
1.20477
1.20466
1.20458
1.20426
1.20486
1.19772
1.20431
1.20431
1.20431
1.20431
1.2043
1.2043
1.20431
1.20431
1.2043
1.2043
1.2044
1.20461
1.20481
1.20488
1.2048
1.2047
1.20461
1.20431
1.20487
1.19758
1.20431
1.20431
1.20431
1.2043
1.2043
1.2043
1.2043
1.20431
1.2043
1.2043
1.20436
1.20453
1.20473
1.20485
1.20481
1.20472
1.20463
1.20434
1.20487
1.19745
1.2043
1.20431
1.2043
1.20429
1.20428
1.20428
1.20429
1.2043
1.2043
1.2043
1.20433
1.20447
1.20466
1.20479
1.2048
1.20473
1.20464
1.20437
1.20487
1.19733
1.2043
1.20431
1.20429
1.20425
1.20422
1.20423
1.20427
1.20429
1.2043
1.2043
1.20431
1.20441
1.20458
1.20473
1.20478
1.20472
1.20464
1.2044
1.20486
1.19722
1.20431
1.2043
1.20425
1.20415
1.2041
1.20414
1.20421
1.20427
1.2043
1.2043
1.2043
1.20438
1.20452
1.20467
1.20473
1.2047
1.20463
1.20441
1.20484
1.19717
1.20431
1.20428
1.20415
1.20399
1.20391
1.20397
1.2041
1.20423
1.20429
1.2043
1.2043
1.20435
1.20446
1.2046
1.20468
1.20466
1.20461
1.20442
1.2048
1.19688
1.20431
1.20414
1.20377
1.20341
1.20323
1.20331
1.20358
1.20391
1.20416
1.20427
1.2043
1.20432
1.20438
1.20447
1.20455
1.20457
1.20455
1.20442
1.20465
1.2004
1.20426
1.20373
1.20313
1.20267
1.20239
1.20233
1.20258
1.20308
1.20362
1.20401
1.20421
1.20429
1.20432
1.20437
1.20442
1.20445
1.20446
1.20438
1.20433
1.20218
1.20412
1.20341
1.20279
1.20236
1.20209
1.20191
1.20193
1.20229
1.2029
1.20351
1.20394
1.20417
1.20426
1.20431
1.20435
1.20438
1.2044
1.20431
1.20411
1.20273
1.20401
1.20321
1.20251
1.20206
1.20184
1.20173
1.20164
1.20178
1.20226
1.20293
1.20353
1.20393
1.20414
1.20424
1.2043
1.20433
1.20432
1.20418
1.20396
1.20301
1.20395
1.20288
1.20205
1.20162
1.2015
1.2015
1.20148
1.20151
1.20182
1.20243
1.2031
1.20363
1.20396
1.20413
1.20422
1.20426
1.20419
1.204
1.2038
1.20317
1.20374
1.20234
1.20151
1.20121
1.2012
1.20129
1.20134
1.20137
1.20157
1.20206
1.20273
1.20333
1.20375
1.20399
1.2041
1.2041
1.20396
1.20376
1.20362
1.20325
1.20336
1.2018
1.20113
1.201
1.20105
1.20115
1.20124
1.20129
1.20144
1.20183
1.20245
1.20308
1.20356
1.20383
1.20392
1.20384
1.20367
1.20352
1.20344
1.20327
1.20298
1.20143
1.20098
1.20099
1.20104
1.20112
1.20121
1.20129
1.20141
1.20172
1.20227
1.20289
1.20339
1.20365
1.20367
1.20355
1.20338
1.20329
1.20324
1.2032
1.20263
1.20124
1.201
1.20109
1.20115
1.20121
1.2013
1.20137
1.20145
1.2017
1.20218
1.20279
1.20326
1.20346
1.20341
1.20329
1.20312
1.20301
1.20297
1.20302
1.20236
1.20115
1.20107
1.20124
1.20133
1.20139
1.20145
1.2015
1.20154
1.20173
1.20219
1.20276
1.20316
1.20325
1.20318
1.20305
1.20283
1.20267
1.20264
1.20277
1.20219
1.20113
1.20115
1.20136
1.20146
1.20153
1.20157
1.20159
1.20163
1.20183
1.20227
1.20279
1.20305
1.20304
1.20294
1.20276
1.20251
1.20235
1.20235
1.20246
1.20206
1.20113
1.20122
1.20143
1.20152
1.20158
1.20163
1.20166
1.20174
1.20199
1.20242
1.2028
1.20289
1.20281
1.20264
1.20243
1.20222
1.20211
1.20214
1.2019
1.202
1.20115
1.20126
1.20148
1.20156
1.20162
1.20168
1.20176
1.20191
1.20219
1.20254
1.2027
1.20264
1.20247
1.20228
1.20212
1.20202
1.20195
1.20194
1.20132
1.20199
1.20119
1.20127
1.2015
1.20161
1.20169
1.20179
1.20192
1.20211
1.20234
1.20251
1.20244
1.20226
1.2021
1.20197
1.20193
1.20189
1.20176
1.20163
1.20123
1.20202
1.20126
1.20128
1.2015
1.20164
1.20177
1.2019
1.20204
1.20218
1.20228
1.20222
1.20204
1.20191
1.20184
1.2018
1.20181
1.20167
1.20125
1.20088
1.20133
1.20204
1.20137
1.2013
1.20147
1.2016
1.20173
1.20187
1.20197
1.20202
1.20197
1.20184
1.20176
1.2017
1.20164
1.20162
1.20158
1.20111
1.20013
1.1996
1.20071
1.20202
1.20147
1.20138
1.20147
1.20156
1.20164
1.20173
1.20178
1.20178
1.20173
1.20165
1.20153
1.20133
1.20124
1.20127
1.20111
1.20051
1.19959
1.19885
1.19925
1.20205
1.20152
1.20144
1.20154
1.2016
1.20163
1.20165
1.20163
1.20159
1.20153
1.20139
1.20104
1.20072
1.20071
1.20086
1.20093
1.20088
1.20059
1.19975
1.19871
1.20211
1.20154
1.20121
1.20114
1.20118
1.20123
1.20128
1.20137
1.20151
1.20154
1.20125
1.20076
1.20049
1.2005
1.20068
1.20099
1.20136
1.20166
1.20142
1.20026
1.20238
1.20213
1.20192
1.20181
1.20174
1.20171
1.20185
1.20199
1.20212
1.20209
1.20197
1.20186
1.20181
1.20171
1.2013
1.20119
1.20137
1.20162
1.20155
1.20139
1.19905
1.20685
1.2066
1.20628
1.20607
1.20594
1.20583
1.20574
1.20565
1.20555
1.20543
1.20531
1.20517
1.20505
1.20494
1.20486
1.20478
1.2047
1.2046
1.20446
1.19918
1.20635
1.20643
1.20617
1.206
1.20588
1.20579
1.2057
1.20562
1.20553
1.20544
1.20533
1.20521
1.20509
1.20498
1.20489
1.20481
1.20472
1.20463
1.20449
1.19911
1.20588
1.20595
1.20588
1.20583
1.20576
1.20568
1.20561
1.20554
1.20547
1.20541
1.20533
1.20524
1.20513
1.20502
1.20492
1.20483
1.20475
1.20467
1.20452
1.19896
1.20563
1.20535
1.20547
1.20558
1.20557
1.20552
1.20546
1.20541
1.20536
1.20533
1.20529
1.20523
1.20515
1.20505
1.20495
1.20485
1.20477
1.20468
1.20453
1.1988
1.20546
1.20481
1.20511
1.2053
1.20534
1.20531
1.20527
1.20523
1.20522
1.20521
1.2052
1.20518
1.20513
1.20505
1.20495
1.20485
1.20476
1.20467
1.20453
1.19864
1.2053
1.20452
1.20486
1.20505
1.2051
1.20509
1.20507
1.20505
1.20505
1.20507
1.20509
1.20511
1.20509
1.20502
1.20493
1.20483
1.20473
1.20464
1.2045
1.19847
1.2052
1.2044
1.20468
1.20484
1.20489
1.20489
1.20489
1.20489
1.2049
1.20494
1.20498
1.20501
1.20501
1.20497
1.20489
1.20479
1.20469
1.20459
1.20446
1.1983
1.20512
1.20433
1.20457
1.20468
1.20472
1.20473
1.20474
1.20475
1.20478
1.20482
1.20487
1.20491
1.20493
1.2049
1.20483
1.20474
1.20463
1.20453
1.20442
1.19814
1.20507
1.2043
1.2045
1.20457
1.2046
1.20461
1.20462
1.20464
1.20467
1.20471
1.20477
1.20481
1.20484
1.20482
1.20476
1.20467
1.20457
1.20447
1.20438
1.19799
1.20503
1.20427
1.20445
1.20449
1.20452
1.20453
1.20454
1.20456
1.20459
1.20463
1.20468
1.20473
1.20475
1.20474
1.20468
1.2046
1.2045
1.20441
1.20435
1.19785
1.205
1.20426
1.20442
1.20444
1.20446
1.20447
1.20448
1.20449
1.20452
1.20456
1.2046
1.20464
1.20467
1.20466
1.20461
1.20452
1.20444
1.20437
1.20433
1.19772
1.20498
1.20425
1.2044
1.2044
1.20441
1.20442
1.20443
1.20444
1.20446
1.20449
1.20453
1.20457
1.20459
1.20458
1.20453
1.20446
1.20439
1.20434
1.20432
1.1976
1.20497
1.20424
1.20438
1.20437
1.20438
1.20439
1.20439
1.2044
1.20442
1.20444
1.20447
1.20451
1.20452
1.20451
1.20447
1.2044
1.20435
1.20432
1.20431
1.1975
1.20496
1.20423
1.20436
1.20435
1.20436
1.20436
1.20436
1.20437
1.20438
1.2044
1.20443
1.20445
1.20446
1.20445
1.20441
1.20436
1.20433
1.20431
1.20431
1.1974
1.20495
1.20422
1.20435
1.20433
1.20434
1.20434
1.20434
1.20435
1.20435
1.20437
1.20439
1.20441
1.20441
1.2044
1.20437
1.20434
1.20431
1.20431
1.20431
1.19733
1.20495
1.20421
1.20434
1.20432
1.20433
1.20433
1.20433
1.20433
1.20434
1.20435
1.20436
1.20437
1.20437
1.20436
1.20434
1.20432
1.20431
1.20431
1.20431
1.19727
1.20495
1.20421
1.20434
1.20431
1.20432
1.20432
1.20432
1.20432
1.20432
1.20433
1.20434
1.20435
1.20435
1.20434
1.20432
1.20431
1.20431
1.20431
1.2043
1.19721
1.20495
1.2042
1.20433
1.20431
1.20431
1.20431
1.20431
1.20432
1.20432
1.20432
1.20432
1.20433
1.20433
1.20432
1.20431
1.20431
1.2043
1.2043
1.2043
1.19722
1.20495
1.2042
1.20433
1.2043
1.20431
1.20431
1.20431
1.20431
1.20431
1.20431
1.20432
1.20432
1.20432
1.20431
1.20431
1.2043
1.2043
1.2043
1.2043
1.197
1.20494
1.20419
1.20432
1.2043
1.2043
1.20431
1.20431
1.20431
1.20431
1.20431
1.20431
1.20431
1.20431
1.20431
1.2043
1.2043
1.2043
1.2043
1.2043
1.20048
1.20483
1.20419
1.2043
1.20428
1.20428
1.20429
1.20429
1.20429
1.2043
1.2043
1.2043
1.2043
1.2043
1.2043
1.2043
1.20429
1.20428
1.20428
1.20429
1.20243
1.20452
1.20421
1.20426
1.20424
1.20423
1.20423
1.20422
1.20423
1.20425
1.20426
1.20427
1.20427
1.20426
1.20424
1.20419
1.2041
1.20399
1.20396
1.20415
1.20317
1.20434
1.20422
1.20421
1.20417
1.20413
1.20409
1.20406
1.20406
1.20409
1.20415
1.20418
1.20419
1.20416
1.20409
1.20393
1.20368
1.20342
1.20341
1.20385
1.20365
1.20427
1.20421
1.20415
1.20406
1.20393
1.2038
1.20371
1.20368
1.20374
1.20389
1.20402
1.20409
1.20408
1.20399
1.20379
1.20342
1.20302
1.20301
1.20359
1.20409
1.20421
1.20418
1.20405
1.20384
1.20358
1.20333
1.20316
1.20311
1.2032
1.20343
1.20372
1.20392
1.204
1.20396
1.20379
1.20338
1.20286
1.2027
1.20336
1.20425
1.2042
1.20412
1.20385
1.20347
1.20307
1.20275
1.20256
1.20253
1.20266
1.20296
1.20334
1.20368
1.20386
1.20389
1.20378
1.2034
1.20282
1.20251
1.20322
1.20425
1.2042
1.20398
1.20351
1.20295
1.20248
1.20218
1.20207
1.20211
1.20231
1.20264
1.20305
1.20345
1.20371
1.20378
1.20369
1.20335
1.20279
1.20239
1.20311
1.20425
1.20412
1.20367
1.20298
1.20234
1.20193
1.20176
1.20175
1.20187
1.20212
1.2025
1.20289
1.20328
1.20355
1.20362
1.2035
1.20319
1.20269
1.20227
1.20307
1.20422
1.20387
1.20316
1.20238
1.20181
1.20152
1.20144
1.20151
1.20172
1.20202
1.20244
1.20279
1.20312
1.20335
1.20335
1.20319
1.20292
1.20252
1.20213
1.20303
1.20401
1.20341
1.20257
1.20185
1.20139
1.20114
1.20107
1.20119
1.20153
1.20193
1.2024
1.20265
1.20288
1.203
1.20292
1.20276
1.20258
1.20229
1.20198
1.20297
1.20355
1.20283
1.20204
1.20142
1.20099
1.20073
1.20063
1.20073
1.20122
1.20181
1.20234
1.20248
1.20251
1.20247
1.20238
1.2023
1.20221
1.20201
1.20187
1.20291
1.20291
1.20228
1.20161
1.20106
1.20065
1.20042
1.20022
1.20021
1.20079
1.20164
1.20227
1.20231
1.20215
1.20204
1.20199
1.20196
1.2019
1.20178
1.20191
1.20282
1.20232
1.20184
1.20128
1.20078
1.20043
1.20033
1.20002
1.19981
1.20035
1.2014
1.2022
1.20222
1.20195
1.20188
1.20186
1.20181
1.20174
1.20178
1.20218
1.20271
1.20198
1.20155
1.20108
1.20059
1.20035
1.20031
1.20001
1.19969
1.20007
1.20118
1.20212
1.20219
1.20188
1.20188
1.20188
1.20184
1.20184
1.20195
1.20206
1.20257
1.20204
1.2015
1.20101
1.20054
1.20037
1.20037
1.2001
1.19977
1.20006
1.2011
1.20207
1.20219
1.20185
1.20184
1.20184
1.20182
1.20177
1.20159
1.20137
1.2024
1.20182
1.20172
1.20115
1.2007
1.20057
1.20049
1.20021
1.20001
1.20033
1.20124
1.20208
1.2022
1.20183
1.20175
1.20163
1.2015
1.20129
1.20097
1.20091
1.20211
1.20128
1.20179
1.2014
1.201
1.20079
1.20055
1.20037
1.20042
1.20084
1.20157
1.20215
1.20219
1.20182
1.20166
1.20142
1.20117
1.20093
1.20079
1.20082
1.20183
1.2014
1.2017
1.20146
1.20115
1.20085
1.20065
1.20077
1.20108
1.20152
1.20195
1.20218
1.20215
1.20183
1.20163
1.2014
1.20114
1.20097
1.20093
1.20096
1.20176
1.20151
1.20145
1.20127
1.20105
1.20092
1.20113
1.20159
1.20195
1.2022
1.20217
1.20206
1.20199
1.20175
1.20159
1.20142
1.20127
1.20119
1.20122
1.20133
1.20192
1.20154
1.20149
1.20147
1.20159
1.20188
1.20233
1.20269
1.20273
1.20254
1.20233
1.20216
1.20205
1.20194
1.20196
1.20194
1.20196
1.20205
1.2022
1.20225
1.20252
)
;

boundaryField
{
    left_open
    {
        type            calculated;
        value           nonuniform List<scalar> 
40
(
1.20432
1.20432
1.20431
1.20431
1.20431
1.20431
1.20431
1.20431
1.20431
1.20431
1.20431
1.20431
1.20431
1.20431
1.20431
1.20431
1.2043
1.2043
1.2043
1.2043
1.2043
1.2043
1.2043
1.20429
1.20429
1.20429
1.20428
1.20428
1.20428
1.20428
1.20427
1.20208
1.20427
1.202
1.20203
1.20205
1.20203
1.20206
1.20212
1.20239
)
;
    }
    right_open
    {
        type            calculated;
        value           nonuniform List<scalar> 
40
(
1.20445
1.20448
1.20451
1.20453
1.20452
1.2045
1.20446
1.20441
1.20438
1.20435
1.20433
1.20432
1.20431
1.20431
1.20431
1.20431
1.2043
1.2043
1.2043
1.2043
1.2043
1.2043
1.2043
1.20429
1.20429
1.20429
1.20312
1.20428
1.20303
1.20298
1.20427
1.20283
1.20271
1.20258
1.20426
1.20214
1.20426
1.20425
1.20193
1.20253
)
;
    }
    base_side
    {
        type            calculated;
        value           nonuniform List<scalar> 
40
(
1.20432
1.20432
1.20432
1.20432
1.20432
1.20432
1.20438
1.20477
1.20531
1.20553
1.20555
1.2055
1.20543
1.20534
1.20523
1.20515
1.20532
1.20575
1.20722
1.1996
1.19905
1.20685
1.2066
1.20628
1.20607
1.20594
1.20584
1.20574
1.20565
1.20555
1.20544
1.20531
1.20517
1.20505
1.20494
1.20486
1.20478
1.2047
1.2046
1.20446
)
;
    }
    top
    {
        type            calculated;
        value           nonuniform List<scalar> 
65
(
1.20239
1.20215
1.20193
1.20183
1.20425
1.2017
1.20425
1.20198
1.20212
1.2021
1.20199
1.20425
1.20181
1.20425
1.20133
1.20425
1.20134
1.20425
1.20155
1.20143
1.2012
1.20107
1.20098
1.20089
1.20082
1.20077
1.20075
1.20077
1.2008
1.20084
1.20088
1.20091
1.20093
1.20094
1.20098
1.20103
1.20108
1.20115
1.20123
1.20425
1.20425
1.20425
1.20425
1.20425
1.20425
1.20153
1.20425
1.20425
1.20163
1.20192
1.20237
1.20271
1.20273
1.20253
1.20233
1.20216
1.20206
1.20425
1.20197
1.20195
1.20198
1.20425
1.20222
1.20226
1.20253
)
;
    }
    front
    {
        type            empty;
    }
    back
    {
        type            empty;
    }
    air_to_aluminum
    {
        type            calculated;
        value           nonuniform List<scalar> 
129
(
1.15014
1.15017
1.15022
1.1503
1.14987
1.14968
1.14951
1.14937
1.14937
1.14951
1.14968
1.14987
1.15014
1.15017
1.15022
1.1503
1.1504
1.1503
1.15051
1.15046
1.15062
1.1506
1.15073
1.15072
1.15083
1.15082
1.15093
1.15092
1.15102
1.15101
1.15109
1.15109
1.15116
1.15116
1.15123
1.15122
1.15128
1.15127
1.15132
1.15132
1.15136
1.15136
1.15139
1.15138
1.15141
1.1514
1.15142
1.15142
1.15142
1.15141
1.15141
1.15141
1.14941
1.14952
1.14964
1.14974
1.14984
1.14993
1.15001
1.15008
1.15015
1.15021
1.15026
1.1503
1.15033
1.15036
1.15038
1.15039
1.15039
1.15038
1.15038
1.15038
1.15038
1.15038
1.14941
1.14952
1.14964
1.14974
1.14984
1.14993
1.15001
1.15008
1.15015
1.15021
1.15026
1.1503
1.15033
1.15036
1.15037
1.15038
1.15038
1.15038
1.15038
1.1503
1.15046
1.1506
1.15072
1.15082
1.15092
1.15101
1.15109
1.15116
1.15122
1.15127
1.15132
1.15136
1.15138
1.1514
1.15141
1.1504
1.15051
1.15062
1.15073
1.15083
1.15093
1.15101
1.15109
1.15116
1.15123
1.15128
1.15132
1.15136
1.15139
1.15141
1.15141
1.15141
1.15142
1.15142
1.15142
)
;
    }
}


// ************************************************************************* //
