/*--------------------------------*- C++ -*----------------------------------*\
| =========                 |                                                 |
| \\      /  F ield         | OpenFOAM: The Open Source CFD Toolbox           |
|  \\    /   O peration     | Version:                                        |
|   \\  /    A nd           | Website:  www.openfoam.com                      |
|    \\/     M anipulation  |                                                 |
\*---------------------------------------------------------------------------*/
FoamFile
{
    version     2.0;
    format      ascii;
    class       volScalarField;
    location    "1919.0/aluminum";
    object      T;
}
// * * * * * * * * * * * * * * * * * * * * * * * * * * * * * * * * * * * * * //

dimensions      [0 0 0 1 0 0 0];


internalField   nonuniform List<scalar> 
372
(
307.296
307.306
307.326
307.356
307.288
307.298
307.318
307.349
307.273
307.283
307.302
307.333
307.252
307.26
307.277
307.306
307.395
307.443
307.499
307.569
307.389
307.436
307.489
307.547
307.378
307.426
307.474
307.52
307.367
307.418
307.464
307.501
307.642
307.71
307.803
307.598
307.635
307.67
307.552
307.572
307.587
307.517
307.526
307.532
307.895
307.911
307.895
307.684
307.687
307.684
307.591
307.591
307.591
307.534
307.534
307.534
307.803
307.71
307.642
307.67
307.635
307.597
307.587
307.572
307.552
307.532
307.526
307.516
307.569
307.499
307.443
307.395
307.547
307.488
307.436
307.389
307.52
307.474
307.426
307.378
307.501
307.464
307.418
307.367
307.356
307.326
307.306
307.296
307.349
307.318
307.298
307.288
307.333
307.302
307.283
307.273
307.306
307.276
307.26
307.252
307.225
307.23
307.24
307.251
307.195
307.199
307.204
307.208
307.166
307.168
307.17
307.172
307.137
307.138
307.139
307.14
307.109
307.11
307.111
307.112
307.084
307.084
307.085
307.085
307.06
307.061
307.062
307.062
307.039
307.04
307.04
307.041
307.02
307.021
307.021
307.022
307.004
307.004
307.005
307.005
306.989
306.99
306.99
306.991
306.977
306.978
306.978
306.978
306.968
306.968
306.969
306.969
306.96
306.961
306.961
306.961
306.955
306.956
306.956
306.956
306.952
306.953
306.953
306.953
307.49
307.491
307.493
307.459
307.459
307.46
307.429
307.429
307.429
307.401
307.401
307.401
307.375
307.375
307.375
307.351
307.351
307.351
307.329
307.329
307.329
307.309
307.309
307.309
307.291
307.291
307.291
307.276
307.276
307.276
307.262
307.262
307.262
307.251
307.251
307.251
307.242
307.242
307.242
307.235
307.235
307.235
307.23
307.23
307.23
307.227
307.227
307.228
307.494
307.494
307.494
307.46
307.46
307.46
307.429
307.429
307.429
307.401
307.401
307.401
307.375
307.375
307.375
307.351
307.351
307.351
307.329
307.329
307.329
307.309
307.309
307.309
307.291
307.291
307.291
307.276
307.276
307.276
307.262
307.262
307.262
307.251
307.251
307.251
307.242
307.242
307.242
307.235
307.235
307.235
307.23
307.23
307.23
307.227
307.227
307.227
307.493
307.491
307.49
307.46
307.459
307.459
307.429
307.429
307.429
307.401
307.401
307.401
307.375
307.375
307.375
307.351
307.351
307.351
307.329
307.329
307.329
307.309
307.309
307.309
307.291
307.291
307.291
307.276
307.276
307.276
307.262
307.262
307.262
307.251
307.251
307.251
307.242
307.242
307.242
307.235
307.235
307.235
307.23
307.23
307.23
307.227
307.227
307.227
307.251
307.24
307.23
307.225
307.208
307.204
307.199
307.195
307.172
307.17
307.167
307.165
307.14
307.139
307.138
307.136
307.111
307.111
307.11
307.109
307.085
307.085
307.084
307.083
307.061
307.061
307.061
307.06
307.04
307.04
307.039
307.039
307.021
307.021
307.02
307.02
307.004
307.004
307.004
307.003
306.99
306.99
306.989
306.989
306.978
306.977
306.977
306.977
306.968
306.967
306.967
306.967
306.96
306.96
306.96
306.959
306.955
306.954
306.954
306.954
306.951
306.951
306.951
306.951
)
;

boundaryField
{
    base_hotspot
    {
        type            fixedGradient;
        gradient        uniform 203.252;
    }
    base_adiabatic
    {
        type            zeroGradient;
    }
    front
    {
        type            empty;
    }
    back
    {
        type            empty;
    }
    aluminum_to_air
    {
        type            compressible::turbulentTemperatureCoupledBaffleMixed;
        refValue        nonuniform List<scalar> 
129
(
294.413
294.32
294.29
294.296
307.305
307.37
307.425
307.471
307.471
307.425
307.37
307.305
294.482
294.455
294.473
294.507
294.318
307.305
294.346
307.241
294.379
307.198
294.414
307.163
294.452
307.134
294.491
307.107
294.529
307.082
294.565
307.058
294.6
307.03
294.632
306.995
294.662
306.94
294.69
306.848
294.715
306.705
294.738
306.498
294.749
306.181
297.898
294.806
300.626
303.373
305.703
304.286
307.471
307.43
307.396
307.366
307.339
307.314
307.29
307.267
307.242
307.213
307.169
307.096
306.975
306.814
306.684
306.464
300.71
300.42
300.209
300.107
300.058
300.013
307.471
307.43
307.396
307.366
307.339
307.314
307.289
307.265
307.238
307.206
307.163
307.1
307.008
306.877
306.643
299.935
299.851
306.004
299.776
307.305
307.24
307.197
307.163
307.133
307.106
307.08
307.054
307.024
306.985
306.93
306.846
306.716
306.526
306.269
305.76
294.545
294.585
294.628
294.675
294.724
294.777
294.833
294.892
294.952
295.015
295.081
295.148
295.217
295.289
295.351
298.601
297.854
297.009
296.157
295.483
)
;
        refGradient     uniform 0;
        valueFraction   nonuniform List<scalar> 
129
(
2.89995e-05
2.89995e-05
2.89995e-05
2.89995e-05
0.000144981
0.000144981
0.000144981
0.000144981
0.000144981
0.000144981
0.000144981
0.000144981
2.89995e-05
2.89995e-05
2.89995e-05
2.89995e-05
2.89995e-05
0.000144981
2.89995e-05
0.000144981
2.89995e-05
0.000144981
2.89995e-05
0.000144981
2.89995e-05
0.000144981
2.89995e-05
0.000144981
2.89995e-05
0.000144981
2.89995e-05
0.000144981
2.89995e-05
0.000144981
2.89995e-05
0.000144981
2.89995e-05
0.000144981
2.89995e-05
0.000144981
2.89995e-05
0.000144981
2.89995e-05
0.000144981
2.89995e-05
0.000144981
3.62491e-05
2.89995e-05
3.62491e-05
3.62491e-05
0.000144981
3.62491e-05
8.21599e-05
8.21599e-05
8.21599e-05
8.21599e-05
8.21599e-05
8.21599e-05
8.21599e-05
8.21599e-05
8.21599e-05
8.21599e-05
8.21599e-05
8.21599e-05
8.21599e-05
8.21599e-05
8.21599e-05
8.21599e-05
3.62491e-05
3.62491e-05
3.62491e-05
3.62491e-05
3.62491e-05
3.62491e-05
8.21599e-05
8.21599e-05
8.21599e-05
8.21599e-05
8.21599e-05
8.21599e-05
8.21599e-05
8.21599e-05
8.21599e-05
8.21599e-05
8.21599e-05
8.21599e-05
8.21599e-05
8.21599e-05
8.21599e-05
3.62491e-05
3.62491e-05
8.21599e-05
3.62491e-05
0.000144981
0.000144981
0.000144981
0.000144981
0.000144981
0.000144981
0.000144981
0.000144981
0.000144981
0.000144981
0.000144981
0.000144981
0.000144981
0.000144981
0.000144981
0.000144981
2.89995e-05
2.89995e-05
2.89995e-05
2.89995e-05
2.89995e-05
2.89995e-05
2.89995e-05
2.89995e-05
2.89995e-05
2.89995e-05
2.89995e-05
2.89995e-05
2.89995e-05
2.89995e-05
2.89995e-05
3.62491e-05
3.62491e-05
3.62491e-05
3.62491e-05
2.89995e-05
)
;
        value           nonuniform List<scalar> 
129
(
307.295
307.287
307.273
307.251
307.367
307.418
307.463
307.5
307.5
307.463
307.418
307.367
307.295
307.287
307.272
307.251
307.224
307.25
307.195
307.208
307.165
307.172
307.136
307.14
307.108
307.111
307.083
307.085
307.06
307.061
307.039
307.04
307.02
307.021
307.003
307.005
306.989
306.99
306.977
306.978
306.967
306.968
306.96
306.961
306.954
306.955
306.952
306.952
306.952
306.953
306.952
306.953
307.489
307.458
307.429
307.4
307.374
307.35
307.328
307.309
307.291
307.275
307.262
307.251
307.242
307.235
307.23
307.227
307.227
307.227
307.227
307.227
307.227
307.227
307.489
307.458
307.429
307.4
307.374
307.35
307.328
307.309
307.291
307.275
307.262
307.251
307.242
307.235
307.23
307.227
307.227
307.227
307.227
307.25
307.208
307.172
307.14
307.111
307.085
307.061
307.04
307.021
307.004
306.989
306.977
306.967
306.959
306.954
306.951
307.224
307.195
307.165
307.136
307.108
307.083
307.059
307.038
307.019
307.002
306.988
306.976
306.966
306.958
306.953
306.951
306.951
306.95
306.95
306.95
)
;
        Tnbr            T;
        thicknessLayers 0();
        kappaLayers     0();
        kappaMethod     solidThermo;
        kappa           none;
        alphaAni        none;
        alpha           none;
    }
}


// ************************************************************************* //
