/*--------------------------------*- C++ -*----------------------------------*\
| =========                 |                                                 |
| \\      /  F ield         | OpenFOAM: The Open Source CFD Toolbox           |
|  \\    /   O peration     | Version:                                        |
|   \\  /    A nd           | Website:  www.openfoam.com                      |
|    \\/     M anipulation  |                                                 |
\*---------------------------------------------------------------------------*/
FoamFile
{
    version     2.0;
    format      ascii;
    class       volScalarField;
    location    "1640/aluminum";
    object      T;
}
// * * * * * * * * * * * * * * * * * * * * * * * * * * * * * * * * * * * * * //

dimensions      [0 0 0 1 0 0 0];


internalField   nonuniform List<scalar> 
372
(
305.31
305.32
305.34
305.37
305.302
305.312
305.332
305.362
305.288
305.297
305.316
305.347
305.266
305.274
305.291
305.32
305.409
305.456
305.513
305.582
305.403
305.45
305.502
305.56
305.392
305.44
305.487
305.533
305.381
305.432
305.477
305.514
305.655
305.723
305.816
305.61
305.648
305.683
305.564
305.584
305.599
305.529
305.539
305.545
305.908
305.923
305.908
305.697
305.7
305.697
305.603
305.604
305.603
305.547
305.547
305.547
305.816
305.723
305.655
305.683
305.648
305.61
305.599
305.584
305.564
305.545
305.539
305.529
305.582
305.512
305.456
305.409
305.56
305.502
305.449
305.403
305.533
305.487
305.439
305.392
305.514
305.477
305.432
305.381
305.37
305.34
305.32
305.31
305.362
305.332
305.312
305.302
305.347
305.316
305.297
305.287
305.32
305.291
305.274
305.266
305.239
305.245
305.254
305.265
305.21
305.213
305.218
305.223
305.181
305.182
305.185
305.187
305.152
305.153
305.154
305.155
305.125
305.125
305.126
305.127
305.099
305.1
305.1
305.101
305.076
305.077
305.077
305.077
305.055
305.056
305.056
305.056
305.036
305.037
305.037
305.037
305.02
305.02
305.021
305.021
305.006
305.006
305.006
305.006
304.994
304.994
304.994
304.994
304.984
304.984
304.984
304.985
304.976
304.977
304.977
304.977
304.971
304.972
304.972
304.972
304.968
304.969
304.969
304.969
305.502
305.504
305.506
305.471
305.472
305.472
305.441
305.441
305.441
305.413
305.413
305.413
305.387
305.387
305.387
305.363
305.363
305.363
305.341
305.341
305.341
305.321
305.321
305.321
305.303
305.303
305.303
305.288
305.288
305.288
305.274
305.274
305.274
305.263
305.263
305.263
305.254
305.254
305.254
305.247
305.247
305.247
305.242
305.242
305.242
305.239
305.239
305.239
305.506
305.506
305.506
305.472
305.472
305.472
305.441
305.441
305.441
305.413
305.413
305.413
305.387
305.387
305.387
305.363
305.363
305.363
305.341
305.341
305.341
305.321
305.321
305.321
305.303
305.303
305.303
305.288
305.288
305.288
305.274
305.274
305.274
305.263
305.263
305.263
305.254
305.254
305.254
305.247
305.247
305.247
305.242
305.242
305.242
305.239
305.239
305.239
305.506
305.504
305.502
305.472
305.472
305.471
305.441
305.441
305.441
305.413
305.413
305.413
305.387
305.387
305.387
305.363
305.363
305.363
305.341
305.341
305.341
305.321
305.321
305.321
305.303
305.303
305.303
305.288
305.288
305.288
305.274
305.274
305.274
305.263
305.263
305.263
305.254
305.254
305.254
305.247
305.247
305.246
305.242
305.242
305.242
305.239
305.239
305.239
305.265
305.254
305.245
305.239
305.223
305.218
305.213
305.21
305.187
305.185
305.182
305.18
305.155
305.154
305.153
305.152
305.127
305.126
305.125
305.124
305.101
305.1
305.1
305.099
305.077
305.077
305.076
305.076
305.056
305.056
305.055
305.055
305.037
305.037
305.037
305.036
305.021
305.02
305.02
305.02
305.006
305.006
305.006
305.006
304.994
304.994
304.994
304.994
304.985
304.985
304.984
304.984
304.977
304.977
304.977
304.977
304.972
304.972
304.972
304.971
304.969
304.969
304.969
304.969
)
;

boundaryField
{
    base_hotspot
    {
        type            fixedGradient;
        gradient        uniform 203.252;
    }
    base_adiabatic
    {
        type            zeroGradient;
    }
    front
    {
        type            empty;
    }
    back
    {
        type            empty;
    }
    aluminum_to_air
    {
        type            compressible::turbulentTemperatureCoupledBaffleMixed;
        refValue        nonuniform List<scalar> 
129
(
294.438
294.41
294.423
294.452
305.319
305.384
305.438
305.484
305.484
305.438
305.384
305.318
294.375
294.286
294.254
294.259
294.485
305.319
294.52
305.255
294.559
305.212
294.6
305.178
294.642
305.149
294.685
305.122
294.726
305.098
294.766
305.073
294.803
305.048
294.838
305.018
294.868
304.979
294.894
304.924
294.914
304.846
294.929
304.735
294.928
304.556
296.029
294.975
297.164
298.348
304.101
299.442
305.484
305.442
305.408
305.379
305.352
305.327
305.303
305.28
305.257
305.231
305.198
305.156
305.097
305.018
304.9
304.641
302.162
301.755
301.097
300.584
300.317
300.055
305.484
305.442
305.408
305.378
305.35
305.322
305.293
305.26
305.218
305.166
305.104
305.031
304.929
304.762
304.505
299.567
298.931
303.961
298.403
305.318
305.254
305.211
305.177
305.146
305.116
305.083
305.045
304.997
304.939
304.872
304.782
304.614
304.26
303.661
303.044
294.283
294.317
294.354
294.394
294.435
294.475
294.514
294.552
294.587
294.62
294.65
294.677
294.699
294.717
294.722
301.665
299.451
297.606
296.136
294.772
)
;
        refGradient     uniform 0;
        valueFraction   nonuniform List<scalar> 
129
(
2.89995e-05
2.89995e-05
2.89995e-05
2.89995e-05
0.000144981
0.000144981
0.000144981
0.000144981
0.000144981
0.000144981
0.000144981
0.000144981
2.89995e-05
2.89995e-05
2.89995e-05
2.89995e-05
2.89995e-05
0.000144981
2.89995e-05
0.000144981
2.89995e-05
0.000144981
2.89995e-05
0.000144981
2.89995e-05
0.000144981
2.89995e-05
0.000144981
2.89995e-05
0.000144981
2.89995e-05
0.000144981
2.89995e-05
0.000144981
2.89995e-05
0.000144981
2.89995e-05
0.000144981
2.89995e-05
0.000144981
2.89995e-05
0.000144981
2.89995e-05
0.000144981
2.89995e-05
0.000144981
3.62491e-05
2.89995e-05
3.62491e-05
3.62491e-05
0.000144981
3.62491e-05
8.21599e-05
8.21599e-05
8.21599e-05
8.21599e-05
8.21599e-05
8.21599e-05
8.21599e-05
8.21599e-05
8.21599e-05
8.21599e-05
8.21599e-05
8.21599e-05
8.21599e-05
8.21599e-05
8.21599e-05
8.21599e-05
3.62491e-05
3.62491e-05
3.62491e-05
3.62491e-05
3.62491e-05
3.62491e-05
8.21599e-05
8.21599e-05
8.21599e-05
8.21599e-05
8.21599e-05
8.21599e-05
8.21599e-05
8.21599e-05
8.21599e-05
8.21599e-05
8.21599e-05
8.21599e-05
8.21599e-05
8.21599e-05
8.21599e-05
3.62491e-05
3.62491e-05
8.21599e-05
3.62491e-05
0.000144981
0.000144981
0.000144981
0.000144981
0.000144981
0.000144981
0.000144981
0.000144981
0.000144981
0.000144981
0.000144981
0.000144981
0.000144981
0.000144981
0.000144981
0.000144981
2.89995e-05
2.89995e-05
2.89995e-05
2.89995e-05
2.89995e-05
2.89995e-05
2.89995e-05
2.89995e-05
2.89995e-05
2.89995e-05
2.89995e-05
2.89995e-05
2.89995e-05
2.89995e-05
2.89995e-05
3.62491e-05
3.62491e-05
3.62491e-05
3.62491e-05
2.89995e-05
)
;
        value           nonuniform List<scalar> 
129
(
305.309
305.302
305.287
305.265
305.38
305.431
305.476
305.513
305.513
305.476
305.431
305.38
305.309
305.301
305.287
305.265
305.239
305.265
305.21
305.222
305.18
305.187
305.151
305.155
305.124
305.126
305.099
305.1
305.075
305.077
305.054
305.056
305.036
305.037
305.019
305.02
305.005
305.006
304.993
304.994
304.983
304.984
304.976
304.977
304.971
304.972
304.968
304.968
304.968
304.968
304.969
304.969
305.502
305.471
305.441
305.413
305.386
305.362
305.34
305.321
305.303
305.287
305.274
305.262
305.253
305.246
305.241
305.239
305.239
305.239
305.239
305.239
305.239
305.239
305.502
305.471
305.441
305.413
305.386
305.362
305.34
305.321
305.303
305.287
305.274
305.262
305.253
305.246
305.241
305.239
305.238
305.238
305.238
305.265
305.222
305.186
305.155
305.126
305.1
305.077
305.056
305.037
305.02
305.006
304.994
304.984
304.977
304.972
304.969
305.239
305.209
305.18
305.151
305.124
305.098
305.075
305.054
305.036
305.019
305.005
304.993
304.983
304.976
304.971
304.969
304.969
304.969
304.968
304.968
)
;
        Tnbr            T;
        thicknessLayers 0();
        kappaLayers     0();
        kappaMethod     solidThermo;
        kappa           none;
        alphaAni        none;
        alpha           none;
    }
}


// ************************************************************************* //
