/*--------------------------------*- C++ -*----------------------------------*\
| =========                 |                                                 |
| \\      /  F ield         | OpenFOAM: The Open Source CFD Toolbox           |
|  \\    /   O peration     | Version:                                        |
|   \\  /    A nd           | Website:  www.openfoam.com                      |
|    \\/     M anipulation  |                                                 |
\*---------------------------------------------------------------------------*/
FoamFile
{
    version     2.0;
    format      ascii;
    class       volScalarField;
    location    "1929.5/aluminum";
    object      T;
}
// * * * * * * * * * * * * * * * * * * * * * * * * * * * * * * * * * * * * * //

dimensions      [0 0 0 1 0 0 0];


internalField   nonuniform List<scalar> 
372
(
307.37
307.38
307.4
307.43
307.362
307.373
307.393
307.423
307.348
307.357
307.377
307.408
307.326
307.334
307.351
307.381
307.47
307.517
307.574
307.643
307.463
307.511
307.563
307.621
307.453
307.501
307.548
307.594
307.441
307.493
307.538
307.575
307.716
307.785
307.877
307.672
307.71
307.745
307.626
307.646
307.661
307.591
307.6
307.607
307.969
307.985
307.969
307.759
307.761
307.759
307.665
307.666
307.665
307.609
307.609
307.609
307.877
307.784
307.716
307.745
307.71
307.672
307.661
307.646
307.626
307.607
307.6
307.591
307.643
307.574
307.517
307.47
307.621
307.563
307.51
307.463
307.594
307.548
307.5
307.453
307.575
307.538
307.493
307.441
307.43
307.4
307.38
307.37
307.423
307.393
307.372
307.362
307.408
307.376
307.357
307.347
307.381
307.351
307.334
307.326
307.299
307.305
307.314
307.325
307.27
307.273
307.278
307.283
307.24
307.242
307.245
307.247
307.211
307.212
307.214
307.215
307.184
307.184
307.185
307.186
307.158
307.159
307.159
307.16
307.135
307.135
307.136
307.136
307.114
307.114
307.115
307.115
307.095
307.095
307.096
307.096
307.078
307.079
307.079
307.079
307.064
307.064
307.064
307.065
307.052
307.052
307.052
307.052
307.042
307.042
307.042
307.042
307.034
307.035
307.035
307.035
307.029
307.029
307.03
307.029
307.026
307.026
307.027
307.026
307.564
307.566
307.568
307.533
307.534
307.534
307.503
307.503
307.504
307.475
307.475
307.475
307.449
307.449
307.449
307.425
307.425
307.425
307.403
307.403
307.403
307.383
307.383
307.383
307.366
307.366
307.366
307.35
307.35
307.35
307.337
307.337
307.337
307.325
307.325
307.325
307.316
307.316
307.316
307.309
307.309
307.309
307.304
307.304
307.304
307.301
307.301
307.301
307.568
307.568
307.568
307.534
307.534
307.534
307.504
307.504
307.504
307.475
307.475
307.475
307.449
307.449
307.449
307.425
307.425
307.425
307.403
307.403
307.403
307.383
307.383
307.383
307.366
307.366
307.366
307.35
307.35
307.35
307.337
307.337
307.337
307.325
307.325
307.325
307.316
307.316
307.316
307.309
307.309
307.309
307.304
307.304
307.304
307.302
307.302
307.302
307.568
307.566
307.564
307.534
307.534
307.533
307.504
307.503
307.503
307.475
307.475
307.475
307.449
307.449
307.449
307.425
307.425
307.425
307.403
307.403
307.403
307.383
307.383
307.383
307.366
307.366
307.366
307.35
307.35
307.35
307.337
307.337
307.337
307.325
307.325
307.325
307.316
307.316
307.316
307.309
307.309
307.309
307.304
307.304
307.304
307.302
307.302
307.301
307.325
307.314
307.304
307.299
307.282
307.278
307.273
307.27
307.246
307.244
307.242
307.24
307.214
307.213
307.212
307.211
307.186
307.185
307.184
307.183
307.159
307.159
307.158
307.158
307.136
307.135
307.135
307.134
307.114
307.114
307.114
307.113
307.095
307.095
307.095
307.094
307.078
307.078
307.078
307.077
307.064
307.064
307.063
307.063
307.052
307.052
307.051
307.051
307.042
307.042
307.041
307.041
307.034
307.034
307.034
307.033
307.029
307.029
307.028
307.028
307.026
307.026
307.025
307.025
)
;

boundaryField
{
    base_hotspot
    {
        type            fixedGradient;
        gradient        uniform 203.252;
    }
    base_adiabatic
    {
        type            zeroGradient;
    }
    front
    {
        type            empty;
    }
    back
    {
        type            empty;
    }
    aluminum_to_air
    {
        type            compressible::turbulentTemperatureCoupledBaffleMixed;
        refValue        nonuniform List<scalar> 
129
(
294.34
294.284
294.293
294.333
307.379
307.445
307.499
307.546
307.546
307.499
307.445
307.379
294.431
294.413
294.445
294.492
294.379
307.379
294.426
307.315
294.472
307.271
294.515
307.237
294.556
307.206
294.595
307.176
294.633
307.145
294.67
307.109
294.706
307.063
294.743
306.996
294.779
306.895
294.816
306.731
294.852
306.494
294.89
306.246
294.919
305.996
296.849
294.997
298.334
299.894
305.315
300.857
307.546
307.504
307.47
307.44
307.412
307.385
307.356
307.325
307.285
307.229
307.142
306.991
306.713
306.214
305.52
304.962
304.71
304.181
303.607
303.219
303.021
302.827
307.546
307.504
307.47
307.44
307.413
307.388
307.363
307.337
307.309
307.273
307.225
307.157
307.063
306.939
306.755
302.47
301.976
306.289
301.536
307.379
307.315
307.272
307.237
307.207
307.18
307.153
307.125
307.093
307.049
306.987
306.896
306.765
306.587
306.348
305.823
294.543
294.594
294.646
294.701
294.757
294.814
294.871
294.927
294.982
295.034
295.083
295.127
295.166
295.198
295.212
298.963
298.02
297.005
296.016
295.286
)
;
        refGradient     uniform 0;
        valueFraction   nonuniform List<scalar> 
129
(
2.89995e-05
2.89995e-05
2.89995e-05
2.89995e-05
0.000144981
0.000144981
0.000144981
0.000144981
0.000144981
0.000144981
0.000144981
0.000144981
2.89995e-05
2.89995e-05
2.89995e-05
2.89995e-05
2.89995e-05
0.000144981
2.89995e-05
0.000144981
2.89995e-05
0.000144981
2.89995e-05
0.000144981
2.89995e-05
0.000144981
2.89995e-05
0.000144981
2.89995e-05
0.000144981
2.89995e-05
0.000144981
2.89995e-05
0.000144981
2.89995e-05
0.000144981
2.89995e-05
0.000144981
2.89995e-05
0.000144981
2.89995e-05
0.000144981
2.89995e-05
0.000144981
2.89995e-05
0.000144981
3.62491e-05
2.89995e-05
3.62491e-05
3.62491e-05
0.000144981
3.62491e-05
8.21599e-05
8.21599e-05
8.21599e-05
8.21599e-05
8.21599e-05
8.21599e-05
8.21599e-05
8.21599e-05
8.21599e-05
8.21599e-05
8.21599e-05
8.21599e-05
8.21599e-05
8.21599e-05
8.21599e-05
8.21599e-05
3.62491e-05
3.62491e-05
3.62491e-05
3.62491e-05
3.62491e-05
3.62491e-05
8.21599e-05
8.21599e-05
8.21599e-05
8.21599e-05
8.21599e-05
8.21599e-05
8.21599e-05
8.21599e-05
8.21599e-05
8.21599e-05
8.21599e-05
8.21599e-05
8.21599e-05
8.21599e-05
8.21599e-05
3.62491e-05
3.62491e-05
8.21599e-05
3.62491e-05
0.000144981
0.000144981
0.000144981
0.000144981
0.000144981
0.000144981
0.000144981
0.000144981
0.000144981
0.000144981
0.000144981
0.000144981
0.000144981
0.000144981
0.000144981
0.000144981
2.89995e-05
2.89995e-05
2.89995e-05
2.89995e-05
2.89995e-05
2.89995e-05
2.89995e-05
2.89995e-05
2.89995e-05
2.89995e-05
2.89995e-05
2.89995e-05
2.89995e-05
2.89995e-05
2.89995e-05
3.62491e-05
3.62491e-05
3.62491e-05
3.62491e-05
2.89995e-05
)
;
        value           nonuniform List<scalar> 
129
(
307.369
307.362
307.347
307.325
307.441
307.492
307.538
307.575
307.575
307.538
307.492
307.441
307.369
307.362
307.347
307.325
307.299
307.325
307.269
307.282
307.239
307.246
307.21
307.214
307.183
307.186
307.157
307.159
307.134
307.136
307.113
307.114
307.094
307.095
307.077
307.079
307.063
307.064
307.051
307.052
307.041
307.042
307.033
307.034
307.028
307.029
307.025
307.025
307.026
307.026
307.026
307.026
307.564
307.533
307.503
307.475
307.449
307.425
307.403
307.383
307.365
307.35
307.336
307.325
307.316
307.308
307.303
307.301
307.301
307.301
307.301
307.301
307.301
307.301
307.564
307.533
307.503
307.475
307.449
307.425
307.403
307.383
307.365
307.35
307.336
307.325
307.316
307.309
307.304
307.301
307.301
307.301
307.301
307.325
307.282
307.246
307.214
307.185
307.159
307.135
307.114
307.095
307.078
307.064
307.051
307.041
307.034
307.028
307.025
307.298
307.269
307.239
307.21
307.183
307.157
307.134
307.112
307.093
307.077
307.062
307.05
307.04
307.032
307.027
307.025
307.025
307.025
307.024
307.024
)
;
        Tnbr            T;
        thicknessLayers 0();
        kappaLayers     0();
        kappaMethod     solidThermo;
        kappa           none;
        alphaAni        none;
        alpha           none;
    }
}


// ************************************************************************* //
