/*--------------------------------*- C++ -*----------------------------------*\
| =========                 |                                                 |
| \\      /  F ield         | OpenFOAM: The Open Source CFD Toolbox           |
|  \\    /   O peration     | Version:                                        |
|   \\  /    A nd           | Website:  www.openfoam.com                      |
|    \\/     M anipulation  |                                                 |
\*---------------------------------------------------------------------------*/
FoamFile
{
    version     2.0;
    format      ascii;
    class       volScalarField;
    location    "1803.5/aluminum";
    object      T;
}
// * * * * * * * * * * * * * * * * * * * * * * * * * * * * * * * * * * * * * //

dimensions      [0 0 0 1 0 0 0];


internalField   nonuniform List<scalar> 
372
(
306.476
306.487
306.507
306.537
306.469
306.479
306.499
306.529
306.454
306.464
306.483
306.514
306.433
306.441
306.457
306.487
306.576
306.623
306.68
306.749
306.57
306.617
306.669
306.727
306.559
306.607
306.654
306.7
306.547
306.599
306.644
306.681
306.822
306.89
306.983
306.778
306.816
306.851
306.732
306.752
306.767
306.697
306.706
306.713
307.075
307.091
307.075
306.864
306.867
306.864
306.771
306.771
306.771
306.714
306.714
306.714
306.983
306.89
306.822
306.851
306.816
306.778
306.767
306.752
306.732
306.713
306.706
306.697
306.749
306.68
306.623
306.576
306.727
306.669
306.617
306.57
306.7
306.654
306.607
306.559
306.681
306.644
306.599
306.547
306.536
306.507
306.487
306.476
306.529
306.499
306.479
306.469
306.514
306.483
306.464
306.454
306.487
306.457
306.441
306.432
306.406
306.411
306.421
306.432
306.376
306.38
306.385
306.389
306.347
306.349
306.351
306.353
306.318
306.319
306.32
306.321
306.29
306.291
306.292
306.293
306.265
306.266
306.266
306.266
306.242
306.242
306.243
306.243
306.22
306.221
306.221
306.222
306.202
306.202
306.202
306.203
306.185
306.185
306.186
306.186
306.171
306.171
306.171
306.171
306.158
306.159
306.159
306.159
306.149
306.149
306.149
306.149
306.141
306.142
306.142
306.142
306.136
306.136
306.137
306.137
306.133
306.133
306.134
306.134
306.67
306.671
306.673
306.639
306.639
306.64
306.609
306.609
306.609
306.58
306.58
306.58
306.554
306.554
306.554
306.53
306.53
306.53
306.508
306.508
306.508
306.488
306.488
306.488
306.471
306.471
306.471
306.455
306.455
306.455
306.441
306.441
306.441
306.43
306.43
306.43
306.421
306.421
306.421
306.414
306.414
306.414
306.409
306.409
306.409
306.406
306.406
306.407
306.674
306.674
306.674
306.64
306.64
306.64
306.609
306.609
306.609
306.581
306.581
306.581
306.554
306.554
306.554
306.53
306.53
306.53
306.508
306.508
306.508
306.488
306.488
306.488
306.471
306.471
306.471
306.455
306.455
306.455
306.441
306.441
306.441
306.43
306.43
306.43
306.421
306.421
306.421
306.414
306.414
306.414
306.409
306.409
306.409
306.407
306.407
306.407
306.673
306.671
306.67
306.64
306.639
306.639
306.609
306.609
306.609
306.58
306.58
306.58
306.554
306.554
306.554
306.53
306.53
306.53
306.508
306.508
306.508
306.488
306.488
306.488
306.471
306.471
306.471
306.455
306.455
306.455
306.441
306.441
306.441
306.43
306.43
306.43
306.421
306.421
306.421
306.414
306.414
306.414
306.409
306.409
306.409
306.406
306.406
306.406
306.431
306.421
306.411
306.406
306.389
306.384
306.38
306.376
306.353
306.351
306.348
306.347
306.321
306.32
306.319
306.318
306.292
306.292
306.291
306.29
306.266
306.266
306.265
306.265
306.243
306.242
306.242
306.241
306.221
306.221
306.221
306.22
306.202
306.202
306.202
306.201
306.186
306.186
306.185
306.185
306.171
306.171
306.171
306.17
306.159
306.159
306.159
306.158
306.149
306.149
306.149
306.148
306.142
306.142
306.141
306.141
306.136
306.136
306.136
306.136
306.133
306.134
306.133
306.133
)
;

boundaryField
{
    base_hotspot
    {
        type            fixedGradient;
        gradient        uniform 203.252;
    }
    base_adiabatic
    {
        type            zeroGradient;
    }
    front
    {
        type            empty;
    }
    back
    {
        type            empty;
    }
    aluminum_to_air
    {
        type            compressible::turbulentTemperatureCoupledBaffleMixed;
        refValue        nonuniform List<scalar> 
129
(
294.403
294.381
294.407
294.443
306.485
306.55
306.605
306.651
306.651
306.605
306.551
306.485
294.5
294.484
294.508
294.542
294.48
306.485
294.515
306.421
294.551
306.377
294.589
306.341
294.628
306.308
294.668
306.274
294.71
306.237
294.754
306.192
294.799
306.136
294.845
306.065
294.891
305.972
294.935
305.845
294.976
305.688
295.013
305.533
295.036
305.421
295.778
295.112
296.684
297.641
305.134
298.521
306.651
306.609
306.574
306.543
306.514
306.484
306.451
306.412
306.363
306.303
306.223
306.12
306.003
305.89
305.741
305.308
301.366
301.646
302.143
302.583
302.812
302.997
306.651
306.61
306.575
306.546
306.519
306.493
306.469
306.445
306.418
306.382
306.326
306.227
306.077
305.915
305.733
303.195
302.663
305.019
301.477
306.485
306.421
306.378
306.344
306.314
306.287
306.262
306.236
306.205
306.16
306.08
305.931
305.68
305.296
304.79
304.356
294.578
294.616
294.654
294.695
294.737
294.778
294.817
294.854
294.887
294.917
294.943
294.964
294.98
294.993
294.992
301.806
300.047
298.347
296.742
295.047
)
;
        refGradient     uniform 0;
        valueFraction   nonuniform List<scalar> 
129
(
2.89995e-05
2.89995e-05
2.89995e-05
2.89995e-05
0.000144981
0.000144981
0.000144981
0.000144981
0.000144981
0.000144981
0.000144981
0.000144981
2.89995e-05
2.89995e-05
2.89995e-05
2.89995e-05
2.89995e-05
0.000144981
2.89995e-05
0.000144981
2.89995e-05
0.000144981
2.89995e-05
0.000144981
2.89995e-05
0.000144981
2.89995e-05
0.000144981
2.89995e-05
0.000144981
2.89995e-05
0.000144981
2.89995e-05
0.000144981
2.89995e-05
0.000144981
2.89995e-05
0.000144981
2.89995e-05
0.000144981
2.89995e-05
0.000144981
2.89995e-05
0.000144981
2.89995e-05
0.000144981
3.62491e-05
2.89995e-05
3.62491e-05
3.62491e-05
0.000144981
3.62491e-05
8.21599e-05
8.21599e-05
8.21599e-05
8.21599e-05
8.21599e-05
8.21599e-05
8.21599e-05
8.21599e-05
8.21599e-05
8.21599e-05
8.21599e-05
8.21599e-05
8.21599e-05
8.21599e-05
8.21599e-05
8.21599e-05
3.62491e-05
3.62491e-05
3.62491e-05
3.62491e-05
3.62491e-05
3.62491e-05
8.21599e-05
8.21599e-05
8.21599e-05
8.21599e-05
8.21599e-05
8.21599e-05
8.21599e-05
8.21599e-05
8.21599e-05
8.21599e-05
8.21599e-05
8.21599e-05
8.21599e-05
8.21599e-05
8.21599e-05
3.62491e-05
3.62491e-05
8.21599e-05
3.62491e-05
0.000144981
0.000144981
0.000144981
0.000144981
0.000144981
0.000144981
0.000144981
0.000144981
0.000144981
0.000144981
0.000144981
0.000144981
0.000144981
0.000144981
0.000144981
0.000144981
2.89995e-05
2.89995e-05
2.89995e-05
2.89995e-05
2.89995e-05
2.89995e-05
2.89995e-05
2.89995e-05
2.89995e-05
2.89995e-05
2.89995e-05
2.89995e-05
2.89995e-05
2.89995e-05
2.89995e-05
3.62491e-05
3.62491e-05
3.62491e-05
3.62491e-05
2.89995e-05
)
;
        value           nonuniform List<scalar> 
129
(
306.476
306.468
306.453
306.432
306.547
306.598
306.644
306.681
306.681
306.644
306.598
306.547
306.476
306.468
306.453
306.432
306.405
306.431
306.376
306.389
306.346
306.353
306.317
306.321
306.29
306.292
306.264
306.266
306.241
306.242
306.22
306.221
306.201
306.202
306.184
306.185
306.17
306.171
306.158
306.159
306.148
306.149
306.14
306.141
306.135
306.136
306.132
306.132
306.133
306.133
306.133
306.133
306.669
306.638
306.608
306.58
306.554
306.53
306.508
306.488
306.47
306.455
306.441
306.43
306.42
306.413
306.409
306.406
306.406
306.406
306.406
306.406
306.406
306.406
306.669
306.638
306.608
306.58
306.554
306.53
306.508
306.488
306.47
306.455
306.441
306.43
306.421
306.413
306.408
306.406
306.406
306.406
306.406
306.431
306.389
306.353
306.321
306.292
306.266
306.242
306.221
306.202
306.185
306.171
306.159
306.149
306.141
306.136
306.133
306.405
306.376
306.346
306.317
306.29
306.264
306.241
306.22
306.201
306.184
306.17
306.158
306.148
306.14
306.135
306.133
306.133
306.133
306.132
306.132
)
;
        Tnbr            T;
        thicknessLayers 0();
        kappaLayers     0();
        kappaMethod     solidThermo;
        kappa           none;
        alphaAni        none;
        alpha           none;
    }
}


// ************************************************************************* //
