/*--------------------------------*- C++ -*----------------------------------*\
| =========                 |                                                 |
| \\      /  F ield         | OpenFOAM: The Open Source CFD Toolbox           |
|  \\    /   O peration     | Version:                                        |
|   \\  /    A nd           | Website:  www.openfoam.com                      |
|    \\/     M anipulation  |                                                 |
\*---------------------------------------------------------------------------*/
FoamFile
{
    version     2.0;
    format      ascii;
    class       volScalarField;
    location    "1942.5/air";
    object      T;
}
// * * * * * * * * * * * * * * * * * * * * * * * * * * * * * * * * * * * * * //

dimensions      [0 0 0 1 0 0 0];


internalField   nonuniform List<scalar> 
2228
(
307.471
307.536
307.591
307.638
307.407
307.469
307.534
307.596
307.363
307.422
307.491
307.561
307.328
307.385
307.456
307.531
307.297
307.352
307.424
307.503
307.268
307.318
307.392
307.476
307.238
307.28
307.356
307.449
307.206
307.231
307.312
307.42
307.166
307.16
307.249
307.386
307.114
307.051
307.155
307.343
307.042
306.885
307.014
307.285
306.945
306.647
306.815
307.21
306.821
306.328
306.552
307.117
306.664
305.895
306.196
307.005
306.43
305.238
305.623
306.845
305.776
304.142
304.59
306.491
307.638
307.591
307.537
307.471
307.596
307.535
307.47
307.407
307.562
307.493
307.424
307.364
307.533
307.46
307.389
307.33
307.506
307.432
307.36
307.3
307.48
307.405
307.332
307.273
307.456
307.377
307.303
307.248
307.431
307.343
307.267
307.221
307.4
307.284
307.197
307.182
307.346
307.134
307.003
307.103
307.218
306.675
306.462
306.913
306.93
305.487
305.322
306.526
306.435
303.44
303.728
306.008
305.577
301.065
302.351
305.674
304.232
299.009
301.288
305.651
302.837
297.384
299.727
305.192
296.24
297.198
298.144
299.019
293.264
293.193
293.264
293.448
293.15
293.07
292.977
292.895
293.139
293.131
293.109
293.073
293.134
293.135
293.136
293.134
293.141
293.139
293.139
293.14
293.147
293.145
293.144
293.143
293.149
293.147
293.146
293.145
293.147
293.146
293.145
293.144
293.144
293.143
293.143
293.142
293.139
293.138
293.138
293.138
293.142
293.141
293.14
293.14
293.207
293.201
293.195
293.19
293.374
293.359
293.342
293.323
293.571
293.552
293.529
293.5
293.735
293.71
293.681
293.649
293.905
293.883
293.855
293.823
294.144
294.113
294.078
294.038
294.115
294.077
294.038
293.998
293.947
293.95
293.957
293.966
299.652
299.979
300.542
302.065
293.748
294.082
294.463
295.134
292.844
292.833
292.864
292.955
293.022
292.962
292.899
292.834
293.127
293.111
293.084
293.046
293.141
293.143
293.142
293.136
293.142
293.143
293.144
293.146
293.143
293.143
293.142
293.143
293.143
293.143
293.142
293.142
293.142
293.142
293.141
293.141
293.138
293.138
293.138
293.138
293.14
293.14
293.14
293.142
293.185
293.18
293.178
293.184
293.302
293.28
293.265
293.287
293.464
293.419
293.374
293.383
293.612
293.567
293.513
293.463
293.785
293.741
293.689
293.627
293.994
293.947
293.895
293.836
293.957
293.915
293.874
293.831
293.971
293.976
293.981
293.992
303.19
303.902
304.357
295.885
296.573
297.307
293.096
293.264
293.507
292.786
292.758
292.742
293.008
292.976
292.939
293.129
293.12
293.109
293.148
293.149
293.149
293.144
293.145
293.146
293.142
293.142
293.142
293.141
293.14
293.14
293.138
293.139
293.139
293.144
293.146
293.15
293.207
293.239
293.285
293.392
293.531
293.718
293.509
293.695
293.948
293.471
293.541
293.691
293.579
293.556
293.558
293.784
293.744
293.705
293.795
293.768
293.74
294.007
294.012
294.013
304.457
304.471
304.471
297.756
297.981
298.196
293.704
293.822
293.948
292.741
292.745
292.754
292.913
292.899
292.884
293.1
293.094
293.089
293.149
293.149
293.148
293.147
293.147
293.148
293.142
293.142
293.142
293.14
293.14
293.14
293.139
293.139
293.139
293.154
293.157
293.159
293.327
293.351
293.377
293.849
293.911
293.966
294.124
294.209
294.286
293.838
293.919
294.003
293.587
293.609
293.637
293.681
293.671
293.662
293.72
293.71
293.699
294.006
294.004
294.005
304.46
304.297
303.126
298.595
299.1
299.365
294.212
294.615
295.026
292.783
292.853
292.953
292.857
292.821
292.792
293.076
293.054
293.031
293.147
293.144
293.14
293.149
293.151
293.152
293.143
293.143
293.144
293.14
293.14
293.14
293.139
293.139
293.139
293.165
293.174
293.186
293.431
293.519
293.6
294.055
294.127
294.166
294.408
294.51
294.537
294.161
294.37
294.52
293.702
293.838
293.995
293.649
293.648
293.671
293.679
293.65
293.624
294.007
293.998
293.988
299.701
295.734
295.464
296.236
299.239
298.605
297.919
296.979
295.599
296.163
296.398
296.245
293.151
293.451
293.723
293.887
292.767
292.764
292.79
292.832
292.995
292.953
292.916
292.891
293.131
293.116
293.098
293.081
293.153
293.154
293.152
293.149
293.146
293.148
293.15
293.152
293.14
293.14
293.14
293.14
293.139
293.138
293.136
293.134
293.208
293.248
293.296
293.347
293.69
293.791
293.886
293.972
294.215
294.3
294.395
294.477
294.51
294.442
294.381
294.335
294.621
294.587
294.447
294.258
294.2
294.369
294.427
294.389
293.737
293.856
293.975
294.07
293.597
293.584
293.601
293.637
293.974
293.942
293.95
293.967
296.686
297.577
299.318
299.626
295.451
294.053
294.57
295.81
295.738
295.083
294.372
293.913
293.91
293.808
293.595
293.274
292.872
292.898
292.914
292.858
292.879
292.877
292.892
292.882
293.067
293.056
293.057
293.035
293.145
293.142
293.145
293.116
293.154
293.156
293.159
293.119
293.139
293.135
293.123
293.079
293.133
293.134
293.142
293.181
293.399
293.466
293.573
293.748
294.06
294.163
294.28
294.395
294.535
294.556
294.517
294.41
294.292
294.222
294.104
293.953
294.063
293.888
293.753
293.671
294.286
294.152
294.026
293.931
294.129
294.155
294.155
294.143
293.688
293.748
293.813
293.892
293.984
294.004
294.033
294.095
293.15
293.15
293.15
293.15
293.15
293.15
293.15
293.148
293.129
293.088
293.054
293.042
293.035
293.017
292.964
292.842
292.691
292.615
292.622
294.335
293.15
293.15
293.15
293.15
293.15
293.15
293.15
293.149
293.135
293.096
293.059
293.044
293.035
293.015
292.953
292.825
292.696
292.667
292.794
294.331
293.15
293.15
293.15
293.15
293.15
293.15
293.15
293.15
293.142
293.111
293.071
293.049
293.037
293.013
292.947
292.826
292.736
292.758
292.928
294.381
293.15
293.15
293.15
293.15
293.15
293.15
293.15
293.15
293.147
293.127
293.089
293.059
293.041
293.015
292.952
292.851
292.798
292.837
292.973
294.446
293.15
293.15
293.15
293.15
293.15
293.15
293.15
293.15
293.15
293.139
293.109
293.074
293.049
293.021
292.967
292.89
292.867
292.907
292.984
294.511
293.15
293.15
293.15
293.15
293.15
293.15
293.15
293.15
293.15
293.147
293.126
293.092
293.06
293.03
292.987
292.933
292.93
292.975
292.99
294.575
293.15
293.15
293.15
293.15
293.15
293.15
293.15
293.15
293.15
293.15
293.139
293.111
293.076
293.042
293.007
292.972
292.982
293.036
292.998
294.638
293.15
293.15
293.15
293.15
293.15
293.15
293.15
293.15
293.15
293.15
293.146
293.127
293.094
293.057
293.024
293.003
293.019
293.077
293.009
294.701
293.15
293.15
293.15
293.15
293.15
293.15
293.15
293.15
293.15
293.15
293.149
293.138
293.112
293.074
293.04
293.025
293.043
293.09
293.022
294.767
293.15
293.15
293.15
293.15
293.15
293.15
293.15
293.15
293.15
293.15
293.15
293.145
293.126
293.092
293.056
293.04
293.058
293.094
293.031
294.835
293.15
293.15
293.15
293.15
293.15
293.15
293.15
293.15
293.15
293.15
293.15
293.149
293.137
293.109
293.072
293.052
293.065
293.093
293.037
294.905
293.15
293.15
293.15
293.15
293.15
293.15
293.15
293.15
293.15
293.15
293.15
293.15
293.144
293.123
293.089
293.063
293.068
293.092
293.041
294.976
293.15
293.15
293.15
293.15
293.15
293.15
293.15
293.15
293.15
293.15
293.15
293.151
293.148
293.134
293.105
293.075
293.071
293.09
293.043
295.048
293.15
293.15
293.15
293.15
293.15
293.15
293.15
293.15
293.15
293.15
293.15
293.15
293.15
293.142
293.118
293.088
293.075
293.09
293.043
295.12
293.15
293.15
293.15
293.15
293.15
293.15
293.15
293.15
293.15
293.15
293.15
293.15
293.151
293.147
293.13
293.101
293.082
293.092
293.042
295.192
293.15
293.15
293.15
293.15
293.15
293.15
293.15
293.15
293.15
293.15
293.15
293.15
293.15
293.149
293.138
293.114
293.091
293.096
293.039
295.26
293.15
293.15
293.15
293.15
293.15
293.15
293.15
293.15
293.15
293.15
293.15
293.15
293.15
293.15
293.144
293.125
293.101
293.103
293.034
295.325
293.15
293.15
293.15
293.15
293.15
293.15
293.15
293.15
293.15
293.15
293.15
293.15
293.15
293.151
293.147
293.134
293.111
293.112
293.028
295.383
293.15
293.15
293.15
293.15
293.15
293.15
293.15
293.15
293.15
293.15
293.15
293.15
293.15
293.15
293.149
293.141
293.121
293.122
293.019
295.423
293.15
293.15
293.15
293.15
293.15
293.15
293.15
293.15
293.15
293.15
293.15
293.15
293.15
293.15
293.15
293.145
293.129
293.133
293.01
295.517
293.15
293.15
293.149
293.149
293.149
293.149
293.149
293.148
293.148
293.148
293.149
293.149
293.149
293.15
293.15
293.15
293.14
293.155
292.998
294.385
293.149
293.151
293.164
293.182
293.191
293.188
293.178
293.167
293.158
293.152
293.148
293.146
293.145
293.146
293.147
293.15
293.146
293.163
293.07
293.503
293.149
293.227
293.347
293.448
293.497
293.476
293.408
293.327
293.262
293.218
293.189
293.169
293.155
293.148
293.144
293.145
293.144
293.156
293.122
293.205
293.184
293.413
293.629
293.77
293.837
293.845
293.77
293.629
293.481
293.369
293.298
293.249
293.211
293.181
293.161
293.151
293.145
293.148
293.143
293.14
293.257
293.57
293.788
293.892
293.932
293.956
293.958
293.878
293.722
293.562
293.449
293.375
293.315
293.261
293.216
293.184
293.163
293.152
293.15
293.139
293.335
293.66
293.842
293.897
293.906
293.927
293.968
293.977
293.89
293.738
293.602
293.512
293.44
293.367
293.298
293.241
293.2
293.172
293.158
293.147
293.389
293.723
293.882
293.903
293.895
293.924
293.969
294.003
293.974
293.861
293.728
293.63
293.553
293.465
293.373
293.294
293.235
293.193
293.168
293.154
293.454
293.823
293.945
293.924
293.916
293.966
294.017
294.036
294.015
293.931
293.814
293.718
293.635
293.531
293.412
293.31
293.241
293.197
293.17
293.155
293.536
293.939
293.998
293.939
293.959
294.038
294.089
294.078
294.036
293.961
293.861
293.77
293.683
293.554
293.4
293.284
293.218
293.182
293.163
293.152
293.616
294.024
294.007
293.954
294.028
294.117
294.14
294.096
294.035
293.961
293.872
293.791
293.696
293.523
293.344
293.239
293.189
293.166
293.154
293.147
293.689
294.059
293.987
293.99
294.097
294.146
294.125
294.071
294.004
293.934
293.86
293.788
293.66
293.441
293.282
293.21
293.177
293.157
293.146
293.141
293.747
294.054
293.98
294.038
294.114
294.108
294.063
294.01
293.952
293.896
293.836
293.747
293.57
293.356
293.261
293.229
293.212
293.184
293.163
293.148
293.805
294.036
293.989
294.058
294.089
294.045
293.992
293.946
293.901
293.853
293.783
293.655
293.466
293.334
293.31
293.315
293.324
293.299
293.269
293.229
293.841
294.019
293.992
294.053
294.049
293.985
293.931
293.889
293.844
293.784
293.69
293.554
293.427
293.406
293.43
293.459
293.485
293.485
293.467
293.413
293.876
294.001
293.987
294.036
294.01
293.934
293.873
293.823
293.767
293.696
293.61
293.53
293.515
293.559
293.605
293.639
293.663
293.67
293.661
293.612
293.88
293.982
293.976
294.016
293.987
293.907
293.835
293.778
293.724
293.675
293.644
293.654
293.709
293.768
293.813
293.845
293.866
293.872
293.858
293.791
293.87
293.964
293.958
293.99
293.977
293.915
293.854
293.809
293.782
293.782
293.821
293.909
293.989
294.05
294.098
294.138
294.124
294.055
294.012
293.951
293.844
293.939
293.936
293.95
293.95
293.918
293.884
293.872
293.904
294.004
294.145
294.219
294.193
294.14
294.119
294.132
294.195
294.275
294.285
294.209
293.797
293.884
293.897
293.903
293.908
293.929
293.989
294.076
294.121
294.086
294.036
294.044
294.078
294.085
294.076
294.092
294.145
294.222
294.251
294.202
293.686
293.722
293.729
293.73
293.729
293.756
293.802
293.835
293.829
293.783
293.751
293.757
293.791
293.819
293.782
293.783
293.794
293.853
293.905
293.958
294.469
292.479
292.551
292.613
292.665
292.704
292.736
292.765
292.792
292.816
292.837
292.854
292.868
292.881
292.895
292.908
292.923
292.938
292.949
292.98
294.436
292.601
292.586
292.636
292.677
292.71
292.739
292.767
292.793
292.817
292.838
292.856
292.871
292.886
292.9
292.915
292.932
292.949
292.962
293
294.458
292.717
292.694
292.699
292.709
292.728
292.75
292.774
292.798
292.822
292.843
292.863
292.88
292.897
292.914
292.933
292.955
292.978
292.995
293.045
294.497
292.781
292.839
292.789
292.758
292.758
292.771
292.79
292.811
292.834
292.855
292.876
292.896
292.917
292.939
292.963
292.993
293.022
293.044
293.104
294.538
292.829
292.965
292.87
292.813
292.798
292.802
292.815
292.833
292.853
292.874
292.897
292.92
292.945
292.972
293.003
293.042
293.075
293.1
293.161
294.579
292.871
293.031
292.926
292.865
292.843
292.84
292.847
292.861
292.879
292.9
292.924
292.951
292.98
293.014
293.05
293.095
293.129
293.153
293.207
294.62
292.899
293.063
292.966
292.913
292.888
292.881
292.885
292.895
292.911
292.932
292.958
292.988
293.021
293.059
293.098
293.145
293.177
293.196
293.242
294.658
292.919
293.082
292.996
292.954
292.931
292.923
292.924
292.932
292.946
292.968
292.995
293.028
293.064
293.104
293.143
293.187
293.215
293.23
293.268
294.692
292.935
293.097
293.022
292.99
292.971
292.963
292.962
292.969
292.983
293.006
293.035
293.069
293.106
293.145
293.181
293.22
293.243
293.255
293.287
294.722
292.947
293.111
293.045
293.022
293.007
293
292.999
293.006
293.021
293.044
293.074
293.109
293.144
293.179
293.21
293.243
293.264
293.274
293.302
294.747
292.958
293.124
293.066
293.051
293.039
293.033
293.034
293.041
293.057
293.081
293.111
293.143
293.175
293.205
293.231
293.259
293.279
293.289
293.315
294.768
292.967
293.136
293.085
293.076
293.067
293.064
293.065
293.074
293.091
293.115
293.143
293.172
293.199
293.224
293.246
293.272
293.293
293.302
293.326
294.786
292.975
293.148
293.103
293.099
293.093
293.091
293.094
293.104
293.122
293.144
293.169
293.194
293.216
293.236
293.256
293.282
293.305
293.314
293.337
294.8
292.981
293.158
293.118
293.118
293.114
293.115
293.119
293.13
293.147
293.168
293.189
293.209
293.227
293.245
293.263
293.292
293.318
293.326
293.346
294.812
292.987
293.167
293.131
293.134
293.133
293.135
293.141
293.152
293.167
293.185
293.203
293.219
293.234
293.25
293.27
293.302
293.33
293.337
293.355
294.823
292.992
293.175
293.142
293.148
293.148
293.151
293.158
293.169
293.182
293.197
293.212
293.225
293.239
293.255
293.276
293.311
293.341
293.348
293.363
294.833
292.996
293.181
293.15
293.158
293.159
293.164
293.171
293.18
293.192
293.204
293.216
293.228
293.241
293.258
293.283
293.321
293.352
293.358
293.37
294.845
293.001
293.186
293.156
293.165
293.167
293.172
293.179
293.188
293.198
293.208
293.219
293.23
293.243
293.262
293.289
293.329
293.362
293.366
293.375
294.854
293.006
293.189
293.159
293.169
293.172
293.178
293.184
293.192
293.201
293.21
293.22
293.231
293.245
293.265
293.295
293.338
293.37
293.374
293.38
294.902
293.013
293.19
293.161
293.17
293.174
293.18
293.186
293.194
293.202
293.21
293.22
293.232
293.248
293.269
293.301
293.345
293.378
293.381
293.384
294.377
293.035
293.189
293.166
293.172
293.173
293.178
293.185
293.193
293.202
293.213
293.225
293.239
293.257
293.28
293.316
293.363
293.396
293.395
293.391
294.559
293.115
293.185
293.184
293.18
293.174
293.174
293.181
293.19
293.204
293.22
293.239
293.259
293.279
293.303
293.34
293.389
293.42
293.411
293.402
294.518
293.792
293.231
293.164
293.146
293.182
293.202
293.207
293.213
293.226
293.247
293.271
293.296
293.317
293.338
293.369
293.414
293.441
293.421
293.409
293.932
294.176
293.589
293.065
292.933
293.103
293.258
293.306
293.308
293.308
293.318
293.334
293.354
293.372
293.387
293.408
293.442
293.466
293.435
293.417
293.393
294.212
293.898
293.057
292.724
292.986
293.327
293.481
293.504
293.487
293.466
293.451
293.444
293.444
293.448
293.457
293.478
293.496
293.46
293.424
293.216
294.171
293.998
293.084
292.781
293.13
293.534
293.713
293.735
293.706
293.662
293.611
293.565
293.534
293.518
293.514
293.522
293.531
293.494
293.435
293.277
294.188
293.949
293.117
293.07
293.554
293.806
293.828
293.814
293.795
293.767
293.725
293.674
293.626
293.592
293.576
293.573
293.571
293.53
293.451
293.396
294.234
293.815
293.174
293.446
293.785
293.803
293.805
293.808
293.804
293.789
293.763
293.728
293.689
293.656
293.636
293.626
293.614
293.564
293.471
293.495
294.244
293.646
293.296
293.701
293.791
293.786
293.792
293.798
293.799
293.789
293.772
293.748
293.722
293.7
293.684
293.671
293.651
293.595
293.49
293.605
294.185
293.499
293.474
293.79
293.784
293.795
293.797
293.794
293.793
293.785
293.771
293.754
293.737
293.722
293.706
293.691
293.668
293.613
293.504
293.897
294.02
293.422
293.646
293.798
293.81
293.832
293.828
293.809
293.794
293.784
293.766
293.749
293.733
293.714
293.692
293.672
293.653
293.609
293.511
294.316
293.762
293.446
293.759
293.806
293.857
293.892
293.892
293.859
293.816
293.791
293.768
293.742
293.718
293.691
293.66
293.636
293.62
293.591
293.511
294.359
293.568
293.559
293.807
293.83
293.899
293.951
293.969
293.942
293.876
293.816
293.783
293.749
293.714
293.671
293.623
293.592
293.582
293.569
293.509
294.002
293.537
293.691
293.816
293.854
293.918
293.976
294.015
294.019
293.965
293.872
293.808
293.768
293.717
293.647
293.579
293.538
293.527
293.532
293.5
293.686
293.643
293.79
293.831
293.867
293.918
293.97
294.014
294.048
294.04
293.953
293.85
293.789
293.728
293.647
293.58
293.535
293.499
293.485
293.475
293.648
293.755
293.834
293.855
293.883
293.921
293.957
293.992
294.043
294.077
294.023
293.903
293.815
293.754
293.684
293.637
293.608
293.556
293.488
293.444
293.861
293.852
293.841
293.843
293.865
293.897
293.933
293.992
294.072
294.115
294.063
293.936
293.833
293.778
293.732
293.707
293.709
293.678
293.578
293.448
294.106
294.062
293.953
293.87
293.864
293.918
294.014
294.12
294.183
294.167
294.063
293.92
293.823
293.786
293.767
293.763
293.785
293.784
293.68
293.492
294.083
294.251
294.243
294.163
294.12
294.129
294.178
294.204
294.179
294.096
293.957
293.828
293.776
293.788
293.808
293.825
293.85
293.834
293.714
293.521
294.257
294.428
294.406
294.252
294.104
293.96
293.907
293.835
293.765
293.711
293.667
293.656
293.671
293.71
293.719
293.716
293.714
293.68
293.606
293.5
)
;

boundaryField
{
    left_open
    {
        type            inletOutlet;
        inletValue      uniform 293.15;
        value           nonuniform List<scalar> 
40
(
293.15
293.15
293.15
293.15
293.15
293.15
293.15
293.15
293.15
293.15
293.15
293.15
293.15
293.15
293.15
293.15
293.15
293.15
293.15
293.15
293.15
293.15
293.15
293.15
293.15
293.15
293.15
293.15
293.15
293.15
293.683
293.15
293.799
293.15
293.873
293.878
293.15
293.15
293.15
293.687
)
;
    }
    right_open
    {
        type            inletOutlet;
        inletValue      uniform 293.15;
        value           nonuniform List<scalar> 
40
(
292.98
293
293.045
293.103
293.16
293.206
293.241
293.267
293.286
293.301
293.314
293.325
293.336
293.346
293.354
293.362
293.369
293.375
293.379
293.383
293.391
293.401
293.15
293.417
293.424
293.434
293.45
293.469
293.488
293.502
293.509
293.51
293.507
293.498
293.474
293.443
293.442
293.482
293.51
293.494
)
;
    }
    base_side
    {
        type            zeroGradient;
    }
    top
    {
        type            inletOutlet;
        inletValue      uniform 293.15;
        value           nonuniform List<scalar> 
65
(
293.15
293.72
293.726
293.15
293.15
293.749
293.797
293.831
293.15
293.782
293.75
293.752
293.15
293.818
293.15
293.781
293.15
293.848
293.15
293.15
293.15
293.945
293.951
293.962
293.15
293.15
293.15
293.15
294.011
294.02
294.027
293.15
293.15
293.15
294.024
294.016
294.011
294.003
293.15
293.15
293.985
294.002
294.025
294.046
294.108
293.15
294.444
294.394
293.15
294.082
293.15
293.904
293.15
293.15
293.706
293.15
293.656
293.673
293.712
293.15
293.15
293.711
293.15
293.598
293.494
)
;
    }
    front
    {
        type            empty;
    }
    back
    {
        type            empty;
    }
    air_to_aluminum
    {
        type            compressible::turbulentTemperatureCoupledBaffleMixed;
        refValue        nonuniform List<scalar> 
129
(
307.462
307.454
307.439
307.418
307.533
307.584
307.63
307.667
307.667
307.63
307.584
307.533
307.461
307.454
307.439
307.418
307.391
307.417
307.361
307.374
307.332
307.338
307.303
307.306
307.275
307.277
307.25
307.251
307.226
307.228
307.205
307.206
307.186
307.187
307.169
307.17
307.155
307.156
307.143
307.144
307.133
307.134
307.125
307.126
307.12
307.121
307.117
307.117
307.117
307.118
307.118
307.118
307.656
307.625
307.595
307.567
307.541
307.517
307.495
307.475
307.457
307.442
307.428
307.417
307.408
307.401
307.396
307.393
307.393
307.393
307.393
307.393
307.393
307.393
307.656
307.625
307.595
307.567
307.541
307.517
307.495
307.475
307.457
307.442
307.428
307.417
307.407
307.4
307.395
307.393
307.392
307.392
307.392
307.417
307.374
307.338
307.306
307.277
307.251
307.227
307.206
307.187
307.17
307.156
307.143
307.133
307.125
307.12
307.117
307.391
307.361
307.331
307.302
307.275
307.249
307.226
307.205
307.186
307.169
307.155
307.142
307.133
307.125
307.12
307.117
307.117
307.117
307.117
307.117
)
;
        refGradient     uniform 0;
        valueFraction   nonuniform List<scalar> 
129
(
0.999971
0.999971
0.999971
0.999971
0.999855
0.999855
0.999855
0.999855
0.999855
0.999855
0.999855
0.999855
0.999971
0.999971
0.999971
0.999971
0.999971
0.999855
0.999971
0.999855
0.999971
0.999855
0.999971
0.999855
0.999971
0.999855
0.999971
0.999855
0.999971
0.999855
0.999971
0.999855
0.999971
0.999855
0.999971
0.999855
0.999971
0.999855
0.999971
0.999855
0.999971
0.999855
0.999971
0.999855
0.999971
0.999855
0.999964
0.999971
0.999964
0.999964
0.999855
0.999964
0.999918
0.999918
0.999918
0.999918
0.999918
0.999918
0.999918
0.999918
0.999918
0.999918
0.999918
0.999918
0.999918
0.999918
0.999918
0.999918
0.999964
0.999964
0.999964
0.999964
0.999964
0.999964
0.999918
0.999918
0.999918
0.999918
0.999918
0.999918
0.999918
0.999918
0.999918
0.999918
0.999918
0.999918
0.999918
0.999918
0.999918
0.999964
0.999964
0.999918
0.999964
0.999855
0.999855
0.999855
0.999855
0.999855
0.999855
0.999855
0.999855
0.999855
0.999855
0.999855
0.999855
0.999855
0.999855
0.999855
0.999855
0.999971
0.999971
0.999971
0.999971
0.999971
0.999971
0.999971
0.999971
0.999971
0.999971
0.999971
0.999971
0.999971
0.999971
0.999971
0.999964
0.999964
0.999964
0.999964
0.999971
)
;
        value           nonuniform List<scalar> 
129
(
307.461
307.454
307.439
307.417
307.533
307.584
307.63
307.667
307.667
307.63
307.584
307.533
307.461
307.454
307.439
307.417
307.39
307.417
307.361
307.374
307.331
307.338
307.302
307.306
307.275
307.277
307.249
307.251
307.226
307.228
307.205
307.206
307.186
307.187
307.169
307.17
307.154
307.156
307.142
307.144
307.132
307.134
307.125
307.126
307.119
307.12
307.116
307.116
307.117
307.117
307.117
307.117
307.656
307.625
307.595
307.567
307.541
307.517
307.495
307.475
307.457
307.442
307.428
307.417
307.408
307.401
307.396
307.393
307.393
307.393
307.393
307.393
307.393
307.393
307.656
307.625
307.595
307.567
307.541
307.517
307.495
307.475
307.457
307.442
307.428
307.417
307.407
307.4
307.395
307.393
307.392
307.392
307.392
307.417
307.374
307.338
307.306
307.277
307.251
307.227
307.206
307.187
307.17
307.156
307.143
307.133
307.125
307.12
307.116
307.39
307.361
307.331
307.302
307.274
307.249
307.226
307.204
307.185
307.169
307.154
307.142
307.132
307.125
307.119
307.116
307.117
307.117
307.117
307.117
)
;
        Tnbr            T;
        thicknessLayers 0();
        kappaLayers     0();
        kappaMethod     fluidThermo;
        kappa           none;
        alphaAni        none;
        alpha           none;
    }
}


// ************************************************************************* //
