/*--------------------------------*- C++ -*----------------------------------*\
| =========                 |                                                 |
| \\      /  F ield         | OpenFOAM: The Open Source CFD Toolbox           |
|  \\    /   O peration     | Version:                                        |
|   \\  /    A nd           | Website:  www.openfoam.com                      |
|    \\/     M anipulation  |                                                 |
\*---------------------------------------------------------------------------*/
FoamFile
{
    version     2.0;
    format      ascii;
    class       volScalarField;
    location    "1831.5/air";
    object      rho;
}
// * * * * * * * * * * * * * * * * * * * * * * * * * * * * * * * * * * * * * //

dimensions      [1 -3 0 0 0 0 0];


internalField   nonuniform List<scalar> 
2228
(
1.15117
1.15092
1.15072
1.15054
1.15141
1.15117
1.15093
1.1507
1.15157
1.15134
1.15108
1.15082
1.15169
1.15147
1.15121
1.15094
1.1518
1.15158
1.15131
1.15104
1.15191
1.15169
1.15142
1.15113
1.152
1.1518
1.15152
1.15122
1.1521
1.15193
1.15164
1.15131
1.15221
1.1521
1.1518
1.15141
1.15235
1.15236
1.15203
1.15153
1.15255
1.15278
1.15239
1.15169
1.15285
1.15349
1.15299
1.15192
1.15331
1.15464
1.15397
1.15225
1.15397
1.15641
1.15561
1.15272
1.15487
1.15899
1.15838
1.15355
1.15666
1.16277
1.16296
1.15576
1.15054
1.15072
1.15092
1.15117
1.1507
1.15093
1.15117
1.15141
1.15082
1.15108
1.15134
1.15157
1.15094
1.1512
1.15147
1.15169
1.15104
1.15131
1.15158
1.1518
1.15113
1.15141
1.15169
1.1519
1.15122
1.15152
1.15179
1.152
1.15131
1.15164
1.15192
1.1521
1.15142
1.15181
1.15212
1.15222
1.15156
1.15214
1.15251
1.1524
1.15182
1.15283
1.15332
1.15273
1.15228
1.15425
1.15484
1.15328
1.15307
1.15657
1.15699
1.15397
1.15409
1.15918
1.15914
1.15461
1.15492
1.16103
1.16092
1.15546
1.15538
1.16157
1.16242
1.15759
1.19178
1.18832
1.18492
1.18195
1.20371
1.20402
1.20381
1.20322
1.20431
1.2046
1.20494
1.20524
1.20433
1.20437
1.20445
1.20459
1.20431
1.20431
1.20432
1.20433
1.20423
1.20424
1.20425
1.20426
1.20412
1.20414
1.20416
1.20418
1.20405
1.20406
1.20408
1.20409
1.20407
1.20406
1.20405
1.20405
1.20411
1.20409
1.20408
1.20406
1.20411
1.2041
1.20409
1.20408
1.20406
1.20407
1.20407
1.20407
1.20389
1.20396
1.20401
1.20403
1.20351
1.20366
1.20379
1.20388
1.20299
1.20315
1.20333
1.20349
1.20263
1.20266
1.20274
1.20288
1.20256
1.20255
1.20255
1.20255
1.20254
1.20254
1.20253
1.20252
1.20242
1.20243
1.20244
1.20244
1.20252
1.20256
1.20257
1.20258
1.17946
1.17866
1.17874
1.17784
1.20222
1.20121
1.20044
1.19983
1.20544
1.20551
1.20545
1.20531
1.20478
1.205
1.20523
1.20544
1.20438
1.20446
1.20459
1.20477
1.20427
1.20428
1.20431
1.20438
1.20419
1.2042
1.20421
1.20423
1.20411
1.20413
1.20414
1.20415
1.20406
1.20407
1.20408
1.20409
1.20406
1.20405
1.20405
1.20405
1.20407
1.20406
1.20405
1.20405
1.20406
1.20406
1.20405
1.20404
1.20404
1.20404
1.20403
1.20403
1.20395
1.20399
1.204
1.204
1.20365
1.20378
1.20387
1.20393
1.20305
1.20324
1.20343
1.20359
1.20258
1.20264
1.20273
1.20285
1.2025
1.20249
1.20249
1.2025
1.20244
1.20243
1.20242
1.20241
1.20259
1.20261
1.20259
1.20258
1.1773
1.17697
1.1766
1.19939
1.19909
1.19878
1.20514
1.20499
1.2048
1.20557
1.20565
1.20571
1.20493
1.20507
1.20521
1.20447
1.20455
1.20465
1.20426
1.20429
1.20433
1.20416
1.20417
1.20418
1.2041
1.2041
1.20411
1.20406
1.20406
1.20406
1.20404
1.20404
1.20404
1.20404
1.20404
1.20404
1.20403
1.20403
1.20402
1.204
1.204
1.204
1.20396
1.20397
1.20398
1.20369
1.20376
1.20381
1.20295
1.20304
1.20312
1.20252
1.20255
1.20258
1.2024
1.2024
1.20239
1.20257
1.20257
1.20257
1.17627
1.17607
1.17585
1.19852
1.19838
1.19822
1.20465
1.20456
1.20446
1.20574
1.20575
1.20575
1.2053
1.20535
1.2054
1.20472
1.20476
1.20481
1.20437
1.20439
1.20441
1.2042
1.2042
1.20421
1.20411
1.20411
1.20412
1.20406
1.20406
1.20407
1.20404
1.20404
1.20404
1.20403
1.20403
1.20403
1.20402
1.20402
1.20402
1.204
1.204
1.204
1.20399
1.20399
1.20399
1.20384
1.20386
1.20387
1.20318
1.20321
1.20324
1.2026
1.20261
1.20263
1.20239
1.20239
1.20239
1.20257
1.20257
1.20257
1.17536
1.17431
1.17271
1.19786
1.19708
1.19579
1.20425
1.20385
1.20324
1.20575
1.2057
1.20558
1.2055
1.20563
1.20576
1.20491
1.20506
1.20523
1.20447
1.20456
1.20468
1.20423
1.20427
1.20433
1.20412
1.20413
1.20415
1.20407
1.20407
1.20408
1.20404
1.20404
1.20404
1.20403
1.20403
1.20403
1.20402
1.20402
1.20402
1.204
1.204
1.204
1.20399
1.204
1.204
1.20389
1.20393
1.20395
1.20329
1.20337
1.20344
1.20265
1.2027
1.20275
1.20239
1.2024
1.2024
1.20257
1.20257
1.20257
1.16888
1.16424
1.16348
1.16563
1.192
1.18167
1.17171
1.17057
1.2016
1.19509
1.18376
1.1758
1.20519
1.20296
1.19633
1.18706
1.20589
1.20569
1.20371
1.19847
1.20549
1.20585
1.20589
1.20454
1.20488
1.20524
1.20568
1.20592
1.20443
1.20464
1.20495
1.20537
1.20419
1.20427
1.20442
1.20465
1.20408
1.20411
1.20415
1.20424
1.20404
1.20405
1.20406
1.20408
1.20403
1.20402
1.20402
1.20403
1.20402
1.20401
1.20401
1.20401
1.204
1.20401
1.20401
1.20402
1.20401
1.20403
1.20404
1.20407
1.20399
1.20403
1.20406
1.20411
1.20353
1.20363
1.20371
1.20379
1.20282
1.20292
1.20301
1.20311
1.20242
1.20244
1.20247
1.20251
1.20257
1.20257
1.20257
1.20257
1.16727
1.17463
1.18264
1.18972
1.18042
1.19436
1.20208
1.20411
1.17865
1.19084
1.20261
1.20602
1.18158
1.18353
1.19068
1.19743
1.19176
1.18721
1.18668
1.18927
1.20111
1.19665
1.19303
1.19127
1.20536
1.20365
1.20123
1.19889
1.20573
1.20576
1.20527
1.20442
1.20498
1.20533
1.20558
1.2057
1.20439
1.20461
1.20487
1.20514
1.20413
1.20422
1.20436
1.20452
1.20404
1.20408
1.20413
1.20422
1.20402
1.20403
1.20406
1.20413
1.20403
1.20406
1.20412
1.20423
1.20411
1.20416
1.20423
1.20432
1.20415
1.20421
1.20427
1.20433
1.20386
1.20393
1.20399
1.20406
1.20319
1.20327
1.20335
1.20342
1.20256
1.20261
1.20266
1.20271
1.20257
1.20257
1.20258
1.2026
1.2043
1.20433
1.20446
1.2047
1.20504
1.20538
1.20564
1.2058
1.20589
1.20595
1.20598
1.20601
1.20603
1.20602
1.20596
1.2059
1.20588
1.20585
1.20549
1.19909
1.2043
1.20436
1.20453
1.20481
1.20516
1.20547
1.20569
1.20582
1.2059
1.20595
1.20599
1.20601
1.20602
1.206
1.20591
1.20585
1.20581
1.2057
1.20504
1.19914
1.2043
1.20439
1.20458
1.20489
1.20523
1.20552
1.20571
1.20583
1.2059
1.20596
1.20599
1.20601
1.206
1.20595
1.20584
1.20575
1.20567
1.20553
1.20476
1.19901
1.2043
1.20439
1.20458
1.20487
1.20521
1.20549
1.20568
1.20579
1.20588
1.20594
1.20598
1.20599
1.20597
1.20588
1.20573
1.20559
1.2055
1.20542
1.20471
1.19882
1.2043
1.20436
1.20451
1.20477
1.20509
1.20537
1.20558
1.20571
1.20582
1.20591
1.20596
1.20597
1.20592
1.2058
1.2056
1.20542
1.20532
1.20529
1.20472
1.1986
1.2043
1.20433
1.20443
1.20462
1.20489
1.20518
1.20541
1.20558
1.20572
1.20584
1.20592
1.20593
1.20586
1.2057
1.20547
1.20526
1.20517
1.20515
1.20474
1.19838
1.20431
1.20432
1.20436
1.20448
1.20468
1.20494
1.2052
1.20541
1.20558
1.20574
1.20587
1.20588
1.20579
1.20561
1.20537
1.20517
1.20508
1.20503
1.20475
1.19815
1.20431
1.20431
1.20433
1.20438
1.20451
1.20471
1.20495
1.20518
1.20539
1.2056
1.20579
1.20584
1.20573
1.20554
1.20531
1.20516
1.20507
1.20492
1.20475
1.19791
1.20431
1.20431
1.20431
1.20433
1.20439
1.20452
1.20471
1.20494
1.20517
1.20541
1.20568
1.20579
1.20568
1.20549
1.20529
1.20521
1.20511
1.20485
1.20474
1.19767
1.20431
1.20431
1.20431
1.20432
1.20434
1.2044
1.20452
1.20471
1.20493
1.20518
1.20552
1.20574
1.20565
1.20547
1.20531
1.20528
1.20518
1.20481
1.20472
1.19741
1.20431
1.20431
1.20431
1.20431
1.20432
1.20434
1.2044
1.20453
1.20471
1.20494
1.20529
1.20566
1.20565
1.20547
1.20534
1.20534
1.20524
1.20481
1.2047
1.19714
1.20431
1.20431
1.20431
1.20431
1.20431
1.20432
1.20434
1.20441
1.20453
1.20471
1.20503
1.2055
1.20565
1.20549
1.20538
1.20539
1.20528
1.20481
1.20468
1.19686
1.20431
1.20431
1.20431
1.20431
1.20431
1.20431
1.20432
1.20434
1.20441
1.20454
1.20478
1.20526
1.20562
1.20552
1.20543
1.20543
1.2053
1.2048
1.20466
1.19658
1.20431
1.20431
1.20431
1.20431
1.20431
1.20431
1.20431
1.20432
1.20435
1.20442
1.20458
1.20497
1.20548
1.20554
1.20548
1.20546
1.20529
1.20479
1.20465
1.19628
1.20431
1.20431
1.20431
1.20431
1.20431
1.20431
1.20431
1.20431
1.20432
1.20435
1.20445
1.20471
1.20524
1.20549
1.2055
1.20547
1.20526
1.20475
1.20465
1.19598
1.20431
1.20431
1.20431
1.20431
1.20431
1.20431
1.20431
1.20431
1.20431
1.20432
1.20436
1.20452
1.20495
1.20533
1.20545
1.20543
1.2052
1.20471
1.20465
1.19567
1.2043
1.2043
1.2043
1.2043
1.20431
1.20431
1.20431
1.20431
1.20431
1.20431
1.20433
1.2044
1.20469
1.20509
1.2053
1.20532
1.2051
1.20465
1.20467
1.19536
1.2043
1.2043
1.2043
1.2043
1.2043
1.2043
1.2043
1.2043
1.2043
1.2043
1.20431
1.20434
1.2045
1.20482
1.20508
1.20515
1.20497
1.20458
1.20469
1.19504
1.2043
1.2043
1.2043
1.2043
1.2043
1.2043
1.2043
1.2043
1.2043
1.2043
1.2043
1.20431
1.20438
1.2046
1.20483
1.20494
1.20482
1.2045
1.20472
1.19478
1.2043
1.2043
1.2043
1.2043
1.2043
1.2043
1.2043
1.2043
1.2043
1.2043
1.2043
1.2043
1.20433
1.20445
1.20462
1.20474
1.20468
1.20443
1.20476
1.19424
1.2043
1.2043
1.2043
1.2043
1.2043
1.2043
1.2043
1.2043
1.2043
1.2043
1.2043
1.2043
1.2043
1.20432
1.20437
1.20441
1.20443
1.20432
1.20477
1.19876
1.2043
1.2043
1.2043
1.2043
1.2043
1.2043
1.2043
1.2043
1.2043
1.2043
1.2043
1.2043
1.2043
1.20429
1.20429
1.20429
1.2043
1.20426
1.2045
1.2028
1.2043
1.2043
1.2043
1.2043
1.2043
1.20429
1.20429
1.20429
1.20429
1.20429
1.2043
1.2043
1.2043
1.2043
1.2043
1.20429
1.20429
1.20428
1.20434
1.20409
1.20428
1.20425
1.20426
1.20426
1.20427
1.20426
1.20424
1.20421
1.20419
1.20418
1.20418
1.2042
1.20422
1.20424
1.20425
1.20426
1.20427
1.20428
1.20428
1.20431
1.20411
1.20384
1.20388
1.204
1.20405
1.20403
1.20395
1.20385
1.20377
1.20375
1.2038
1.20387
1.20395
1.20402
1.20408
1.20413
1.20417
1.2042
1.20422
1.20428
1.20378
1.20314
1.20309
1.20342
1.20365
1.20367
1.20354
1.20344
1.2035
1.20362
1.2037
1.20376
1.20383
1.20389
1.20395
1.204
1.20403
1.20407
1.20411
1.20418
1.20342
1.20249
1.20239
1.20287
1.20327
1.20334
1.20332
1.20347
1.2037
1.20381
1.20385
1.20387
1.20389
1.20393
1.20396
1.20399
1.20402
1.20402
1.20403
1.20408
1.20308
1.20197
1.20192
1.20253
1.20301
1.20318
1.20341
1.20376
1.20395
1.20398
1.20399
1.204
1.20402
1.20405
1.20408
1.20411
1.20413
1.20414
1.2041
1.20405
1.20281
1.20164
1.20177
1.20239
1.20291
1.20325
1.20366
1.20396
1.204
1.20397
1.20396
1.20396
1.20396
1.20396
1.20396
1.20398
1.20404
1.20411
1.20415
1.20411
1.20263
1.20154
1.20178
1.2024
1.20296
1.20345
1.20386
1.20397
1.20391
1.20385
1.20381
1.20378
1.20374
1.20369
1.20365
1.20367
1.20375
1.20391
1.20407
1.20414
1.20255
1.20153
1.20188
1.20251
1.20313
1.20363
1.20388
1.20387
1.20382
1.20373
1.20364
1.20356
1.20345
1.20334
1.20326
1.20326
1.20335
1.20354
1.20382
1.20407
1.20251
1.20157
1.20201
1.20267
1.2033
1.20367
1.20371
1.20369
1.20371
1.20363
1.20349
1.20333
1.20315
1.20296
1.20284
1.20286
1.20295
1.20312
1.20344
1.20387
1.20244
1.20162
1.20214
1.20282
1.20339
1.20356
1.20342
1.20342
1.2035
1.20346
1.20329
1.20303
1.20276
1.20259
1.2026
1.20263
1.20268
1.20279
1.20303
1.20352
1.20236
1.20167
1.20225
1.20293
1.2034
1.20339
1.20318
1.20312
1.20315
1.20312
1.20295
1.20272
1.20258
1.20263
1.20274
1.20275
1.20265
1.20261
1.20275
1.20309
1.20238
1.2017
1.20231
1.20297
1.20338
1.20333
1.20309
1.2029
1.20282
1.20276
1.20267
1.2026
1.20264
1.20274
1.2028
1.20282
1.20277
1.20263
1.20264
1.20274
1.20237
1.2017
1.20229
1.20293
1.20334
1.20338
1.20324
1.20306
1.2029
1.20279
1.20275
1.20277
1.20279
1.20274
1.20278
1.20281
1.20273
1.20263
1.20258
1.20262
1.20243
1.20166
1.20219
1.20276
1.20316
1.20331
1.20331
1.20325
1.20315
1.20305
1.20296
1.20287
1.20276
1.20268
1.20279
1.20277
1.20259
1.20253
1.20252
1.20256
1.20244
1.20165
1.20202
1.20247
1.20279
1.20294
1.20299
1.20297
1.20294
1.20289
1.2028
1.2027
1.20264
1.20266
1.20286
1.2027
1.20231
1.20234
1.20243
1.20251
1.20227
1.20158
1.20179
1.20207
1.20228
1.20238
1.20243
1.20246
1.20248
1.2025
1.20253
1.20257
1.20266
1.20281
1.203
1.20256
1.20204
1.20216
1.20228
1.20238
1.20247
1.20184
1.20191
1.20204
1.20223
1.20244
1.20266
1.20279
1.20285
1.20286
1.20291
1.20298
1.20306
1.20316
1.20312
1.20277
1.20256
1.2025
1.20247
1.20249
1.1996
1.20714
1.20546
1.2052
1.2052
1.20522
1.20523
1.20521
1.20514
1.205
1.20479
1.20456
1.20439
1.20433
1.20432
1.20432
1.20432
1.20432
1.20432
1.20432
1.19986
1.20673
1.20537
1.20517
1.20517
1.2052
1.20521
1.20519
1.20512
1.20498
1.20477
1.20453
1.20437
1.20432
1.20431
1.20432
1.20432
1.20432
1.20432
1.20432
1.19985
1.20615
1.20517
1.20513
1.20512
1.20515
1.20517
1.20515
1.20507
1.20492
1.2047
1.20448
1.20435
1.20432
1.20431
1.20431
1.20431
1.20431
1.20431
1.20431
1.1997
1.20571
1.20498
1.20506
1.20505
1.20509
1.20512
1.20509
1.20499
1.20482
1.2046
1.20441
1.20433
1.20431
1.20431
1.20431
1.20431
1.20431
1.20431
1.20431
1.1995
1.20543
1.20482
1.20496
1.20496
1.20503
1.20505
1.205
1.20488
1.2047
1.2045
1.20436
1.20432
1.20431
1.20431
1.20431
1.20431
1.20431
1.20431
1.20431
1.1993
1.20524
1.20468
1.20485
1.20488
1.20496
1.20497
1.2049
1.20475
1.20457
1.20441
1.20433
1.20431
1.20431
1.20431
1.20431
1.20431
1.20431
1.20431
1.20431
1.19909
1.2051
1.20456
1.20475
1.20481
1.20489
1.20488
1.20478
1.20462
1.20447
1.20436
1.20432
1.20431
1.20431
1.20431
1.20431
1.20431
1.20431
1.20431
1.20431
1.19889
1.20499
1.20447
1.20467
1.20475
1.20482
1.20478
1.20465
1.20451
1.20439
1.20433
1.20431
1.20431
1.20431
1.20431
1.20431
1.20431
1.20431
1.20431
1.20431
1.1987
1.20491
1.2044
1.20461
1.20471
1.20475
1.20467
1.20454
1.20443
1.20435
1.20432
1.20431
1.20431
1.20431
1.20431
1.20431
1.20431
1.20431
1.20431
1.20431
1.19851
1.20485
1.20435
1.20458
1.20466
1.20467
1.20457
1.20446
1.20437
1.20432
1.20431
1.20431
1.20431
1.20431
1.20431
1.20431
1.20431
1.20431
1.20431
1.20431
1.19834
1.20481
1.20432
1.20455
1.20461
1.20459
1.20449
1.20439
1.20434
1.20431
1.20431
1.20431
1.20431
1.20431
1.20431
1.20431
1.20431
1.20431
1.20431
1.20431
1.19817
1.20478
1.20431
1.20453
1.20456
1.20451
1.20442
1.20435
1.20432
1.20431
1.20431
1.20431
1.20431
1.20431
1.20431
1.20431
1.20431
1.20431
1.20431
1.20431
1.19801
1.20476
1.2043
1.20451
1.20451
1.20445
1.20437
1.20433
1.20431
1.20431
1.20431
1.20431
1.20431
1.20431
1.20431
1.20431
1.20431
1.20431
1.20431
1.20431
1.19787
1.20475
1.2043
1.20448
1.20447
1.2044
1.20434
1.20431
1.20431
1.20431
1.20431
1.20431
1.20431
1.20431
1.20431
1.20431
1.20431
1.20431
1.20431
1.20431
1.19774
1.20475
1.2043
1.20446
1.20442
1.20436
1.20432
1.20431
1.20431
1.20431
1.20431
1.20431
1.20431
1.20431
1.20431
1.20431
1.20431
1.20431
1.20431
1.20431
1.19763
1.20476
1.20429
1.20444
1.20439
1.20434
1.20431
1.20431
1.20431
1.20431
1.20431
1.20431
1.20431
1.20431
1.20431
1.20431
1.20431
1.20431
1.20431
1.20431
1.19754
1.20478
1.20429
1.20441
1.20436
1.20432
1.20431
1.2043
1.20431
1.20431
1.20431
1.20431
1.20431
1.20431
1.20431
1.20431
1.2043
1.2043
1.2043
1.2043
1.19746
1.20479
1.20428
1.2044
1.20434
1.20431
1.2043
1.2043
1.20431
1.20431
1.20431
1.2043
1.2043
1.2043
1.2043
1.2043
1.2043
1.2043
1.2043
1.2043
1.19745
1.20479
1.20427
1.20438
1.20433
1.20431
1.2043
1.2043
1.20431
1.2043
1.2043
1.2043
1.2043
1.2043
1.2043
1.2043
1.2043
1.2043
1.2043
1.2043
1.19724
1.20478
1.20427
1.20437
1.20432
1.2043
1.2043
1.2043
1.2043
1.2043
1.2043
1.2043
1.2043
1.2043
1.2043
1.2043
1.2043
1.2043
1.2043
1.2043
1.2005
1.20466
1.20427
1.20434
1.2043
1.2043
1.2043
1.2043
1.2043
1.2043
1.2043
1.2043
1.2043
1.2043
1.2043
1.20431
1.20431
1.20431
1.20431
1.2043
1.20231
1.20436
1.20429
1.20432
1.2043
1.2043
1.2043
1.2043
1.2043
1.2043
1.2043
1.2043
1.20431
1.20431
1.20428
1.20423
1.20417
1.20416
1.20422
1.20429
1.20312
1.20406
1.2043
1.20431
1.20429
1.20429
1.2043
1.2043
1.2043
1.20431
1.20431
1.20431
1.20425
1.20407
1.20378
1.20345
1.20324
1.2033
1.20362
1.20409
1.20149
1.20359
1.20426
1.20429
1.20427
1.20428
1.20429
1.20431
1.20432
1.20432
1.2043
1.20415
1.20377
1.20315
1.2025
1.20209
1.202
1.20221
1.20288
1.20385
1.19647
1.20185
1.20406
1.20425
1.20424
1.20425
1.20429
1.20432
1.20433
1.2043
1.20414
1.20367
1.20284
1.20197
1.20144
1.2012
1.20105
1.20127
1.20219
1.20367
1.1944
1.19942
1.20331
1.20419
1.20419
1.20421
1.20427
1.20431
1.20431
1.20419
1.20379
1.20294
1.2019
1.20121
1.20091
1.20059
1.20031
1.20043
1.20138
1.20333
1.19716
1.19847
1.20219
1.20408
1.20413
1.20416
1.20422
1.20425
1.2042
1.20397
1.20332
1.20224
1.20129
1.20091
1.20071
1.20037
1.20011
1.20006
1.20069
1.20282
1.20145
1.19928
1.20148
1.2039
1.20406
1.20408
1.20411
1.2041
1.20399
1.20366
1.20284
1.20171
1.201
1.20088
1.20077
1.20057
1.20039
1.20019
1.20036
1.20236
1.20423
1.20068
1.20123
1.20368
1.20399
1.20398
1.20396
1.20388
1.2037
1.20331
1.20244
1.20137
1.20089
1.20092
1.20084
1.20069
1.20062
1.2005
1.2003
1.20204
1.2051
1.20183
1.20119
1.20335
1.20389
1.20387
1.20381
1.20367
1.20341
1.20298
1.20215
1.20118
1.2008
1.20083
1.20068
1.20051
1.2006
1.20069
1.20037
1.20185
1.20503
1.2026
1.20123
1.2028
1.20367
1.20368
1.20366
1.20352
1.20322
1.20274
1.20201
1.20109
1.20069
1.20064
1.20041
1.20032
1.20054
1.20077
1.20047
1.20168
1.20478
1.20316
1.20137
1.20208
1.20314
1.20326
1.20339
1.20343
1.20317
1.20267
1.20198
1.20113
1.20063
1.20044
1.20027
1.20031
1.20061
1.20084
1.20056
1.20155
1.20461
1.2037
1.20178
1.20148
1.20227
1.20251
1.2027
1.20315
1.20318
1.20277
1.2021
1.20131
1.20072
1.20041
1.20028
1.20046
1.20081
1.20096
1.20063
1.20143
1.20454
1.20431
1.20258
1.2014
1.20144
1.20159
1.20158
1.2024
1.20304
1.20282
1.20233
1.20161
1.201
1.20061
1.20053
1.20079
1.20107
1.20105
1.20069
1.20139
1.20455
1.20479
1.20364
1.20202
1.20117
1.20084
1.20052
1.20108
1.20257
1.20275
1.20249
1.20196
1.20141
1.20106
1.20105
1.20124
1.20128
1.20106
1.2007
1.20131
1.20452
1.20481
1.20447
1.20299
1.20154
1.20059
1.19982
1.19996
1.20162
1.20252
1.2024
1.20217
1.20183
1.2016
1.20155
1.20149
1.20127
1.20093
1.2006
1.20113
1.20426
1.20459
1.20479
1.20373
1.20214
1.20072
1.19948
1.19915
1.20053
1.20197
1.20215
1.20197
1.20185
1.20172
1.20156
1.20131
1.20097
1.20057
1.20033
1.20097
1.20366
1.20413
1.20452
1.20381
1.20238
1.20081
1.19927
1.19861
1.19958
1.20111
1.2018
1.20165
1.20135
1.2011
1.20084
1.20056
1.20029
1.19999
1.19997
1.20082
1.2029
1.20334
1.20406
1.20348
1.20179
1.20027
1.19874
1.19812
1.1988
1.2001
1.20112
1.20145
1.20128
1.20095
1.20064
1.20033
1.20002
1.19979
1.19998
1.20085
1.20266
1.20281
1.20308
1.20171
1.19984
1.19923
1.19856
1.19865
1.19917
1.20017
1.20088
1.20128
1.20135
1.20132
1.20135
1.20139
1.20135
1.20124
1.2013
1.20154
)
;

boundaryField
{
    left_open
    {
        type            calculated;
        value           nonuniform List<scalar> 
40
(
1.2043
1.2043
1.2043
1.2043
1.2043
1.2043
1.20431
1.20431
1.20431
1.20431
1.20431
1.20431
1.20431
1.20431
1.20431
1.20431
1.2043
1.2043
1.2043
1.2043
1.2043
1.2043
1.2043
1.20429
1.20412
1.20429
1.20428
1.20428
1.20428
1.20428
1.20427
1.20427
1.20246
1.20426
1.20239
1.20426
1.20244
1.20246
1.20228
1.20249
)
;
    }
    right_open
    {
        type            calculated;
        value           nonuniform List<scalar> 
40
(
1.20432
1.20432
1.20431
1.20431
1.20431
1.20431
1.20431
1.20431
1.20431
1.20431
1.20431
1.20431
1.20431
1.20431
1.20431
1.20431
1.2043
1.2043
1.2043
1.2043
1.2043
1.2043
1.2041
1.20386
1.20368
1.20336
1.20285
1.20428
1.20428
1.20428
1.20169
1.20158
1.20427
1.2014
1.20133
1.20116
1.201
1.20086
1.20425
1.20155
)
;
    }
    base_side
    {
        type            calculated;
        value           nonuniform List<scalar> 
40
(
1.2043
1.20433
1.20446
1.2047
1.20504
1.20538
1.20564
1.2058
1.20589
1.20595
1.20598
1.20601
1.20603
1.20602
1.20596
1.2059
1.20588
1.20585
1.20549
1.19909
1.1996
1.20714
1.20546
1.2052
1.2052
1.20523
1.20523
1.20521
1.20514
1.205
1.20479
1.20456
1.20439
1.20433
1.20432
1.20432
1.20432
1.20432
1.20432
1.20432
)
;
    }
    top
    {
        type            calculated;
        value           nonuniform List<scalar> 
65
(
1.20249
1.20185
1.20425
1.20205
1.20224
1.20246
1.20425
1.2028
1.20425
1.20286
1.20425
1.20298
1.20307
1.20316
1.20313
1.20277
1.20256
1.20425
1.20247
1.20249
1.20252
1.20257
1.20258
1.20258
1.20259
1.20425
1.20425
1.20258
1.20258
1.20258
1.20258
1.20258
1.20257
1.20257
1.20257
1.20257
1.20257
1.20257
1.20257
1.20257
1.20257
1.20257
1.20258
1.20258
1.2026
1.20266
1.20281
1.20311
1.20188
1.20425
1.20425
1.19852
1.20425
1.19932
1.20425
1.20098
1.20132
1.20134
1.20132
1.20135
1.2014
1.20135
1.20123
1.2013
1.20155
)
;
    }
    front
    {
        type            empty;
    }
    back
    {
        type            empty;
    }
    air_to_aluminum
    {
        type            calculated;
        value           nonuniform List<scalar> 
129
(
1.15121
1.15123
1.15129
1.15137
1.15093
1.15074
1.15057
1.15043
1.15043
1.15057
1.15074
1.15093
1.15121
1.15123
1.15129
1.15137
1.15147
1.15137
1.15158
1.15153
1.15169
1.15166
1.1518
1.15178
1.1519
1.15189
1.15199
1.15199
1.15208
1.15207
1.15216
1.15215
1.15223
1.15222
1.15229
1.15229
1.15234
1.15234
1.15239
1.15238
1.15243
1.15242
1.15245
1.15245
1.15247
1.15247
1.15248
1.15248
1.15248
1.15248
1.15248
1.15248
1.15048
1.15059
1.1507
1.15081
1.1509
1.15099
1.15108
1.15115
1.15122
1.15127
1.15132
1.15136
1.1514
1.15142
1.15144
1.15145
1.15145
1.15145
1.15145
1.15145
1.15145
1.15145
1.15048
1.15059
1.1507
1.15081
1.1509
1.15099
1.15108
1.15115
1.15122
1.15127
1.15132
1.15136
1.1514
1.15142
1.15144
1.15145
1.15145
1.15145
1.15145
1.15137
1.15153
1.15166
1.15178
1.15189
1.15199
1.15207
1.15215
1.15222
1.15228
1.15234
1.15238
1.15242
1.15245
1.15247
1.15248
1.15147
1.15158
1.15169
1.1518
1.1519
1.15199
1.15208
1.15216
1.15223
1.15229
1.15234
1.15239
1.15242
1.15245
1.15247
1.15248
1.15248
1.15248
1.15248
1.15248
)
;
    }
}


// ************************************************************************* //
