/*--------------------------------*- C++ -*----------------------------------*\
| =========                 |                                                 |
| \\      /  F ield         | OpenFOAM: The Open Source CFD Toolbox           |
|  \\    /   O peration     | Version:                                        |
|   \\  /    A nd           | Website:  www.openfoam.com                      |
|    \\/     M anipulation  |                                                 |
\*---------------------------------------------------------------------------*/
FoamFile
{
    version     2.0;
    format      ascii;
    class       volScalarField;
    location    "1830.5/air";
    object      rho;
}
// * * * * * * * * * * * * * * * * * * * * * * * * * * * * * * * * * * * * * //

dimensions      [1 -3 0 0 0 0 0];


internalField   nonuniform List<scalar> 
2228
(
1.15119
1.15095
1.15074
1.15057
1.15143
1.15119
1.15095
1.15072
1.15159
1.15137
1.15111
1.15085
1.15172
1.1515
1.15123
1.15096
1.15183
1.15161
1.15134
1.15106
1.15193
1.15172
1.15144
1.15116
1.15203
1.15183
1.15155
1.15125
1.15213
1.15196
1.15167
1.15134
1.15224
1.15213
1.15183
1.15144
1.15239
1.1524
1.15206
1.15156
1.15259
1.15283
1.15243
1.15172
1.15289
1.15355
1.15303
1.15195
1.15333
1.15466
1.15396
1.15227
1.15395
1.15632
1.15543
1.15272
1.15483
1.15877
1.15783
1.1534
1.15675
1.16246
1.16186
1.15508
1.15057
1.15074
1.15095
1.15119
1.15072
1.15095
1.15119
1.15143
1.15085
1.15111
1.15137
1.15159
1.15096
1.15123
1.1515
1.15172
1.15106
1.15134
1.15161
1.15183
1.15116
1.15144
1.15171
1.15193
1.15125
1.15154
1.15182
1.15202
1.15133
1.15165
1.15194
1.15212
1.15143
1.1518
1.15209
1.15223
1.15155
1.15203
1.15235
1.15236
1.15172
1.15245
1.15287
1.15258
1.15202
1.15334
1.154
1.15298
1.15261
1.1552
1.15623
1.15366
1.15366
1.15844
1.1598
1.15479
1.15509
1.16267
1.16481
1.15746
1.15604
1.166
1.17039
1.16418
1.19134
1.18769
1.18404
1.18072
1.20353
1.20373
1.20337
1.20258
1.2043
1.20459
1.20493
1.20523
1.20435
1.20439
1.20448
1.20464
1.20431
1.20431
1.20432
1.20434
1.2042
1.20422
1.20423
1.20424
1.20408
1.2041
1.20412
1.20413
1.20403
1.20404
1.20404
1.20405
1.20409
1.20407
1.20406
1.20405
1.20413
1.20412
1.2041
1.20409
1.20413
1.20412
1.20411
1.2041
1.20404
1.20407
1.20409
1.20409
1.20373
1.20383
1.20392
1.20398
1.20319
1.20333
1.20347
1.20361
1.20268
1.20274
1.20285
1.203
1.20259
1.20258
1.20257
1.20257
1.20257
1.20256
1.20254
1.20252
1.20252
1.20253
1.20253
1.20253
1.20236
1.20238
1.2024
1.2024
1.20256
1.2026
1.20259
1.20261
1.17815
1.17717
1.17662
1.17401
1.20133
1.20003
1.19887
1.19756
1.20541
1.20542
1.20526
1.20496
1.20486
1.20511
1.20536
1.20559
1.2044
1.20449
1.20464
1.20483
1.20425
1.20426
1.20429
1.20436
1.20415
1.20416
1.20417
1.20418
1.20406
1.20408
1.20409
1.2041
1.20404
1.20404
1.20405
1.20405
1.20407
1.20406
1.20405
1.20404
1.20409
1.20408
1.20406
1.20405
1.20408
1.20408
1.20407
1.20406
1.20402
1.20404
1.20405
1.20405
1.20374
1.20384
1.20392
1.20397
1.20317
1.20334
1.2035
1.20364
1.20261
1.20269
1.20281
1.20295
1.20249
1.20248
1.20249
1.20252
1.20251
1.20249
1.20247
1.20244
1.20241
1.20241
1.2024
1.20239
1.20263
1.20264
1.20264
1.20264
1.17206
1.17054
1.16888
1.19635
1.19529
1.19399
1.20463
1.2043
1.20386
1.20574
1.20583
1.20589
1.20501
1.20516
1.20531
1.20443
1.2045
1.20459
1.2042
1.20422
1.20424
1.2041
1.20411
1.20411
1.20405
1.20406
1.20406
1.20404
1.20404
1.20404
1.20405
1.20404
1.20404
1.20405
1.20405
1.20404
1.20404
1.20404
1.20403
1.20399
1.204
1.204
1.20374
1.2038
1.20385
1.20308
1.20317
1.20326
1.20257
1.20261
1.20267
1.20244
1.20244
1.20244
1.20238
1.20237
1.20237
1.20264
1.20266
1.20266
1.16775
1.16716
1.16658
1.19298
1.1924
1.19177
1.2035
1.20328
1.20303
1.20591
1.20591
1.2059
1.20542
1.20548
1.20554
1.20466
1.2047
1.20474
1.20426
1.20428
1.2043
1.20412
1.20412
1.20413
1.20406
1.20406
1.20406
1.20404
1.20404
1.20404
1.20404
1.20404
1.20404
1.20404
1.20404
1.20404
1.20403
1.20403
1.20403
1.204
1.204
1.204
1.20387
1.20389
1.2039
1.20333
1.20336
1.20339
1.20271
1.20273
1.20275
1.20245
1.20245
1.20246
1.20236
1.20236
1.20236
1.20266
1.20265
1.20265
1.16551
1.1641
1.16271
1.19048
1.1884
1.18609
1.20249
1.20149
1.20024
1.20587
1.20573
1.20549
1.20565
1.20581
1.20596
1.20483
1.20497
1.20513
1.20433
1.2044
1.20448
1.20413
1.20415
1.20418
1.20406
1.20407
1.20407
1.20404
1.20404
1.20404
1.20403
1.20403
1.20403
1.20403
1.20403
1.20403
1.20402
1.20402
1.20402
1.204
1.204
1.204
1.20392
1.20394
1.20395
1.20345
1.20353
1.2036
1.2028
1.20287
1.20294
1.20247
1.20249
1.20252
1.20235
1.20235
1.20235
1.20265
1.20264
1.20264
1.16065
1.16504
1.17536
1.17941
1.18171
1.17799
1.17934
1.18357
1.19787
1.19419
1.19146
1.19115
1.20489
1.20357
1.20175
1.20013
1.2061
1.20611
1.20579
1.20515
1.20538
1.20569
1.20595
1.20607
1.20462
1.20485
1.20512
1.2054
1.20423
1.20433
1.20448
1.20467
1.20408
1.20411
1.20417
1.20426
1.20404
1.20404
1.20406
1.20409
1.20403
1.20402
1.20403
1.20403
1.20402
1.20402
1.20401
1.20401
1.20401
1.20401
1.204
1.204
1.20399
1.20399
1.20399
1.20399
1.20397
1.20398
1.20398
1.204
1.20369
1.20378
1.20385
1.2039
1.20303
1.20315
1.20327
1.20337
1.20257
1.20265
1.20273
1.20283
1.20235
1.20236
1.20239
1.20242
1.20265
1.20266
1.20263
1.20261
1.17225
1.16883
1.17753
1.1873
1.18519
1.18081
1.18982
1.20038
1.19234
1.19058
1.19042
1.19498
1.19944
1.19885
1.19692
1.19521
1.20444
1.20399
1.20321
1.20109
1.20601
1.20589
1.2058
1.20526
1.20564
1.20581
1.20597
1.20621
1.20489
1.20512
1.20534
1.2057
1.20438
1.20454
1.20472
1.20498
1.20414
1.20422
1.20432
1.20447
1.20405
1.20408
1.20413
1.2042
1.20402
1.20403
1.20405
1.2041
1.20401
1.20402
1.20404
1.20409
1.20401
1.20403
1.20408
1.20417
1.20402
1.20405
1.2041
1.20418
1.20395
1.204
1.20405
1.20411
1.20347
1.20356
1.20365
1.20373
1.20292
1.20301
1.2031
1.20318
1.20246
1.2025
1.20256
1.20261
1.20261
1.20263
1.20264
1.20267
1.2043
1.2043
1.20434
1.20449
1.20478
1.20515
1.20549
1.20572
1.20585
1.20592
1.20597
1.206
1.20603
1.20605
1.20601
1.20595
1.20591
1.20585
1.20545
1.19901
1.2043
1.2043
1.20437
1.20456
1.20488
1.20526
1.20556
1.20576
1.20587
1.20593
1.20598
1.20601
1.20603
1.20603
1.20597
1.2059
1.20584
1.2057
1.20501
1.19907
1.2043
1.20431
1.2044
1.20461
1.20495
1.20532
1.2056
1.20577
1.20587
1.20594
1.20599
1.20601
1.20602
1.206
1.2059
1.2058
1.2057
1.20554
1.20474
1.19894
1.2043
1.20431
1.20439
1.2046
1.20493
1.20529
1.20557
1.20574
1.20585
1.20593
1.20599
1.20601
1.206
1.20594
1.2058
1.20565
1.20553
1.20542
1.20469
1.19875
1.2043
1.2043
1.20436
1.20452
1.20482
1.20517
1.20546
1.20566
1.20579
1.20589
1.20597
1.20599
1.20597
1.20586
1.20567
1.20547
1.20535
1.20529
1.2047
1.19854
1.20431
1.2043
1.20433
1.20443
1.20466
1.20498
1.20529
1.20552
1.20569
1.20583
1.20594
1.20597
1.20591
1.20577
1.20554
1.20531
1.20518
1.20514
1.20471
1.19833
1.20431
1.20431
1.20431
1.20436
1.2045
1.20476
1.20506
1.20533
1.20554
1.20573
1.20589
1.20593
1.20586
1.20569
1.20544
1.20521
1.20509
1.205
1.20472
1.1981
1.20431
1.20431
1.20431
1.20433
1.20439
1.20456
1.20482
1.2051
1.20535
1.20559
1.20581
1.20589
1.2058
1.20561
1.20537
1.20519
1.20507
1.20489
1.20472
1.19787
1.20431
1.20431
1.20431
1.20431
1.20434
1.20442
1.2046
1.20486
1.20512
1.20539
1.20569
1.20584
1.20575
1.20556
1.20535
1.20522
1.2051
1.20481
1.2047
1.19763
1.20431
1.20431
1.20431
1.20431
1.20432
1.20435
1.20445
1.20464
1.20489
1.20516
1.20552
1.20578
1.20573
1.20554
1.20535
1.20529
1.20517
1.20477
1.20468
1.19737
1.20431
1.20431
1.20431
1.20431
1.20431
1.20432
1.20436
1.20447
1.20467
1.20492
1.20529
1.20568
1.20572
1.20554
1.20538
1.20535
1.20522
1.20476
1.20466
1.1971
1.20431
1.20431
1.20431
1.20431
1.20431
1.20431
1.20432
1.20438
1.2045
1.2047
1.20503
1.20551
1.20571
1.20556
1.20542
1.2054
1.20526
1.20477
1.20463
1.19683
1.20431
1.20431
1.20431
1.20431
1.20431
1.20431
1.20431
1.20433
1.20439
1.20453
1.20478
1.20526
1.20566
1.20558
1.20547
1.20544
1.20527
1.20476
1.20462
1.19654
1.20431
1.20431
1.20431
1.20431
1.20431
1.20431
1.20431
1.20431
1.20434
1.20442
1.20459
1.20498
1.20551
1.20559
1.20551
1.20547
1.20526
1.20474
1.20461
1.19623
1.20431
1.20431
1.20431
1.20431
1.20431
1.20431
1.20431
1.20431
1.20431
1.20435
1.20445
1.20473
1.20525
1.20553
1.20553
1.20547
1.20523
1.20471
1.20461
1.19593
1.20431
1.20431
1.20431
1.20431
1.20431
1.20431
1.20431
1.20431
1.20431
1.20432
1.20437
1.20454
1.20497
1.20536
1.20547
1.20542
1.20516
1.20466
1.20462
1.19561
1.2043
1.2043
1.2043
1.2043
1.20431
1.20431
1.20431
1.20431
1.2043
1.20431
1.20433
1.20441
1.2047
1.20511
1.20532
1.20531
1.20507
1.20461
1.20464
1.19529
1.2043
1.2043
1.2043
1.2043
1.2043
1.2043
1.2043
1.2043
1.2043
1.2043
1.20431
1.20434
1.20451
1.20484
1.20509
1.20514
1.20494
1.20454
1.20467
1.19496
1.2043
1.2043
1.2043
1.2043
1.2043
1.2043
1.2043
1.2043
1.2043
1.2043
1.2043
1.20431
1.20439
1.20461
1.20484
1.20493
1.2048
1.20447
1.20471
1.19467
1.2043
1.2043
1.2043
1.2043
1.2043
1.2043
1.2043
1.2043
1.2043
1.2043
1.2043
1.2043
1.20433
1.20446
1.20464
1.20474
1.20466
1.20441
1.20475
1.19411
1.2043
1.2043
1.2043
1.2043
1.2043
1.2043
1.2043
1.2043
1.2043
1.2043
1.2043
1.2043
1.2043
1.20433
1.20438
1.20442
1.20443
1.20431
1.20478
1.19859
1.2043
1.2043
1.2043
1.2043
1.2043
1.2043
1.2043
1.2043
1.2043
1.2043
1.2043
1.2043
1.2043
1.20429
1.20429
1.20429
1.20431
1.20426
1.20451
1.20274
1.2043
1.2043
1.2043
1.2043
1.2043
1.20429
1.20429
1.20429
1.2043
1.2043
1.2043
1.2043
1.2043
1.2043
1.2043
1.20429
1.20429
1.20428
1.20434
1.20409
1.2043
1.20429
1.20428
1.20427
1.20426
1.20424
1.20422
1.2042
1.20418
1.20417
1.20418
1.2042
1.20422
1.20425
1.20426
1.20427
1.20427
1.20428
1.20428
1.20432
1.20422
1.204
1.20396
1.20399
1.204
1.20398
1.20391
1.20382
1.20376
1.20376
1.20382
1.2039
1.20398
1.20405
1.20411
1.20415
1.20418
1.2042
1.20422
1.20427
1.20393
1.20329
1.20314
1.20333
1.20352
1.20358
1.2035
1.2034
1.20344
1.20356
1.20366
1.20374
1.20382
1.20389
1.20395
1.204
1.20403
1.20406
1.20409
1.20416
1.20361
1.20262
1.20235
1.20265
1.20305
1.20322
1.20321
1.20332
1.20356
1.20371
1.20378
1.20382
1.20385
1.20389
1.20393
1.20396
1.20399
1.204
1.20401
1.20405
1.20325
1.20208
1.20181
1.2022
1.20273
1.203
1.20319
1.20354
1.20385
1.20395
1.20398
1.20399
1.20401
1.20403
1.20407
1.2041
1.20413
1.20414
1.20411
1.20405
1.20289
1.20169
1.20158
1.20202
1.20259
1.20297
1.20339
1.20383
1.20401
1.204
1.20398
1.20397
1.20397
1.20398
1.20399
1.20402
1.20406
1.20413
1.20417
1.20413
1.20267
1.20153
1.20157
1.20202
1.2026
1.20312
1.20365
1.20396
1.20397
1.20391
1.20384
1.2038
1.20377
1.20374
1.20372
1.20374
1.20381
1.20394
1.20409
1.20416
1.20257
1.20149
1.20164
1.20212
1.20275
1.20335
1.2038
1.20392
1.20388
1.2038
1.2037
1.2036
1.20351
1.20342
1.20336
1.20336
1.20343
1.2036
1.20384
1.20407
1.20249
1.20149
1.20175
1.20229
1.20296
1.20353
1.20376
1.20373
1.20373
1.20369
1.20356
1.2034
1.20324
1.20308
1.20296
1.20296
1.20305
1.20318
1.20343
1.20381
1.20243
1.20152
1.20188
1.20247
1.20314
1.20356
1.20354
1.20343
1.20348
1.20348
1.20334
1.20311
1.20283
1.2026
1.20254
1.20258
1.20274
1.20285
1.203
1.20337
1.20227
1.20156
1.20199
1.20262
1.20324
1.20348
1.2033
1.20314
1.20311
1.20309
1.20296
1.20274
1.20256
1.20256
1.20266
1.20266
1.20256
1.20261
1.20276
1.20289
1.20225
1.20158
1.20206
1.2027
1.20327
1.20342
1.20323
1.20299
1.20283
1.20274
1.20265
1.20258
1.2026
1.20271
1.20279
1.20281
1.20271
1.20258
1.20263
1.20268
1.20237
1.2016
1.20206
1.20268
1.20323
1.20342
1.20333
1.20316
1.20299
1.20285
1.20279
1.20278
1.20279
1.20276
1.20282
1.20281
1.20271
1.20258
1.20255
1.20261
1.20231
1.20158
1.202
1.20254
1.20303
1.20328
1.20332
1.20328
1.20319
1.20309
1.20298
1.20288
1.20278
1.20272
1.20283
1.20277
1.20256
1.20247
1.20246
1.20254
1.20238
1.20158
1.20189
1.20231
1.20268
1.2029
1.20297
1.20298
1.20294
1.20287
1.20278
1.2027
1.20265
1.20269
1.2029
1.20268
1.20227
1.20226
1.20235
1.20246
1.20225
1.20151
1.20172
1.202
1.20222
1.20235
1.20241
1.20244
1.20247
1.20249
1.20253
1.20258
1.20267
1.20283
1.20302
1.20257
1.20197
1.20207
1.20219
1.2023
1.20247
1.20189
1.20193
1.20202
1.20216
1.20236
1.20254
1.20265
1.20275
1.20285
1.20291
1.203
1.20309
1.20319
1.20318
1.20283
1.20259
1.20254
1.20249
1.2025
1.19959
1.20715
1.20543
1.20525
1.20524
1.20525
1.20525
1.20522
1.20514
1.20499
1.20478
1.20455
1.20439
1.20433
1.20431
1.20432
1.20432
1.20432
1.20432
1.20432
1.19987
1.20677
1.20533
1.20522
1.20521
1.20523
1.20523
1.2052
1.20512
1.20496
1.20474
1.20452
1.20437
1.20432
1.20431
1.20432
1.20432
1.20432
1.20432
1.20432
1.19986
1.2062
1.20518
1.20518
1.20515
1.20518
1.20519
1.20516
1.20506
1.20489
1.20466
1.20446
1.20435
1.20432
1.20431
1.20431
1.20431
1.20431
1.20431
1.20431
1.19972
1.20576
1.20502
1.2051
1.20508
1.20513
1.20514
1.20509
1.20497
1.20478
1.20456
1.20439
1.20433
1.20431
1.20431
1.20431
1.20431
1.20431
1.20431
1.20431
1.19953
1.20547
1.20487
1.205
1.20499
1.20506
1.20507
1.205
1.20485
1.20465
1.20446
1.20435
1.20432
1.20431
1.20431
1.20431
1.20431
1.20431
1.20431
1.20431
1.19933
1.20527
1.20474
1.20488
1.20491
1.20499
1.20499
1.20489
1.20471
1.20453
1.20439
1.20433
1.20431
1.20431
1.20431
1.20431
1.20431
1.20431
1.20431
1.20431
1.19913
1.20511
1.20461
1.20477
1.20484
1.20492
1.2049
1.20477
1.20459
1.20443
1.20434
1.20431
1.20431
1.20431
1.20431
1.20431
1.20431
1.20431
1.20431
1.20431
1.19893
1.20499
1.2045
1.20468
1.20477
1.20485
1.2048
1.20465
1.20448
1.20437
1.20432
1.20431
1.20431
1.20431
1.20431
1.20431
1.20431
1.20431
1.20431
1.20431
1.19875
1.20489
1.2044
1.20461
1.20472
1.20478
1.2047
1.20454
1.20441
1.20434
1.20431
1.20431
1.20431
1.20431
1.20431
1.20431
1.20431
1.20431
1.20431
1.20431
1.19857
1.2048
1.20433
1.20456
1.20467
1.20471
1.2046
1.20446
1.20436
1.20432
1.20431
1.20431
1.20431
1.20431
1.20431
1.20431
1.20431
1.20431
1.20431
1.20431
1.1984
1.20473
1.20428
1.20452
1.20463
1.20463
1.20452
1.20439
1.20433
1.20431
1.20431
1.20431
1.20431
1.20431
1.20431
1.20431
1.20431
1.20431
1.20431
1.20431
1.19824
1.20468
1.20424
1.2045
1.20459
1.20456
1.20445
1.20435
1.20431
1.20431
1.20431
1.20431
1.20431
1.20431
1.20431
1.20431
1.20431
1.20431
1.20431
1.20431
1.19808
1.20463
1.20422
1.20448
1.20455
1.2045
1.20439
1.20433
1.20431
1.20431
1.20431
1.20431
1.20431
1.20431
1.20431
1.20431
1.20431
1.20431
1.20431
1.20431
1.19793
1.20459
1.2042
1.20446
1.20451
1.20445
1.20436
1.20431
1.20431
1.20431
1.20431
1.20431
1.20431
1.20431
1.20431
1.20431
1.20431
1.20431
1.20431
1.20431
1.19779
1.20456
1.20419
1.20444
1.20447
1.2044
1.20433
1.20431
1.20431
1.20431
1.20431
1.20431
1.20431
1.20431
1.20431
1.20431
1.20431
1.20431
1.20431
1.20431
1.19766
1.20454
1.20419
1.20443
1.20443
1.20437
1.20432
1.2043
1.20431
1.20431
1.20431
1.20431
1.20431
1.20431
1.20431
1.20431
1.20431
1.20431
1.20431
1.20431
1.19753
1.20452
1.20418
1.20442
1.20441
1.20435
1.20431
1.2043
1.20431
1.20431
1.20431
1.20431
1.20431
1.20431
1.20431
1.2043
1.2043
1.2043
1.2043
1.2043
1.19742
1.20451
1.20418
1.2044
1.20438
1.20433
1.2043
1.2043
1.20431
1.20431
1.20431
1.2043
1.2043
1.2043
1.2043
1.2043
1.2043
1.2043
1.2043
1.2043
1.19735
1.20451
1.20418
1.20439
1.20436
1.20432
1.2043
1.2043
1.20431
1.2043
1.2043
1.2043
1.2043
1.2043
1.2043
1.2043
1.2043
1.2043
1.2043
1.2043
1.19709
1.2045
1.20418
1.20438
1.20435
1.20431
1.2043
1.2043
1.2043
1.2043
1.2043
1.2043
1.2043
1.2043
1.2043
1.2043
1.2043
1.2043
1.2043
1.2043
1.20005
1.20439
1.20418
1.20436
1.20433
1.2043
1.2043
1.2043
1.2043
1.2043
1.2043
1.2043
1.2043
1.2043
1.2043
1.2043
1.20431
1.20431
1.2043
1.2043
1.20201
1.20407
1.20419
1.20433
1.20431
1.2043
1.2043
1.2043
1.2043
1.2043
1.2043
1.2043
1.2043
1.20431
1.2043
1.2043
1.20429
1.20428
1.20429
1.2043
1.20087
1.20372
1.20415
1.2043
1.20429
1.20428
1.20429
1.2043
1.2043
1.20431
1.20431
1.20431
1.20428
1.20419
1.20401
1.20381
1.20369
1.20375
1.20394
1.20421
1.19819
1.20303
1.20406
1.20426
1.20426
1.20425
1.20426
1.20429
1.20431
1.20432
1.20431
1.20421
1.20391
1.20336
1.20275
1.20239
1.20238
1.20263
1.20312
1.20389
1.19812
1.20146
1.20393
1.20419
1.20421
1.2042
1.20424
1.20429
1.20433
1.2043
1.20416
1.20374
1.20293
1.20199
1.20145
1.20141
1.20155
1.20186
1.20254
1.20367
1.19986
1.20026
1.20374
1.20409
1.20413
1.20414
1.2042
1.20428
1.20429
1.20418
1.2038
1.20298
1.20187
1.20114
1.20104
1.20107
1.20102
1.20119
1.20195
1.20351
1.20176
1.19973
1.20319
1.204
1.20403
1.20406
1.20414
1.2042
1.20416
1.20392
1.20329
1.20221
1.2012
1.20091
1.201
1.20084
1.20054
1.20046
1.20119
1.20324
1.20315
1.19976
1.20222
1.20381
1.20393
1.20396
1.20404
1.20407
1.20395
1.20357
1.20278
1.20163
1.20088
1.2009
1.201
1.20078
1.20039
1.20004
1.20045
1.20277
1.20404
1.20027
1.20105
1.20311
1.20367
1.20384
1.2039
1.20392
1.20372
1.20323
1.20236
1.20126
1.20071
1.20083
1.20093
1.20084
1.20058
1.2001
1.19999
1.20222
1.20454
1.20122
1.20026
1.20176
1.20285
1.20349
1.20375
1.20377
1.20355
1.20297
1.20208
1.20105
1.20056
1.20062
1.20067
1.2007
1.20073
1.20041
1.19988
1.20177
1.20472
1.20247
1.2003
1.20042
1.20137
1.20246
1.20345
1.20364
1.20346
1.20286
1.20197
1.20098
1.20043
1.20038
1.20033
1.20043
1.20065
1.20063
1.19999
1.20145
1.20469
1.20367
1.20118
1.19986
1.19988
1.20078
1.2026
1.20348
1.20341
1.20289
1.202
1.20105
1.20044
1.20025
1.20022
1.20035
1.20059
1.20069
1.20015
1.20124
1.20462
1.20448
1.20239
1.20017
1.19901
1.19919
1.20117
1.20314
1.20332
1.20294
1.20217
1.20127
1.20062
1.20035
1.20035
1.20052
1.20071
1.20076
1.20027
1.20113
1.20454
1.20486
1.20335
1.20086
1.19879
1.19809
1.19983
1.20252
1.2032
1.20292
1.20237
1.20161
1.201
1.20073
1.20075
1.20087
1.20091
1.20084
1.20037
1.20112
1.20445
1.20489
1.20399
1.20154
1.19891
1.19751
1.19892
1.20192
1.20302
1.20279
1.20247
1.20196
1.20151
1.2013
1.20129
1.20123
1.20109
1.2009
1.20049
1.20114
1.20432
1.2047
1.20455
1.2022
1.19922
1.19736
1.19849
1.20148
1.20275
1.20257
1.20234
1.20211
1.20187
1.20171
1.20156
1.20136
1.20114
1.20091
1.2006
1.20092
1.20398
1.20442
1.20478
1.203
1.19981
1.19765
1.19852
1.20118
1.20239
1.20222
1.20191
1.20176
1.20164
1.2015
1.20133
1.20113
1.20095
1.20078
1.20067
1.20098
1.20342
1.20389
1.2045
1.2039
1.20069
1.19836
1.19895
1.20098
1.2019
1.20178
1.20138
1.20102
1.20071
1.20045
1.2003
1.20026
1.20026
1.20037
1.20064
1.20102
1.20283
1.20326
1.2039
1.20449
1.20165
1.19934
1.19963
1.20091
1.20145
1.20138
1.20107
1.2007
1.20034
1.20002
1.19972
1.1995
1.19954
1.2
1.20068
1.20119
1.20271
1.20284
1.20308
1.20401
1.20257
1.20063
1.20068
1.20113
1.20129
1.20132
1.20117
1.20111
1.20115
1.20139
1.20148
1.20136
1.20113
1.20121
1.20149
1.20168
)
;

boundaryField
{
    left_open
    {
        type            calculated;
        value           nonuniform List<scalar> 
40
(
1.2043
1.2043
1.2043
1.2043
1.2043
1.20431
1.20431
1.20431
1.20431
1.20431
1.20431
1.20431
1.20431
1.20431
1.20431
1.20431
1.2043
1.2043
1.2043
1.2043
1.2043
1.2043
1.2043
1.20429
1.20429
1.20429
1.20428
1.20428
1.2029
1.20428
1.20427
1.2025
1.20427
1.20229
1.20226
1.20426
1.20426
1.20239
1.20425
1.20425
)
;
    }
    right_open
    {
        type            calculated;
        value           nonuniform List<scalar> 
40
(
1.20432
1.20432
1.20431
1.20431
1.20431
1.20431
1.20431
1.20431
1.20431
1.20431
1.20431
1.20431
1.20431
1.20431
1.20431
1.20431
1.2043
1.2043
1.2043
1.2043
1.2043
1.2043
1.2043
1.20429
1.20429
1.20429
1.20428
1.20428
1.20428
1.20428
1.20427
1.20427
1.20427
1.20112
1.20426
1.20092
1.20426
1.20103
1.2012
1.20169
)
;
    }
    base_side
    {
        type            calculated;
        value           nonuniform List<scalar> 
40
(
1.2043
1.2043
1.20434
1.20449
1.20478
1.20515
1.20549
1.20572
1.20585
1.20592
1.20597
1.206
1.20603
1.20605
1.20601
1.20595
1.20591
1.20585
1.20545
1.19901
1.19959
1.20715
1.20543
1.20525
1.20524
1.20525
1.20525
1.20522
1.20514
1.20499
1.20478
1.20455
1.20439
1.20433
1.20432
1.20432
1.20432
1.20432
1.20432
1.20432
)
;
    }
    top
    {
        type            calculated;
        value           nonuniform List<scalar> 
65
(
1.20247
1.20425
1.20194
1.20425
1.20425
1.20238
1.20425
1.20265
1.20275
1.20425
1.20425
1.20425
1.2031
1.20319
1.20317
1.20283
1.20425
1.20255
1.20425
1.20251
1.20425
1.20425
1.20259
1.20261
1.20264
1.20425
1.20425
1.20264
1.20264
1.20425
1.20425
1.20425
1.20264
1.20264
1.20425
1.20264
1.20265
1.20266
1.20425
1.20263
1.20261
1.20262
1.20264
1.20264
1.20268
1.20425
1.20285
1.20308
1.20401
1.20276
1.20083
1.20081
1.20118
1.20129
1.20425
1.20115
1.20425
1.20117
1.20425
1.20149
1.20425
1.20113
1.20122
1.20425
1.20169
)
;
    }
    front
    {
        type            empty;
    }
    back
    {
        type            empty;
    }
    air_to_aluminum
    {
        type            calculated;
        value           nonuniform List<scalar> 
129
(
1.15123
1.15126
1.15131
1.15139
1.15096
1.15077
1.1506
1.15046
1.15046
1.1506
1.15077
1.15096
1.15123
1.15126
1.15131
1.1514
1.15149
1.1514
1.1516
1.15155
1.15171
1.15169
1.15182
1.15181
1.15193
1.15191
1.15202
1.15201
1.15211
1.1521
1.15219
1.15218
1.15226
1.15225
1.15232
1.15231
1.15237
1.15237
1.15242
1.15241
1.15245
1.15245
1.15248
1.15248
1.1525
1.1525
1.15251
1.15251
1.15251
1.15251
1.15251
1.15251
1.1505
1.15062
1.15073
1.15083
1.15093
1.15102
1.1511
1.15118
1.15124
1.1513
1.15135
1.15139
1.15143
1.15145
1.15147
1.15148
1.15148
1.15148
1.15148
1.15148
1.15148
1.15148
1.1505
1.15062
1.15073
1.15083
1.15093
1.15102
1.1511
1.15118
1.15124
1.1513
1.15135
1.15139
1.15143
1.15145
1.15147
1.15148
1.15148
1.15148
1.15148
1.1514
1.15156
1.15169
1.15181
1.15192
1.15201
1.1521
1.15218
1.15225
1.15231
1.15236
1.15241
1.15245
1.15247
1.15249
1.1525
1.15149
1.1516
1.15172
1.15182
1.15193
1.15202
1.15211
1.15219
1.15226
1.15232
1.15237
1.15241
1.15245
1.15248
1.1525
1.1525
1.1525
1.1525
1.15251
1.15251
)
;
    }
}


// ************************************************************************* //
