/*--------------------------------*- C++ -*----------------------------------*\
| =========                 |                                                 |
| \\      /  F ield         | OpenFOAM: The Open Source CFD Toolbox           |
|  \\    /   O peration     | Version:                                        |
|   \\  /    A nd           | Website:  www.openfoam.com                      |
|    \\/     M anipulation  |                                                 |
\*---------------------------------------------------------------------------*/
FoamFile
{
    version     2.0;
    format      ascii;
    class       volScalarField;
    location    "720/aluminum";
    object      T;
}
// * * * * * * * * * * * * * * * * * * * * * * * * * * * * * * * * * * * * * //

dimensions      [0 0 0 1 0 0 0];


internalField   nonuniform List<scalar> 
372
(
298.609
298.619
298.638
298.668
298.602
298.611
298.631
298.66
298.587
298.596
298.615
298.646
298.566
298.574
298.59
298.619
298.706
298.753
298.809
298.878
298.7
298.746
298.798
298.855
298.69
298.736
298.783
298.829
298.678
298.728
298.773
298.809
298.951
299.018
299.111
298.906
298.944
298.978
298.86
298.879
298.894
298.824
298.833
298.84
299.203
299.219
299.203
298.992
298.995
298.992
298.898
298.899
298.898
298.841
298.842
298.841
299.111
299.018
298.95
298.978
298.943
298.906
298.894
298.879
298.86
298.84
298.833
298.824
298.877
298.809
298.753
298.706
298.855
298.798
298.746
298.7
298.828
298.783
298.736
298.689
298.809
298.773
298.728
298.678
298.667
298.638
298.619
298.609
298.66
298.631
298.611
298.602
298.645
298.615
298.596
298.587
298.619
298.59
298.574
298.566
298.54
298.545
298.554
298.565
298.512
298.514
298.519
298.523
298.483
298.484
298.486
298.488
298.454
298.455
298.456
298.457
298.428
298.428
298.429
298.429
298.403
298.403
298.404
298.404
298.381
298.381
298.381
298.381
298.36
298.36
298.36
298.361
298.342
298.342
298.342
298.342
298.326
298.326
298.326
298.326
298.312
298.312
298.312
298.313
298.301
298.301
298.301
298.301
298.291
298.292
298.292
298.292
298.284
298.285
298.285
298.285
298.28
298.28
298.28
298.28
298.277
298.277
298.277
298.277
298.796
298.798
298.8
298.765
298.765
298.765
298.734
298.734
298.734
298.705
298.705
298.705
298.679
298.679
298.679
298.654
298.654
298.654
298.632
298.632
298.632
298.612
298.612
298.612
298.594
298.594
298.594
298.579
298.579
298.579
298.565
298.565
298.565
298.554
298.554
298.554
298.545
298.545
298.545
298.538
298.538
298.538
298.533
298.533
298.533
298.531
298.531
298.531
298.8
298.8
298.8
298.766
298.766
298.766
298.734
298.734
298.734
298.705
298.705
298.705
298.679
298.679
298.679
298.654
298.654
298.654
298.632
298.632
298.632
298.612
298.612
298.612
298.594
298.594
298.594
298.579
298.579
298.579
298.565
298.565
298.565
298.554
298.554
298.554
298.545
298.545
298.545
298.538
298.538
298.538
298.533
298.533
298.533
298.531
298.531
298.531
298.8
298.798
298.796
298.765
298.765
298.765
298.734
298.734
298.734
298.705
298.705
298.705
298.679
298.679
298.679
298.654
298.654
298.654
298.632
298.632
298.632
298.612
298.612
298.612
298.594
298.594
298.594
298.579
298.579
298.579
298.565
298.565
298.565
298.554
298.554
298.554
298.545
298.545
298.545
298.538
298.538
298.538
298.533
298.533
298.533
298.531
298.531
298.531
298.565
298.554
298.545
298.54
298.523
298.519
298.514
298.511
298.488
298.486
298.484
298.482
298.457
298.456
298.455
298.454
298.429
298.429
298.428
298.427
298.404
298.403
298.403
298.403
298.381
298.381
298.38
298.38
298.36
298.36
298.36
298.36
298.342
298.342
298.342
298.342
298.326
298.326
298.326
298.326
298.312
298.312
298.312
298.312
298.301
298.301
298.301
298.3
298.292
298.292
298.291
298.291
298.285
298.285
298.285
298.284
298.28
298.28
298.28
298.28
298.278
298.278
298.278
298.277
)
;

boundaryField
{
    base_hotspot
    {
        type            fixedGradient;
        gradient        uniform 203.252;
    }
    base_adiabatic
    {
        type            zeroGradient;
    }
    front
    {
        type            empty;
    }
    back
    {
        type            empty;
    }
    aluminum_to_air
    {
        type            compressible::turbulentTemperatureCoupledBaffleMixed;
        refValue        nonuniform List<scalar> 
129
(
293.86
293.84
293.851
293.876
298.617
298.681
298.734
298.779
298.779
298.734
298.681
298.617
293.916
293.884
293.881
293.893
293.905
298.617
293.935
298.554
293.966
298.512
293.997
298.479
294.03
298.451
294.063
298.425
294.097
298.403
294.131
298.382
294.164
298.363
294.196
298.345
294.226
298.326
294.253
298.303
294.276
298.271
294.294
298.216
294.303
298.113
294.566
294.321
294.954
295.336
297.876
295.672
298.779
298.736
298.702
298.672
298.645
298.621
298.598
298.577
298.558
298.54
298.522
298.503
298.476
298.434
298.345
298.107
296.18
296.211
296.238
296.258
296.268
296.279
298.779
298.736
298.702
298.672
298.645
298.621
298.598
298.577
298.558
298.54
298.523
298.506
298.486
298.459
298.403
296.3
296.337
298.211
296.381
298.617
298.554
298.512
298.479
298.45
298.425
298.402
298.382
298.363
298.345
298.327
298.307
298.284
298.251
298.197
298.085
293.912
293.932
293.952
293.972
293.993
294.012
294.032
294.05
294.069
294.086
294.102
294.117
294.131
294.144
294.153
297.526
297.547
296.843
295.726
294.173
)
;
        refGradient     uniform 0;
        valueFraction   nonuniform List<scalar> 
129
(
2.89995e-05
2.89995e-05
2.89995e-05
2.89995e-05
0.000144981
0.000144981
0.000144981
0.000144981
0.000144981
0.000144981
0.000144981
0.000144981
2.89995e-05
2.89995e-05
2.89995e-05
2.89995e-05
2.89995e-05
0.000144981
2.89995e-05
0.000144981
2.89995e-05
0.000144981
2.89995e-05
0.000144981
2.89995e-05
0.000144981
2.89995e-05
0.000144981
2.89995e-05
0.000144981
2.89995e-05
0.000144981
2.89995e-05
0.000144981
2.89995e-05
0.000144981
2.89995e-05
0.000144981
2.89995e-05
0.000144981
2.89995e-05
0.000144981
2.89995e-05
0.000144981
2.89995e-05
0.000144981
3.62491e-05
2.89995e-05
3.62491e-05
3.62491e-05
0.000144981
3.62491e-05
8.21599e-05
8.21599e-05
8.21599e-05
8.21599e-05
8.21599e-05
8.21599e-05
8.21599e-05
8.21599e-05
8.21599e-05
8.21599e-05
8.21599e-05
8.21599e-05
8.21599e-05
8.21599e-05
8.21599e-05
8.21599e-05
3.62491e-05
3.62491e-05
3.62491e-05
3.62491e-05
3.62491e-05
3.62491e-05
8.21599e-05
8.21599e-05
8.21599e-05
8.21599e-05
8.21599e-05
8.21599e-05
8.21599e-05
8.21599e-05
8.21599e-05
8.21599e-05
8.21599e-05
8.21599e-05
8.21599e-05
8.21599e-05
8.21599e-05
3.62491e-05
3.62491e-05
8.21599e-05
3.62491e-05
0.000144981
0.000144981
0.000144981
0.000144981
0.000144981
0.000144981
0.000144981
0.000144981
0.000144981
0.000144981
0.000144981
0.000144981
0.000144981
0.000144981
0.000144981
0.000144981
2.89995e-05
2.89995e-05
2.89995e-05
2.89995e-05
2.89995e-05
2.89995e-05
2.89995e-05
2.89995e-05
2.89995e-05
2.89995e-05
2.89995e-05
2.89995e-05
2.89995e-05
2.89995e-05
2.89995e-05
3.62491e-05
3.62491e-05
3.62491e-05
3.62491e-05
2.89995e-05
)
;
        value           nonuniform List<scalar> 
129
(
298.609
298.601
298.587
298.566
298.678
298.728
298.773
298.809
298.809
298.772
298.728
298.678
298.608
298.601
298.587
298.566
298.54
298.565
298.511
298.523
298.482
298.488
298.454
298.457
298.427
298.429
298.403
298.404
298.38
298.381
298.36
298.36
298.341
298.342
298.325
298.326
298.312
298.312
298.3
298.301
298.291
298.291
298.284
298.284
298.279
298.28
298.277
298.277
298.277
298.277
298.277
298.277
298.796
298.764
298.734
298.705
298.678
298.654
298.632
298.612
298.594
298.578
298.565
298.554
298.544
298.538
298.533
298.531
298.531
298.531
298.531
298.531
298.531
298.531
298.796
298.764
298.734
298.705
298.678
298.654
298.632
298.612
298.594
298.578
298.565
298.554
298.545
298.538
298.533
298.531
298.531
298.531
298.531
298.564
298.523
298.488
298.457
298.429
298.403
298.38
298.36
298.342
298.326
298.312
298.3
298.291
298.284
298.28
298.277
298.539
298.511
298.482
298.454
298.427
298.402
298.38
298.359
298.341
298.325
298.311
298.3
298.291
298.284
298.279
298.277
298.277
298.277
298.277
298.277
)
;
        Tnbr            T;
        thicknessLayers 0();
        kappaLayers     0();
        kappaMethod     solidThermo;
        kappa           none;
        alphaAni        none;
        alpha           none;
    }
}


// ************************************************************************* //
