/*--------------------------------*- C++ -*----------------------------------*\
| =========                 |                                                 |
| \\      /  F ield         | OpenFOAM: The Open Source CFD Toolbox           |
|  \\    /   O peration     | Version:                                        |
|   \\  /    A nd           | Website:  www.openfoam.com                      |
|    \\/     M anipulation  |                                                 |
\*---------------------------------------------------------------------------*/
FoamFile
{
    version     2.0;
    format      ascii;
    class       volScalarField;
    location    "520/air";
    object      T;
}
// * * * * * * * * * * * * * * * * * * * * * * * * * * * * * * * * * * * * * //

dimensions      [0 0 0 1 0 0 0];


internalField   nonuniform List<scalar> 
2228
(
297.132
297.195
297.248
297.292
297.069
297.129
297.191
297.25
297.027
297.084
297.15
297.216
296.994
297.05
297.117
297.186
296.966
297.022
297.09
297.159
296.941
296.997
297.065
297.134
296.918
296.975
297.043
297.111
296.898
296.955
297.022
297.091
296.88
296.937
297.004
297.073
296.864
296.92
296.987
297.056
296.85
296.904
296.97
297.041
296.836
296.886
296.953
297.028
296.82
296.863
296.932
297.014
296.797
296.823
296.898
296.997
296.748
296.743
296.835
296.968
296.613
296.584
296.712
296.905
297.292
297.248
297.195
297.132
297.25
297.191
297.129
297.069
297.216
297.15
297.084
297.027
297.186
297.117
297.05
296.994
297.159
297.09
297.022
296.966
297.134
297.065
296.997
296.941
297.111
297.042
296.975
296.918
297.091
297.022
296.954
296.898
297.072
297.003
296.936
296.88
297.055
296.984
296.918
296.863
297.04
296.966
296.899
296.848
297.025
296.946
296.878
296.832
297.009
296.92
296.849
296.814
296.989
296.879
296.803
296.789
296.955
296.808
296.723
296.744
296.872
296.674
296.585
296.641
294.238
294.641
295.063
295.427
293.316
293.372
293.535
293.771
293.253
293.209
293.203
293.271
293.278
293.239
293.195
293.202
293.278
293.251
293.246
293.375
293.314
293.376
293.543
293.822
293.572
293.737
293.928
294.072
293.878
293.965
293.985
293.911
293.89
293.818
293.696
293.538
293.529
293.398
293.28
293.191
293.19
293.147
293.136
293.141
293.165
293.158
293.164
293.175
293.173
293.179
293.19
293.205
293.202
293.205
293.216
293.235
293.22
293.226
293.244
293.267
293.238
293.254
293.276
293.296
293.267
293.285
293.3
293.311
293.291
293.299
293.304
293.306
293.289
293.291
293.29
293.289
293.269
293.269
293.267
293.267
295.651
295.86
296.138
296.383
294.043
294.365
294.851
295.437
293.44
293.779
294.399
295.058
293.375
293.848
294.498
294.785
293.737
294.212
294.483
294.328
294.121
294.263
294.13
293.805
294.085
293.93
293.667
293.414
293.745
293.533
293.342
293.213
293.376
293.246
293.163
293.12
293.141
293.124
293.125
293.135
293.152
293.166
293.181
293.198
293.191
293.209
293.229
293.249
293.224
293.246
293.268
293.289
293.258
293.28
293.3
293.316
293.289
293.307
293.321
293.331
293.311
293.322
293.328
293.332
293.317
293.32
293.32
293.32
293.306
293.304
293.302
293.301
293.287
293.286
293.284
293.284
293.267
293.266
293.266
293.266
296.445
296.429
296.385
295.658
295.624
295.471
295.117
294.954
294.712
294.569
294.326
294.081
294.008
293.787
293.602
293.551
293.406
293.296
293.277
293.204
293.152
293.152
293.122
293.102
293.103
293.099
293.099
293.145
293.153
293.161
293.211
293.221
293.23
293.264
293.274
293.284
293.302
293.311
293.319
293.326
293.332
293.336
293.336
293.339
293.341
293.333
293.333
293.333
293.319
293.318
293.317
293.3
293.299
293.298
293.283
293.283
293.283
293.266
293.267
293.267
296.353
296.337
296.322
295.351
295.289
295.231
294.552
294.473
294.4
293.936
293.866
293.803
293.5
293.452
293.409
293.239
293.213
293.189
293.127
293.115
293.105
293.092
293.088
293.084
293.1
293.101
293.102
293.167
293.17
293.173
293.236
293.239
293.242
293.29
293.293
293.296
293.323
293.325
293.328
293.339
293.34
293.341
293.342
293.342
293.342
293.333
293.333
293.333
293.316
293.316
293.316
293.298
293.298
293.298
293.284
293.284
293.284
293.267
293.268
293.268
296.294
296.263
296.235
295.127
294.998
294.883
294.274
294.114
293.975
293.694
293.561
293.45
293.335
293.249
293.181
293.148
293.104
293.071
293.088
293.069
293.057
293.078
293.073
293.07
293.105
293.109
293.115
293.178
293.186
293.193
293.248
293.257
293.264
293.301
293.309
293.315
293.331
293.336
293.34
293.343
293.346
293.347
293.343
293.343
293.343
293.332
293.331
293.33
293.315
293.314
293.313
293.297
293.297
293.297
293.284
293.285
293.286
293.268
293.269
293.27
296.185
296.076
295.977
295.865
294.731
294.528
294.319
294.085
293.805
293.609
293.437
293.291
293.324
293.199
293.109
293.055
293.11
293.049
293.015
293
293.039
293.016
293.006
293.002
293.045
293.038
293.035
293.035
293.068
293.07
293.074
293.08
293.123
293.133
293.143
293.153
293.203
293.215
293.227
293.238
293.275
293.287
293.298
293.309
293.324
293.332
293.339
293.344
293.345
293.348
293.35
293.351
293.348
293.348
293.348
293.346
293.342
293.341
293.339
293.337
293.329
293.327
293.325
293.324
293.312
293.311
293.311
293.312
293.298
293.299
293.3
293.303
293.287
293.289
293.292
293.296
293.271
293.273
293.274
293.277
295.633
295.228
294.746
294.287
293.82
293.566
293.37
293.291
293.183
293.129
293.133
293.18
293.036
293.048
293.079
293.114
293
293.008
293.02
293.032
293.003
293.006
293.01
293.014
293.037
293.04
293.043
293.047
293.086
293.092
293.098
293.104
293.162
293.171
293.18
293.188
293.249
293.259
293.269
293.279
293.318
293.326
293.332
293.338
293.348
293.35
293.351
293.353
293.35
293.349
293.348
293.348
293.344
293.342
293.341
293.341
293.335
293.333
293.332
293.333
293.323
293.323
293.324
293.326
293.313
293.315
293.319
293.324
293.307
293.312
293.32
293.329
293.302
293.31
293.32
293.332
293.28
293.284
293.289
293.296
293.15
293.15
293.15
293.15
293.15
293.15
293.152
293.156
293.16
293.161
293.159
293.157
293.156
293.156
293.158
293.16
293.161
293.165
293.034
293.814
293.15
293.15
293.15
293.15
293.15
293.15
293.151
293.154
293.159
293.161
293.159
293.157
293.156
293.157
293.158
293.16
293.161
293.167
293.038
293.769
293.15
293.15
293.15
293.15
293.15
293.15
293.151
293.153
293.157
293.159
293.159
293.158
293.157
293.157
293.158
293.16
293.161
293.17
293.054
293.742
293.15
293.15
293.15
293.15
293.15
293.15
293.15
293.151
293.154
293.158
293.159
293.158
293.158
293.158
293.159
293.161
293.162
293.173
293.073
293.73
293.15
293.15
293.15
293.15
293.15
293.15
293.15
293.151
293.153
293.156
293.158
293.158
293.158
293.159
293.16
293.162
293.163
293.175
293.09
293.729
293.15
293.15
293.15
293.15
293.15
293.15
293.15
293.15
293.151
293.154
293.156
293.158
293.158
293.159
293.161
293.163
293.165
293.176
293.102
293.732
293.15
293.15
293.15
293.15
293.15
293.15
293.15
293.15
293.151
293.152
293.155
293.157
293.158
293.159
293.161
293.164
293.166
293.178
293.112
293.738
293.15
293.15
293.15
293.15
293.15
293.15
293.15
293.15
293.15
293.151
293.153
293.155
293.157
293.158
293.161
293.164
293.168
293.18
293.12
293.746
293.15
293.15
293.15
293.15
293.15
293.15
293.15
293.15
293.15
293.15
293.152
293.154
293.156
293.157
293.16
293.164
293.169
293.182
293.126
293.754
293.15
293.15
293.15
293.15
293.15
293.15
293.15
293.15
293.15
293.15
293.151
293.153
293.154
293.156
293.159
293.164
293.169
293.183
293.132
293.763
293.15
293.15
293.15
293.15
293.15
293.15
293.15
293.15
293.15
293.15
293.15
293.152
293.153
293.155
293.158
293.163
293.169
293.185
293.137
293.772
293.15
293.15
293.15
293.15
293.15
293.15
293.15
293.15
293.15
293.15
293.15
293.151
293.152
293.154
293.156
293.161
293.169
293.186
293.142
293.78
293.15
293.15
293.15
293.15
293.15
293.15
293.15
293.15
293.15
293.15
293.15
293.15
293.151
293.153
293.155
293.16
293.168
293.186
293.146
293.788
293.15
293.15
293.15
293.15
293.15
293.15
293.15
293.15
293.15
293.15
293.15
293.15
293.151
293.152
293.154
293.159
293.167
293.187
293.149
293.796
293.15
293.15
293.15
293.15
293.15
293.15
293.15
293.15
293.15
293.15
293.15
293.15
293.15
293.151
293.153
293.157
293.166
293.187
293.151
293.803
293.15
293.15
293.15
293.15
293.15
293.15
293.15
293.15
293.15
293.15
293.15
293.15
293.15
293.15
293.152
293.156
293.165
293.187
293.153
293.809
293.15
293.15
293.15
293.15
293.15
293.15
293.15
293.15
293.15
293.15
293.15
293.15
293.15
293.15
293.151
293.155
293.163
293.186
293.154
293.814
293.15
293.15
293.15
293.15
293.15
293.15
293.15
293.15
293.15
293.15
293.15
293.15
293.15
293.15
293.151
293.154
293.162
293.186
293.154
293.819
293.15
293.15
293.15
293.15
293.15
293.15
293.15
293.15
293.15
293.15
293.15
293.15
293.15
293.15
293.15
293.153
293.161
293.186
293.153
293.821
293.15
293.15
293.15
293.15
293.15
293.15
293.15
293.15
293.15
293.15
293.15
293.15
293.15
293.149
293.15
293.152
293.16
293.185
293.152
293.834
293.15
293.15
293.151
293.152
293.153
293.153
293.152
293.15
293.149
293.148
293.149
293.149
293.149
293.149
293.149
293.151
293.157
293.185
293.144
293.563
293.15
293.159
293.181
293.204
293.216
293.216
293.206
293.188
293.171
293.158
293.151
293.149
293.148
293.149
293.149
293.15
293.155
293.18
293.172
293.363
293.161
293.225
293.291
293.338
293.361
293.362
293.34
293.299
293.248
293.202
293.171
293.155
293.149
293.148
293.148
293.149
293.155
293.177
293.196
293.298
293.188
293.295
293.377
293.424
293.443
293.447
293.438
293.408
293.35
293.277
293.214
293.174
293.155
293.148
293.146
293.147
293.155
293.178
293.21
293.285
293.205
293.347
293.438
293.476
293.484
293.479
293.473
293.461
293.425
293.353
293.268
293.203
293.167
293.15
293.145
293.146
293.156
293.181
293.22
293.281
293.227
293.404
293.492
293.511
293.504
293.491
293.479
293.475
293.46
293.406
293.318
293.235
293.181
293.154
293.145
293.146
293.159
293.188
293.23
293.282
293.263
293.464
293.525
293.521
293.507
293.492
293.479
293.473
293.47
293.435
293.354
293.262
293.195
293.159
293.145
293.147
293.164
293.197
293.245
293.36
293.311
293.512
293.535
293.521
293.517
293.506
293.488
293.475
293.472
293.448
293.373
293.278
293.205
293.164
293.148
293.152
293.173
293.21
293.294
293.569
293.358
293.544
293.532
293.525
293.54
293.534
293.507
293.482
293.474
293.45
293.379
293.285
293.211
293.17
293.155
293.162
293.186
293.241
293.433
293.757
293.393
293.56
293.528
293.533
293.552
293.54
293.513
293.488
293.475
293.445
293.372
293.284
293.217
293.18
293.167
293.175
293.204
293.333
293.601
293.732
293.419
293.571
293.529
293.53
293.538
293.526
293.509
293.488
293.47
293.431
293.357
293.282
293.228
293.197
293.184
293.192
293.246
293.467
293.68
293.54
293.442
293.58
293.535
293.522
293.522
293.51
293.497
293.479
293.454
293.407
293.343
293.288
293.249
293.222
293.207
293.214
293.324
293.572
293.635
293.335
293.46
293.589
293.545
293.517
293.507
293.492
293.478
293.459
293.43
293.386
293.342
293.308
293.283
293.259
293.238
293.25
293.419
293.619
293.544
293.221
293.48
293.598
293.56
293.524
293.502
293.48
293.461
293.441
293.415
293.385
293.364
293.35
293.334
293.307
293.279
293.317
293.505
293.622
293.477
293.255
293.496
293.606
293.577
293.544
293.516
293.491
293.469
293.452
293.438
293.433
293.432
293.425
293.402
293.365
293.343
293.415
293.57
293.6
293.43
293.269
293.516
293.61
293.593
293.573
293.552
293.534
293.523
293.519
293.523
293.53
293.528
293.511
293.478
293.443
293.445
293.52
293.607
293.565
293.376
293.257
293.526
293.608
293.603
293.597
293.592
293.59
293.59
293.595
293.6
293.602
293.597
293.581
293.559
293.54
293.551
293.592
293.604
293.508
293.313
293.256
293.518
293.592
293.595
293.596
293.596
293.595
293.594
293.592
293.589
293.588
293.591
293.597
293.601
293.6
293.603
293.599
293.546
293.397
293.269
293.27
293.493
293.548
293.556
293.56
293.554
293.545
293.532
293.514
293.493
293.475
293.47
293.489
293.526
293.558
293.564
293.531
293.436
293.294
293.26
293.279
293.419
293.445
293.449
293.459
293.454
293.449
293.447
293.431
293.417
293.402
293.384
293.375
293.379
293.4
293.413
293.388
293.31
293.251
293.259
293.268
293.812
292.995
292.994
293.007
293.018
293.024
293.029
293.036
293.046
293.06
293.079
293.103
293.126
293.143
293.15
293.151
293.15
293.15
293.15
293.151
293.787
293.01
292.999
293.014
293.023
293.027
293.03
293.036
293.044
293.057
293.075
293.098
293.123
293.141
293.149
293.151
293.151
293.15
293.151
293.152
293.781
293.031
293.023
293.034
293.036
293.035
293.035
293.037
293.043
293.053
293.07
293.093
293.119
293.139
293.149
293.151
293.151
293.151
293.152
293.154
293.785
293.043
293.061
293.063
293.055
293.047
293.042
293.04
293.043
293.051
293.066
293.088
293.115
293.137
293.148
293.151
293.151
293.152
293.155
293.161
293.793
293.053
293.1
293.089
293.074
293.061
293.051
293.045
293.045
293.051
293.064
293.086
293.114
293.137
293.148
293.151
293.152
293.154
293.161
293.172
293.801
293.065
293.123
293.106
293.09
293.074
293.061
293.052
293.049
293.052
293.065
293.087
293.115
293.138
293.149
293.152
293.154
293.158
293.171
293.188
293.809
293.075
293.135
293.116
293.101
293.085
293.071
293.06
293.054
293.056
293.068
293.091
293.118
293.14
293.15
293.154
293.158
293.166
293.187
293.207
293.816
293.082
293.141
293.121
293.108
293.094
293.08
293.068
293.061
293.062
293.074
293.096
293.124
293.144
293.152
293.157
293.165
293.177
293.206
293.226
293.822
293.087
293.145
293.125
293.115
293.102
293.088
293.076
293.068
293.07
293.081
293.104
293.13
293.147
293.154
293.162
293.176
293.191
293.225
293.243
293.827
293.091
293.148
293.13
293.121
293.109
293.096
293.084
293.077
293.078
293.09
293.113
293.136
293.15
293.159
293.171
293.189
293.208
293.242
293.256
293.829
293.094
293.152
293.135
293.128
293.117
293.105
293.093
293.087
293.088
293.101
293.122
293.142
293.154
293.165
293.182
293.204
293.223
293.255
293.266
293.83
293.097
293.156
293.14
293.135
293.125
293.114
293.103
293.097
293.099
293.111
293.131
293.147
293.159
293.174
293.196
293.218
293.237
293.266
293.274
293.83
293.099
293.16
293.145
293.141
293.133
293.123
293.113
293.107
293.109
293.121
293.138
293.152
293.166
293.186
293.209
293.23
293.246
293.272
293.28
293.828
293.101
293.163
293.15
293.147
293.14
293.131
293.122
293.117
293.12
293.131
293.145
293.158
293.175
293.198
293.221
293.237
293.252
293.276
293.284
293.826
293.102
293.167
293.154
293.152
293.146
293.138
293.131
293.126
293.129
293.139
293.151
293.165
293.186
293.21
293.229
293.24
293.253
293.278
293.287
293.823
293.103
293.171
293.158
293.156
293.151
293.144
293.138
293.135
293.137
293.145
293.157
293.174
293.197
293.219
293.233
293.24
293.252
293.278
293.289
293.82
293.103
293.174
293.162
293.161
293.155
293.15
293.144
293.141
293.144
293.152
293.165
293.184
293.207
293.225
293.233
293.238
293.248
293.277
293.291
293.817
293.103
293.177
293.165
293.165
293.16
293.154
293.149
293.147
293.15
293.158
293.173
293.193
293.215
293.228
293.231
293.234
293.244
293.275
293.291
293.811
293.102
293.18
293.168
293.168
293.164
293.159
293.154
293.153
293.156
293.165
293.181
293.202
293.22
293.227
293.228
293.229
293.239
293.272
293.291
293.819
293.102
293.181
293.17
293.171
293.167
293.163
293.159
293.158
293.162
293.172
293.189
293.209
293.222
293.225
293.224
293.225
293.234
293.269
293.291
293.54
293.106
293.182
293.172
293.173
293.173
293.171
293.169
293.171
293.177
293.19
293.205
293.218
293.22
293.217
293.215
293.217
293.226
293.262
293.29
293.336
293.151
293.175
293.172
293.171
293.174
293.177
293.179
293.183
293.192
293.203
293.212
293.213
293.209
293.206
293.206
293.21
293.219
293.251
293.286
293.266
293.184
293.172
293.167
293.163
293.166
293.175
293.18
293.183
293.191
293.201
293.206
293.205
293.201
293.2
293.202
293.208
293.218
293.246
293.282
293.167
293.161
293.154
293.15
293.15
293.157
293.171
293.183
293.186
293.187
293.192
293.196
293.196
293.195
293.197
293.203
293.21
293.22
293.244
293.278
293.054
293.079
293.101
293.117
293.132
293.153
293.177
293.196
293.201
293.196
293.192
293.191
293.191
293.193
293.198
293.206
293.214
293.225
293.246
293.275
293.028
293.053
293.079
293.105
293.136
293.173
293.208
293.229
293.232
293.221
293.208
293.199
293.196
293.198
293.204
293.213
293.22
293.233
293.251
293.274
293.06
293.084
293.112
293.147
293.19
293.235
293.268
293.282
293.276
293.257
293.236
293.22
293.212
293.211
293.216
293.223
293.229
293.244
293.259
293.273
293.123
293.156
293.193
293.235
293.278
293.313
293.332
293.332
293.316
293.291
293.265
293.244
293.232
293.229
293.231
293.233
293.239
293.258
293.267
293.272
293.214
293.254
293.291
293.326
293.353
293.365
293.364
293.352
293.333
293.308
293.284
293.264
293.251
293.246
293.243
293.242
293.253
293.273
293.275
293.272
293.303
293.334
293.359
293.377
293.384
293.377
293.362
293.346
293.33
293.311
293.293
293.277
293.266
293.26
293.254
293.255
293.272
293.285
293.282
293.272
293.35
293.368
293.384
293.392
293.389
293.376
293.362
293.349
293.334
293.319
293.304
293.292
293.283
293.275
293.269
293.273
293.289
293.294
293.287
293.272
293.357
293.372
293.388
293.396
293.394
293.392
293.39
293.382
293.367
293.35
293.334
293.322
293.31
293.299
293.291
293.295
293.306
293.302
293.29
293.273
293.351
293.368
293.39
293.401
293.405
293.409
293.411
293.41
293.405
293.394
293.379
293.365
293.35
293.334
293.323
293.321
293.325
293.313
293.293
293.274
293.344
293.364
293.392
293.406
293.411
293.411
293.41
293.41
293.413
293.415
293.412
293.404
293.392
293.377
293.361
293.352
293.347
293.328
293.298
293.277
293.339
293.362
293.393
293.41
293.414
293.411
293.406
293.401
293.397
293.399
293.404
293.406
293.404
293.4
293.391
293.379
293.367
293.341
293.305
293.28
293.337
293.364
293.394
293.413
293.418
293.419
293.418
293.409
293.393
293.379
293.374
293.373
293.372
293.38
293.387
293.385
293.374
293.343
293.306
293.28
293.343
293.373
293.397
293.415
293.422
293.429
293.439
293.441
293.418
293.38
293.357
293.349
293.338
293.339
293.353
293.363
293.356
293.328
293.301
293.28
293.357
293.388
293.402
293.416
293.425
293.434
293.446
293.455
293.449
293.397
293.348
293.338
293.324
293.315
293.319
293.328
293.324
293.308
293.297
293.285
293.363
293.4
293.411
293.421
293.429
293.436
293.441
293.442
293.432
293.394
293.337
293.323
293.317
293.31
293.306
293.307
293.307
293.305
293.306
293.294
293.316
293.342
293.356
293.368
293.376
293.367
293.36
293.346
293.335
293.323
293.301
293.294
293.294
293.295
293.294
293.297
293.297
293.3
293.304
293.285
)
;

boundaryField
{
    left_open
    {
        type            inletOutlet;
        inletValue      uniform 293.15;
        value           nonuniform List<scalar> 
40
(
293.15
293.15
293.15
293.15
293.15
293.15
293.15
293.15
293.15
293.15
293.15
293.15
293.15
293.15
293.15
293.15
293.15
293.15
293.15
293.15
293.15
293.15
293.15
293.15
293.15
293.15
293.15
293.15
293.15
293.15
293.15
293.15
293.15
293.15
293.15
293.15
293.525
293.15
293.493
293.42
)
;
    }
    right_open
    {
        type            inletOutlet;
        inletValue      uniform 293.15;
        value           nonuniform List<scalar> 
40
(
293.151
293.152
293.154
293.16
293.171
293.187
293.206
293.225
293.242
293.256
293.266
293.274
293.28
293.15
293.287
293.289
293.291
293.15
293.292
293.292
293.291
293.286
293.282
293.278
293.15
293.274
293.15
293.272
293.15
293.272
293.15
293.273
293.15
293.15
293.28
293.28
293.28
293.285
293.294
293.285
)
;
    }
    base_side
    {
        type            zeroGradient;
    }
    top
    {
        type            inletOutlet;
        inletValue      uniform 293.15;
        value           nonuniform List<scalar> 
65
(
293.15
293.15
293.449
293.15
293.454
293.448
293.446
293.431
293.417
293.402
293.384
293.374
293.376
293.393
293.403
293.377
293.299
293.249
293.26
293.268
293.269
293.268
293.267
293.267
293.266
293.266
293.266
293.266
293.266
293.267
293.267
293.267
293.268
293.268
293.268
293.269
293.27
293.271
293.273
293.274
293.277
293.28
293.284
293.288
293.295
293.315
293.341
293.355
293.15
293.15
293.366
293.15
293.345
293.15
293.322
293.15
293.294
293.294
293.295
293.15
293.297
293.297
293.3
293.304
293.285
)
;
    }
    front
    {
        type            empty;
    }
    back
    {
        type            empty;
    }
    air_to_aluminum
    {
        type            compressible::turbulentTemperatureCoupledBaffleMixed;
        refValue        nonuniform List<scalar> 
129
(
297.124
297.116
297.102
297.081
297.192
297.242
297.287
297.323
297.323
297.287
297.242
297.192
297.124
297.116
297.102
297.081
297.055
297.079
297.026
297.038
296.997
297.003
296.969
296.972
296.943
296.944
296.918
296.919
296.896
296.896
296.876
296.876
296.858
296.858
296.842
296.842
296.828
296.828
296.817
296.817
296.808
296.808
296.801
296.801
296.796
296.796
296.794
296.794
296.794
296.794
296.794
296.794
297.309
297.278
297.247
297.218
297.191
297.167
297.144
297.124
297.106
297.091
297.077
297.066
297.057
297.05
297.046
297.044
297.044
297.044
297.044
297.044
297.044
297.044
297.309
297.278
297.247
297.218
297.191
297.167
297.144
297.124
297.106
297.091
297.077
297.066
297.057
297.05
297.046
297.044
297.044
297.044
297.044
297.079
297.038
297.003
296.972
296.944
296.919
296.896
296.876
296.858
296.842
296.828
296.817
296.808
296.801
296.796
296.794
297.055
297.026
296.997
296.969
296.943
296.918
296.896
296.875
296.857
296.841
296.828
296.816
296.807
296.8
296.796
296.794
296.794
296.793
296.793
296.793
)
;
        refGradient     uniform 0;
        valueFraction   nonuniform List<scalar> 
129
(
0.999971
0.999971
0.999971
0.999971
0.999855
0.999855
0.999855
0.999855
0.999855
0.999855
0.999855
0.999855
0.999971
0.999971
0.999971
0.999971
0.999971
0.999855
0.999971
0.999855
0.999971
0.999855
0.999971
0.999855
0.999971
0.999855
0.999971
0.999855
0.999971
0.999855
0.999971
0.999855
0.999971
0.999855
0.999971
0.999855
0.999971
0.999855
0.999971
0.999855
0.999971
0.999855
0.999971
0.999855
0.999971
0.999855
0.999964
0.999971
0.999964
0.999964
0.999855
0.999964
0.999918
0.999918
0.999918
0.999918
0.999918
0.999918
0.999918
0.999918
0.999918
0.999918
0.999918
0.999918
0.999918
0.999918
0.999918
0.999918
0.999964
0.999964
0.999964
0.999964
0.999964
0.999964
0.999918
0.999918
0.999918
0.999918
0.999918
0.999918
0.999918
0.999918
0.999918
0.999918
0.999918
0.999918
0.999918
0.999918
0.999918
0.999964
0.999964
0.999918
0.999964
0.999855
0.999855
0.999855
0.999855
0.999855
0.999855
0.999855
0.999855
0.999855
0.999855
0.999855
0.999855
0.999855
0.999855
0.999855
0.999855
0.999971
0.999971
0.999971
0.999971
0.999971
0.999971
0.999971
0.999971
0.999971
0.999971
0.999971
0.999971
0.999971
0.999971
0.999971
0.999964
0.999964
0.999964
0.999964
0.999971
)
;
        value           nonuniform List<scalar> 
129
(
297.123
297.116
297.102
297.081
297.192
297.242
297.287
297.323
297.323
297.287
297.242
297.192
297.123
297.116
297.102
297.081
297.055
297.079
297.026
297.038
296.997
297.003
296.969
296.972
296.943
296.944
296.918
296.919
296.896
296.896
296.876
296.876
296.858
296.858
296.842
296.842
296.828
296.828
296.817
296.817
296.808
296.808
296.801
296.801
296.796
296.796
296.794
296.794
296.794
296.794
296.794
296.794
297.309
297.278
297.247
297.218
297.191
297.167
297.144
297.124
297.106
297.091
297.077
297.066
297.057
297.05
297.046
297.044
297.044
297.044
297.044
297.044
297.044
297.044
297.309
297.278
297.247
297.218
297.191
297.167
297.144
297.124
297.106
297.091
297.077
297.066
297.057
297.05
297.046
297.044
297.044
297.044
297.044
297.079
297.038
297.003
296.972
296.944
296.919
296.896
296.876
296.858
296.842
296.828
296.817
296.808
296.801
296.796
296.794
297.055
297.026
296.997
296.969
296.943
296.918
296.896
296.875
296.857
296.841
296.828
296.816
296.807
296.8
296.796
296.794
296.794
296.793
296.793
296.793
)
;
        Tnbr            T;
        thicknessLayers 0();
        kappaLayers     0();
        kappaMethod     fluidThermo;
        kappa           none;
        alphaAni        none;
        alpha           none;
    }
}


// ************************************************************************* //
