/*--------------------------------*- C++ -*----------------------------------*\
| =========                 |                                                 |
| \\      /  F ield         | OpenFOAM: The Open Source CFD Toolbox           |
|  \\    /   O peration     | Version:                                        |
|   \\  /    A nd           | Website:  www.openfoam.com                      |
|    \\/     M anipulation  |                                                 |
\*---------------------------------------------------------------------------*/
FoamFile
{
    version     2.0;
    format      ascii;
    class       volVectorField;
    location    "1893.0/air";
    object      U;
}
// * * * * * * * * * * * * * * * * * * * * * * * * * * * * * * * * * * * * * //

dimensions      [0 1 -1 0 0 0 0];


internalField   nonuniform List<vector> 
2228
(
(0.000279576 -0.000273158 0)
(0.000854939 -0.000125429 0)
(0.000872122 0.000130684 0)
(0.000291711 0.000275903 0)
(0.000215626 -0.000909794 0)
(0.000860131 -0.00054854 0)
(0.00093448 0.000495139 0)
(0.000265826 0.00093884 0)
(0.00011942 -0.00134762 0)
(0.000538135 -0.000870302 0)
(0.000608466 0.00077038 0)
(0.000156505 0.0014353 0)
(5.72419e-05 -0.00159283 0)
(0.000286713 -0.00106616 0)
(0.000339985 0.000936131 0)
(8.14927e-05 0.00172911 0)
(1.74799e-05 -0.00170696 0)
(0.000135178 -0.00118083 0)
(0.000191274 0.00101462 0)
(4.74671e-05 0.00188528 0)
(-1.62824e-05 -0.00174306 0)
(4.78765e-05 -0.00126757 0)
(0.000140235 0.00103773 0)
(4.27847e-05 0.00198576 0)
(-5.30223e-05 -0.0017233 0)
(-4.91236e-06 -0.00137314 0)
(0.000165283 0.00102144 0)
(6.21768e-05 0.00209149 0)
(-0.000104769 -0.00164647 0)
(-4.52727e-05 -0.00154727 0)
(0.000264149 0.000965103 0)
(0.000108401 0.00225502 0)
(-0.000184143 -0.00149451 0)
(-9.10413e-05 -0.00185237 0)
(0.000449646 0.000854988 0)
(0.000191379 0.00253883 0)
(-0.000301438 -0.00123118 0)
(-0.000169156 -0.0023705 0)
(0.00072983 0.000660213 0)
(0.000324429 0.00302236 0)
(-0.00046105 -0.000798667 0)
(-0.000344893 -0.00319511 0)
(0.00106516 0.000319618 0)
(0.000515443 0.00378917 0)
(-0.000661675 -9.70783e-05 0)
(-0.000745465 -0.00436816 0)
(0.00130818 -0.000320791 0)
(0.000746736 0.00486621 0)
(-0.000921535 0.00109528 0)
(-0.00148803 -0.00570934 0)
(0.00109109 -0.00150219 0)
(0.000958116 0.00611535 0)
(-0.00118237 0.00284017 0)
(-0.00222801 -0.00680134 0)
(-0.000123685 -0.00344866 0)
(0.000947418 0.00714513 0)
(-0.00104778 0.00531656 0)
(-0.00146257 -0.00726571 0)
(-0.00162224 -0.00547937 0)
(0.000380033 0.00735498 0)
(0.000967142 0.001401 0)
(0.00337664 -0.00639596 0)
(0.000519936 -0.00592881 0)
(-0.000366466 0.00727714 0)
(-0.000303839 0.000286574 0)
(-0.000887681 0.000124651 0)
(-0.000839475 -0.000132838 0)
(-0.000267362 -0.000262359 0)
(-0.000285617 0.000973387 0)
(-0.000963387 0.00046268 0)
(-0.00083604 -0.0005863 0)
(-0.000198525 -0.000874063 0)
(-0.000182056 0.00150755 0)
(-0.000651919 0.000707552 0)
(-0.000508862 -0.000949163 0)
(-9.68958e-05 -0.00127622 0)
(-0.000114896 0.00185394 0)
(-0.000401858 0.000835034 0)
(-0.000247594 -0.0012014 0)
(-2.4318e-05 -0.00147811 0)
(-8.9987e-05 0.00207756 0)
(-0.000269879 0.000864951 0)
(-7.96356e-05 -0.00138575 0)
(2.79144e-05 -0.00154161 0)
(-9.3023e-05 0.00225656 0)
(-0.000223295 0.000823878 0)
(3.23416e-05 -0.00155304 0)
(6.98841e-05 -0.00151154 0)
(-0.000116306 0.00244289 0)
(-0.000227479 0.000716166 0)
(0.000139101 -0.00174352 0)
(0.000119076 -0.00139561 0)
(-0.000160728 0.00267085 0)
(-0.000260024 0.000517497 0)
(0.000298588 -0.00198901 0)
(0.000199069 -0.0011673 0)
(-0.00023544 0.00297243 0)
(-0.000306162 0.000168221 0)
(0.000579811 -0.00232872 0)
(0.000343269 -0.000753181 0)
(-0.000353145 0.00338887 0)
(-0.00037765 -0.000451109 0)
(0.00104125 -0.00281871 0)
(0.000599894 -4.92343e-06 0)
(-0.000540875 0.00400114 0)
(-0.000532472 -0.00152331 0)
(0.00165354 -0.00358982 0)
(0.00102277 0.00132995 0)
(-0.000831242 0.00501712 0)
(-0.00105423 -0.00318391 0)
(0.0019394 -0.004987 0)
(0.00157979 0.00320827 0)
(-0.00135764 0.00700092 0)
(-0.0028582 -0.00504894 0)
(0.000326785 -0.00708359 0)
(0.00182755 0.00527024 0)
(-0.00253004 0.0109951 0)
(-0.00710553 -0.00573037 0)
(-0.00479206 -0.00943294 0)
(0.000967386 0.00643816 0)
(-0.00426716 0.017587 0)
(-0.0127187 -0.0042248 0)
(-0.0125281 -0.0137526 0)
(-0.00288541 0.00376045 0)
(-0.00423249 0.0259221 0)
(-0.0142717 -0.00128638 0)
(-0.0179737 -0.021674 0)
(-0.0119396 -0.0140101 0)
(0.0448663 0.0425765 0)
(0.044492 0.0361428 0)
(0.0370159 0.0281958 0)
(0.0308483 0.0212524 0)
(0.0371516 0.0164722 0)
(0.0412694 0.0157304 0)
(0.042299 0.0138337 0)
(0.0422668 0.011822 0)
(0.0315921 0.0108688 0)
(0.0332841 0.0111647 0)
(0.0341591 0.0110491 0)
(0.034262 0.0108119 0)
(0.0335219 0.0119142 0)
(0.0337135 0.012722 0)
(0.0336576 0.0131773 0)
(0.0332747 0.0134515 0)
(0.0312044 0.0110327 0)
(0.0316835 0.0121207 0)
(0.0321189 0.0131098 0)
(0.0324323 0.0140247 0)
(0.024227 0.00836464 0)
(0.0251583 0.00938188 0)
(0.0261189 0.0104096 0)
(0.0270654 0.0114418 0)
(0.014775 0.00420181 0)
(0.0159559 0.00501173 0)
(0.0171983 0.00585752 0)
(0.0184767 0.00672745 0)
(0.00579149 -0.000686196 0)
(0.00702001 -0.000156306 0)
(0.00830939 0.000406359 0)
(0.00965876 0.00100673 0)
(-0.000598772 -0.00530062 0)
(0.000503132 -0.00510125 0)
(0.00166983 -0.00484383 0)
(0.00289625 -0.00453458 0)
(-0.00239755 -0.00929988 0)
(-0.00144225 -0.00926596 0)
(-0.000453734 -0.00918314 0)
(0.000565437 -0.0090626 0)
(0.00170408 -0.0127862 0)
(0.00256405 -0.0128181 0)
(0.00343219 -0.0127761 0)
(0.00429817 -0.01267 0)
(0.0109009 -0.0160018 0)
(0.0117078 -0.016062 0)
(0.0124779 -0.0159956 0)
(0.0132058 -0.0157981 0)
(0.0223031 -0.0189818 0)
(0.0230599 -0.0189533 0)
(0.0237084 -0.0186913 0)
(0.024232 -0.0181982 0)
(0.0301901 -0.022153 0)
(0.0306099 -0.0217348 0)
(0.0308593 -0.020883 0)
(0.0309256 -0.0196846 0)
(0.0263813 -0.0237701 0)
(0.0258698 -0.0224153 0)
(0.0252334 -0.020574 0)
(0.024535 -0.0184803 0)
(0.00552871 -0.0195482 0)
(0.00449334 -0.0175509 0)
(0.00352538 -0.0154454 0)
(0.0027381 -0.0133971 0)
(-0.0237254 -0.0150307 0)
(-0.0241443 -0.0144263 0)
(-0.0243529 -0.0137331 0)
(-0.0243573 -0.0129691 0)
(-0.054581 -0.0136254 0)
(-0.0550012 -0.0133243 0)
(-0.0553596 -0.0128699 0)
(-0.0555785 -0.0122758 0)
(-0.0777883 -0.0124638 0)
(-0.0795636 -0.0134348 0)
(-0.0814195 -0.0140076 0)
(-0.0829264 -0.0143482 0)
(-0.0651198 0.00635923 0)
(-0.0678147 -0.00202716 0)
(-0.0680669 -0.00117478 0)
(-0.0683755 -0.00327106 0)
(0.0279312 0.0133357 0)
(0.0268037 0.00604451 0)
(0.0251064 0.000681371 0)
(0.0237502 0.00215104 0)
(0.0421832 0.00971186 0)
(0.0418527 0.00776448 0)
(0.0407653 0.0062621 0)
(0.039135 0.00614472 0)
(0.0340471 0.0105351 0)
(0.033653 0.0102943 0)
(0.0330462 0.0102566 0)
(0.0323196 0.010682 0)
(0.0326927 0.0136147 0)
(0.03198 0.0137106 0)
(0.0311461 0.0138033 0)
(0.0302088 0.0139726 0)
(0.0326377 0.0148715 0)
(0.0327413 0.0156442 0)
(0.0327365 0.0163425 0)
(0.0326082 0.0169651 0)
(0.0280077 0.012476 0)
(0.0289451 0.0135034 0)
(0.0298653 0.0145116 0)
(0.0307445 0.0154813 0)
(0.0198029 0.0076187 0)
(0.0211787 0.00852807 0)
(0.0225974 0.00945214 0)
(0.0240458 0.0103871 0)
(0.0110754 0.00165014 0)
(0.0125587 0.0023362 0)
(0.0141055 0.00306175 0)
(0.0157156 0.00382228 0)
(0.00418467 -0.00418244 0)
(0.00553684 -0.00379562 0)
(0.00695306 -0.00338027 0)
(0.0084283 -0.00294542 0)
(0.00161458 -0.00891183 0)
(0.00268932 -0.00873768 0)
(0.00378849 -0.0085483 0)
(0.00490822 -0.00835705 0)
(0.00515093 -0.0125046 0)
(0.00597648 -0.0122857 0)
(0.00676119 -0.0120249 0)
(0.00749119 -0.0117415 0)
(0.0138776 -0.0154639 0)
(0.014469 -0.014995 0)
(0.014959 -0.0144056 0)
(0.0153242 -0.0137227 0)
(0.0246121 -0.0174731 0)
(0.024831 -0.016529 0)
(0.0248816 -0.0153918 0)
(0.0247489 -0.0140989 0)
(0.0307866 -0.0181954 0)
(0.0304541 -0.0164712 0)
(0.0299556 -0.0145696 0)
(0.029308 -0.0125469 0)
(0.0237645 -0.0162364 0)
(0.0229504 -0.0139042 0)
(0.0221335 -0.0115324 0)
(0.0213492 -0.00915754 0)
(0.00212349 -0.0114197 0)
(0.00167181 -0.00950214 0)
(0.00138416 -0.00763 0)
(0.00125493 -0.00576487 0)
(-0.0241921 -0.0121412 0)
(-0.0238918 -0.0112304 0)
(-0.0234762 -0.0102056 0)
(-0.0229996 -0.00900985 0)
(-0.0556656 -0.0115041 0)
(-0.0556452 -0.0105147 0)
(-0.0555051 -0.00938378 0)
(-0.0551988 -0.00800116 0)
(-0.084152 -0.0144133 0)
(-0.0856916 -0.0140906 0)
(-0.0870497 -0.0140355 0)
(-0.0878274 -0.0141391 0)
(-0.068909 0.000179742 0)
(-0.0718915 0.00809659 0)
(-0.0777109 0.00794841 0)
(-0.081309 -0.00124068 0)
(0.0240378 0.00330533 0)
(0.0238103 0.0046409 0)
(0.0225983 0.00651922 0)
(0.0378909 0.00705716 0)
(0.0372817 0.00843092 0)
(0.0367903 0.0106137 0)
(0.0317099 0.0114966 0)
(0.0313149 0.0124004 0)
(0.0311479 0.0136897 0)
(0.0294803 0.0142515 0)
(0.0289909 0.014541 0)
(0.0285927 0.0149393 0)
(0.032452 0.0174397 0)
(0.0322994 0.017752 0)
(0.0321505 0.0180412 0)
(0.0314063 0.0162218 0)
(0.0318571 0.0167281 0)
(0.0322887 0.0172071 0)
(0.0252013 0.0111286 0)
(0.0260434 0.0116641 0)
(0.0268822 0.0121975 0)
(0.0170281 0.00443454 0)
(0.0180038 0.00488388 0)
(0.0189922 0.00533811 0)
(0.00963722 -0.00260822 0)
(0.0105427 -0.00236987 0)
(0.0114642 -0.00214692 0)
(0.00579639 -0.00822559 0)
(0.00644362 -0.00814649 0)
(0.00709185 -0.0081006 0)
(0.00801184 -0.0115286 0)
(0.00836406 -0.0113832 0)
(0.00868847 -0.0112543 0)
(0.0155142 -0.013161 0)
(0.0155981 -0.0127485 0)
(0.0156391 -0.0123363 0)
(0.0245393 -0.0130256 0)
(0.0243255 -0.0122311 0)
(0.0240639 -0.0114257 0)
(0.0287275 -0.0109187 0)
(0.0282671 -0.00973499 0)
(0.0277796 -0.00855143 0)
(0.0207392 -0.00729531 0)
(0.020293 -0.00595805 0)
(0.0198538 -0.00463052 0)
(0.00124575 -0.00426267 0)
(0.00128916 -0.00313775 0)
(0.00136021 -0.00195537 0)
(-0.0226479 -0.00789959 0)
(-0.022357 -0.00699927 0)
(-0.0221174 -0.00599776 0)
(-0.0548648 -0.00670846 0)
(-0.0544108 -0.00575477 0)
(-0.0540561 -0.00465712 0)
(-0.0884204 -0.0138059 0)
(-0.0885688 -0.0135271 0)
(-0.0886116 -0.0131205 0)
(-0.0820057 -0.00183274 0)
(-0.0820315 -0.00320937 0)
(-0.082847 -0.00373811 0)
(0.0216323 0.00804682 0)
(0.0209135 0.00889321 0)
(0.0204186 0.00955116 0)
(0.036393 0.0124474 0)
(0.0362316 0.0134919 0)
(0.0360779 0.0147049 0)
(0.0309111 0.0147804 0)
(0.0309098 0.0153272 0)
(0.0308613 0.0160672 0)
(0.0283413 0.0153307 0)
(0.0282688 0.0155238 0)
(0.0281801 0.0157798 0)
(0.0320263 0.0182467 0)
(0.0319844 0.0183298 0)
(0.0319247 0.0184257 0)
(0.0325712 0.0175171 0)
(0.0327163 0.0176525 0)
(0.032855 0.0178017 0)
(0.0274595 0.0125554 0)
(0.0277541 0.0127302 0)
(0.0280524 0.0129185 0)
(0.0196884 0.00564174 0)
(0.0200528 0.00579384 0)
(0.0204234 0.00595923 0)
(0.0121253 -0.00203859 0)
(0.0124708 -0.00199163 0)
(0.0128219 -0.00192 0)
(0.00753942 -0.00812726 0)
(0.00776995 -0.00814316 0)
(0.00800342 -0.00812238 0)
(0.00889315 -0.011207 0)
(0.00898769 -0.0111854 0)
(0.00908694 -0.011141 0)
(0.0156345 -0.0120851 0)
(0.0156181 -0.0119629 0)
(0.0156081 -0.0118198 0)
(0.02386 -0.0109037 0)
(0.0237362 -0.0106509 0)
(0.0236248 -0.0103739 0)
(0.027432 -0.00775967 0)
(0.0272333 -0.00736531 0)
(0.0270554 -0.00695876 0)
(0.0195454 -0.00370662 0)
(0.0193621 -0.00323486 0)
(0.0192105 -0.0027663 0)
(0.00143073 -0.00108429 0)
(0.00145234 -0.000639087 0)
(0.00150369 -0.000220618 0)
(-0.0219606 -0.00523002 0)
(-0.0219343 -0.00486532 0)
(-0.0217963 -0.00452663 0)
(-0.0537536 -0.00375171 0)
(-0.0536482 -0.00333075 0)
(-0.0533625 -0.00310232 0)
(-0.0887695 -0.0124664 0)
(-0.088782 -0.0121605 0)
(-0.0885714 -0.012016 0)
(-0.0830918 -0.0042958 0)
(-0.0830535 -0.00731887 0)
(-0.0833172 -0.00394049 0)
(0.0192794 0.0106944 0)
(0.0170833 0.0128191 0)
(0.0142132 0.0182462 0)
(0.0358513 0.0173387 0)
(0.0355063 0.0215001 0)
(0.0351044 0.0262518 0)
(0.0309432 0.0177661 0)
(0.0312006 0.0208165 0)
(0.0317416 0.024219 0)
(0.0280807 0.0163223 0)
(0.0279888 0.0174622 0)
(0.0281492 0.0188783 0)
(0.0318303 0.0185951 0)
(0.0316977 0.0189116 0)
(0.0316514 0.0192638 0)
(0.033117 0.0180805 0)
(0.0334943 0.018499 0)
(0.0338665 0.0188801 0)
(0.0286185 0.0132831 0)
(0.0294581 0.0138288 0)
(0.0302928 0.0143583 0)
(0.0211283 0.0062847 0)
(0.0221933 0.00677062 0)
(0.0232743 0.0072538 0)
(0.0134908 -0.00174871 0)
(0.0145133 -0.00148305 0)
(0.0155621 -0.00120959 0)
(0.00844682 -0.00803517 0)
(0.00912453 -0.00791582 0)
(0.00981852 -0.00783017 0)
(0.00926904 -0.0110305 0)
(0.00952221 -0.0109085 0)
(0.00975718 -0.0108349 0)
(0.0155695 -0.011524 0)
(0.0154635 -0.011124 0)
(0.0153059 -0.0107736 0)
(0.0233727 -0.00981837 0)
(0.0229497 -0.0090151 0)
(0.0224659 -0.00826833 0)
(0.0266669 -0.00617669 0)
(0.0260736 -0.0050376 0)
(0.0254354 -0.00396244 0)
(0.0188824 -0.00190296 0)
(0.0184365 -0.000638638 0)
(0.0179739 0.000582332 0)
(0.00157309 0.000523147 0)
(0.00170203 0.0016742 0)
(0.00181887 0.00281996 0)
(-0.0216633 -0.00384915 0)
(-0.0213697 -0.00258422 0)
(-0.0211226 -0.00120804 0)
(-0.0530665 -0.00249524 0)
(-0.0525779 -0.00132888 0)
(-0.0520332 -0.000216724 0)
(-0.0885022 -0.0117986 0)
(-0.0885041 -0.0110167 0)
(-0.0883935 -0.0105678 0)
(-0.0840099 0.0010925 0)
(-0.0863404 0.00533759 0)
(-0.089111 0.0028892 0)
(0.00990252 0.0424266 0)
(0.00552364 0.0363835 0)
(-0.00302236 -0.00533355 0)
(-0.0127632 -0.018551 0)
(0.0349382 0.0370523 0)
(0.0357529 0.0477639 0)
(0.0336535 0.0444905 0)
(0.0260411 0.0355704 0)
(0.0330816 0.0296985 0)
(0.0360857 0.0377562 0)
(0.0392861 0.0442335 0)
(0.0412106 0.0466969 0)
(0.0287325 0.021235 0)
(0.0302349 0.0249264 0)
(0.0327113 0.0290936 0)
(0.0357794 0.0325805 0)
(0.0316896 0.0198183 0)
(0.0319765 0.0207366 0)
(0.0326911 0.0218846 0)
(0.0338652 0.0231196 0)
(0.0343591 0.0193395 0)
(0.0349619 0.0199087 0)
(0.0355785 0.0204554 0)
(0.0362198 0.0209967 0)
(0.0314337 0.0150638 0)
(0.03285 0.015957 0)
(0.0342216 0.0168397 0)
(0.0355348 0.0177256 0)
(0.0247904 0.00793632 0)
(0.02675 0.00884551 0)
(0.0287548 0.00979943 0)
(0.0308117 0.0108064 0)
(0.0170602 -0.000803353 0)
(0.0190593 -0.000292164 0)
(0.0211864 0.000181062 0)
(0.0234636 0.000601317 0)
(0.0108225 -0.00775926 0)
(0.0121753 -0.00778515 0)
(0.0136213 -0.00794227 0)
(0.0151754 -0.00823562 0)
(0.0100758 -0.010791 0)
(0.0104262 -0.0108699 0)
(0.0107329 -0.0111046 0)
(0.0110087 -0.0114974 0)
(0.015026 -0.0103484 0)
(0.0145207 -0.00994732 0)
(0.0138604 -0.00973538 0)
(0.013053 -0.00973133 0)
(0.0217091 -0.00730504 0)
(0.0205774 -0.00619383 0)
(0.0192713 -0.00525542 0)
(0.0177931 -0.00450377 0)
(0.0245129 -0.00256216 0)
(0.0232318 -0.000885176 0)
(0.0218187 0.000639023 0)
(0.0202686 0.00200228 0)
(0.0173121 0.00221895 0)
(0.0164331 0.00423144 0)
(0.0155243 0.00612499 0)
(0.0145642 0.00789507 0)
(0.00197284 0.00436224 0)
(0.00210231 0.00626764 0)
(0.00216181 0.00810335 0)
(0.00214325 0.00985389 0)
(-0.020757 0.000786664 0)
(-0.020279 0.0034318 0)
(-0.0197823 0.00599884 0)
(-0.019277 0.00838074 0)
(-0.0511758 0.00135875 0)
(-0.0499949 0.00339188 0)
(-0.0487045 0.00529561 0)
(-0.0473923 0.00700729 0)
(-0.0877638 -0.00972485 0)
(-0.0868526 -0.00805489 0)
(-0.0856022 -0.00598936 0)
(-0.0839868 -0.00355779 0)
(-0.090618 -0.00391257 0)
(-0.0904222 -0.00451592 0)
(-0.0896734 -0.00738298 0)
(-0.0883106 -0.00658261 0)
(-0.0154032 -0.00951094 0)
(-0.0167538 0.00764134 0)
(-0.0215864 0.0317082 0)
(-0.0253162 0.0518707 0)
(0.0158621 0.0248198 0)
(0.00854131 0.0124478 0)
(0.00634814 0.00236333 0)
(0.00582742 0.00887369 0)
(0.0412576 0.0446352 0)
(0.0400543 0.0386021 0)
(0.0380872 0.0303931 0)
(0.0358644 0.0204347 0)
(0.0387131 0.0341472 0)
(0.0408828 0.0332061 0)
(0.0420781 0.0304537 0)
(0.0419552 0.0244624 0)
(0.0353678 0.0241316 0)
(0.0368703 0.024556 0)
(0.0382036 0.0245373 0)
(0.0387051 0.0227119 0)
(0.0368955 0.0215463 0)
(0.0375367 0.0220566 0)
(0.0381328 0.0226456 0)
(0.0384083 0.0226837 0)
(0.0367846 0.0186478 0)
(0.0379571 0.0196125 0)
(0.0390515 0.0207135 0)
(0.04005 0.0219092 0)
(0.0329275 0.0118832 0)
(0.0351233 0.0130095 0)
(0.0373813 0.0143132 0)
(0.039851 0.0156634 0)
(0.0259133 0.000958899 0)
(0.0285707 0.00122534 0)
(0.0314223 0.00147779 0)
(0.0347708 0.000950839 0)
(0.0168522 -0.00869161 0)
(0.0186738 -0.00937218 0)
(0.0206108 -0.0103679 0)
(0.0232209 -0.0117598 0)
(0.0112619 -0.0120645 0)
(0.0115062 -0.0128529 0)
(0.0117779 -0.0139677 0)
(0.0124897 -0.0153886 0)
(0.0121001 -0.00995323 0)
(0.0110042 -0.0104144 0)
(0.00979128 -0.0111091 0)
(0.00873588 -0.0119611 0)
(0.0161408 -0.00394372 0)
(0.014301 -0.00357778 0)
(0.0122481 -0.00341831 0)
(0.0101295 -0.00349043 0)
(0.0185744 0.00320201 0)
(0.0167329 0.00424423 0)
(0.0147402 0.00514883 0)
(0.0126515 0.00592707 0)
(0.0135438 0.00954489 0)
(0.012462 0.0110808 0)
(0.0113141 0.0125089 0)
(0.0101306 0.0138316 0)
(0.00205368 0.0114952 0)
(0.00190191 0.0130116 0)
(0.00169138 0.0144113 0)
(0.00145278 0.0157496 0)
(-0.0187632 0.0105799 0)
(-0.0182632 0.0126473 0)
(-0.0177919 0.0146177 0)
(-0.0173557 0.0165578 0)
(-0.0461075 0.00854447 0)
(-0.0448903 0.00999896 0)
(-0.0436731 0.0113967 0)
(-0.0425422 0.013063 0)
(-0.0823316 -0.00088227 0)
(-0.0804262 0.00135294 0)
(-0.0783081 0.00307329 0)
(-0.0763243 0.00649577 0)
(-0.088612 0.00240899 0)
(-0.0915797 0.00124366 0)
(-0.0916575 -0.0083722 0)
(-0.0881978 -0.00430127 0)
(-0.00475376 -3.7795e-06 0)
(-0.00459794 -9.30812e-06 0)
(-0.00444164 -1.51658e-05 0)
(-0.0043506 -9.42499e-06 0)
(-0.00452886 8.39057e-06 0)
(-0.00488736 6.92932e-06 0)
(-0.0049464 -2.23406e-05 0)
(-0.00465741 -2.53209e-05 0)
(-0.0045281 -1.28223e-06 0)
(-0.00463392 3.1818e-06 0)
(-0.00451954 -1.51804e-05 0)
(-0.00404808 -2.73232e-05 0)
(-0.00360658 -2.07466e-05 0)
(-0.00360028 -1.57066e-05 0)
(-0.00450715 7.2436e-06 0)
(-0.0081888 0.000274083 0)
(-0.014724 0.00061618 0)
(-0.0139126 -0.0002798 0)
(0.00879135 -0.00134685 0)
(0.0190294 0.00228004 0)
(-0.00845074 -2.82051e-05 0)
(-0.00819594 -5.26393e-05 0)
(-0.00806093 -4.87997e-05 0)
(-0.00815839 1.55658e-05 0)
(-0.00881735 0.000119954 0)
(-0.0098546 0.000104715 0)
(-0.0104119 -4.80366e-05 0)
(-0.0103356 -8.06876e-05 0)
(-0.0103809 1.72299e-05 0)
(-0.0106512 1.35504e-05 0)
(-0.0103958 -0.000115927 0)
(-0.00950948 -0.000183087 0)
(-0.00888262 -7.20736e-05 0)
(-0.00965324 0.000232005 0)
(-0.0133601 0.000853007 0)
(-0.0213592 0.00175039 0)
(-0.0283745 0.00116613 0)
(-0.0212638 -0.00365316 0)
(0.00546261 -0.00777045 0)
(0.0306714 0.0058788 0)
(-0.00796232 -5.20008e-05 0)
(-0.00776221 -7.57e-05 0)
(-0.00786217 -2.64659e-05 0)
(-0.00838381 0.000134811 0)
(-0.00963976 0.000353831 0)
(-0.0114262 0.000340245 0)
(-0.0127799 5.51355e-05 0)
(-0.0133965 -4.44999e-05 0)
(-0.0138519 8.26765e-05 0)
(-0.0142285 2.07286e-05 0)
(-0.0139101 -0.000249719 0)
(-0.0130375 -0.000335829 0)
(-0.0128024 2.58605e-05 0)
(-0.0146898 0.000893414 0)
(-0.0199159 0.00212379 0)
(-0.0274912 0.00294978 0)
(-0.0308089 0.00100414 0)
(-0.0212935 -0.00695952 0)
(0.00067521 -0.014596 0)
(0.0333687 0.009994 0)
(-0.00468732 -6.5564e-05 0)
(-0.00460616 -5.89595e-05 0)
(-0.00502033 8.0871e-05 0)
(-0.00606686 0.000370579 0)
(-0.00797743 0.0007283 0)
(-0.0105924 0.000751564 0)
(-0.0129726 0.000346902 0)
(-0.014556 0.000124328 0)
(-0.0155477 0.000199649 0)
(-0.0160672 3.59135e-05 0)
(-0.0158531 -0.000362576 0)
(-0.0152824 -0.00040753 0)
(-0.0155784 0.000284903 0)
(-0.0180089 0.00169717 0)
(-0.0227644 0.00323318 0)
(-0.0275783 0.00358531 0)
(-0.0275672 0.000543743 0)
(-0.0182077 -0.00962705 0)
(-0.00166073 -0.0209517 0)
(0.0331653 0.0140327 0)
(0.000415596 -6.35303e-05 0)
(0.000370387 1.87475e-06 0)
(-0.000331376 0.000276915 0)
(-0.00189923 0.000729347 0)
(-0.00446492 0.00125036 0)
(-0.00791929 0.00136031 0)
(-0.0114512 0.000865837 0)
(-0.0141977 0.000461048 0)
(-0.01588 0.000390904 0)
(-0.0166843 9.15746e-05 0)
(-0.0167547 -0.000412647 0)
(-0.0165644 -0.000391833 0)
(-0.0171327 0.00059511 0)
(-0.019278 0.00236714 0)
(-0.0223623 0.00390522 0)
(-0.0240892 0.00363043 0)
(-0.0220929 -9.48352e-05 0)
(-0.0136364 -0.0116321 0)
(-0.00262718 -0.0265693 0)
(0.0319238 0.0176479 0)
(0.00665615 -4.91022e-05 0)
(0.00650158 0.000102461 0)
(0.00559141 0.000545767 0)
(0.00359313 0.00120195 0)
(0.000427821 0.00190996 0)
(-0.00378602 0.00216572 0)
(-0.00846024 0.00163378 0)
(-0.0125214 0.00100152 0)
(-0.0151172 0.000695383 0)
(-0.0164117 0.000222663 0)
(-0.0169074 -0.000387494 0)
(-0.0170413 -0.000331935 0)
(-0.0175275 0.000838758 0)
(-0.0188317 0.00276251 0)
(-0.0199815 0.00411412 0)
(-0.0193151 0.00324144 0)
(-0.0166399 -0.000791694 0)
(-0.00865637 -0.0130439 0)
(-0.00289421 -0.0313487 0)
(0.0302507 0.0208629 0)
(0.0135145 -2.84285e-05 0)
(0.0132949 0.000227966 0)
(0.0122572 0.000865968 0)
(0.00996844 0.00176548 0)
(0.00631241 0.0026924 0)
(0.00147292 0.00314301 0)
(-0.00418688 0.00264808 0)
(-0.00962681 0.00178545 0)
(-0.013395 0.00116231 0)
(-0.0154185 0.000463673 0)
(-0.0164631 -0.000284569 0)
(-0.0168731 -0.00026914 0)
(-0.0170568 0.000950319 0)
(-0.0173425 0.00286491 0)
(-0.0168914 0.00397284 0)
(-0.014892 0.00263684 0)
(-0.0126475 -0.00153302 0)
(-0.00404188 -0.0140374 0)
(-0.00277341 -0.0352997 0)
(0.0283802 0.0237735 0)
(0.0206326 -5.31671e-06 0)
(0.0203842 0.000364414 0)
(0.0192888 0.00121462 0)
(0.0168442 0.00239071 0)
(0.012855 0.00357461 0)
(0.00752033 0.00425068 0)
(0.00114515 0.00388899 0)
(-0.00557589 0.0028387 0)
(-0.0107412 0.00184396 0)
(-0.0137508 0.000852496 0)
(-0.0154914 -9.20594e-05 0)
(-0.0162322 -0.000215276 0)
(-0.0161083 0.000921053 0)
(-0.0154817 0.00272803 0)
(-0.0139849 0.00364121 0)
(-0.0116416 0.00202907 0)
(-0.0105149 -0.00235994 0)
(-0.000240273 -0.0148399 0)
(-0.00244492 -0.0384921 0)
(0.0264177 0.0264297 0)
(0.0277629 1.93671e-05 0)
(0.02751 0.000504173 0)
(0.0264089 0.00157458 0)
(0.0239135 0.00304987 0)
(0.0197514 0.00452708 0)
(0.0140748 0.00545583 0)
(0.00720033 0.00529269 0)
(-0.000459903 0.00416519 0)
(-0.00712477 0.00278542 0)
(-0.0113709 0.00143219 0)
(-0.0139913 0.000219021 0)
(-0.0152348 -0.00014703 0)
(-0.014999 0.000785382 0)
(-0.0137275 0.00243187 0)
(-0.011691 0.00325659 0)
(-0.00963246 0.00155527 0)
(-0.00971871 -0.00328434 0)
(0.00262581 -0.0156922 0)
(-0.00200589 -0.0409942 0)
(0.0244123 0.0288452 0)
(0.0347292 4.30497e-05 0)
(0.0344878 0.00064103 0)
(0.0334186 0.00193367 0)
(0.0309461 0.00371991 0)
(0.0267422 0.00551874 0)
(0.0208862 0.00672804 0)
(0.0136944 0.00680306 0)
(0.00546668 0.00571342 0)
(-0.00251283 0.00401225 0)
(-0.00819637 0.00224606 0)
(-0.0118939 0.00069141 0)
(-0.0138857 -1.37722e-05 0)
(-0.0138737 0.000604904 0)
(-0.0123024 0.00205257 0)
(-0.0100446 0.00289548 0)
(-0.00841608 0.00123714 0)
(-0.00937679 -0.00430969 0)
(0.00472326 -0.0167162 0)
(-0.00150781 -0.0428791 0)
(0.0223865 0.0310291 0)
(0.0413937 6.26183e-05 0)
(0.0411768 0.00076988 0)
(0.040169 0.00228321 0)
(0.0377723 0.00438399 0)
(0.033623 0.00652167 0)
(0.027734 0.00803603 0)
(0.0203952 0.00837395 0)
(0.0118815 0.00740728 0)
(0.0030181 0.00551447 0)
(-0.00414509 0.00332298 0)
(-0.00908693 0.00137071 0)
(-0.0120747 0.000248966 0)
(-0.0126794 0.000455102 0)
(-0.0111921 0.00164911 0)
(-0.00883912 0.0025649 0)
(-0.00734617 0.00101414 0)
(-0.00875508 -0.00543392 0)
(0.00641889 -0.01769 0)
(-0.000987681 -0.0443034 0)
(0.0203357 0.0329845 0)
(0.0476321 7.79282e-05 0)
(0.0474521 0.000886809 0)
(0.0465338 0.00261597 0)
(0.0442582 0.00502963 0)
(0.0402362 0.00751365 0)
(0.034434 0.00934987 0)
(0.0271016 0.00996587 0)
(0.018522 0.00917971 0)
(0.00921247 0.00722069 0)
(0.000817357 0.00468021 0)
(-0.00545784 0.00229251 0)
(-0.00962038 0.000703836 0)
(-0.0112025 0.000415063 0)
(-0.010204 0.00126588 0)
(-0.00780413 0.00221785 0)
(-0.00586906 0.000807012 0)
(-0.00735061 -0.00662845 0)
(0.00789421 -0.0186138 0)
(-0.00038396 -0.0452758 0)
(0.0182443 0.0347314 0)
(0.053315 8.80273e-05 0)
(0.0531859 0.00098734 0)
(0.0523884 0.00292474 0)
(0.0502815 0.00564599 0)
(0.0464526 0.00847696 0)
(0.040836 0.0106438 0)
(0.0336435 0.0115464 0)
(0.0251699 0.0109727 0)
(0.0157682 0.00904879 0)
(0.00658155 0.00627771 0)
(-0.000943329 0.00347794 0)
(-0.00634357 0.00139604 0)
(-0.00914423 0.00055759 0)
(-0.00902523 0.000947777 0)
(-0.00673838 0.00178704 0)
(-0.00377895 0.000541485 0)
(-0.00490181 -0.00776497 0)
(0.009324 -0.0194756 0)
(0.000348736 -0.0458233 0)
(0.0160948 0.0362932 0)
(0.0582951 9.13385e-05 0)
(0.0582332 0.00106625 0)
(0.0575946 0.00320114 0)
(0.0557142 0.00622142 0)
(0.0521513 0.0093954 0)
(0.046813 0.0118957 0)
(0.0398785 0.0130886 0)
(0.0316491 0.012741 0)
(0.0224149 0.0109246 0)
(0.0128988 0.00804113 0)
(0.0044213 0.00490446 0)
(-0.00213624 0.00234429 0)
(-0.006217 0.000936283 0)
(-0.00726518 0.000756611 0)
(-0.00548422 0.00124452 0)
(-0.00134546 0.000162585 0)
(-0.00182199 -0.00880488 0)
(0.0109345 -0.0201978 0)
(0.00125675 -0.0459393 0)
(0.0138712 0.0376893 0)
(0.0623992 8.57856e-05 0)
(0.0624248 0.00111721 0)
(0.0619917 0.00343488 0)
(0.0604103 0.00674163 0)
(0.0572043 0.0102513 0)
(0.0522464 0.0130844 0)
(0.0456844 0.0145688 0)
(0.0378186 0.0144512 0)
(0.0289347 0.0127842 0)
(0.0194772 0.00988881 0)
(0.0104653 0.00651242 0)
(0.00298654 0.00352992 0)
(-0.00224754 0.00156955 0)
(-0.00453077 0.000765482 0)
(-0.00373965 0.000648927 0)
(0.000961619 -0.000384593 0)
(0.00169918 -0.00975369 0)
(0.0128036 -0.0207426 0)
(0.00237428 -0.045616 0)
(0.0115603 0.0389348 0)
(0.065426 6.89655e-05 0)
(0.0655636 0.00113261 0)
(0.0653931 0.00361302 0)
(0.0642006 0.00718844 0)
(0.0614666 0.0110234 0)
(0.0570131 0.0141868 0)
(0.0509478 0.0159638 0)
(0.0435615 0.0160772 0)
(0.0351609 0.0145788 0)
(0.0260479 0.011743 0)
(0.0169285 0.00822783 0)
(0.00887018 0.00489911 0)
(0.00275631 0.00243013 0)
(-0.000594629 0.00101589 0)
(-0.000957618 0.00016697 0)
(0.00321627 -0.00114405 0)
(0.00553308 -0.0106446 0)
(0.0149562 -0.021081 0)
(0.00373339 -0.0448411 0)
(0.00914942 0.0400588 0)
(0.0671497 3.93123e-05 0)
(0.0674285 0.00110512 0)
(0.067588 0.0037204 0)
(0.0668926 0.00753918 0)
(0.0647725 0.011685 0)
(0.0609771 0.0151755 0)
(0.0555549 0.017248 0)
(0.0487741 0.017595 0)
(0.0409671 0.0162728 0)
(0.0323938 0.0135396 0)
(0.0235247 0.00997041 0)
(0.0152735 0.0063824 0)
(0.00861449 0.00346485 0)
(0.0044551 0.00147783 0)
(0.00322354 -8.35698e-05 0)
(0.00620768 -0.00200198 0)
(0.00973975 -0.0114871 0)
(0.0173868 -0.0211849 0)
(0.00536851 -0.0435615 0)
(0.00664103 0.0410374 0)
(0.0673331 -1.29283e-05 0)
(0.0677857 0.00102334 0)
(0.0683513 0.00373989 0)
(0.0682771 0.00776762 0)
(0.0669381 0.0122038 0)
(0.0639864 0.0160186 0)
(0.0593831 0.0183943 0)
(0.0533556 0.0189843 0)
(0.0462529 0.0178441 0)
(0.0383528 0.0152348 0)
(0.0299956 0.0116712 0)
(0.0219079 0.00790311 0)
(0.0150525 0.00460586 0)
(0.0103839 0.00208144 0)
(0.00855482 -0.000141208 0)
(0.0105038 -0.00279927 0)
(0.0144285 -0.0122254 0)
(0.0200836 -0.0210234 0)
(0.0073207 -0.041654 0)
(0.00398741 0.0420821 0)
(0.0657515 -9.46719e-05 0)
(0.066415 0.000872373 0)
(0.0674644 0.00364898 0)
(0.0681413 0.00784367 0)
(0.0677692 0.0125423 0)
(0.0658761 0.0166713 0)
(0.0622966 0.0193542 0)
(0.0571932 0.0201995 0)
(0.0509196 0.0192538 0)
(0.0437994 0.0167857 0)
(0.0361322 0.0132708 0)
(0.0284907 0.00939 0)
(0.021754 0.0057836 0)
(0.0168756 0.00276645 0)
(0.0146369 -6.10282e-05 0)
(0.0160157 -0.00351098 0)
(0.0195025 -0.0127992 0)
(0.0230305 -0.0205884 0)
(0.00964022 -0.039063 0)
(0.00162793 0.0424975 0)
(0.0622456 -0.00019781 0)
(0.063142 0.000647619 0)
(0.0647387 0.00342215 0)
(0.0662695 0.00773223 0)
(0.0670485 0.0126759 0)
(0.0664893 0.0171424 0)
(0.0642326 0.0201726 0)
(0.0602937 0.0213015 0)
(0.0549937 0.0205541 0)
(0.0487222 0.0182175 0)
(0.0418233 0.0147568 0)
(0.0347886 0.0107966 0)
(0.0283969 0.00693078 0)
(0.0235679 0.00346962 0)
(0.0210845 2.99038e-05 0)
(0.0222515 -0.00409713 0)
(0.0245937 -0.013026 0)
(0.0261577 -0.0198875 0)
(0.0123431 -0.0361056 0)
(-0.0031858 0.0454132 0)
(0.0480838 -0.000473143 0)
(0.0498004 2.0521e-05 0)
(0.0528309 0.00251427 0)
(0.0559773 0.00675321 0)
(0.0587614 0.0118946 0)
(0.0609123 0.016882 0)
(0.0620746 0.0207168 0)
(0.0618927 0.0227632 0)
(0.0602087 0.0228411 0)
(0.0571386 0.0211202 0)
(0.0530087 0.0180123 0)
(0.0483068 0.0140663 0)
(0.0436875 0.0097947 0)
(0.0398587 0.00548651 0)
(0.0373988 0.000896301 0)
(0.0363858 -0.0041946 0)
(0.0351736 -0.0118017 0)
(0.0335876 -0.017306 0)
(0.0197566 -0.0294582 0)
(0.0257104 0.0309803 0)
(0.0137237 -0.00211359 0)
(0.0203221 -0.00242861 0)
(0.0276175 -0.000134061 0)
(0.0336481 0.00412323 0)
(0.0384898 0.00937507 0)
(0.0428629 0.0144571 0)
(0.0472827 0.0186271 0)
(0.0515875 0.0214657 0)
(0.0551517 0.0226788 0)
(0.0574317 0.0221489 0)
(0.0582678 0.0200193 0)
(0.0578585 0.0166478 0)
(0.0566162 0.012455 0)
(0.0550005 0.00776281 0)
(0.0533069 0.00267098 0)
(0.051522 -0.00267677 0)
(0.0483292 -0.00855864 0)
(0.0439586 -0.0124454 0)
(0.0302688 -0.0180957 0)
(0.0272175 0.00686253 0)
(0.00120743 -0.00781145 0)
(0.0143904 -0.0102966 0)
(0.0235836 -0.00684026 0)
(0.0285215 -0.000493923 0)
(0.0298169 0.00614801 0)
(0.0297338 0.0112546 0)
(0.0311485 0.0146849 0)
(0.0350296 0.0170866 0)
(0.0404134 0.0186009 0)
(0.045884 0.0189542 0)
(0.0504653 0.017945 0)
(0.0537423 0.0156332 0)
(0.0556823 0.0122736 0)
(0.0564404 0.00818868 0)
(0.0561266 0.00368427 0)
(0.0547516 -0.000839629 0)
(0.0516139 -0.00500843 0)
(0.0467506 -0.00702497 0)
(0.0375273 -0.00797882 0)
(0.0308999 0.00541617 0)
(0.000915584 -0.0149832 0)
(0.0156869 -0.0195801 0)
(0.0245047 -0.0128694 0)
(0.0286136 -0.00177987 0)
(0.0279364 0.00782615 0)
(0.0237289 0.0128834 0)
(0.0200415 0.0140498 0)
(0.0200802 0.0139084 0)
(0.0237003 0.0139125 0)
(0.0291747 0.0139431 0)
(0.034957 0.0134591 0)
(0.0400685 0.0121239 0)
(0.0439912 0.00989592 0)
(0.0465265 0.00695646 0)
(0.0476048 0.00362101 0)
(0.0472702 0.000386494 0)
(0.0453566 -0.00217719 0)
(0.0422475 -0.00277466 0)
(0.0373723 -0.00113603 0)
(0.0342197 0.00751302 0)
(0.00137755 -0.0221721 0)
(0.016441 -0.0284368 0)
(0.0230988 -0.0180395 0)
(0.0252873 -0.00277988 0)
(0.0240228 0.010497 0)
(0.0187429 0.0170897 0)
(0.0123094 0.0168745 0)
(0.00899164 0.0137523 0)
(0.00985831 0.0111744 0)
(0.0134961 0.00975305 0)
(0.0183762 0.00890708 0)
(0.0233648 0.00799904 0)
(0.0276843 0.0066592 0)
(0.0308978 0.00482404 0)
(0.0328182 0.00267442 0)
(0.0334989 0.0006282 0)
(0.0330205 -0.000796627 0)
(0.0319715 -0.00064527 0)
(0.0303851 0.00148539 0)
(0.0305253 0.00746066 0)
(0.00200612 -0.0295955 0)
(0.0153706 -0.0354028 0)
(0.0184771 -0.0208371 0)
(0.0185642 -0.00212027 0)
(0.0169061 0.0136879 0)
(0.012095 0.0218124 0)
(0.00538338 0.0210114 0)
(0.000781254 0.0154539 0)
(1.32741e-06 0.0102226 0)
(0.00196431 0.00703323 0)
(0.00536248 0.00539881 0)
(0.0091639 0.00450098 0)
(0.0126268 0.00370289 0)
(0.0153371 0.00268002 0)
(0.0171258 0.00142581 0)
(0.0180695 0.000180658 0)
(0.0183808 -0.000678545 0)
(0.0187565 -0.000474038 0)
(0.0195178 0.00122682 0)
(0.0221414 0.00554397 0)
(0.00203389 -0.0362478 0)
(0.0121039 -0.0392482 0)
(0.0112727 -0.0209224 0)
(0.00988564 -0.000405652 0)
(0.00830782 0.0167501 0)
(0.00453277 0.0259823 0)
(-0.00106311 0.0250005 0)
(-0.00518411 0.0175273 0)
(-0.00608443 0.0100411 0)
(-0.00486995 0.005298 0)
(-0.00285215 0.00311367 0)
(-0.000753237 0.00231671 0)
(0.00103112 0.00191248 0)
(0.00237088 0.00141283 0)
(0.0032574 0.000649343 0)
(0.00383795 -0.000305502 0)
(0.00444602 -0.00119373 0)
(0.00568446 -0.00144964 0)
(0.00781016 -0.000617076 0)
(0.0118883 0.00216833 0)
(0.00150449 -0.0412881 0)
(0.00729175 -0.0397867 0)
(0.00362823 -0.0190425 0)
(0.00173609 0.0015136 0)
(0.000228573 0.0191013 0)
(-0.00242415 0.0291654 0)
(-0.00621565 0.0279949 0)
(-0.00883022 0.0190808 0)
(-0.00896 0.00994355 0)
(-0.00817898 0.00442875 0)
(-0.00746923 0.00221838 0)
(-0.00693389 0.00157724 0)
(-0.00665246 0.00139959 0)
(-0.00660286 0.00108577 0)
(-0.00663114 0.000338693 0)
(-0.00645469 -0.000886116 0)
(-0.00572226 -0.00225435 0)
(-0.00418025 -0.00323073 0)
(-0.00175707 -0.00333829 0)
(0.00262171 -0.00194422 0)
(3.9635e-05 -0.0455417 0)
(0.00201557 -0.0379817 0)
(-0.00241692 -0.0165254 0)
(-0.00455931 0.00323682 0)
(-0.00617345 0.020874 0)
(-0.00772095 0.0311205 0)
(-0.0094296 0.0294906 0)
(-0.0100197 0.0195715 0)
(-0.00906415 0.00963036 0)
(-0.00823271 0.00409937 0)
(-0.00774798 0.00213694 0)
(-0.00768291 0.00179979 0)
(-0.00832986 0.00184887 0)
(-0.00948009 0.00156121 0)
(-0.0106361 0.000576361 0)
(-0.0112961 -0.0011313 0)
(-0.0111174 -0.00313562 0)
(-0.00989626 -0.00491434 0)
(-0.00744939 -0.00592439 0)
(-0.00356617 -0.00573908 0)
(0.00461548 -0.0455763 0)
(-0.00207555 -0.0342519 0)
(-0.00632788 -0.014019 0)
(-0.00943607 0.00514912 0)
(-0.0107267 0.0220603 0)
(-0.0109641 0.0315642 0)
(-0.0104058 0.0292671 0)
(-0.00873436 0.0187524 0)
(-0.00618847 0.00865222 0)
(-0.00398108 0.00339916 0)
(-0.00199584 0.00190665 0)
(-0.00119189 0.00240594 0)
(-0.00253813 0.003247 0)
(-0.00554036 0.0031831 0)
(-0.00887929 0.00180847 0)
(-0.0111876 -0.000555161 0)
(-0.0119361 -0.0035705 0)
(-0.0110124 -0.0064242 0)
(-0.00855447 -0.00841246 0)
(-0.00498459 -0.00919414 0)
(0.00321145 -0.0404969 0)
(-0.00630547 -0.0297651 0)
(-0.00960111 -0.011064 0)
(-0.0131548 0.00709278 0)
(-0.0136646 0.0224021 0)
(-0.0123267 0.0303997 0)
(-0.0094017 0.0272381 0)
(-0.00530183 0.0163911 0)
(-0.000354025 0.00623213 0)
(0.0048182 0.000975212 0)
(0.0098196 0.000343536 0)
(0.0122259 0.00270063 0)
(0.0111521 0.0058039 0)
(0.00665907 0.00706731 0)
(0.000534988 0.00530288 0)
(-0.00476743 0.00111966 0)
(-0.00717438 -0.00369896 0)
(-0.00670568 -0.00805449 0)
(-0.00421346 -0.0111167 0)
(-0.000692193 -0.0123774 0)
(-0.000342584 -0.0364235 0)
(-0.0107144 -0.0249152 0)
(-0.0127292 -0.00798712 0)
(-0.015913 0.00848691 0)
(-0.01535 0.0216438 0)
(-0.0123912 0.0276504 0)
(-0.00725788 0.0233838 0)
(-0.000788259 0.0121021 0)
(0.00679282 0.00132227 0)
(0.0161285 -0.00434752 0)
(0.0245538 -0.00356971 0)
(0.0293871 0.00175261 0)
(0.0294092 0.00813637 0)
(0.0245425 0.0120822 0)
(0.0166537 0.011197 0)
(0.00887008 0.00569139 0)
(0.00391532 -0.0019538 0)
(0.0028727 -0.00896629 0)
(0.00496898 -0.0137234 0)
(0.00857684 -0.0153195 0)
(0.000366873 -0.0317433 0)
(-0.0136893 -0.0200255 0)
(-0.0153914 -0.00529779 0)
(-0.0178392 0.0091076 0)
(-0.0162226 0.0197679 0)
(-0.0119883 0.0235087 0)
(-0.00534151 0.0178774 0)
(0.0026496 0.00561254 0)
(0.0129269 -0.00701173 0)
(0.0240061 -0.0134346 0)
(0.0332431 -0.0106196 0)
(0.0390491 -0.0016368 0)
(0.040472 0.00879179 0)
(0.0371348 0.0162326 0)
(0.0300813 0.0172359 0)
(0.0221228 0.0114583 0)
(0.0164165 0.00176366 0)
(0.0141764 -0.00803747 0)
(0.0158746 -0.0153929 0)
(0.0198578 -0.0180266 0)
(-0.00597853 -0.0261166 0)
(-0.0176014 -0.0155887 0)
(-0.0176818 -0.00329837 0)
(-0.0191543 0.00883381 0)
(-0.0167729 0.0170658 0)
(-0.0120618 0.0186808 0)
(-0.00529415 0.0116299 0)
(0.00284578 -0.00214097 0)
(0.0119737 -0.0163145 0)
(0.0208601 -0.0224287 0)
(0.0283669 -0.0167784 0)
(0.0332292 -0.00451578 0)
(0.0356196 0.0089911 0)
(0.0350618 0.0191861 0)
(0.0312124 0.021905 0)
(0.0257924 0.0161606 0)
(0.0216525 0.00500234 0)
(0.020351 -0.00726009 0)
(0.0236921 -0.0174584 0)
(0.028013 -0.0211932 0)
(-0.00306397 -0.0208701 0)
(-0.0184983 -0.0111094 0)
(-0.0190795 -0.00158465 0)
(-0.019929 0.00820251 0)
(-0.0171306 0.0142264 0)
(-0.0127799 0.0140593 0)
(-0.00733932 0.00585874 0)
(-0.00249834 -0.00832887 0)
(0.00139595 -0.0229262 0)
(0.00704678 -0.0286947 0)
(0.0117708 -0.0204306 0)
(0.0148584 -0.00636868 0)
(0.0171602 0.00841662 0)
(0.0191013 0.0201779 0)
(0.0189986 0.0240353 0)
(0.0174211 0.018214 0)
(0.0164859 0.0059802 0)
(0.0185637 -0.0087915 0)
(0.0241574 -0.021282 0)
(0.0262169 -0.0242531 0)
(0.000361329 -0.0101989 0)
(-0.0181786 -0.00568961 0)
(-0.0188382 -0.000131235 0)
(-0.0191419 0.00690254 0)
(-0.0163387 0.011211 0)
(-0.0134236 0.0106255 0)
(-0.0119805 0.00364744 0)
(-0.0127417 -0.0102472 0)
(-0.0118156 -0.0268861 0)
(-0.0115044 -0.0309495 0)
(-0.0102488 -0.0211823 0)
(-0.00912722 -0.00672138 0)
(-0.0076321 0.00772369 0)
(-0.00449966 0.0192602 0)
(-0.00165508 0.0233605 0)
(0.000849579 0.0173435 0)
(0.00428321 0.00364761 0)
(0.0109558 -0.0140654 0)
(0.011973 -0.0236703 0)
(0.00805318 -0.0228257 0)
(-0.0105134 -0.00616956 0)
(-0.01773 -0.00177553 0)
(-0.0163057 0.000664486 0)
(-0.0160395 0.0054741 0)
(-0.0137427 0.00963799 0)
(-0.0130311 0.0107053 0)
(-0.0152104 0.00586915 0)
(-0.0184438 -0.00904205 0)
(-0.021992 -0.0260313 0)
(-0.0283346 -0.0292339 0)
(-0.0310018 -0.0198498 0)
(-0.0320366 -0.00600016 0)
(-0.031901 0.00752377 0)
(-0.0284998 0.0174342 0)
(-0.0227175 0.01998 0)
(-0.0155906 0.0124594 0)
(-0.00798514 -0.00337888 0)
(-0.00680264 -0.0162069 0)
(-0.0155616 -0.0184298 0)
(-0.0220188 -0.01676 0)
(-0.00146604 -0.00495864 0)
(-0.0108414 0.00090548 0)
(-0.0104974 0.00150052 0)
(-0.0108756 0.0038309 0)
(-0.00939539 0.00871728 0)
(-0.00945277 0.0111726 0)
(-0.0118983 0.00855487 0)
(-0.0161025 -0.00387759 0)
(-0.0240419 -0.0207334 0)
(-0.0375128 -0.024857 0)
(-0.045188 -0.0172477 0)
(-0.0476947 -0.00437212 0)
(-0.0478949 0.00693449 0)
(-0.0440255 0.0123281 0)
(-0.0356868 0.0112234 0)
(-0.0273996 0.00397492 0)
(-0.0262761 -0.0045971 0)
(-0.0351315 -0.00873972 0)
(-0.0451194 -0.0109458 0)
(-0.0521865 -0.0134794 0)
(-0.000676505 -0.000765724 0)
(-0.0067049 0.00158653 0)
(-0.0071122 0.00307493 0)
(-0.00867853 0.00311648 0)
(-0.00727853 0.0107328 0)
(-0.00585332 0.0136806 0)
(-0.00282947 0.0119999 0)
(-0.00481409 0.00451978 0)
(-0.0166251 -0.0116699 0)
(-0.0351693 -0.0165797 0)
(-0.0480602 -0.0142583 0)
(-0.0533375 -0.00551687 0)
(-0.0544669 0.00538301 0)
(-0.0513686 0.00717952 0)
(-0.0438686 0.0054993 0)
(-0.0403288 0.0053564 0)
(-0.0447392 0.00200929 0)
(-0.0524664 -0.00327033 0)
(-0.0626891 -0.00445221 0)
(-0.0728383 -0.0102001 0)
(-0.00470443 0.00363941 0)
(-0.00234545 7.22509e-05 0)
(-0.00425821 0.00931301 0)
(-0.00681441 -0.000533033 0)
(-0.00491906 0.00926808 0)
(-0.00495867 0.00544597 0)
(0.00440652 0.00176184 0)
(0.00488338 0.0142768 0)
(-0.00645837 0.00593927 0)
(-0.0218928 0.00134529 0)
(-0.0347182 -0.000715861 0)
(-0.0407274 0.00277424 0)
(-0.0493542 0.011398 0)
(-0.0519738 0.00373822 0)
(-0.0441164 -0.00252381 0)
(-0.039371 0.00557479 0)
(-0.0435985 0.00609402 0)
(-0.0460419 0.00361708 0)
(-0.0532009 0.00959225 0)
(-0.0612498 -0.000199148 0)
(-0.0152832 0.00186579 0)
(-0.00875924 -0.000899743 0)
(0.00595748 -9.64547e-05 0)
(0.00253028 1.41359e-05 0)
(0.00311068 -2.65519e-05 0)
(0.003179 1.30077e-05 0)
(0.00250582 4.72268e-05 0)
(0.00166599 3.8243e-05 0)
(0.00115906 1.64609e-05 0)
(0.000967851 6.25765e-06 0)
(0.000820559 8.09278e-06 0)
(0.000521573 1.42393e-05 0)
(4.35022e-06 1.85744e-05 0)
(-0.000657912 1.60897e-05 0)
(-0.00137576 1.38975e-05 0)
(-0.00232397 3.61454e-05 0)
(-0.00382195 7.65242e-05 0)
(-0.00541333 7.97539e-05 0)
(-0.00620071 2.50989e-05 0)
(-0.00616745 -6.50201e-06 0)
(-0.0246917 0.00508836 0)
(-0.00894306 -0.00513447 0)
(0.00942116 -0.0014239 0)
(0.0061433 0.000116446 0)
(0.00654905 -1.37153e-05 0)
(0.00670521 0.000117559 0)
(0.00556627 0.000300529 0)
(0.00408954 0.000260442 0)
(0.00317797 0.000124336 0)
(0.00280018 5.8989e-05 0)
(0.00244191 8.85086e-05 0)
(0.00167838 0.000168429 0)
(0.00031068 0.000248888 0)
(-0.00154581 0.000290111 0)
(-0.00369604 0.000334035 0)
(-0.00645872 0.000487514 0)
(-0.010154 0.000635766 0)
(-0.0134033 0.000494151 0)
(-0.0146731 0.000130432 0)
(-0.0145202 -3.19868e-05 0)
(-0.0265846 0.00889396 0)
(-0.00723557 -0.00952197 0)
(0.00766229 -0.00259125 0)
(0.00577639 4.89952e-06 0)
(0.00726474 -3.57148e-05 0)
(0.00791561 0.000207871 0)
(0.00700176 0.000563628 0)
(0.00561701 0.000516006 0)
(0.0047013 0.000261788 0)
(0.00424968 0.000141875 0)
(0.00372579 0.000227014 0)
(0.00261171 0.00043737 0)
(0.000597785 0.000662727 0)
(-0.00221354 0.000807635 0)
(-0.00559932 0.000962103 0)
(-0.0099637 0.00129701 0)
(-0.0151949 0.00148084 0)
(-0.0191175 0.001015 0)
(-0.020309 0.000224819 0)
(-0.0200179 -7.50535e-05 0)
(-0.02602 0.0127643 0)
(-0.00735869 -0.0132697 0)
(0.00328304 -0.00332173 0)
(0.00281339 -0.000319647 0)
(0.00609361 -0.000310044 0)
(0.00750964 0.000183486 0)
(0.00720416 0.00074571 0)
(0.00633466 0.000726082 0)
(0.00566862 0.000392701 0)
(0.00522584 0.000245009 0)
(0.00456542 0.00041179 0)
(0.00318109 0.000793076 0)
(0.000696377 0.00121595 0)
(-0.00282717 0.00152057 0)
(-0.00723387 0.00185144 0)
(-0.0129458 0.00238313 0)
(-0.0191736 0.00248728 0)
(-0.0232047 0.00155056 0)
(-0.0240943 0.000284607 0)
(-0.023658 -0.000132976 0)
(-0.024676 0.0164231 0)
(-0.00836671 -0.0161983 0)
(-0.00170576 -0.00394042 0)
(-0.000450078 -0.000925131 0)
(0.00413597 -0.000854531 0)
(0.00615386 1.25496e-05 0)
(0.00657692 0.000788107 0)
(0.00640487 0.000834595 0)
(0.00611515 0.000485875 0)
(0.00573777 0.000357275 0)
(0.00496199 0.000633368 0)
(0.00335733 0.00121259 0)
(0.00053399 0.00186851 0)
(-0.00349802 0.00238365 0)
(-0.00875259 0.00295435 0)
(-0.0155636 0.00366704 0)
(-0.0223469 0.00355867 0)
(-0.0261345 0.0020419 0)
(-0.0266094 0.000294538 0)
(-0.0260063 -0.000208796 0)
(-0.0231287 0.0198728 0)
(-0.0094512 -0.0184113 0)
(-0.00585248 -0.00441539 0)
(-0.00276017 -0.00172271 0)
(0.00203002 -0.00155603 0)
(0.00440086 -0.000277804 0)
(0.00549966 0.000679677 0)
(0.00601756 0.000825362 0)
(0.00611641 0.000528796 0)
(0.00582466 0.000472383 0)
(0.00494713 0.000886151 0)
(0.00315528 0.00168109 0)
(9.14283e-05 0.00259172 0)
(-0.00429832 0.00336487 0)
(-0.0102801 0.00423301 0)
(-0.0179428 0.00508276 0)
(-0.0248778 0.00462245 0)
(-0.0281298 0.00244864 0)
(-0.0280784 0.000242403 0)
(-0.0272677 -0.000308202 0)
(-0.0215947 0.0231708 0)
(-0.0103786 -0.0199869 0)
(-0.00879031 -0.00489823 0)
(-0.00423848 -0.0026931 0)
(1.78334e-05 -0.00225494 0)
(0.00264924 -0.000648552 0)
(0.00425517 0.000441612 0)
(0.00532569 0.000712138 0)
(0.00574027 0.000524981 0)
(0.00551744 0.000589106 0)
(0.00454501 0.0011662 0)
(0.00259799 0.0021872 0)
(-0.000623634 0.00336484 0)
(-0.00527333 0.00444312 0)
(-0.011898 0.00565348 0)
(-0.020141 0.00656507 0)
(-0.0268214 0.00561113 0)
(-0.0292589 0.00273381 0)
(-0.0285689 0.000115906 0)
(-0.0274984 -0.000438937 0)
(-0.0201542 0.0263438 0)
(-0.0111284 -0.0210438 0)
(-0.0108267 -0.0054665 0)
(-0.00526579 -0.00367326 0)
(-0.00173277 -0.00290497 0)
(0.00108173 -0.0010805 0)
(0.00297748 0.000114214 0)
(0.00441339 0.000525136 0)
(0.00502692 0.000488166 0)
(0.00483032 0.000710203 0)
(0.00376773 0.00146946 0)
(0.00170899 0.00271915 0)
(-0.00158947 0.00417268 0)
(-0.00644941 0.00560477 0)
(-0.0136424 0.00717979 0)
(-0.0221551 0.00804436 0)
(-0.0281794 0.00645863 0)
(-0.0295682 0.00286316 0)
(-0.0281628 -9.98991e-05 0)
(-0.0267722 -0.00061022 0)
(-0.0188289 0.0293981 0)
(-0.0117311 -0.0216951 0)
(-0.0122914 -0.00612542 0)
(-0.00611845 -0.00459336 0)
(-0.00325115 -0.00350603 0)
(-0.000325979 -0.0015518 0)
(0.00167573 -0.000258077 0)
(0.0033021 0.000297764 0)
(0.00398865 0.000436475 0)
(0.00376679 0.000840299 0)
(0.00262625 0.00179026 0)
(0.000520315 0.00326456 0)
(-0.00277765 0.00500331 0)
(-0.00783835 0.00684011 0)
(-0.015508 0.00877086 0)
(-0.0239489 0.00944927 0)
(-0.0289636 0.00710753 0)
(-0.0291696 0.00281304 0)
(-0.0270317 -0.000413858 0)
(-0.0252407 -0.000832931 0)
(-0.0176173 0.0323465 0)
(-0.0122139 -0.0220251 0)
(-0.0133943 -0.00683941 0)
(-0.00693509 -0.0054358 0)
(-0.00463867 -0.00407499 0)
(-0.00168015 -0.00202723 0)
(0.000298713 -0.000641437 0)
(0.00197372 5.87955e-05 0)
(0.00262072 0.000387752 0)
(0.00233289 0.000982736 0)
(0.00114686 0.0021198 0)
(-0.000919735 0.00380752 0)
(-0.00415723 0.00585045 0)
(-0.0094378 0.00813993 0)
(-0.0174581 0.0103805 0)
(-0.0254837 0.0107141 0)
(-0.0292359 0.00751947 0)
(-0.0282622 0.0025769 0)
(-0.0254311 -0.000828992 0)
(-0.0231265 -0.00112063 0)
(-0.0165094 0.0352012 0)
(-0.0125915 -0.0220929 0)
(-0.0142623 -0.00757465 0)
(-0.00775799 -0.00619392 0)
(-0.00598242 -0.00460919 0)
(-0.00307428 -0.00248738 0)
(-0.00120856 -0.00101601 0)
(0.000396011 -0.000169474 0)
(0.000921403 0.000356184 0)
(0.000556103 0.00113668 0)
(-0.000611671 0.00244371 0)
(-0.00254585 0.00433247 0)
(-0.00569766 0.0067131 0)
(-0.0112296 0.00949269 0)
(-0.0194363 0.01196 0)
(-0.0267404 0.0117873 0)
(-0.0291181 0.0076823 0)
(-0.0271029 0.00216458 0)
(-0.0236447 -0.00135236 0)
(-0.0206803 -0.00148927 0)
(-0.0154905 0.0379703 0)
(-0.0128644 -0.0219382 0)
(-0.0149752 -0.00830878 0)
(-0.00857393 -0.00685885 0)
(-0.00732055 -0.00509971 0)
(-0.0045528 -0.00291678 0)
(-0.00287916 -0.00136403 0)
(-0.00144913 -0.0003694 0)
(-0.00108073 0.000348832 0)
(-0.00149453 0.00129408 0)
(-0.00255569 0.00274344 0)
(-0.00428223 0.00483107 0)
(-0.00737029 0.00759472 0)
(-0.0131781 0.0108831 0)
(-0.0213796 0.0134634 0)
(-0.0277306 0.0126381 0)
(-0.0287715 0.00761053 0)
(-0.0259369 0.00159643 0)
(-0.0218968 -0.00199273 0)
(-0.018111 -0.00195495 0)
(-0.0145445 0.0406544 0)
(-0.0130253 -0.021585 0)
(-0.0155891 -0.00902614 0)
(-0.00934687 -0.00742326 0)
(-0.00864953 -0.0055332 0)
(-0.00611183 -0.00329963 0)
(-0.00471218 -0.00166564 0)
(-0.00352657 -0.000528126 0)
(-0.00330837 0.000361501 0)
(-0.0037027 0.00143919 0)
(-0.00456808 0.00300384 0)
(-0.00605533 0.00530138 0)
(-0.00914645 0.00850186 0)
(-0.0152314 0.0122918 0)
(-0.0232296 0.014852 0)
(-0.0284949 0.0132591 0)
(-0.0283574 0.00733778 0)
(-0.0249179 0.000892866 0)
(-0.0202757 -0.00276252 0)
(-0.0155074 -0.00253172 0)
(-0.013652 0.0432508 0)
(-0.0130629 -0.0210534 0)
(-0.0161457 -0.00971678 0)
(-0.0100383 -0.00788474 0)
(-0.00994297 -0.00589543 0)
(-0.00771038 -0.00361993 0)
(-0.00665643 -0.00190705 0)
(-0.00574578 -0.000643204 0)
(-0.00563174 0.000382919 0)
(-0.00592049 0.00155442 0)
(-0.00652822 0.0032151 0)
(-0.00780383 0.00575142 0)
(-0.0109939 0.00944188 0)
(-0.0173257 0.0136971 0)
(-0.0249411 0.0160986 0)
(-0.0290925 0.0136628 0)
(-0.0279946 0.00690306 0)
(-0.0240786 6.34048e-05 0)
(-0.0187512 -0.00367946 0)
(-0.0128178 -0.00323335 0)
(-0.0127916 0.0457514 0)
(-0.0129764 -0.0203732 0)
(-0.0166743 -0.0103802 0)
(-0.0106153 -0.00824611 0)
(-0.0111657 -0.00617429 0)
(-0.009284 -0.00386512 0)
(-0.00861777 -0.00208143 0)
(-0.00797084 -0.00072102 0)
(-0.00788918 0.000397415 0)
(-0.00799615 0.00162578 0)
(-0.00833345 0.00337853 0)
(-0.00948271 0.00619781 0)
(-0.0128736 0.0104202 0)
(-0.0193926 0.0150774 0)
(-0.0264865 0.0171894 0)
(-0.0295839 0.0138749 0)
(-0.0277447 0.00633921 0)
(-0.0233948 -0.000893047 0)
(-0.0172939 -0.00476686 0)
(-0.00994383 -0.00407946 0)
(-0.0119377 0.0481486 0)
(-0.0127918 -0.0195563 0)
(-0.0172014 -0.0110246 0)
(-0.0110523 -0.00851605 0)
(-0.0122803 -0.00636284 0)
(-0.0107596 -0.00403047 0)
(-0.0104788 -0.00219043 0)
(-0.0100484 -0.000774128 0)
(-0.00992265 0.000389355 0)
(-0.00980386 0.00164779 0)
(-0.00991339 0.00350699 0)
(-0.0110613 0.00666187 0)
(-0.0147394 0.0114387 0)
(-0.0213675 0.0164136 0)
(-0.0278539 0.0181232 0)
(-0.0300201 0.0139268 0)
(-0.0276404 0.00567302 0)
(-0.0228989 -0.0019796 0)
(-0.0159911 -0.00606489 0)
(-0.00694214 -0.00510448 0)
(-0.0110717 0.0504243 0)
(-0.0125833 -0.0185059 0)
(-0.0177985 -0.0116364 0)
(-0.0113371 -0.00870948 0)
(-0.0132503 -0.00645989 0)
(-0.01207 -0.00412111 0)
(-0.0121259 -0.00224402 0)
(-0.0118417 -0.000817262 0)
(-0.0116101 0.000348366 0)
(-0.0112635 0.00162512 0)
(-0.0112329 0.00362172 0)
(-0.0125177 0.00716498 0)
(-0.0165407 0.0124958 0)
(-0.0231957 0.0176917 0)
(-0.0290438 0.0189094 0)
(-0.0304439 0.013854 0)
(-0.0277313 0.00493114 0)
(-0.0227151 -0.00320757 0)
(-0.0150467 -0.00763049 0)
(-0.00421567 -0.00634442 0)
(-0.0101665 0.0526228 0)
(-0.0124615 -0.0170544 0)
(-0.0186517 -0.0121813 0)
(-0.0114936 -0.00886001 0)
(-0.0140476 -0.00646837 0)
(-0.0131667 -0.00415128 0)
(-0.0134751 -0.00225905 0)
(-0.0132555 -0.000864074 0)
(-0.012882 0.00027169 0)
(-0.0123446 0.00157099 0)
(-0.0122857 0.00374756 0)
(-0.0138343 0.00772489 0)
(-0.0182281 0.0135867 0)
(-0.0248366 0.0189032 0)
(-0.0300666 0.0195662 0)
(-0.0309035 0.0136971 0)
(-0.0281036 0.00413957 0)
(-0.0229755 -0.00457553 0)
(-0.0146163 -0.00945606 0)
(-0.00231931 -0.00776949 0)
(-0.00930329 0.054535 0)
(-0.0124883 -0.0154252 0)
(-0.0200051 -0.012784 0)
(-0.0116088 -0.00904019 0)
(-0.0146657 -0.00639808 0)
(-0.0140273 -0.00413245 0)
(-0.014486 -0.00225177 0)
(-0.0142467 -0.000924205 0)
(-0.013718 0.00016391 0)
(-0.0130545 0.00150341 0)
(-0.0130821 0.00390764 0)
(-0.0149949 0.00835367 0)
(-0.0197588 0.014705 0)
(-0.026265 0.0200468 0)
(-0.0309458 0.0201245 0)
(-0.0314674 0.0135026 0)
(-0.0288539 0.00334062 0)
(-0.0237049 -0.00598281 0)
(-0.0146458 -0.0114153 0)
(-0.00130899 -0.00927541 0)
(-0.00767709 0.0570166 0)
(-0.0123552 -0.014533 0)
(-0.0217411 -0.0138109 0)
(-0.0117831 -0.00931682 0)
(-0.0151223 -0.00628476 0)
(-0.0146528 -0.00405553 0)
(-0.0151612 -0.00222278 0)
(-0.0148242 -0.000998017 0)
(-0.0141301 3.16089e-05 0)
(-0.0134133 0.00143939 0)
(-0.0136283 0.0041187 0)
(-0.0159789 0.00905418 0)
(-0.0211061 0.0158501 0)
(-0.0274785 0.0211365 0)
(-0.0317181 0.0206043 0)
(-0.0322175 0.0133056 0)
(-0.0299805 0.00261824 0)
(-0.0247336 -0.0073389 0)
(-0.0149515 -0.0134231 0)
(-0.000784209 -0.0108336 0)
(-0.0154149 0.0531883 0)
(-0.0069557 -0.0117297 0)
(-0.0233647 -0.0159096 0)
(-0.0120497 -0.00977517 0)
(-0.0157042 -0.00594331 0)
(-0.0154396 -0.0037341 0)
(-0.0158724 -0.00216932 0)
(-0.0152432 -0.00126923 0)
(-0.0141784 -0.000376211 0)
(-0.0134252 0.00134336 0)
(-0.0142257 0.00493675 0)
(-0.0176381 0.0111596 0)
(-0.0234798 0.0187826 0)
(-0.0297058 0.0236745 0)
(-0.03385 0.0219185 0)
(-0.0350782 0.0133696 0)
(-0.0329961 0.000967417 0)
(-0.0265779 -0.0116156 0)
(-0.0159945 -0.0191688 0)
(-0.000586943 -0.0152857 0)
(0.00851593 0.0389407 0)
(0.0141742 0.00486268 0)
(-0.019222 -0.0150287 0)
(-0.0114215 -0.00976335 0)
(-0.0155636 -0.00519334 0)
(-0.015441 -0.00335217 0)
(-0.0154642 -0.00249172 0)
(-0.0144279 -0.00214647 0)
(-0.0132052 -0.00122792 0)
(-0.0127779 0.00148864 0)
(-0.0144528 0.00696982 0)
(-0.0191037 0.0151967 0)
(-0.0258508 0.0237417 0)
(-0.0324346 0.0279424 0)
(-0.0370566 0.0243526 0)
(-0.038265 0.0129028 0)
(-0.0345276 -0.00365457 0)
(-0.0269663 -0.0200399 0)
(-0.0173188 -0.0294043 0)
(-0.00113788 -0.0229608 0)
(0.0326127 0.0318192 0)
(0.0319537 0.0234216 0)
(-0.00767649 -0.00360436 0)
(-0.0121859 -0.00727905 0)
(-0.0157151 -0.00411556 0)
(-0.0154673 -0.00322659 0)
(-0.0148709 -0.003156 0)
(-0.013456 -0.00313504 0)
(-0.0123631 -0.00185042 0)
(-0.0125299 0.00222905 0)
(-0.0150115 0.00986344 0)
(-0.0204114 0.019994 0)
(-0.0275179 0.0290875 0)
(-0.0338997 0.0321906 0)
(-0.0373394 0.0259982 0)
(-0.0355151 0.0107798 0)
(-0.0283949 -0.0091269 0)
(-0.0211282 -0.0271144 0)
(-0.0153435 -0.0381058 0)
(-0.00154879 -0.0311249 0)
(0.0422327 0.0331254 0)
(0.0416925 0.0421655 0)
(0.00360264 0.0149361 0)
(-0.0139988 -0.000558997 0)
(-0.0175385 -0.00301071 0)
(-0.0163449 -0.00382321 0)
(-0.0146287 -0.0044193 0)
(-0.0127946 -0.00428753 0)
(-0.0120459 -0.00212303 0)
(-0.0130625 0.00363267 0)
(-0.0163196 0.0134225 0)
(-0.0219325 0.0250998 0)
(-0.0284326 0.0340882 0)
(-0.033129 0.0351731 0)
(-0.0333251 0.0254549 0)
(-0.0271031 0.00670637 0)
(-0.0172129 -0.0143664 0)
(-0.0108471 -0.0308108 0)
(-0.00972977 -0.0420421 0)
(-0.0010561 -0.0381153 0)
(0.0405179 0.0318536 0)
(0.0455045 0.0565517 0)
(0.0155736 0.0380992 0)
(-0.0142259 0.00979921 0)
(-0.0209242 -0.00191965 0)
(-0.0188317 -0.00620749 0)
(-0.0150165 -0.00645968 0)
(-0.0127236 -0.00551183 0)
(-0.0124345 -0.00183573 0)
(-0.0143868 0.00577071 0)
(-0.01824 0.0173106 0)
(-0.0234395 0.0297513 0)
(-0.0282709 0.0376444 0)
(-0.0300279 0.0356874 0)
(-0.0263334 0.021891 0)
(-0.0169056 9.93595e-05 0)
(-0.00675086 -0.0206464 0)
(-0.00176157 -0.0330568 0)
(-0.00316081 -0.0414377 0)
(-0.0026028 -0.041241 0)
(0.0390247 0.0279386 0)
(0.0480149 0.0632462 0)
(0.0300107 0.0620543 0)
(-0.00690955 0.0274064 0)
(-0.0223758 0.0017653 0)
(-0.0221576 -0.0106021 0)
(-0.0161361 -0.00985021 0)
(-0.0132004 -0.00673043 0)
(-0.0134282 -0.00095563 0)
(-0.016218 0.00852208 0)
(-0.0203581 0.0211273 0)
(-0.0245451 0.0332392 0)
(-0.0269249 0.0389589 0)
(-0.0252463 0.0333379 0)
(-0.018197 0.015844 0)
(-0.00724437 -0.00754288 0)
(0.00118077 -0.0262023 0)
(0.00347365 -0.0346121 0)
(0.00181473 -0.0386602 0)
(-0.003234 -0.0411476 0)
(0.0422519 0.0242684 0)
(0.0524329 0.0630288 0)
(0.0457123 0.081737 0)
(0.0107106 0.0532684 0)
(-0.0167334 0.0107299 0)
(-0.0228999 -0.0140459 0)
(-0.0171836 -0.014822 0)
(-0.0135962 -0.00776654 0)
(-0.0146101 0.000533508 0)
(-0.0180994 0.0116731 0)
(-0.0222188 0.024493 0)
(-0.0249908 0.0351088 0)
(-0.0246405 0.0377927 0)
(-0.019748 0.028544 0)
(-0.0103276 0.00854447 0)
(0.000482213 -0.0144849 0)
(0.00547602 -0.0291492 0)
(0.00532491 -0.0345675 0)
(0.00367796 -0.0353068 0)
(-0.00513447 -0.037549 0)
(0.0467111 0.0173037 0)
(0.0584761 0.0578216 0)
(0.0591345 0.094098 0)
(0.031569 0.0796515 0)
(-0.000324133 0.0320962 0)
(-0.0159936 -0.0115148 0)
(-0.0160761 -0.0195045 0)
(-0.0130331 -0.00825387 0)
(-0.0154391 0.00277629 0)
(-0.0196269 0.015093 0)
(-0.0235332 0.0272013 0)
(-0.0247819 0.0353083 0)
(-0.0219259 0.0344556 0)
(-0.0145735 0.0219715 0)
(-0.00416795 0.000621392 0)
(0.00242557 -0.0189061 0)
(0.00446388 -0.0302041 0)
(0.00354069 -0.0336095 0)
(0.00419348 -0.0321303 0)
(-0.000746814 -0.0346759 0)
(0.0425832 0.00418916 0)
(0.0583932 0.0510622 0)
(0.0646527 0.100153 0)
(0.0463003 0.100134 0)
(0.0182715 0.0558526 0)
(-0.00187017 -0.000445093 0)
(-0.0110235 -0.0204229 0)
(-0.0110951 -0.00742977 0)
(-0.0154883 0.00603922 0)
(-0.0205514 0.0187517 0)
(-0.024211 0.0292145 0)
(-0.0241392 0.0340159 0)
(-0.0195107 0.0294276 0)
(-0.0113314 0.0146679 0)
(-0.00353647 -0.00510305 0)
(-0.00218178 -0.0207227 0)
(-0.00054607 -0.0308385 0)
(-0.000616751 -0.0336561 0)
(0.00186647 -0.0308441 0)
(-0.000746501 -0.0344952 0)
(0.02282 -0.00803331 0)
(0.0450743 0.0452192 0)
(0.0584223 0.101345 0)
(0.0500209 0.112674 0)
(0.0312414 0.0750872 0)
(0.0136149 0.0152499 0)
(-0.00210429 -0.0156843 0)
(-0.00840068 -0.00427921 0)
(-0.0148814 0.0104849 0)
(-0.0208859 0.0226092 0)
(-0.024345 0.0306037 0)
(-0.0235204 0.0318338 0)
(-0.0186941 0.0243481 0)
(-0.0128627 0.00955743 0)
(-0.0104116 -0.00726585 0)
(-0.0079502 -0.0227517 0)
(-0.00474768 -0.03271 0)
(-0.00377675 -0.0354759 0)
(1.27944e-05 -0.031818 0)
(-0.000163314 -0.033651 0)
(0.00481851 -0.0157877 0)
(0.0240615 0.0375306 0)
(0.0425289 0.0969248 0)
(0.0442881 0.116917 0)
(0.0374133 0.0873647 0)
(0.0252221 0.0299283 0)
(0.00642839 -0.00590036 0)
(-0.00601072 0.00220715 0)
(-0.0148319 0.0164371 0)
(-0.0218683 0.02691 0)
(-0.0256006 0.0320317 0)
(-0.0254641 0.030125 0)
(-0.0226409 0.0208538 0)
(-0.0188651 0.00607404 0)
(-0.013349 -0.0112697 0)
(-0.00767807 -0.0262219 0)
(-0.00371861 -0.035238 0)
(-0.00309424 -0.0377462 0)
(0.000187181 -0.0338679 0)
(-0.00176495 -0.0316803 0)
(-0.00234311 -0.0136285 0)
(-0.000318703 0.0261277 0)
(0.0230982 0.0864395 0)
(0.0348327 0.112654 0)
(0.0397044 0.0920232 0)
(0.0323121 0.0419292 0)
(0.0125154 0.00693288 0)
(-0.00423945 0.0117929 0)
(-0.0156569 0.0238009 0)
(-0.0236307 0.0317232 0)
(-0.0276776 0.0338016 0)
(-0.0276135 0.0288844 0)
(-0.0237703 0.0171891 0)
(-0.0164274 0.000581914 0)
(-0.00740116 -0.0168117 0)
(-0.000453535 -0.0298863 0)
(0.00310595 -0.0368541 0)
(0.00205693 -0.0386425 0)
(0.00414039 -0.0355205 0)
(0.00641821 -0.0324163 0)
(-0.000603202 -0.0043442 0)
(-0.0138122 0.0179542 0)
(0.00682968 0.0698169 0)
(0.0264678 0.100186 0)
(0.0397624 0.090368 0)
(0.0345041 0.0516092 0)
(0.0152758 0.0212243 0)
(-0.00235367 0.0230907 0)
(-0.014564 0.0317397 0)
(-0.0221463 0.0362558 0)
(-0.0248454 0.0347261 0)
(-0.0224042 0.0262285 0)
(-0.015231 0.01149 0)
(-0.00560695 -0.00653104 0)
(0.00359559 -0.0227882 0)
(0.0103649 -0.0333409 0)
(0.0129671 -0.0372314 0)
(0.00976994 -0.0372479 0)
(0.00766836 -0.0349799 0)
(0.00127239 -0.032907 0)
(0.00483416 0.00747813 0)
(-0.0109936 0.019 0)
(-0.00209197 0.05226 0)
(0.01991 0.0836718 0)
(0.0362024 0.0858881 0)
(0.0311915 0.059793 0)
(0.0155329 0.034852 0)
(0.000972928 0.0340513 0)
(-0.00892267 0.0387557 0)
(-0.0138435 0.0393763 0)
(-0.0135316 0.0339547 0)
(-0.00834599 0.0220723 0)
(-0.000185506 0.00510235 0)
(0.00781145 -0.0135366 0)
(0.0154406 -0.0289187 0)
(0.021099 -0.0368393 0)
(0.0226747 -0.0368246 0)
(0.0177424 -0.0337411 0)
(0.0132914 -0.0312857 0)
(0.00763668 -0.0292617 0)
(0.00620063 0.0168157 0)
(-0.00366607 0.0245511 0)
(-0.00373137 0.0419214 0)
(0.0132163 0.0693549 0)
(0.0279541 0.0817603 0)
(0.0237244 0.0659877 0)
(0.0147353 0.0453342 0)
(0.00628961 0.0422007 0)
(0.00154049 0.0431612 0)
(0.000933813 0.0400748 0)
(0.00436988 0.03122 0)
(0.0104078 0.0169861 0)
(0.016507 -0.000505969 0)
(0.0225326 -0.0192781 0)
(0.0283082 -0.0342192 0)
(0.0317059 -0.0395163 0)
(0.0309978 -0.0353286 0)
(0.0241252 -0.0285818 0)
(0.0173243 -0.0250771 0)
(0.00272956 -0.0244561 0)
(4.19073e-06 0.0199655 0)
(-0.00312084 0.0285924 0)
(-0.00496144 0.0376319 0)
(0.0049659 0.0597097 0)
(0.0168299 0.0780658 0)
(0.0154233 0.06833 0)
(0.0143536 0.0501366 0)
(0.0132218 0.0450765 0)
(0.0149415 0.0432765 0)
(0.0192458 0.0376795 0)
(0.0251015 0.0272654 0)
(0.0306835 0.0132117 0)
(0.0352634 -0.00378638 0)
(0.039704 -0.0227849 0)
(0.0427244 -0.03697 0)
(0.042183 -0.0395141 0)
(0.0376649 -0.0316131 0)
(0.0283419 -0.0218754 0)
(0.0206483 -0.0173781 0)
(0.00575832 -0.0161898 0)
(-0.0157072 0.0219999 0)
(-0.0130486 0.0299766 0)
(-0.012221 0.0356905 0)
(-0.00552172 0.0536914 0)
(0.00554812 0.0740521 0)
(0.00976493 0.0665907 0)
(0.0158615 0.0495475 0)
(0.0212836 0.0423893 0)
(0.0289319 0.0389032 0)
(0.0377128 0.0328318 0)
(0.0455229 0.0232763 0)
(0.0510456 0.0105174 0)
(0.0553708 -0.00573903 0)
(0.05829 -0.0241963 0)
(0.0566862 -0.0363905 0)
(0.0501526 -0.035561 0)
(0.041164 -0.0247723 0)
(0.0297507 -0.0137164 0)
(0.0225017 -0.00960615 0)
(0.00987771 -0.0113826 0)
(-0.0388058 0.0175442 0)
(-0.0328391 0.0243839 0)
(-0.0274508 0.0304646 0)
(-0.0182828 0.0462068 0)
(-0.00391525 0.0642984 0)
(0.00861155 0.0581692 0)
(0.0212515 0.0420556 0)
(0.0324811 0.0327144 0)
(0.0443988 0.0282147 0)
(0.0560783 0.023086 0)
(0.0649793 0.0165091 0)
(0.0713571 0.00616361 0)
(0.0769569 -0.00786657 0)
(0.0763435 -0.023526 0)
(0.0666726 -0.0319529 0)
(0.0520355 -0.0277413 0)
(0.0390441 -0.0153605 0)
(0.0273937 -0.00458928 0)
(0.0198129 -0.00110294 0)
(-0.00368302 -0.00152304 0)
(-0.0703675 0.0140764 0)
(-0.060875 0.0238442 0)
(-0.0492849 0.0295396 0)
(-0.0329108 0.0439143 0)
(-0.0102867 0.0550449 0)
(0.012067 0.0510894 0)
(0.0313625 0.0368975 0)
(0.0496056 0.0272474 0)
(0.0658523 0.0220069 0)
(0.07987 0.016806 0)
(0.0894205 0.0130701 0)
(0.0964868 -0.000588003 0)
(0.0979158 -0.00848633 0)
(0.0865265 -0.0177466 0)
(0.0662937 -0.0211269 0)
(0.0451668 -0.0161997 0)
(0.0308851 -0.0065304 0)
(0.0227404 0.00143791 0)
(0.019816 0.00446112 0)
(0.0140405 0.00642283 0)
(-0.0860789 0.00332744 0)
(-0.08537 0.00851111 0)
(-0.0701901 -0.00054981 0)
(-0.0454646 0.0124799 0)
(-0.0156509 0.00592021 0)
(0.0160809 0.0172891 0)
(0.0403993 0.00235352 0)
(0.0638262 -0.00155974 0)
(0.0830632 0.00125125 0)
(0.0974888 0.0010503 0)
(0.0983115 0.0121999 0)
(0.0947876 -0.00151772 0)
(0.0863755 0.0080827 0)
(0.0680726 0.00535292 0)
(0.0494407 0.00175638 0)
(0.030836 0.0058843 0)
(0.019003 0.00526095 0)
(0.0131886 0.00792695 0)
(0.0111638 0.00931292 0)
(0.00852548 0.00742489 0)
)
;

boundaryField
{
    left_open
    {
        type            pressureInletOutletVelocity;
        value           nonuniform List<vector> 
40
(
(-0.00475376 -3.7795e-06 0)
(-0.00845074 -2.82051e-05 0)
(-0.00796232 -5.20008e-05 0)
(-0.00468732 -6.5564e-05 0)
(0.000415596 0 0)
(0.00665615 0 0)
(0.0135145 0 0)
(0.0206326 0 0)
(0.0277629 0 0)
(0.0347292 0 0)
(0.0413937 0 0)
(0.0476321 0 0)
(0.053315 0 0)
(0.0582951 0 0)
(0.0623992 0 0)
(0.065426 0 0)
(0.0671497 0 0)
(0.0673331 0 0)
(0.0657515 0 0)
(0.0622456 0 0)
(0.0480838 0 0)
(0.0137237 0 0)
(0.00120743 0 0)
(0.000915584 0 0)
(0.00137755 0 0)
(0.00200612 0 0)
(0.00203389 0 0)
(0.00150449 0 0)
(3.9635e-05 -0.0455417 0)
(0.00461548 0 0)
(0.00321145 0 0)
(-0.000342584 -0.0364235 0)
(0.000366873 0 0)
(-0.00597853 -0.0261166 0)
(-0.00306397 -0.0208701 0)
(0.000361329 0 0)
(-0.0105134 -0.00616956 0)
(-0.00146604 0 0)
(-0.000676505 0 0)
(-0.00470443 0.00363941 0)
)
;
    }
    right_open
    {
        type            pressureInletOutletVelocity;
        value           nonuniform List<vector> 
40
(
(-0.00616745 0 0)
(-0.0145202 0 0)
(-0.0200179 0 0)
(-0.023658 0 0)
(-0.0260063 0 0)
(-0.0272677 0 0)
(-0.0274984 0 0)
(-0.0267722 0 0)
(-0.0252407 0 0)
(-0.0231265 0 0)
(-0.0206803 0 0)
(-0.018111 0 0)
(-0.0155074 0 0)
(-0.0128178 0 0)
(-0.00994383 0 0)
(-0.00694214 0 0)
(-0.00421567 0 0)
(-0.00231931 0 0)
(-0.00130899 0 0)
(-0.000784209 0 0)
(-0.000586943 0 0)
(-0.00113788 0 0)
(-0.00154879 0 0)
(-0.0010561 0 0)
(-0.0026028 0 0)
(-0.003234 0 0)
(-0.00513447 0 0)
(-0.000746814 -0.0346759 0)
(-0.000746501 0 0)
(-0.000163314 0 0)
(-0.00176495 0 0)
(0.00641821 -0.0324163 0)
(0.00127239 0 0)
(0.00763668 -0.0292617 0)
(0.00272956 -0.0244561 0)
(0.00575832 -0.0161898 0)
(0.00987771 -0.0113826 0)
(-0.00368302 0 0)
(0.0140405 0.00642283 0)
(0.00852548 0.00742489 0)
)
;
    }
    base_side
    {
        type            noSlip;
    }
    top
    {
        type            pressureInletOutletVelocity;
        value           nonuniform List<vector> 
65
(
(-0.00470443 0.00363941 0)
(0 7.22509e-05 0)
(-0.00425821 0.00931301 0)
(0 -0.000533033 0)
(-0.00491906 0.00926808 0)
(-0.00495867 0.00544597 0)
(0 0.00176184 0)
(0.00488338 0.0142768 0)
(-0.00645837 0.00593927 0)
(-0.0218928 0.00134529 0)
(0 -0.000715861 0)
(-0.0407274 0.00277424 0)
(-0.0493542 0.011398 0)
(-0.0519738 0.00373822 0)
(0 -0.00252381 0)
(-0.039371 0.00557479 0)
(-0.0435985 0.00609402 0)
(0 0.00361708 0)
(-0.0532009 0.00959225 0)
(0 -0.000199148 0)
(-0.0651198 0.00635923 0)
(0 -0.00202716 0)
(0 -0.00117478 0)
(0 -0.00327106 0)
(0 0.000179742 0)
(-0.0718915 0.00809659 0)
(-0.0777109 0.00794841 0)
(0 -0.00124068 0)
(0 -0.00183274 0)
(0 -0.00320937 0)
(0 -0.00373811 0)
(0 -0.0042958 0)
(0 -0.00731887 0)
(0 -0.00394049 0)
(-0.0840099 0.0010925 0)
(-0.0863404 0.00533759 0)
(-0.089111 0.0028892 0)
(0 -0.00391257 0)
(0 -0.00451592 0)
(0 -0.00738298 0)
(0 -0.00658261 0)
(-0.088612 0.00240899 0)
(-0.0915797 0.00124366 0)
(0 -0.0083722 0)
(0 -0.00430127 0)
(-0.0860789 0.00332744 0)
(-0.08537 0.00851111 0)
(0 -0.00054981 0)
(-0.0454646 0.0124799 0)
(-0.0156509 0.00592021 0)
(0.0160809 0.0172891 0)
(0.0403993 0.00235352 0)
(0 -0.00155974 0)
(0.0830632 0.00125125 0)
(0 0.0010503 0)
(0.0983115 0.0121999 0)
(0 -0.00151772 0)
(0.0863755 0.0080827 0)
(0.0680726 0.00535292 0)
(0.0494407 0.00175638 0)
(0.030836 0.0058843 0)
(0.019003 0.00526095 0)
(0.0131886 0.00792695 0)
(0.0111638 0.00931292 0)
(0.00852548 0.00742489 0)
)
;
    }
    front
    {
        type            empty;
    }
    back
    {
        type            empty;
    }
    air_to_aluminum
    {
        type            noSlip;
    }
}


// ************************************************************************* //
