/*--------------------------------*- C++ -*----------------------------------*\
| =========                 |                                                 |
| \\      /  F ield         | OpenFOAM: The Open Source CFD Toolbox           |
|  \\    /   O peration     | Version:                                        |
|   \\  /    A nd           | Website:  www.openfoam.com                      |
|    \\/     M anipulation  |                                                 |
\*---------------------------------------------------------------------------*/
FoamFile
{
    version     2.0;
    format      ascii;
    class       volScalarField;
    location    "300/aluminum";
    object      T;
}
// * * * * * * * * * * * * * * * * * * * * * * * * * * * * * * * * * * * * * //

dimensions      [0 0 0 1 0 0 0];


internalField   nonuniform List<scalar> 
372
(
295.479
295.489
295.508
295.537
295.472
295.481
295.5
295.53
295.457
295.466
295.485
295.515
295.437
295.444
295.46
295.489
295.575
295.622
295.677
295.746
295.569
295.615
295.666
295.724
295.559
295.605
295.652
295.697
295.547
295.597
295.641
295.677
295.819
295.886
295.979
295.774
295.811
295.846
295.728
295.747
295.762
295.692
295.701
295.707
296.071
296.087
296.071
295.86
295.863
295.86
295.766
295.767
295.766
295.709
295.709
295.709
295.979
295.886
295.819
295.846
295.811
295.774
295.762
295.747
295.728
295.707
295.701
295.692
295.746
295.677
295.622
295.575
295.724
295.666
295.615
295.569
295.697
295.652
295.605
295.559
295.677
295.641
295.597
295.547
295.537
295.508
295.489
295.479
295.53
295.5
295.481
295.472
295.515
295.485
295.466
295.457
295.489
295.46
295.444
295.437
295.411
295.415
295.424
295.435
295.382
295.385
295.389
295.394
295.353
295.355
295.357
295.359
295.326
295.326
295.327
295.328
295.299
295.3
295.3
295.301
295.275
295.275
295.275
295.276
295.252
295.253
295.253
295.253
295.232
295.232
295.232
295.233
295.214
295.214
295.214
295.214
295.199
295.199
295.199
295.199
295.185
295.185
295.185
295.185
295.174
295.174
295.174
295.174
295.165
295.165
295.165
295.165
295.158
295.158
295.158
295.158
295.153
295.153
295.153
295.153
295.151
295.151
295.151
295.151
295.663
295.665
295.667
295.632
295.632
295.632
295.601
295.601
295.601
295.572
295.572
295.572
295.545
295.545
295.545
295.52
295.52
295.52
295.498
295.498
295.498
295.478
295.478
295.478
295.46
295.46
295.46
295.444
295.444
295.444
295.431
295.431
295.431
295.419
295.419
295.419
295.41
295.41
295.41
295.404
295.404
295.404
295.399
295.399
295.399
295.397
295.397
295.397
295.668
295.668
295.668
295.633
295.633
295.633
295.601
295.601
295.601
295.572
295.572
295.572
295.545
295.545
295.545
295.52
295.52
295.52
295.498
295.498
295.498
295.478
295.478
295.478
295.46
295.46
295.46
295.444
295.444
295.444
295.431
295.431
295.431
295.419
295.419
295.419
295.41
295.41
295.41
295.404
295.404
295.404
295.399
295.399
295.399
295.397
295.397
295.397
295.667
295.665
295.663
295.632
295.632
295.632
295.601
295.601
295.601
295.572
295.572
295.572
295.545
295.545
295.545
295.52
295.52
295.52
295.498
295.498
295.498
295.478
295.478
295.478
295.46
295.46
295.46
295.444
295.444
295.444
295.431
295.431
295.431
295.419
295.419
295.419
295.41
295.41
295.41
295.404
295.404
295.404
295.399
295.399
295.399
295.397
295.397
295.397
295.435
295.424
295.415
295.411
295.394
295.39
295.385
295.382
295.359
295.357
295.355
295.353
295.328
295.327
295.326
295.326
295.301
295.3
295.3
295.299
295.276
295.275
295.275
295.275
295.253
295.253
295.253
295.252
295.233
295.233
295.232
295.232
295.215
295.214
295.214
295.214
295.199
295.199
295.199
295.199
295.185
295.185
295.185
295.185
295.174
295.174
295.174
295.174
295.165
295.165
295.165
295.165
295.158
295.158
295.158
295.158
295.154
295.154
295.154
295.153
295.151
295.151
295.151
295.151
)
;

boundaryField
{
    base_hotspot
    {
        type            fixedGradient;
        gradient        uniform 203.252;
    }
    base_adiabatic
    {
        type            zeroGradient;
    }
    front
    {
        type            empty;
    }
    back
    {
        type            empty;
    }
    aluminum_to_air
    {
        type            compressible::turbulentTemperatureCoupledBaffleMixed;
        refValue        nonuniform List<scalar> 
129
(
293.627
293.6
293.583
293.576
295.486
295.549
295.602
295.646
295.646
295.602
295.549
295.486
293.637
293.606
293.583
293.569
293.575
295.486
293.577
295.424
293.581
295.382
293.586
295.349
293.591
295.321
293.595
295.296
293.6
295.274
293.605
295.254
293.61
295.236
293.615
295.22
293.619
295.206
293.624
295.193
293.628
295.18
293.631
295.162
293.634
295.133
293.853
293.642
294.057
294.27
295.068
294.456
295.646
295.604
295.569
295.539
295.512
295.487
295.465
295.444
295.426
295.41
295.395
295.382
295.369
295.354
295.328
295.264
294.787
294.807
294.825
294.838
294.845
294.852
295.646
295.604
295.569
295.539
295.512
295.487
295.465
295.444
295.426
295.41
295.396
295.383
295.372
295.36
295.343
294.866
294.89
295.301
294.917
295.486
295.424
295.382
295.349
295.321
295.296
295.274
295.254
295.237
295.221
295.207
295.195
295.184
295.171
295.152
295.107
293.562
293.558
293.556
293.556
293.557
293.558
293.56
293.562
293.565
293.568
293.571
293.575
293.578
293.582
293.584
294.635
294.421
294.156
293.892
293.592
)
;
        refGradient     uniform 0;
        valueFraction   nonuniform List<scalar> 
129
(
2.89995e-05
2.89995e-05
2.89995e-05
2.89995e-05
0.000144981
0.000144981
0.000144981
0.000144981
0.000144981
0.000144981
0.000144981
0.000144981
2.89995e-05
2.89995e-05
2.89995e-05
2.89995e-05
2.89995e-05
0.000144981
2.89995e-05
0.000144981
2.89995e-05
0.000144981
2.89995e-05
0.000144981
2.89995e-05
0.000144981
2.89995e-05
0.000144981
2.89995e-05
0.000144981
2.89995e-05
0.000144981
2.89995e-05
0.000144981
2.89995e-05
0.000144981
2.89995e-05
0.000144981
2.89995e-05
0.000144981
2.89995e-05
0.000144981
2.89995e-05
0.000144981
2.89995e-05
0.000144981
3.62491e-05
2.89995e-05
3.62491e-05
3.62491e-05
0.000144981
3.62491e-05
8.21599e-05
8.21599e-05
8.21599e-05
8.21599e-05
8.21599e-05
8.21599e-05
8.21599e-05
8.21599e-05
8.21599e-05
8.21599e-05
8.21599e-05
8.21599e-05
8.21599e-05
8.21599e-05
8.21599e-05
8.21599e-05
3.62491e-05
3.62491e-05
3.62491e-05
3.62491e-05
3.62491e-05
3.62491e-05
8.21599e-05
8.21599e-05
8.21599e-05
8.21599e-05
8.21599e-05
8.21599e-05
8.21599e-05
8.21599e-05
8.21599e-05
8.21599e-05
8.21599e-05
8.21599e-05
8.21599e-05
8.21599e-05
8.21599e-05
3.62491e-05
3.62491e-05
8.21599e-05
3.62491e-05
0.000144981
0.000144981
0.000144981
0.000144981
0.000144981
0.000144981
0.000144981
0.000144981
0.000144981
0.000144981
0.000144981
0.000144981
0.000144981
0.000144981
0.000144981
0.000144981
2.89995e-05
2.89995e-05
2.89995e-05
2.89995e-05
2.89995e-05
2.89995e-05
2.89995e-05
2.89995e-05
2.89995e-05
2.89995e-05
2.89995e-05
2.89995e-05
2.89995e-05
2.89995e-05
2.89995e-05
3.62491e-05
3.62491e-05
3.62491e-05
3.62491e-05
2.89995e-05
)
;
        value           nonuniform List<scalar> 
129
(
295.479
295.471
295.457
295.436
295.547
295.597
295.641
295.677
295.677
295.641
295.597
295.547
295.479
295.471
295.457
295.436
295.41
295.434
295.382
295.393
295.353
295.359
295.325
295.328
295.299
295.3
295.274
295.275
295.252
295.252
295.232
295.232
295.214
295.214
295.198
295.198
295.185
295.185
295.173
295.174
295.164
295.164
295.157
295.158
295.153
295.153
295.151
295.151
295.151
295.151
295.151
295.151
295.663
295.631
295.6
295.571
295.544
295.52
295.497
295.477
295.459
295.444
295.43
295.419
295.41
295.403
295.399
295.396
295.396
295.396
295.396
295.396
295.396
295.396
295.663
295.631
295.6
295.571
295.544
295.52
295.497
295.477
295.459
295.444
295.43
295.419
295.41
295.403
295.399
295.396
295.396
295.396
295.396
295.434
295.393
295.359
295.328
295.3
295.275
295.253
295.232
295.214
295.198
295.185
295.174
295.165
295.158
295.153
295.151
295.41
295.382
295.353
295.325
295.299
295.274
295.252
295.232
295.214
295.198
295.185
295.173
295.164
295.158
295.153
295.151
295.151
295.151
295.151
295.151
)
;
        Tnbr            T;
        thicknessLayers 0();
        kappaLayers     0();
        kappaMethod     solidThermo;
        kappa           none;
        alphaAni        none;
        alpha           none;
    }
}


// ************************************************************************* //
