/*--------------------------------*- C++ -*----------------------------------*\
| =========                 |                                                 |
| \\      /  F ield         | OpenFOAM: The Open Source CFD Toolbox           |
|  \\    /   O peration     | Version:                                        |
|   \\  /    A nd           | Website:  www.openfoam.com                      |
|    \\/     M anipulation  |                                                 |
\*---------------------------------------------------------------------------*/
FoamFile
{
    version     2.0;
    format      ascii;
    class       surfaceScalarField;
    location    "1885.0/air";
    object      phi;
}
// * * * * * * * * * * * * * * * * * * * * * * * * * * * * * * * * * * * * * //

dimensions      [1 0 -1 0 0 0 0];
oriented        oriented;


internalField   nonuniform List<scalar> 
4299
(
6.98761e-08
-6.98628e-08
1.06854e-07
-3.69648e-08
7.0314e-08
3.65535e-08
7.03273e-08
6.32334e-08
-1.33083e-07
1.08532e-07
-8.22497e-08
7.00985e-08
7.49999e-08
1.40439e-07
3.83871e-08
-1.71457e-07
6.83523e-08
-1.12202e-07
4.37419e-08
9.96236e-08
1.84194e-07
2.01094e-08
-1.91553e-07
3.70947e-08
-1.29174e-07
2.3745e-08
1.12987e-07
2.07952e-07
8.71025e-09
-2.0025e-07
1.9354e-08
-1.39804e-07
1.34247e-08
1.18929e-07
2.2139e-07
1.73604e-09
-2.01973e-07
1.14314e-08
-1.49486e-07
1.05002e-08
1.19873e-07
2.31904e-07
-3.94838e-09
-1.98011e-07
1.00719e-08
-1.63494e-07
1.33543e-08
1.16604e-07
2.45271e-07
-1.055e-08
-1.87449e-07
1.41169e-08
-1.8815e-07
2.23203e-08
1.08412e-07
2.67604e-07
-1.97076e-08
-1.6773e-07
2.38819e-08
-2.3173e-07
3.91166e-08
9.31871e-08
3.06733e-07
-3.37462e-08
-1.33973e-07
3.90428e-08
-3.04513e-07
6.5621e-08
6.66165e-08
3.72365e-07
-5.56856e-08
-7.82738e-08
5.45759e-08
-4.14759e-07
1.00994e-07
2.02088e-08
4.7337e-07
-8.8814e-08
1.05679e-08
5.738e-08
-5.60901e-07
1.38386e-07
-6.07681e-08
6.11771e-07
-1.26793e-07
1.37422e-07
3.29019e-08
-7.20473e-07
1.62834e-07
-1.90636e-07
7.74625e-07
-1.30205e-07
2.6772e-07
-1.04518e-08
-8.40098e-07
1.55174e-07
-3.56211e-07
9.29809e-07
1.984e-08
2.4789e-07
2.71325e-08
-8.4766e-07
1.27196e-07
-4.56524e-07
1.05695e-06
3.4999e-07
-1.02663e-07
3.62353e-07
-8.61536e-07
2.67947e-07
-3.63403e-07
1.32472e-06
-7.0959e-08
7.09723e-08
-1.07067e-07
3.61211e-08
-6.93745e-08
-3.76793e-08
-6.93612e-08
-7.14664e-08
1.42452e-07
-1.09014e-07
7.36811e-08
-6.21878e-08
-8.44925e-08
-1.31536e-07
-4.67488e-08
1.89213e-07
-6.9541e-08
9.64848e-08
-3.60491e-08
-1.17973e-07
-1.67573e-07
-3.03355e-08
2.1956e-07
-3.97768e-08
1.05935e-07
-1.47817e-08
-1.42961e-07
-1.82343e-07
-2.68717e-08
2.46442e-07
-2.45525e-08
1.03618e-07
4.26778e-10
-1.6794e-07
-1.81909e-07
-3.5511e-08
2.81958e-07
-1.84114e-08
8.65105e-08
1.9799e-08
-2.06163e-07
-1.62108e-07
-5.50422e-08
3.37003e-07
-1.43603e-08
4.58131e-08
4.62095e-08
-2.6675e-07
-1.15899e-07
-8.18798e-08
4.18889e-07
-1.11003e-09
-3.49529e-08
8.63421e-08
-3.54188e-07
-2.9548e-08
-1.07556e-07
5.26474e-07
3.20911e-08
-1.74526e-07
1.42916e-07
-4.64917e-07
1.13403e-07
-1.20871e-07
6.47402e-07
1.12343e-07
-4.07631e-07
2.3493e-07
-5.87393e-07
3.48377e-07
-1.1048e-07
7.57913e-07
2.58618e-07
-7.76959e-07
3.79592e-07
-7.08576e-07
7.27905e-07
-7.16913e-08
8.2948e-07
4.35279e-07
-1.28546e-06
5.3783e-07
-8.12262e-07
1.26534e-06
-1.10624e-07
9.39546e-07
4.02054e-07
-1.80235e-06
5.38653e-07
-9.51392e-07
1.80305e-06
-4.183e-07
1.35615e-06
-1.64576e-07
-2.06344e-06
1.6669e-07
-1.28541e-06
1.96866e-06
-1.06542e-06
2.41784e-06
-1.25633e-06
-1.88103e-06
-6.43601e-07
-1.89801e-06
1.32637e-06
-1.69615e-06
4.10758e-06
-2.56226e-06
-1.02274e-06
-2.18395e-06
-2.27097e-06
-8.46353e-07
2.00078e-05
2.98701e-06
-2.29967e-05
1.7419e-05
2.58515e-06
1.53484e-05
2.06467e-06
1.62746e-06
1.37118e-05
1.40306e-05
1.59324e-06
-1.26366e-05
1.51342e-05
1.48126e-06
1.5927e-05
1.27052e-06
1.08562e-06
1.64655e-05
9.58113e-06
1.30083e-06
-9.28829e-06
9.82892e-06
1.23428e-06
9.98509e-06
1.11545e-06
9.97883e-07
1.0074e-05
1.45221e-05
1.86442e-06
-1.50856e-05
1.38697e-05
1.88694e-06
1.31118e-05
1.87355e-06
1.84067e-06
1.22694e-05
1.95395e-05
2.20323e-06
-1.98783e-05
1.91545e-05
2.27198e-06
1.87054e-05
2.32265e-06
2.35917e-06
1.8187e-05
2.09594e-05
2.18596e-06
-2.09421e-05
2.096e-05
2.27132e-06
2.09341e-05
2.34858e-06
2.41758e-06
2.08757e-05
1.92277e-05
1.93302e-06
-1.89748e-05
1.94748e-05
2.02421e-06
1.97117e-05
2.11169e-06
2.19409e-06
1.99352e-05
1.58114e-05
1.57567e-06
-1.5454e-05
1.61736e-05
1.66202e-06
1.65384e-05
1.74685e-06
1.82864e-06
1.69038e-05
1.20069e-05
1.23504e-06
-1.16662e-05
1.23636e-05
1.30531e-06
1.27369e-05
1.37352e-06
1.43807e-06
1.31274e-05
8.89231e-06
1.02987e-06
-8.68725e-06
9.12654e-06
1.07098e-06
9.39405e-06
1.1059e-06
1.13384e-06
9.69814e-06
7.40369e-06
1.07936e-06
-7.4534e-06
7.40034e-06
1.07409e-06
7.44973e-06
1.05626e-06
1.02812e-06
7.55519e-06
8.57284e-06
1.48041e-06
-8.97416e-06
8.22097e-06
1.42568e-06
7.92527e-06
1.35169e-06
1.26424e-06
7.68887e-06
1.16297e-05
2.13155e-06
-1.22812e-05
1.10014e-05
2.05364e-06
1.04032e-05
1.94957e-06
1.82815e-06
9.83897e-06
1.34704e-05
2.73689e-06
-1.40762e-05
1.28522e-05
2.67126e-06
1.22255e-05
2.57584e-06
2.45935e-06
1.15938e-05
1.13126e-05
2.99969e-06
-1.15761e-05
1.10132e-05
2.97013e-06
1.06772e-05
2.91113e-06
2.82882e-06
1.03072e-05
4.46213e-06
2.79901e-06
-4.26216e-06
4.62301e-06
2.80853e-06
4.74139e-06
2.79202e-06
2.75562e-06
4.81387e-06
-6.60725e-06
2.12961e-06
7.27597e-06
-5.96376e-06
2.16436e-06
-5.35881e-06
2.18638e-06
2.19579e-06
-4.79967e-06
-1.98124e-05
1.13786e-06
2.08035e-05
-1.88457e-05
1.19695e-06
-1.79298e-05
1.26982e-06
1.32843e-06
-1.70631e-05
-3.37478e-05
1.12973e-07
3.47717e-05
-3.25998e-05
4.79947e-08
-3.1669e-05
3.37986e-07
3.06812e-07
-3.06484e-05
-2.94941e-05
3.13676e-05
-2.76593e-05
-2.5687e-05
-2.66198e-05
1.23975e-05
1.19843e-06
1.07267e-05
7.90847e-07
9.44755e-06
8.93696e-07
1.91793e-06
8.83933e-06
1.67018e-05
9.5556e-07
1.65253e-05
9.55935e-07
1.61924e-05
1.20916e-06
1.89293e-06
1.61985e-05
1.01253e-05
9.05206e-07
1.02103e-05
8.70877e-07
1.046e-05
9.57691e-07
1.25904e-06
1.10905e-05
1.13817e-05
1.79338e-06
1.05142e-05
1.73891e-06
9.77645e-06
1.69582e-06
1.69746e-06
9.3381e-06
1.75978e-05
2.38254e-06
1.69447e-05
2.39204e-06
1.62526e-05
2.38784e-06
2.37081e-06
1.55791e-05
2.078e-05
2.4782e-06
2.06424e-05
2.52961e-06
2.04597e-05
2.57054e-06
2.59844e-06
2.02321e-05
2.01422e-05
2.27115e-06
2.03289e-05
2.34293e-06
2.04899e-05
2.40956e-06
2.47052e-06
2.06179e-05
1.7268e-05
1.90694e-06
1.7629e-05
1.98193e-06
1.79846e-05
2.05399e-06
2.1236e-06
1.83315e-05
1.3536e-05
1.49838e-06
1.39632e-05
1.55468e-06
1.44097e-05
1.60744e-06
1.6574e-06
1.48759e-05
1.00414e-05
1.155e-06
1.04258e-05
1.17013e-06
1.08531e-05
1.17999e-06
1.18476e-06
1.13256e-05
7.71925e-06
9.90677e-07
7.9443e-06
9.44801e-07
8.23327e-06
8.90744e-07
8.27465e-07
8.59029e-06
7.51451e-06
1.16476e-06
7.40488e-06
1.05415e-06
7.36282e-06
9.3253e-07
7.99e-07
7.39104e-06
9.31165e-06
1.69177e-06
8.82342e-06
1.54208e-06
8.37525e-06
1.38043e-06
1.2074e-06
7.96661e-06
1.096e-05
2.32511e-06
1.03259e-05
2.17582e-06
9.69196e-06
2.01395e-06
1.84134e-06
9.0577e-06
9.90361e-06
2.72811e-06
9.46589e-06
2.613e-06
8.99294e-06
2.4864e-06
2.35005e-06
8.48377e-06
4.83757e-06
2.7037e-06
4.81072e-06
2.63917e-06
4.73231e-06
2.56414e-06
2.48036e-06
4.60133e-06
-4.29093e-06
2.19429e-06
-3.8342e-06
2.18176e-06
-3.43125e-06
2.16052e-06
2.13397e-06
-3.08551e-06
-1.62541e-05
1.38457e-06
-1.54964e-05
1.42331e-06
-1.47968e-05
1.46024e-06
1.50478e-06
-1.41683e-05
-2.9868e-05
6.0316e-07
-2.90093e-05
5.63605e-07
-2.81347e-05
5.846e-07
6.75214e-07
-2.73061e-05
-2.76178e-05
-2.8683e-05
-2.64601e-05
-2.42906e-05
7.28767e-06
1.55175e-06
5.51521e-06
1.7821e-06
1.8573e-06
3.677e-06
1.62303e-05
1.51288e-06
1.61277e-05
1.88336e-06
2.22454e-06
1.57665e-05
1.16171e-05
9.84753e-07
1.22793e-05
1.22121e-06
1.49286e-06
1.30138e-05
9.32842e-06
9.94312e-07
9.5036e-06
1.04591e-06
1.1209e-06
9.87577e-06
1.52421e-05
1.33108e-06
1.49646e-05
1.32291e-06
1.31476e-06
1.47702e-05
2.00818e-05
1.48137e-06
1.99211e-05
1.48347e-06
1.48254e-06
1.97532e-05
2.06748e-05
1.42449e-06
2.07172e-05
1.4411e-06
1.45648e-06
2.07433e-05
1.85225e-05
1.23352e-06
1.87085e-05
1.25501e-06
1.27646e-06
1.88886e-05
1.51486e-05
9.60824e-07
1.54275e-05
9.76091e-07
9.91492e-07
1.57124e-05
1.16187e-05
6.67563e-07
1.19289e-05
6.65819e-07
6.62962e-07
1.22573e-05
8.82446e-06
4.33232e-07
9.0843e-06
4.05823e-07
3.75181e-07
9.37192e-06
7.43373e-06
3.9041e-07
7.5002e-06
3.3923e-07
2.84416e-07
7.59085e-06
7.75077e-06
6.06138e-07
7.54582e-06
5.44073e-07
4.79744e-07
7.3504e-06
8.6985e-06
9.65168e-07
8.33706e-06
9.05364e-07
8.44672e-07
7.97199e-06
8.18234e-06
1.26636e-06
7.86848e-06
1.21899e-06
1.17118e-06
7.54176e-06
4.50019e-06
1.36715e-06
4.38118e-06
1.33764e-06
1.30813e-06
4.24388e-06
-2.90648e-06
1.18775e-06
-2.74573e-06
1.17653e-06
1.16712e-06
-2.60508e-06
-1.38521e-05
8.71171e-07
-1.35639e-05
8.87927e-07
9.08116e-07
-1.33054e-05
-2.68235e-05
3.87948e-07
-2.64343e-05
4.98131e-07
5.50968e-07
-2.60777e-05
-2.47205e-05
-2.51746e-05
-2.56421e-05
3.06483e-06
6.20286e-07
2.44883e-06
6.24542e-07
6.51251e-07
1.80629e-06
1.55411e-05
8.49484e-07
1.52847e-05
8.85699e-07
9.16603e-07
1.50248e-05
1.32556e-05
6.095e-07
1.34967e-05
6.46994e-07
6.79323e-07
1.37368e-05
1.00636e-05
4.21863e-07
1.02748e-05
4.36148e-07
4.49982e-07
1.05047e-05
1.47304e-05
4.61388e-07
1.47063e-05
4.59939e-07
4.5953e-07
1.46964e-05
1.96918e-05
5.22657e-07
1.96305e-05
5.21213e-07
5.20404e-07
1.95695e-05
2.07488e-05
5.17116e-07
2.07517e-05
5.18355e-07
5.20181e-07
2.07519e-05
1.89503e-05
4.55377e-07
1.90109e-05
4.57743e-07
4.60701e-07
1.90704e-05
1.5814e-05
3.53801e-07
1.59161e-05
3.55547e-07
3.5781e-07
1.6019e-05
1.23796e-05
2.31515e-07
1.25045e-05
2.30559e-07
2.30299e-07
1.2632e-05
9.48171e-06
1.21675e-07
9.59576e-06
1.16449e-07
1.12243e-07
9.71376e-06
7.62661e-06
8.5869e-08
7.66548e-06
7.7546e-08
7.0086e-08
7.7076e-06
7.28201e-06
1.54221e-07
7.21423e-06
1.45302e-07
1.37027e-07
7.14726e-06
7.84192e-06
2.84252e-07
7.71082e-06
2.76359e-07
2.69015e-07
7.57879e-06
7.42431e-06
4.01625e-07
7.30505e-06
3.95545e-07
3.89929e-07
7.18407e-06
4.19037e-06
4.55017e-07
4.13464e-06
4.51156e-07
4.47188e-07
4.07726e-06
-2.55723e-06
4.0705e-07
-2.51176e-06
4.05561e-07
4.02655e-07
-2.46736e-06
-1.32234e-05
3.24972e-07
-1.31447e-05
3.26669e-07
3.229e-07
-1.30651e-05
-2.5986e-05
2.33042e-07
-2.58976e-05
2.38073e-07
2.39793e-07
-2.58146e-05
-2.5708e-05
-2.57734e-05
-2.55586e-05
-3.37399e-07
2.16784e-06
-3.1301e-06
2.80808e-06
3.47078e-06
-6.60506e-06
1.44653e-05
2.74738e-06
1.43785e-05
2.91948e-06
3.12814e-06
1.47455e-05
1.44516e-05
2.04381e-06
1.51965e-05
2.19036e-06
2.28187e-06
1.60629e-05
1.12124e-05
1.33831e-06
1.19918e-05
1.41465e-06
1.46537e-06
1.28135e-05
1.47302e-05
1.30354e-06
1.48428e-05
1.3008e-06
1.29538e-06
1.50116e-05
1.94027e-05
1.46998e-06
1.92391e-05
1.46401e-06
1.45538e-06
1.90784e-05
2.07371e-05
1.48477e-06
2.07027e-05
1.49851e-06
1.51027e-06
2.06478e-05
1.92329e-05
1.32231e-06
1.93861e-05
1.34534e-06
1.36753e-06
1.95289e-05
1.63159e-05
1.02543e-06
1.66192e-05
1.04197e-06
1.05786e-06
1.69289e-05
1.30025e-05
6.54814e-07
1.33945e-05
6.49873e-07
6.42943e-07
1.38093e-05
1.00668e-05
3.01608e-07
1.04533e-05
2.63255e-07
2.20114e-07
1.0876e-05
7.85127e-06
1.57852e-07
8.02228e-06
9.21592e-08
2.23402e-08
8.22e-06
6.96573e-06
3.39316e-07
6.79178e-06
2.66071e-07
1.87939e-07
6.62615e-06
7.19934e-06
7.18662e-07
6.8121e-06
6.53216e-07
5.85324e-07
6.41465e-06
6.82868e-06
1.07386e-06
6.45825e-06
1.02347e-06
9.72348e-07
6.07106e-06
3.90669e-06
1.2441e-06
3.71923e-06
1.2106e-06
1.17766e-06
3.51361e-06
-2.36232e-06
1.13871e-06
-2.27818e-06
1.12612e-06
1.11314e-06
-2.21401e-06
-1.28476e-05
9.2082e-07
-1.26535e-05
9.31608e-07
9.41339e-07
-1.24821e-05
-2.55316e-05
6.37184e-07
-2.531e-05
7.09523e-07
8.04993e-07
-2.51742e-05
-2.46386e-05
-2.3774e-05
-2.45847e-05
-7.88418e-06
5.34065e-06
-1.08442e-05
1.90481e-06
-1.28965e-05
-2.15636e-07
-1.89023e-06
-1.18359e-05
1.46356e-05
5.48297e-06
1.2028e-05
4.54147e-06
8.78972e-06
3.05533e-06
1.15134e-06
5.7804e-06
1.75423e-05
4.04724e-06
1.84129e-05
3.72143e-06
1.85746e-05
2.94605e-06
1.86516e-06
1.7907e-05
1.42672e-05
2.60641e-06
1.55321e-05
2.47177e-06
1.63095e-05
2.18278e-06
1.78711e-06
1.6397e-05
1.5361e-05
2.25461e-06
1.56464e-05
2.18376e-06
1.5742e-05
2.08412e-06
1.96677e-06
1.55589e-05
1.87887e-05
2.54292e-06
1.84574e-05
2.51341e-06
1.80553e-05
2.48428e-06
2.45922e-06
1.7561e-05
2.04964e-05
2.69424e-06
2.02785e-05
2.73114e-06
1.99912e-05
2.77148e-06
2.81846e-06
1.96317e-05
1.97528e-05
2.4704e-06
1.99375e-05
2.54662e-06
2.00793e-05
2.62981e-06
2.72333e-06
2.01745e-05
1.74928e-05
1.90644e-06
1.80751e-05
1.96432e-06
1.8674e-05
2.03092e-06
2.11089e-06
1.92864e-05
1.45865e-05
1.12902e-06
1.54441e-05
1.10646e-06
1.63951e-05
1.07977e-06
1.04877e-06
1.7457e-05
1.17237e-05
2.81061e-07
1.27344e-05
9.55072e-08
1.39012e-05
-8.73595e-08
-3.25238e-07
1.5275e-05
8.66194e-06
-1.6095e-07
9.20779e-06
-4.50347e-07
9.9101e-06
-7.89607e-07
-1.19126e-06
1.07763e-05
6.34026e-06
1.24936e-07
6.03932e-06
-1.49342e-07
5.73663e-06
-4.86756e-07
-8.66765e-07
5.41238e-06
5.68089e-06
8.58614e-07
4.89763e-06
6.33892e-07
4.01331e-06
3.976e-07
1.49871e-07
2.99679e-06
5.33237e-06
1.59705e-06
4.52247e-06
1.44357e-06
3.62436e-06
1.29552e-06
1.15685e-06
2.61722e-06
3.1122e-06
1.99792e-06
2.64986e-06
1.90541e-06
2.12065e-06
1.82425e-06
1.75821e-06
1.51883e-06
-2.16402e-06
1.94734e-06
-2.16724e-06
1.90804e-06
-2.21697e-06
1.87341e-06
1.84796e-06
-2.30728e-06
-1.22069e-05
1.6713e-06
-1.19868e-05
1.6872e-06
-1.17988e-05
1.68466e-06
1.68198e-06
-1.16336e-05
-2.47981e-05
1.29423e-06
-2.46858e-05
1.57383e-06
-2.43941e-05
1.39195e-06
1.43578e-06
-2.41489e-05
-2.6314e-05
-2.49351e-05
-2.72023e-05
-2.62307e-05
-8.53359e-06
-3.29309e-06
-4.38671e-06
-4.13835e-06
-1.26296e-06
-3.11827e-06
1.42029e-06
-2.70867e-06
3.41869e-06
-9.08581e-07
1.8346e-06
-2.54332e-06
1.89117e-06
-3.17352e-06
-8.38246e-07
4.1273e-06
1.62641e-05
7.66969e-07
1.38596e-05
-1.20706e-07
1.15169e-05
-8.23298e-07
-6.30126e-07
1.13002e-05
1.57962e-05
1.37138e-06
1.46693e-05
1.00606e-06
1.3231e-05
6.13612e-07
4.12571e-07
1.21829e-05
1.50821e-05
1.84481e-06
1.43538e-05
1.73142e-06
1.33815e-05
1.58409e-06
1.23974e-06
1.2552e-05
1.69643e-05
2.43988e-06
1.62687e-05
2.42572e-06
1.54113e-05
2.44055e-06
2.19984e-06
1.44507e-05
1.91962e-05
2.87527e-06
1.86837e-05
2.93808e-06
1.80779e-05
3.04616e-06
2.99721e-06
1.72807e-05
2.02179e-05
2.83203e-06
2.02019e-05
2.95417e-06
2.013e-05
3.11815e-06
3.23363e-06
1.98938e-05
1.99083e-05
2.21014e-06
2.05338e-05
2.32864e-06
2.11605e-05
2.49145e-06
2.64999e-06
2.17441e-05
1.86525e-05
1.01432e-06
2.00086e-05
9.72288e-07
2.15464e-05
9.53334e-07
8.86121e-07
2.331e-05
1.68993e-05
-6.10171e-07
1.88095e-05
-9.38114e-07
2.10054e-05
-1.24292e-06
-1.45687e-06
2.33475e-05
1.18316e-05
-1.66528e-06
1.30868e-05
-2.19337e-06
1.45109e-05
-2.66841e-06
-2.85859e-06
1.59086e-05
5.04905e-06
-1.30162e-06
4.65137e-06
-1.79552e-06
4.31312e-06
-2.33094e-06
-2.68657e-06
4.13872e-06
1.79654e-06
-1.01189e-07
4.0811e-07
-4.06809e-07
-1.13965e-06
-7.82683e-07
-1.23426e-06
-2.59077e-06
1.48548e-06
1.03042e-06
1.63705e-07
9.14853e-07
-1.40895e-06
7.89791e-07
5.89535e-07
-3.23294e-06
8.38746e-07
1.71005e-06
7.28223e-08
1.68032e-06
-8.01062e-07
1.66316e-06
1.63975e-06
-1.852e-06
-2.43133e-06
1.83352e-06
-2.58392e-06
1.83232e-06
-2.76256e-06
1.84117e-06
1.87301e-06
-2.99657e-06
-1.14742e-05
1.67335e-06
-1.13066e-05
1.66389e-06
-1.11281e-05
1.66187e-06
1.77726e-06
-1.10332e-05
-2.37794e-05
1.30284e-06
-2.3121e-05
1.00445e-06
-2.22452e-05
7.85059e-07
1.15377e-06
-2.16228e-05
-2.54163e-05
-2.42924e-05
-2.20054e-05
-1.94644e-05
-3.35554e-08
-3.90164e-09
-3.98467e-08
6.29134e-09
-6.95909e-08
2.97442e-08
-1.23296e-07
5.37056e-08
-1.92489e-07
6.91938e-08
-2.79218e-07
8.67044e-08
-3.85331e-07
1.06007e-07
-4.28139e-07
4.27194e-08
-3.82301e-07
-4.58233e-08
-3.15543e-07
-6.66986e-08
-3.01628e-07
-1.38663e-08
-3.58428e-07
5.67754e-08
-3.92991e-07
3.44016e-08
-3.41037e-07
-5.2151e-08
-3.63205e-07
2.21238e-08
-7.084e-07
3.4522e-07
-1.28692e-06
5.7846e-07
-4.22745e-07
-8.64279e-07
2.15226e-06
-2.57526e-06
2.15207e-06
4.19459e-07
-6.05447e-09
3.91083e-07
3.46668e-08
2.9835e-07
1.22477e-07
1.29313e-07
2.22743e-07
-9.9686e-08
2.98194e-07
-3.7045e-07
3.57444e-07
-6.56207e-07
3.91647e-07
-8.35958e-07
2.22369e-07
-8.30449e-07
-5.13211e-08
-7.31964e-07
-1.65125e-07
-6.97978e-07
-4.78158e-08
-7.81779e-07
1.40523e-07
-8.43573e-07
9.60098e-08
-8.3588e-07
-6.00208e-08
-1.10468e-06
2.90907e-07
-1.7921e-06
1.03265e-06
-2.32219e-06
1.10849e-06
-9.83005e-07
-2.20353e-06
2.68433e-06
-6.24283e-06
4.83618e-06
1.21146e-06
-2.76092e-09
1.16316e-06
8.29587e-08
1.02202e-06
2.6362e-07
7.5801e-07
4.86754e-07
3.79864e-07
6.76341e-07
-7.08691e-08
8.08162e-07
-5.38572e-07
8.59232e-07
-8.96106e-07
5.79778e-07
-1.01848e-06
7.10556e-08
-9.67864e-07
-2.15693e-07
-9.3164e-07
-8.40228e-08
-1.00794e-06
2.1673e-07
-1.0943e-06
1.82163e-07
-1.18994e-06
3.54729e-08
-1.60568e-06
7.06656e-07
-2.20155e-06
1.62852e-06
-2.3838e-06
1.2907e-06
-1.06274e-06
-3.52458e-06
2.545e-06
-9.85071e-06
7.38095e-06
2.18461e-06
4.78249e-09
2.12288e-06
1.44688e-07
1.95227e-06
4.34236e-07
1.62679e-06
8.12234e-07
1.13747e-06
1.16565e-06
5.29933e-07
1.41569e-06
-1.22749e-07
1.51182e-06
-6.84178e-07
1.14106e-06
-1.00313e-06
3.89981e-07
-1.06447e-06
-1.54314e-07
-1.04837e-06
-1.00126e-07
-1.11059e-06
2.78822e-07
-1.22344e-06
2.94797e-07
-1.38667e-06
1.98599e-07
-1.77182e-06
1.09184e-06
-2.06906e-06
1.92576e-06
-1.93837e-06
1.16e-06
-7.93219e-07
-4.66966e-06
2.37856e-06
-1.30225e-05
9.75928e-06
3.22203e-06
1.44919e-08
3.15421e-06
2.1251e-07
2.97113e-06
6.17317e-07
2.61676e-06
1.1666e-06
2.06336e-06
1.71905e-06
1.34214e-06
2.13691e-06
5.3812e-07
2.31578e-06
-2.43254e-07
1.92228e-06
-8.06642e-07
9.53309e-07
-1.04188e-06
8.0947e-08
-1.07964e-06
-6.23884e-08
-1.13215e-06
3.31183e-07
-1.25832e-06
4.20753e-07
-1.42529e-06
3.65501e-07
-1.67245e-06
1.33905e-06
-1.65593e-06
1.90925e-06
-1.31937e-06
8.23428e-07
-3.9725e-07
-5.59172e-06
2.22229e-06
-1.5642e-05
1.19814e-05
4.2473e-06
2.4671e-08
4.17925e-06
2.80555e-07
3.99626e-06
8.00305e-07
3.63784e-06
1.52503e-06
3.06274e-06
2.29416e-06
2.27974e-06
2.91991e-06
1.36134e-06
3.23414e-06
3.96055e-07
2.88744e-06
-4.29052e-07
1.77832e-06
-8.9905e-07
5.50951e-07
-1.0392e-06
7.77307e-08
-1.09401e-06
3.8583e-07
-1.21477e-06
5.41314e-07
-1.34106e-06
4.91738e-07
-1.43044e-06
1.4285e-06
-1.19405e-06
1.67289e-06
-7.49877e-07
3.79238e-07
1.17337e-09
-6.34277e-06
2.068e-06
-1.77087e-05
1.40492e-05
5.21558e-06
3.42374e-08
5.15126e-06
3.44873e-07
4.97652e-06
9.75043e-07
4.63013e-06
1.87141e-06
4.06404e-06
2.86025e-06
3.2667e-06
3.71725e-06
2.28426e-06
4.21657e-06
1.18592e-06
3.98569e-06
1.24468e-07
2.83966e-06
-6.20749e-07
1.29615e-06
-9.26144e-07
3.83093e-07
-1.00785e-06
4.6738e-07
-1.11121e-06
6.44483e-07
-1.18281e-06
5.63305e-07
-1.14705e-06
1.39283e-06
-8.2361e-07
1.34949e-06
-3.32031e-07
-1.12373e-07
2.12243e-07
-6.88708e-06
1.91053e-06
-1.94068e-05
1.59596e-05
6.10248e-06
4.25285e-08
6.04441e-06
4.02943e-07
5.88288e-06
1.13657e-06
5.55793e-06
2.19636e-06
5.01982e-06
3.39836e-06
4.24349e-06
4.49358e-06
3.24687e-06
5.21319e-06
2.07134e-06
5.16116e-06
8.32336e-07
4.07857e-06
-1.88283e-07
2.31672e-06
-7.27567e-07
9.22348e-07
-8.79448e-07
6.1912e-07
-9.67877e-07
7.32732e-07
-9.93109e-07
5.88503e-07
-8.76736e-07
1.27655e-06
-5.74878e-07
1.04768e-06
-4.5133e-08
-6.42159e-07
3.72136e-07
-7.3044e-06
1.74544e-06
-2.07799e-05
1.77049e-05
6.89492e-06
4.90894e-08
6.84485e-06
4.53018e-07
6.69965e-06
1.28177e-06
6.40151e-06
2.4945e-06
5.90188e-06
3.89799e-06
5.16896e-06
5.2265e-06
4.19819e-06
6.18396e-06
3.00125e-06
6.35808e-06
1.65247e-06
5.42726e-06
3.90757e-07
3.57837e-06
-4.2083e-07
1.73391e-06
-7.07483e-07
9.05657e-07
-8.02243e-07
8.27326e-07
-8.01393e-07
5.8761e-07
-6.34151e-07
1.10939e-06
-3.9267e-07
8.06246e-07
1.01338e-07
-1.13622e-06
4.76973e-07
-7.68008e-06
1.57615e-06
-2.18789e-05
1.9281e-05
7.58506e-06
5.35303e-08
7.54443e-06
4.93645e-07
7.41788e-06
1.40832e-06
7.15001e-06
2.76237e-06
6.69465e-06
4.35335e-06
6.01779e-06
5.90337e-06
5.10041e-06
7.10134e-06
3.92895e-06
7.52953e-06
2.53637e-06
6.8198e-06
1.10492e-06
5.00977e-06
1.67887e-08
2.822e-06
-4.80809e-07
1.40317e-06
-6.23901e-07
9.70267e-07
-6.24386e-07
5.88038e-07
-4.2012e-07
9.05198e-07
-2.37129e-07
6.23295e-07
1.9945e-07
-1.57285e-06
5.28615e-07
-8.00927e-06
1.40483e-06
-2.2755e-05
2.06858e-05
8.16689e-06
5.54298e-08
8.13716e-06
5.23377e-07
8.03138e-06
1.5141e-06
7.79665e-06
2.9971e-06
7.38941e-06
4.76058e-06
6.77559e-06
6.51719e-06
5.92846e-06
7.94847e-06
4.81713e-06
8.64086e-06
3.4385e-06
8.1984e-06
1.9141e-06
6.53412e-06
5.80513e-07
4.15555e-06
-1.7809e-07
2.16171e-06
-4.30196e-07
1.22224e-06
-4.67108e-07
6.24878e-07
-2.37084e-07
6.75224e-07
-9.66608e-08
4.82904e-07
2.84365e-07
-1.95393e-06
5.38305e-07
-8.26322e-06
1.23353e-06
-2.34501e-05
2.19193e-05
8.63465e-06
5.42707e-08
8.6174e-06
5.40622e-07
8.53466e-06
1.59684e-06
8.33603e-06
3.19573e-06
7.98046e-06
5.11615e-06
7.43431e-06
7.06334e-06
6.66729e-06
8.7155e-06
5.63902e-06
9.66912e-06
4.31958e-06
9.51782e-06
2.77336e-06
8.0803e-06
1.26859e-06
5.6603e-06
2.30713e-07
3.19955e-06
-2.03819e-07
1.65667e-06
-3.21164e-07
7.42143e-07
-9.01028e-08
4.44187e-07
2.09543e-08
3.7187e-07
3.59512e-07
-2.29252e-06
5.26163e-07
-8.42987e-06
1.06577e-06
-2.39895e-05
2.29851e-05
8.98223e-06
4.93949e-08
8.97927e-06
5.43582e-07
8.92211e-06
1.65401e-06
8.76293e-06
3.35492e-06
8.46299e-06
5.41608e-06
7.98882e-06
7.53751e-06
7.30827e-06
9.39605e-06
6.37721e-06
1.06002e-05
5.14911e-06
1.07459e-05
3.64095e-06
9.58843e-06
2.04503e-06
7.25619e-06
7.58782e-07
4.48577e-06
8.57277e-08
2.32966e-06
-1.66973e-07
9.94762e-07
2.143e-08
2.55787e-07
1.42548e-07
2.50766e-07
4.17196e-07
-2.56719e-06
5.07331e-07
-8.51997e-06
9.07364e-07
-2.43895e-05
2.38925e-05
9.20337e-06
3.99577e-08
9.21673e-06
5.30223e-07
9.18795e-06
1.68278e-06
9.07202e-06
3.47085e-06
8.8323e-06
5.6558e-06
8.43496e-06
7.93485e-06
7.84624e-06
9.98477e-06
7.02119e-06
1.14252e-05
5.90546e-06
1.18617e-05
4.4814e-06
1.10125e-05
2.86947e-06
8.86811e-06
1.40183e-06
5.95341e-06
4.65253e-07
3.26619e-06
1.43842e-08
1.44556e-06
9.41176e-08
1.7604e-07
2.01872e-07
1.43016e-07
4.54628e-07
-2.81996e-06
4.9552e-07
-8.56081e-06
7.61441e-07
-2.46553e-05
2.4654e-05
9.29211e-06
2.48748e-08
9.32405e-06
4.98287e-07
9.32669e-06
1.68014e-06
9.25815e-06
3.5394e-06
9.08373e-06
5.83022e-06
8.76882e-06
8.24976e-06
8.27754e-06
1.04761e-05
7.56486e-06
1.21379e-05
6.57451e-06
1.2852e-05
5.26714e-06
1.23198e-05
3.70282e-06
1.04324e-05
2.1348e-06
7.52143e-06
9.58361e-07
4.44261e-06
3.01897e-07
2.10197e-06
1.9417e-07
2.83745e-07
2.46483e-07
9.06994e-08
4.90162e-07
-3.06363e-06
5.04613e-07
-8.57519e-06
6.30862e-07
-2.47815e-05
2.52849e-05
9.24358e-06
2.76731e-09
9.29659e-06
4.45277e-07
9.33381e-06
1.64292e-06
9.31695e-06
3.55626e-06
9.21312e-06
5.93404e-06
8.98667e-06
8.47621e-06
8.59906e-06
1.08637e-05
8.00448e-06
1.27325e-05
7.14766e-06
1.37088e-05
5.97836e-06
1.34891e-05
4.51112e-06
1.18996e-05
2.92144e-06
9.11111e-06
1.56424e-06
5.79981e-06
6.82221e-07
2.98395e-06
3.52049e-07
6.13892e-07
3.20462e-07
1.22277e-07
5.51404e-07
-3.29456e-06
5.48588e-07
-8.57228e-06
5.18101e-07
-2.4751e-05
2.58031e-05
9.05483e-06
-2.79401e-08
9.13171e-06
3.68395e-07
9.2067e-06
1.56794e-06
9.24572e-06
3.51724e-06
9.21752e-06
5.96224e-06
9.08544e-06
8.60829e-06
8.80802e-06
1.11411e-05
8.33748e-06
1.3203e-05
7.61995e-06
1.44264e-05
6.60182e-06
1.45073e-05
5.26719e-06
1.32343e-05
3.72383e-06
1.06545e-05
2.26219e-06
7.26146e-06
1.17944e-06
4.06669e-06
6.06489e-07
1.18682e-06
4.70685e-07
2.5807e-07
6.69068e-07
-3.49291e-06
6.40751e-07
-8.54386e-06
4.25647e-07
-2.45359e-05
2.62288e-05
8.72607e-06
-6.97999e-08
8.82963e-06
2.64828e-07
8.94564e-06
1.45194e-06
9.04437e-06
3.4185e-06
9.09606e-06
5.91055e-06
9.06348e-06
8.64087e-06
8.90235e-06
1.13022e-05
8.56191e-06
1.35435e-05
7.98863e-06
1.49996e-05
7.12951e-06
1.53664e-05
5.95111e-06
1.44127e-05
4.50775e-06
1.20979e-05
3.01899e-06
8.75023e-06
1.78821e-06
5.29746e-06
9.89203e-07
1.98582e-06
7.37626e-07
5.09638e-07
8.72446e-07
-3.62769e-06
7.93737e-07
-8.46505e-06
3.52049e-07
-2.40943e-05
2.65809e-05
8.26059e-06
-1.26085e-07
8.39398e-06
1.31433e-07
8.55451e-06
1.29141e-06
8.71643e-06
3.25659e-06
8.85098e-06
5.776e-06
8.92135e-06
8.5705e-06
8.88111e-06
1.13424e-05
8.67578e-06
1.37488e-05
8.25069e-06
1.54247e-05
7.55492e-06
1.60621e-05
6.54718e-06
1.54204e-05
5.24352e-06
1.34015e-05
3.79691e-06
1.01969e-05
2.48559e-06
6.60879e-06
1.51353e-06
2.95788e-06
1.14544e-06
8.77724e-07
1.18334e-06
-3.66555e-06
1.01844e-06
-8.30003e-06
3.12543e-07
-2.33884e-05
2.68934e-05
7.66548e-06
-2.02347e-07
7.83356e-06
-3.6654e-08
8.04141e-06
1.08356e-06
8.26843e-06
3.02957e-06
8.48688e-06
5.55756e-06
8.66312e-06
8.39426e-06
8.75056e-06
1.1255e-05
8.68975e-06
1.38096e-05
8.42082e-06
1.56937e-05
7.89293e-06
1.659e-05
7.06291e-06
1.62504e-05
5.92216e-06
1.45423e-05
4.56748e-06
1.15516e-05
3.24225e-06
7.93404e-06
2.16672e-06
4.03342e-06
1.70248e-06
1.34197e-06
1.59717e-06
-3.56019e-06
1.3308e-06
-8.03355e-06
1.97333e-07
-2.2255e-05
2.70908e-05
2.34362e-05
-8.28774e-07
2.45643e-05
-1.16477e-06
2.58835e-05
-2.35617e-07
2.731e-05
1.60316e-06
2.87354e-05
4.1321e-06
3.0126e-05
7.00367e-06
3.14102e-05
9.97081e-06
3.24122e-05
1.28076e-05
3.287e-05
1.52359e-05
3.25217e-05
1.69383e-05
3.11488e-05
1.76233e-05
2.86136e-05
1.70775e-05
2.49759e-05
1.51893e-05
2.07439e-05
1.21661e-05
1.64984e-05
8.27905e-06
1.36403e-05
4.20014e-06
1.11379e-05
-1.05756e-06
9.43822e-06
-6.33352e-06
5.10403e-06
-1.79209e-05
9.19729e-06
1.03362e-05
-2.91911e-06
1.33765e-05
-4.20469e-06
1.63944e-05
-3.25286e-06
1.87202e-05
-7.21962e-07
2.05598e-05
2.29297e-06
2.21722e-05
5.39139e-06
2.38521e-05
8.29096e-06
2.57132e-05
1.09465e-05
2.76392e-05
1.33099e-05
2.93523e-05
1.52252e-05
3.05182e-05
1.64574e-05
3.08346e-05
1.67612e-05
3.01002e-05
1.59237e-05
2.83609e-05
1.39055e-05
2.58339e-05
1.08061e-05
2.30009e-05
7.0333e-06
1.9433e-05
2.51046e-06
1.50732e-05
-1.97349e-06
6.25034e-06
-9.09794e-06
2.80967e-06
4.61823e-06
-6.73169e-06
9.56911e-06
-9.15484e-06
1.32615e-05
-6.94417e-06
1.54193e-05
-2.87885e-06
1.64105e-05
1.30234e-06
1.6916e-05
4.88573e-06
1.75005e-05
7.70592e-06
1.85973e-05
9.84908e-06
2.04108e-05
1.1496e-05
2.28099e-05
1.28259e-05
2.54003e-05
1.38669e-05
2.77074e-05
1.4454e-05
2.93139e-05
1.43172e-05
2.99535e-05
1.32659e-05
2.94869e-05
1.12727e-05
2.79236e-05
8.59666e-06
2.49594e-05
5.47471e-06
2.02255e-05
2.7606e-06
1.13471e-05
-2.19465e-07
4.86825e-06
4.24778e-06
-1.04734e-05
8.83952e-06
-1.37455e-05
1.20829e-05
-1.01863e-05
1.38075e-05
-4.60297e-06
1.43738e-05
7.35665e-07
1.41864e-05
5.07178e-06
1.36335e-05
8.25707e-06
1.32755e-05
1.02052e-05
1.37688e-05
1.10014e-05
1.54543e-05
1.11397e-05
1.81207e-05
1.12002e-05
2.1223e-05
1.13516e-05
2.4179e-05
1.13613e-05
2.65081e-05
1.09368e-05
2.7844e-05
9.93683e-06
2.79499e-05
8.49074e-06
2.65626e-05
6.86206e-06
2.36308e-05
5.69247e-06
1.82103e-05
5.20104e-06
7.99309e-06
3.97817e-06
-1.40953e-05
7.84713e-06
-1.76127e-05
1.04673e-05
-1.28043e-05
1.19539e-05
-6.08813e-06
1.25427e-05
1.4679e-07
1.24038e-05
5.2094e-06
1.15102e-05
9.14849e-06
1.01198e-05
1.15932e-05
9.06956e-06
1.20498e-05
9.29127e-06
1.09168e-05
1.10249e-05
9.46598e-06
1.38275e-05
8.54897e-06
1.70676e-05
8.12118e-06
2.01666e-05
7.83788e-06
2.26477e-05
7.45575e-06
2.41702e-05
6.96836e-06
2.44964e-05
6.53594e-06
2.36099e-05
6.57899e-06
2.14933e-05
7.31767e-06
9.60813e-06
3.64901e-06
-1.73157e-05
6.71436e-06
-2.06762e-05
8.89328e-06
-1.49812e-05
1.03797e-05
-7.57283e-06
1.11237e-05
-5.96511e-07
1.10718e-05
5.26081e-06
1.01731e-05
1.00458e-05
8.32693e-06
1.34373e-05
6.16256e-06
1.4212e-05
4.96365e-06
1.21143e-05
5.46699e-06
8.96209e-06
7.40575e-06
6.61016e-06
1.02006e-05
5.32649e-06
1.32772e-05
4.76154e-06
1.6149e-05
4.58411e-06
1.84634e-05
4.65411e-06
2.00037e-05
4.99578e-06
2.07621e-05
5.82068e-06
2.08358e-05
7.24402e-06
9.50189e-06
3.28226e-06
-2.01245e-05
5.71574e-06
-2.31086e-05
7.73705e-06
-1.70015e-05
9.38042e-06
-9.21511e-06
1.02207e-05
-1.43608e-06
1.00717e-05
5.4099e-06
9.03719e-06
1.10798e-05
6.97715e-06
1.5496e-05
4.22217e-06
1.69652e-05
2.10675e-06
1.42284e-05
1.69038e-06
9.37788e-06
2.83903e-06
5.46149e-06
5.02635e-06
3.13937e-06
7.70546e-06
2.08268e-06
1.04237e-05
1.8661e-06
1.28744e-05
2.20361e-06
1.48874e-05
2.98302e-06
1.64778e-05
4.23043e-06
1.77274e-05
5.99453e-06
8.2545e-06
2.86612e-06
-2.29487e-05
4.97474e-06
-2.52167e-05
6.97849e-06
-1.90048e-05
8.63341e-06
-1.08694e-05
9.39088e-06
-2.19303e-06
9.00057e-06
5.80033e-06
7.68446e-06
1.23957e-05
5.46232e-06
1.77175e-05
2.53666e-06
1.98896e-05
1.3796e-07
1.66258e-05
-6.24168e-07
1.01394e-05
2.85914e-07
4.55129e-06
2.22642e-06
1.19897e-06
4.57411e-06
-2.64823e-07
6.87705e-06
-4.36613e-07
8.94359e-06
1.37299e-07
1.06973e-05
1.22952e-06
1.22628e-05
2.66508e-06
1.37757e-05
4.4818e-06
6.57617e-06
2.64302e-06
-2.54004e-05
4.31231e-06
-2.68859e-05
6.07114e-06
-2.07631e-05
7.3943e-06
-1.21919e-05
7.82641e-06
-2.62478e-06
7.19408e-06
6.43258e-06
5.69721e-06
1.38923e-05
3.46182e-06
1.99524e-05
7.84818e-07
2.25656e-05
-1.25772e-06
1.86671e-05
-1.65097e-06
1.05319e-05
-4.15303e-07
3.3154e-06
1.60545e-06
-8.21697e-07
3.61974e-06
-2.27889e-06
5.42489e-06
-2.24145e-06
6.89207e-06
-1.32956e-06
8.02152e-06
1.00354e-07
9.04233e-06
1.64446e-06
1.01784e-05
3.34583e-06
5.08832e-06
2.34987e-06
-2.7891e-05
3.32374e-06
-2.78594e-05
4.39086e-06
-2.18294e-05
5.01784e-06
-1.28181e-05
4.98027e-06
-2.58697e-06
4.25253e-06
7.16001e-06
2.8599e-06
1.52844e-05
9.4009e-07
2.18718e-05
-1.12517e-06
2.463e-05
-2.20086e-06
1.97417e-05
-1.70006e-06
1.00305e-05
1.26516e-07
1.48869e-06
2.25634e-06
-2.95125e-06
4.33823e-06
-4.36025e-06
6.06494e-06
-3.96755e-06
7.15575e-06
-2.41985e-06
7.61898e-06
-3.62593e-07
7.75051e-06
1.51301e-06
7.98068e-06
3.1155e-06
4.38138e-06
2.23754e-06
-2.74869e-05
1.84957e-06
-2.74708e-05
1.76012e-06
-2.17391e-05
1.5091e-06
-1.25665e-05
1.12129e-06
-2.19914e-06
4.91167e-07
7.78972e-06
-6.39774e-07
1.64148e-05
-2.04708e-06
2.32787e-05
-2.9584e-06
2.55406e-05
-2.60864e-06
1.9391e-05
-8.52899e-07
8.27418e-06
1.76102e-06
-1.12501e-06
4.68936e-06
-5.87887e-06
7.6728e-06
-7.34253e-06
9.876e-06
-6.16956e-06
1.08194e-05
-3.36238e-06
1.04646e-05
-7.53606e-09
9.35691e-06
2.6204e-06
8.12583e-06
4.3459e-06
5.05283e-06
1.30735e-06
-2.53329e-05
-1.87827e-07
-2.59752e-05
-1.41587e-06
-2.05102e-05
-2.38431e-06
-1.1598e-05
-3.10024e-06
-1.48338e-06
-3.73401e-06
8.42319e-06
-4.5099e-06
1.71903e-05
-4.99282e-06
2.37612e-05
-4.34665e-06
2.48937e-05
-2.26483e-06
1.73083e-05
1.0161e-06
4.99302e-06
5.06535e-06
-5.1734e-06
9.68098e-06
-1.04926e-05
1.38048e-05
-1.14638e-05
1.6467e-05
-8.82927e-06
1.72672e-05
-4.16098e-06
1.64136e-05
8.46644e-07
1.4174e-05
4.85967e-06
1.14018e-05
7.11722e-06
7.4793e-06
6.20631e-08
-2.59931e-05
-2.64944e-06
-2.32637e-05
-4.79337e-06
-1.83657e-05
-6.31113e-06
-1.00804e-05
-7.29413e-06
-5.0064e-07
-7.88366e-06
9.01255e-06
-8.12687e-06
1.74331e-05
-7.38031e-06
2.30142e-05
-4.95822e-06
2.24708e-05
-1.03687e-06
1.33862e-05
4.18527e-06
-2.28754e-07
1.00129e-05
-1.09989e-05
1.55336e-05
-1.60095e-05
1.95554e-05
-1.54812e-05
2.18196e-05
-1.10896e-05
2.23908e-05
-4.72967e-06
2.15042e-05
1.73418e-06
1.90544e-05
7.30901e-06
1.57484e-05
1.04218e-05
1.09447e-05
-1.77437e-06
-2.18041e-05
-5.40045e-06
-1.96376e-05
-8.28442e-06
-1.54813e-05
-1.01991e-05
-8.16607e-06
-1.13358e-05
6.35808e-07
-1.16687e-05
9.34521e-06
-1.10436e-05
1.68077e-05
-8.80663e-06
2.07764e-05
-4.56913e-06
1.82322e-05
1.14864e-06
7.66785e-06
7.87649e-06
-6.95514e-06
1.35838e-05
-1.67019e-05
1.70974e-05
-1.95175e-05
1.90602e-05
-1.74391e-05
2.02305e-05
-1.22564e-05
2.07284e-05
-5.22534e-06
2.04493e-05
2.01398e-06
1.91174e-05
8.63994e-06
1.69018e-05
1.26351e-05
1.37677e-05
-3.89715e-06
-1.74966e-05
-8.0347e-06
-1.55003e-05
-1.14519e-05
-1.2064e-05
-1.36964e-05
-5.92202e-06
-1.47235e-05
1.66245e-06
-1.45293e-05
9.15068e-06
-1.27629e-05
1.50407e-05
-9.00056e-06
1.70129e-05
-3.2695e-06
1.25e-05
3.77075e-06
6.2749e-07
9.2043e-06
-1.2385e-05
1.06999e-05
-1.81918e-05
9.93571e-06
-1.87487e-05
9.47012e-06
-1.69702e-05
9.97652e-06
-1.27604e-05
1.09234e-05
-6.17081e-06
1.1764e-05
1.17359e-06
1.23649e-05
8.03777e-06
1.23988e-05
1.25989e-05
1.45875e-05
-5.92942e-06
-1.16921e-05
-1.01047e-05
-1.13255e-05
-1.37323e-05
-8.43637e-06
-1.6095e-05
-3.55983e-06
-1.68349e-05
2.40158e-06
-1.5869e-05
8.18412e-06
-1.29128e-05
1.20835e-05
-7.87451e-06
1.19733e-05
-1.43323e-06
6.05776e-06
4.31054e-06
-5.11506e-06
4.14452e-06
-1.2214e-05
-3.0137e-07
-1.37423e-05
-4.24776e-06
-1.48001e-05
-5.85667e-06
-1.53577e-05
-5.56166e-06
-1.30518e-05
-4.03837e-06
-7.69223e-06
-1.99968e-06
-8.65098e-07
5.67828e-07
5.46901e-06
2.75828e-06
1.04061e-05
1.30805e-05
-8.37597e-06
-1.24112e-05
-1.13195e-05
-8.38275e-06
-1.4605e-05
-5.15107e-06
-1.68647e-05
-1.30065e-06
-1.71203e-05
2.65625e-06
-1.53618e-05
6.4246e-06
-1.14642e-05
8.18469e-06
-5.74939e-06
6.25727e-06
-1.48371e-07
4.56754e-07
-1.55085e-07
-5.10458e-06
-7.19081e-06
-5.17597e-06
-1.43177e-05
-6.61505e-06
-1.90324e-05
-1.00815e-05
-2.18472e-05
-1.25369e-05
-2.25166e-05
-1.2378e-05
-2.12032e-05
-9.00407e-06
-1.83613e-05
-3.70786e-06
-1.47856e-05
1.89086e-06
-1.08412e-05
6.45863e-06
9.5119e-06
-7.76805e-06
-4.97043e-06
-1.16968e-05
-4.4547e-06
-1.39729e-05
-2.87553e-06
-1.53023e-05
2.81257e-08
-1.50389e-05
2.39192e-06
-1.28233e-05
4.20803e-06
-8.79306e-06
4.15358e-06
-4.07793e-06
1.54198e-06
-3.97046e-06
3.51061e-07
-1.04935e-05
1.41945e-06
-1.81938e-05
2.52227e-06
-2.37717e-05
-1.03572e-06
-2.9039e-05
-4.8096e-06
-3.39392e-05
-7.63219e-06
-3.65691e-05
-9.74517e-06
-3.68626e-05
-8.70971e-06
-3.46995e-05
-5.87204e-06
-3.03848e-05
-2.4266e-06
-2.56497e-05
1.72069e-06
4.66269e-06
-9.35871e-06
-4.45466e-06
-1.34088e-05
-4.04844e-07
-1.48376e-05
-1.44706e-06
-1.53647e-05
5.54572e-07
-1.44746e-05
1.5012e-06
-1.33394e-05
3.07231e-06
-1.30415e-05
3.85564e-06
-1.21674e-05
6.68317e-07
-1.40931e-05
2.27679e-06
-1.77527e-05
5.07721e-06
-2.08396e-05
5.60685e-06
-2.2583e-05
7.07279e-07
-2.70275e-05
-3.63783e-07
-3.39385e-05
-7.20744e-07
-3.87498e-05
-4.9341e-06
-4.29129e-05
-4.54416e-06
-4.49962e-05
-3.79081e-06
-4.28535e-05
-4.57009e-06
-3.96033e-05
-1.53276e-06
-1.74738e-07
-7.93446e-06
-1.27634e-05
-1.39494e-05
-1.48621e-05
-1.45963e-05
-1.59008e-05
-1.87843e-05
-1.41276e-05
-1.14817e-05
-1.06909e-05
-1.1321e-05
-6.03864e-06
-7.10537e-06
-1.57855e-05
-1.78868e-05
-2.27785e-05
-2.97561e-05
-2.82491e-05
-3.12392e-05
-1.97272e-06
1.97237e-06
3.80634e-07
-2.35363e-06
8.18261e-07
-4.38354e-07
4.03999e-07
4.13961e-07
1.72546e-07
2.31544e-07
1.18767e-07
5.39012e-08
8.8376e-08
3.04813e-08
6.19895e-08
2.64519e-08
4.78734e-08
1.41624e-08
4.65763e-08
1.33067e-09
5.32833e-08
-6.67888e-09
6.35141e-08
-1.02021e-08
7.54143e-08
-1.18669e-08
8.79416e-08
-1.24882e-08
9.39791e-08
-5.99362e-09
1.06515e-07
-1.24895e-08
1.36893e-07
-3.03302e-08
2.62116e-07
-1.25177e-07
6.59751e-07
-3.97587e-07
-7.57865e-07
-2.49148e-06
4.46348e-06
8.66104e-07
-5.71172e-06
1.48576e-06
-1.05898e-06
9.50973e-07
9.48326e-07
5.17234e-07
6.65329e-07
4.04389e-07
1.66857e-07
3.45472e-07
8.94857e-08
2.88937e-07
8.30526e-08
2.48713e-07
5.44347e-08
2.30536e-07
1.95417e-08
2.309e-07
-7.01548e-09
2.46356e-07
-2.56306e-08
2.77653e-07
-4.31327e-08
3.23513e-07
-5.83119e-08
3.7445e-07
-5.68877e-08
4.36028e-07
-7.40209e-08
5.38064e-07
-1.32317e-07
7.63002e-07
-3.50064e-07
1.44446e-06
-1.07898e-06
-1.91143e-06
-2.33991e-06
6.80304e-06
9.762e-07
-9.028e-06
1.47325e-06
-1.55718e-06
1.06053e-06
1.36054e-06
7.08129e-07
1.01771e-06
6.24669e-07
2.50394e-07
5.72528e-07
1.41699e-07
5.12324e-07
1.43317e-07
4.57492e-07
1.09312e-07
4.18484e-07
5.85814e-08
3.98869e-07
1.26242e-08
4.01638e-07
-2.83769e-08
4.32786e-07
-7.42554e-08
4.92286e-07
-1.1778e-07
5.71001e-07
-1.35564e-07
6.6362e-07
-1.66595e-07
8.00024e-07
-2.68672e-07
1.04759e-06
-5.97576e-07
1.65983e-06
-1.69114e-06
-2.9786e-06
-2.15988e-06
8.96261e-06
7.65728e-07
-1.19529e-05
1.10399e-06
-1.89646e-06
8.74577e-07
1.58945e-06
7.26797e-07
1.16542e-06
7.19784e-07
2.57433e-07
6.96189e-07
1.65339e-07
6.53397e-07
1.86155e-07
5.99604e-07
1.63142e-07
5.46426e-07
1.11786e-07
5.05098e-07
5.39698e-08
4.86923e-07
-1.01865e-08
5.04287e-07
-9.16014e-08
5.60041e-07
-1.73507e-07
6.45854e-07
-2.21345e-07
7.49022e-07
-2.69722e-07
8.85414e-07
-4.05014e-07
1.10336e-06
-8.15459e-07
1.51723e-06
-2.10489e-06
-3.82133e-06
-2.01924e-06
1.09816e-05
3.8864e-07
-1.43593e-05
6.33596e-07
-2.14209e-06
5.94607e-07
1.62804e-06
6.35881e-07
1.12402e-06
6.89999e-07
2.03286e-07
7.00268e-07
1.55082e-07
6.86892e-07
1.99558e-07
6.45598e-07
2.0446e-07
5.86478e-07
1.70921e-07
5.26662e-07
1.13794e-07
4.85347e-07
3.11345e-08
4.81521e-07
-8.77641e-08
5.2246e-07
-2.14426e-07
6.02388e-07
-3.01241e-07
7.01686e-07
-3.68981e-07
8.19664e-07
-5.22939e-07
9.67823e-07
-9.63543e-07
1.17562e-06
-2.31252e-06
-4.44692e-06
-1.90844e-06
1.28897e-05
-4.67586e-08
-1.62191e-05
2.37405e-07
-2.4267e-06
3.61634e-07
1.5035e-06
4.8928e-07
9.96201e-07
5.61778e-07
1.3072e-07
6.04385e-07
1.12461e-07
6.22548e-07
1.81399e-07
5.97014e-07
2.30002e-07
5.35988e-07
2.3195e-07
4.60154e-07
1.89624e-07
3.95029e-07
9.62565e-08
3.66127e-07
-5.88549e-08
3.87309e-07
-2.35588e-07
4.57334e-07
-3.71233e-07
5.47029e-07
-4.58633e-07
6.40182e-07
-6.16035e-07
6.95689e-07
-1.01896e-06
7.47082e-07
-2.36368e-06
-4.91346e-06
-1.81434e-06
1.47038e-05
-3.40581e-07
-1.7691e-05
-1.01458e-08
-2.75754e-06
2.13986e-07
1.27911e-06
3.0947e-07
9.00534e-07
3.66834e-07
7.32743e-08
4.3984e-07
3.94225e-08
4.82579e-07
1.38647e-07
4.68657e-07
2.43916e-07
4.04688e-07
2.95907e-07
3.12648e-07
2.8165e-07
2.22605e-07
1.8629e-07
1.67705e-07
-3.94876e-09
1.7114e-07
-2.38996e-07
2.36471e-07
-4.36522e-07
3.18032e-07
-5.40143e-07
3.8686e-07
-6.84797e-07
3.44212e-07
-9.76207e-07
3.17048e-07
-2.33624e-06
-5.2843e-06
-1.72972e-06
1.64331e-05
-6.3264e-07
-1.87864e-05
-1.73349e-07
-3.21723e-06
1.17683e-07
9.87897e-07
1.05733e-07
9.12323e-07
1.32251e-07
4.66763e-08
2.32904e-07
-6.12742e-08
2.87181e-07
8.43411e-08
2.77084e-07
2.53988e-07
2.05977e-07
3.66989e-07
9.54304e-08
3.92173e-07
-2.0137e-08
3.01846e-07
-9.69797e-08
7.29081e-08
-1.01027e-07
-2.34906e-07
-2.56139e-08
-5.11875e-07
4.9921e-08
-6.15616e-07
1.00495e-07
-7.35296e-07
-4.83546e-08
-8.27227e-07
-3.19378e-08
-2.35234e-06
-5.58424e-06
-1.65644e-06
1.8089e-05
-8.68358e-07
-1.95731e-05
-2.66566e-07
-3.81931e-06
3.36282e-08
6.87635e-07
-1.15306e-07
1.06113e-06
-1.14977e-07
4.62759e-08
-1.30971e-09
-1.7499e-07
5.04385e-08
3.25526e-08
3.66009e-08
2.67789e-07
-4.62477e-08
4.49802e-07
-1.78714e-07
5.24612e-07
-3.17113e-07
4.40239e-07
-4.03172e-07
1.59e-07
-3.89887e-07
-2.48124e-07
-2.94382e-07
-6.073e-07
-2.1474e-07
-6.95187e-07
-1.98263e-07
-7.51692e-07
-3.51038e-07
-6.74288e-07
-3.30664e-07
-2.37237e-06
-5.90459e-06
-1.59142e-06
1.96797e-05
-1.05524e-06
-2.0108e-05
-3.72323e-07
-4.50228e-06
-9.08678e-08
4.06246e-07
-3.50709e-07
1.32087e-06
-3.61219e-07
5.67237e-08
-2.62025e-07
-2.74234e-07
-2.17959e-07
-1.15623e-08
-2.42727e-07
2.92511e-07
-3.43068e-07
5.50101e-07
-4.95793e-07
6.77312e-07
-6.47069e-07
5.91528e-07
-7.20387e-07
2.32378e-07
-6.65817e-07
-3.02597e-07
-5.33966e-07
-7.39055e-07
-4.4524e-07
-7.83838e-07
-4.84329e-07
-7.12517e-07
-6.04391e-07
-5.54033e-07
-4.81834e-07
-2.49461e-06
-6.34188e-06
-1.52786e-06
2.12067e-05
-1.21546e-06
-2.04192e-05
-5.24505e-07
-5.193e-06
-2.9203e-07
1.73977e-07
-5.92394e-07
1.62116e-06
-6.15388e-07
7.96634e-08
-5.38213e-07
-3.51461e-07
-5.09815e-07
-4.00137e-08
-5.50431e-07
3.33077e-07
-6.69512e-07
6.69141e-07
-8.37955e-07
8.45742e-07
-9.84448e-07
7.3806e-07
-1.01757e-06
2.65595e-07
-9.00213e-07
-4.19827e-07
-7.23459e-07
-9.15701e-07
-6.33099e-07
-8.74124e-07
-7.12938e-07
-6.3259e-07
-7.90211e-07
-4.76552e-07
-5.53461e-07
-2.7311e-06
-6.82485e-06
-1.46104e-06
2.26667e-05
-1.35495e-06
-2.05243e-05
-7.27478e-07
-5.82004e-06
-5.47775e-07
-5.40975e-09
-8.37238e-07
1.91057e-06
-8.74045e-07
1.16419e-07
-8.25207e-07
-4.00349e-07
-8.17115e-07
-4.81596e-08
-8.76719e-07
3.92632e-07
-1.01267e-06
8.05062e-07
-1.18462e-06
1.0177e-06
-1.30259e-06
8.56113e-07
-1.27121e-06
2.34342e-07
-1.08001e-06
-6.10879e-07
-8.57408e-07
-1.1382e-06
-7.695e-07
-9.61968e-07
-8.77488e-07
-5.24514e-07
-9.14133e-07
-4.39696e-07
-5.96934e-07
-3.04795e-06
-7.34472e-06
-1.38713e-06
2.40526e-05
-1.47159e-06
-2.04389e-05
-9.56673e-07
-6.33446e-06
-8.29745e-07
-1.31959e-07
-1.07948e-06
2.16026e-06
-1.13366e-06
1.70556e-07
-1.11694e-06
-4.17124e-07
-1.13208e-06
-3.30665e-08
-1.21056e-06
4.71071e-07
-1.35585e-06
9.50344e-07
-1.51304e-06
1.17494e-06
-1.57959e-06
9.22776e-07
-1.47099e-06
1.25909e-07
-1.20823e-06
-8.73483e-07
-9.4413e-07
-1.4022e-06
-8.56778e-07
-1.04927e-06
-9.81483e-07
-3.99727e-07
-9.88395e-07
-4.32582e-07
-6.12743e-07
-3.42343e-06
-7.84625e-06
-1.30308e-06
2.53543e-05
-1.56081e-06
-2.01803e-05
-1.18032e-06
-6.7145e-06
-1.10403e-06
-2.07849e-07
-1.31242e-06
2.36861e-06
-1.38988e-06
2.47975e-07
-1.40678e-06
-4.00272e-07
-1.44533e-06
5.45402e-09
-1.53822e-06
5.63936e-07
-1.67996e-06
1.0921e-06
-1.80267e-06
1.29773e-06
-1.80303e-06
9.23292e-07
-1.61908e-06
-5.78651e-08
-1.29754e-06
-1.19487e-06
-9.9926e-07
-1.70039e-06
-9.0606e-07
-1.14243e-06
-1.03613e-06
-2.69579e-07
-1.02513e-06
-4.43394e-07
-6.18518e-07
-3.82978e-06
-8.37739e-06
-1.20718e-06
2.656e-05
-1.62108e-06
-1.97656e-05
-1.377e-06
-6.95822e-06
-1.34932e-06
-2.35125e-07
-1.5304e-06
2.54964e-06
-1.63763e-06
3.55163e-07
-1.68698e-06
-3.5095e-07
-1.74545e-06
6.39045e-08
-1.84383e-06
6.62317e-07
-1.96658e-06
1.21491e-06
-2.03946e-06
1.37073e-06
-1.97049e-06
8.54501e-07
-1.72346e-06
-3.04701e-07
-1.36044e-06
-1.55774e-06
-1.03827e-06
-2.02248e-06
-9.33205e-07
-1.24745e-06
-1.0564e-06
-1.46306e-07
-1.03633e-06
-4.633e-07
-6.09695e-07
-4.25633e-06
-8.87396e-06
-1.09918e-06
2.76575e-05
-1.65547e-06
-1.92087e-05
-1.54077e-06
-7.07261e-06
-1.55828e-06
-2.17226e-07
-1.72954e-06
2.72086e-06
-1.87099e-06
4.96575e-07
-1.94832e-06
-2.73638e-07
-2.01943e-06
1.35014e-07
-2.11167e-06
7.54594e-07
-2.20173e-06
1.30506e-06
-2.21757e-06
1.38674e-06
-2.0856e-06
7.22737e-07
-1.79104e-06
-5.9906e-07
-1.40368e-06
-1.94497e-06
-1.07188e-06
-2.35422e-06
-9.54309e-07
-1.36498e-06
-1.05859e-06
-4.19424e-08
-1.03147e-06
-4.90273e-07
-5.99976e-07
-4.68762e-06
-9.4022e-06
-9.80693e-07
2.86363e-05
-1.67082e-06
-1.8518e-05
-1.6764e-06
-7.06679e-06
-1.73394e-06
-1.59305e-07
-1.90736e-06
2.89426e-06
-2.08304e-06
6.72228e-07
-2.18051e-06
-1.76166e-07
-2.2545e-06
2.0903e-07
-2.32927e-06
8.29435e-07
-2.37812e-06
1.35404e-06
-2.33794e-06
1.34676e-06
-2.15396e-06
5.38982e-07
-1.82605e-06
-9.26776e-07
-1.43007e-06
-2.34083e-06
-1.10633e-06
-2.67789e-06
-9.82861e-07
-1.4884e-06
-1.05832e-06
3.36061e-08
-1.02075e-06
-5.27708e-07
-5.95578e-07
-5.11262e-06
-9.91932e-06
-8.52957e-07
2.94873e-05
-1.67686e-06
-1.76936e-05
-1.79363e-06
-6.94982e-06
-1.88353e-06
-6.90111e-08
-2.06218e-06
3.07292e-06
-2.26608e-06
8.761e-07
-2.3735e-06
-6.87251e-08
-2.44028e-06
2.75878e-07
-2.48941e-06
8.78671e-07
-2.49495e-06
1.35976e-06
-2.40566e-06
1.25769e-06
-2.18182e-06
3.15375e-07
-1.83302e-06
-1.27538e-06
-1.44372e-06
-2.73003e-06
-1.14701e-06
-2.97455e-06
-1.02939e-06
-1.60595e-06
-1.07031e-06
7.46367e-08
-1.01294e-06
-5.84961e-07
-5.91801e-07
-5.5336e-06
-1.04261e-05
-7.21416e-07
3.02066e-05
-1.68582e-06
-1.67288e-05
-1.90315e-06
-6.73235e-06
-2.01425e-06
4.24835e-08
-2.19248e-06
3.25119e-06
-2.41241e-06
1.09601e-06
-2.51874e-06
3.76586e-08
-2.56997e-06
3.27207e-07
-2.58996e-06
8.98807e-07
-2.55593e-06
1.32594e-06
-2.42791e-06
1.12992e-06
-2.1766e-06
6.4305e-08
-1.81957e-06
-1.63222e-06
-1.45306e-06
-3.09645e-06
-1.20145e-06
-3.22612e-06
-1.10251e-06
-1.70482e-06
-1.10731e-06
7.95714e-08
-1.01668e-06
-6.75475e-07
-5.90618e-07
-5.95951e-06
-1.09217e-05
-5.5695e-07
3.07614e-05
-1.71496e-06
-1.55704e-05
-2.00411e-06
-6.44314e-06
-2.13856e-06
1.77315e-07
-2.29431e-06
3.40702e-06
-2.515e-06
1.3167e-06
-2.61055e-06
1.33297e-07
-2.64024e-06
3.5702e-07
-2.63162e-06
8.90373e-07
-2.56634e-06
1.26089e-06
-2.41278e-06
9.76617e-07
-2.14839e-06
-1.99844e-07
-1.79826e-06
-1.98217e-06
-1.47067e-06
-3.42397e-06
-1.27786e-06
-3.4189e-06
-1.20918e-06
-1.7734e-06
-1.18313e-06
5.36878e-08
-1.03537e-06
-8.23127e-07
-5.93464e-07
-6.40122e-06
-1.14028e-05
-1.39091e-06
2.94248e-05
-7.39764e-06
-9.55844e-06
-8.88627e-06
-4.95517e-06
-9.65483e-06
9.46849e-07
-9.95864e-06
3.71151e-06
-1.06431e-05
2.0012e-06
-1.08469e-05
3.37699e-07
-1.06683e-05
1.79285e-07
-1.0359e-05
5.82116e-07
-9.9012e-06
8.04255e-07
-9.20241e-06
2.78977e-07
-8.22504e-06
-1.17627e-06
-7.13426e-06
-3.07248e-06
-6.37856e-06
-4.17969e-06
-6.23169e-06
-3.56579e-06
-6.31126e-06
-1.69332e-06
-5.9201e-06
-3.36631e-07
-4.48303e-06
-2.25947e-06
-2.33131e-06
-8.55206e-06
-1.29969e-05
3.02814e-06
3.05069e-05
-7.00496e-06
4.93215e-07
-1.02692e-05
-1.69325e-06
-1.08139e-05
1.49088e-06
-1.01932e-05
3.09137e-06
-1.00666e-05
1.87511e-06
-9.97117e-06
2.43138e-07
-9.50225e-06
-2.88402e-07
-9.07214e-06
1.53361e-07
-8.67822e-06
4.11639e-07
-8.22565e-06
-1.72513e-07
-7.69933e-06
-1.70198e-06
-7.39551e-06
-3.37635e-06
-7.77834e-06
-3.79727e-06
-8.69316e-06
-2.65093e-06
-9.15269e-06
-1.23295e-06
-8.02367e-06
-1.4642e-06
-5.17737e-06
-5.10356e-06
-2.15327e-06
-1.15728e-05
-1.47325e-05
7.24579e-06
3.45304e-05
-6.2953e-06
1.40645e-05
-1.22845e-05
4.29121e-06
-1.35182e-05
2.72121e-06
-1.17995e-05
1.37153e-06
-9.89988e-06
-2.38253e-08
-8.74525e-06
-9.10411e-07
-8.0794e-06
-9.52815e-07
-7.63573e-06
-2.88819e-07
-7.44065e-06
2.1777e-07
-7.3701e-06
-2.42299e-07
-7.50438e-06
-1.56752e-06
-8.22402e-06
-2.65717e-06
-9.68082e-06
-2.34084e-06
-1.11287e-05
-1.20249e-06
-1.12583e-05
-1.10157e-06
-9.24891e-06
-3.47049e-06
-5.67484e-06
-8.67347e-06
-2.21184e-06
-1.50321e-05
-1.66689e-05
9.51854e-06
3.71564e-05
-4.75311e-06
2.83603e-05
-1.35333e-05
1.30653e-05
-1.70501e-05
6.23219e-06
-1.5829e-05
1.46532e-07
-1.25132e-05
-3.34037e-06
-9.31761e-06
-4.10452e-06
-7.61679e-06
-2.65197e-06
-6.82378e-06
-1.08038e-06
-6.59439e-06
-1.07092e-08
-6.7799e-06
-5.63434e-08
-7.53186e-06
-8.15696e-07
-9.04002e-06
-1.14953e-06
-1.09924e-05
-3.88313e-07
-1.23987e-05
2.05326e-07
-1.22451e-05
-1.25183e-06
-1.01875e-05
-5.52323e-06
-6.55956e-06
-1.22964e-05
-2.48016e-06
-1.91078e-05
-1.88704e-05
1.29961e-05
3.66745e-05
2.17198e-07
4.11521e-05
-1.07946e-05
2.40725e-05
-1.66336e-05
1.20664e-05
-1.79741e-05
1.48314e-06
-1.54808e-05
-5.83554e-06
-1.13047e-05
-8.2798e-06
-8.06827e-06
-5.88682e-06
-6.5308e-06
-2.61671e-06
-6.00626e-06
-5.34651e-07
-6.30446e-06
2.4208e-07
-7.44929e-06
3.28828e-07
-9.40384e-06
8.04707e-07
-1.16506e-05
1.85937e-06
-1.32881e-05
1.84543e-06
-1.35496e-05
-9.85732e-07
-1.17991e-05
-7.26755e-06
-7.98154e-06
-1.61077e-05
-3.29032e-06
-2.37945e-05
-2.15535e-05
1.7709e-05
3.33847e-05
8.93123e-06
4.99277e-05
-3.57952e-06
3.65833e-05
-1.1108e-05
1.95938e-05
-1.50186e-05
5.39163e-06
-1.49135e-05
-5.94238e-06
-1.19836e-05
-1.12102e-05
-8.27299e-06
-9.5962e-06
-6.0338e-06
-4.85515e-06
-5.24907e-06
-1.31898e-06
-5.65206e-06
6.45132e-07
-7.14285e-06
1.81923e-06
-9.54771e-06
3.20961e-06
-1.23102e-05
4.62328e-06
-1.4437e-05
3.97572e-06
-1.48525e-05
-5.64698e-07
-1.29349e-05
-9.17816e-06
-8.93623e-06
-2.00998e-05
-4.06155e-06
-2.86638e-05
-2.40576e-05
2.21073e-05
2.85374e-05
1.937e-05
5.26526e-05
7.05129e-06
4.89009e-05
-3.13587e-06
2.97806e-05
-8.9348e-06
1.11881e-05
-1.06255e-05
-4.25162e-06
-9.50495e-06
-1.23318e-05
-7.02395e-06
-1.20761e-05
-4.76638e-06
-7.11203e-06
-4.05959e-06
-2.02547e-06
-4.73828e-06
1.32372e-06
-6.63918e-06
3.71978e-06
-9.55525e-06
6.12598e-06
-1.26628e-05
7.73257e-06
-1.4687e-05
6.00345e-06
-1.45483e-05
-6.98204e-07
-1.23053e-05
-1.14159e-05
-8.61164e-06
-2.37894e-05
-3.99859e-06
-3.32728e-05
-2.82456e-05
2.51583e-05
2.3264e-05
2.81009e-05
4.96961e-05
1.95176e-05
5.74803e-05
7.35061e-06
4.19445e-05
-8.44779e-07
1.93735e-05
-4.15975e-06
-9.35908e-07
-4.30736e-06
-1.21824e-05
-3.75469e-06
-1.26288e-05
-2.64509e-06
-8.22057e-06
-2.33516e-06
-2.33514e-06
-3.40674e-06
2.39509e-06
-5.66093e-06
5.97361e-06
-8.72949e-06
9.19475e-06
-1.15542e-05
1.05585e-05
-1.28995e-05
7.35141e-06
-1.22747e-05
-1.32005e-06
-1.01151e-05
-1.35739e-05
-7.24431e-06
-2.666e-05
-3.81073e-06
-3.67048e-05
-3.38774e-05
2.74564e-05
1.75498e-05
3.36484e-05
4.34937e-05
3.01931e-05
6.09315e-05
1.95134e-05
5.2621e-05
9.19556e-06
2.96744e-05
3.72066e-06
4.53857e-06
2.45629e-06
-1.09088e-05
1.29478e-06
-1.14675e-05
3.67406e-07
-7.29254e-06
-1.04638e-07
-1.86277e-06
-1.45498e-06
3.74507e-06
-3.75106e-06
8.26909e-06
-6.4604e-06
1.19037e-05
-8.61743e-06
1.27158e-05
-9.3808e-06
8.11576e-06
-8.7321e-06
-1.96799e-06
-7.12576e-06
-1.51807e-05
-5.26496e-06
-2.85224e-05
-3.78418e-06
-3.81861e-05
-3.5196e-05
3.0545e-05
1.0312e-05
3.64815e-05
3.7544e-05
3.64009e-05
6.10049e-05
2.91842e-05
5.98353e-05
1.9632e-05
3.92025e-05
1.28351e-05
1.1333e-05
9.94174e-06
-7.99411e-06
7.35402e-06
-8.87648e-06
4.25276e-06
-4.19312e-06
2.59798e-06
-2.07544e-07
1.16238e-06
5.18018e-06
-8.05106e-07
1.02355e-05
-2.83269e-06
1.393e-05
-4.23609e-06
1.41183e-05
-4.63472e-06
8.51408e-06
-4.27603e-06
-2.32674e-06
-3.47089e-06
-1.59861e-05
-2.62948e-06
-2.93648e-05
-2.4631e-06
-3.83541e-05
-3.44674e-05
3.07173e-05
2.92134e-06
3.46629e-05
3.35694e-05
3.61705e-05
5.94805e-05
3.26487e-05
6.33433e-05
2.61556e-05
4.56539e-05
2.07654e-05
1.67255e-05
1.68889e-05
-4.08186e-06
1.28086e-05
-4.78858e-06
8.22148e-06
3.88797e-07
5.52668e-06
2.48714e-06
4.19912e-06
6.50731e-06
2.89309e-06
1.15399e-05
1.66688e-06
1.51539e-05
9.68659e-07
1.48144e-05
8.94014e-07
8.58776e-06
1.10016e-06
-2.53285e-06
1.06532e-06
-1.59506e-05
7.73381e-07
-2.90726e-05
-3.62148e-07
-3.72205e-05
-3.46265e-05
2.11739e-05
-2.38364e-06
2.50447e-05
2.96656e-05
2.85069e-05
5.59841e-05
2.89763e-05
6.28163e-05
2.75801e-05
4.69896e-05
2.56797e-05
1.86524e-05
2.18625e-05
-2.15661e-07
1.65825e-05
4.97671e-07
1.1439e-05
5.523e-06
8.41651e-06
5.50877e-06
7.40521e-06
7.51854e-06
6.94926e-06
1.19939e-05
6.75009e-06
1.535e-05
6.89961e-06
1.4662e-05
7.04062e-06
8.44525e-06
6.74073e-06
-2.2329e-06
5.98644e-06
-1.51953e-05
4.58401e-06
-2.76693e-05
2.40494e-06
-3.50423e-05
-3.43776e-05
6.63042e-06
-4.8898e-06
1.10102e-05
2.52441e-05
1.6241e-05
5.06822e-05
2.1445e-05
5.75154e-05
2.6239e-05
4.21707e-05
2.78075e-05
1.71484e-05
2.40842e-05
3.55363e-06
1.80819e-05
6.49604e-06
1.34237e-05
1.0169e-05
1.09855e-05
7.94614e-06
1.04635e-05
8.04115e-06
1.07891e-05
1.16662e-05
1.14422e-05
1.46933e-05
1.22159e-05
1.38848e-05
1.25962e-05
8.06293e-06
1.21685e-05
-1.80543e-06
1.08151e-05
-1.3841e-05
8.27125e-06
-2.51244e-05
4.16707e-06
-3.09385e-05
-2.95917e-05
-5.09292e-06
-2.37573e-06
-1.47366e-06
2.16143e-05
5.76884e-06
4.33823e-05
1.58844e-05
4.73636e-05
2.50541e-05
3.3057e-05
2.75842e-05
1.46913e-05
2.30052e-05
8.15457e-06
1.71933e-05
1.22928e-05
1.42368e-05
1.31143e-05
1.31792e-05
9.00433e-06
1.32357e-05
7.98596e-06
1.40873e-05
1.08128e-05
1.53608e-05
1.34163e-05
1.66092e-05
1.26328e-05
1.72277e-05
7.44216e-06
1.68002e-05
-1.37852e-06
1.50451e-05
-1.2085e-05
1.16098e-05
-2.16879e-05
6.05236e-06
-2.53812e-05
-2.08541e-05
-9.63932e-06
4.04985e-06
-7.14808e-06
1.91677e-05
2.29168e-06
3.39741e-05
1.4841e-05
3.48782e-05
2.37776e-05
2.41997e-05
2.40257e-05
1.44816e-05
1.84555e-05
1.37199e-05
1.45159e-05
1.62145e-05
1.42558e-05
1.33691e-05
1.48207e-05
8.44231e-06
1.54479e-05
7.3603e-06
1.66205e-05
9.63838e-06
1.82805e-05
1.17529e-05
1.98693e-05
1.10406e-05
2.07261e-05
6.58317e-06
2.0375e-05
-1.02791e-06
1.83842e-05
-1.00936e-05
1.44277e-05
-1.77304e-05
8.79884e-06
-1.97523e-05
-1.79107e-05
-6.85507e-06
9.05558e-06
-4.72343e-06
1.70704e-05
4.35447e-06
2.49536e-05
1.45197e-05
2.47737e-05
1.89982e-05
1.97544e-05
1.61903e-05
1.72896e-05
1.17971e-05
1.80969e-05
1.12931e-05
1.67083e-05
1.33676e-05
1.1295e-05
1.5116e-05
6.69622e-06
1.64917e-05
5.98483e-06
1.82018e-05
7.92645e-06
2.02461e-05
9.70574e-06
2.20832e-05
9.20089e-06
2.31116e-05
5.55324e-06
2.27625e-05
-6.79152e-07
2.05437e-05
-7.87429e-06
1.61062e-05
-1.32919e-05
9.32218e-06
-1.29681e-05
-7.44304e-06
-4.60118e-06
1.06555e-05
-2.21171e-06
1.46819e-05
3.90832e-06
1.88474e-05
8.82675e-06
1.98642e-05
9.30408e-06
1.9272e-05
6.80959e-06
1.97697e-05
6.11279e-06
1.87825e-05
8.48421e-06
1.43338e-05
1.1697e-05
8.08122e-06
1.43437e-05
4.04845e-06
1.66537e-05
3.6741e-06
1.90585e-05
5.52067e-06
2.14818e-05
7.28079e-06
2.33907e-05
7.29042e-06
2.4366e-05
4.57681e-06
2.37265e-05
-4.02075e-08
2.12928e-05
-5.44024e-06
1.69157e-05
-8.91382e-06
1.09456e-05
-6.99803e-06
-6.00035e-06
-1.01446e-05
9.76132e-06
-7.58448e-06
1.21139e-05
-3.68042e-06
1.49351e-05
-1.42931e-06
1.76029e-05
-2.96752e-07
1.81273e-05
9.05976e-07
1.85571e-05
3.7957e-06
1.58887e-05
7.60779e-06
1.05198e-05
1.15653e-05
4.12232e-06
1.48426e-05
7.70568e-07
1.74939e-05
1.0225e-06
2.00099e-05
3.00451e-06
2.23803e-05
4.91001e-06
2.37452e-05
5.92478e-06
2.4122e-05
4.19922e-06
2.28605e-05
1.22095e-06
2.02837e-05
-2.86251e-06
1.62149e-05
-4.84381e-06
1.02413e-05
-1.02486e-06
4.13251e-06
-1.92368e-05
7.37034e-06
-1.55606e-05
8.43223e-06
-1.043e-05
9.79704e-06
-7.42755e-06
1.45935e-05
-2.39168e-06
1.30852e-05
2.36792e-06
1.37942e-05
7.90268e-06
1.03526e-05
1.32179e-05
5.20436e-06
1.68866e-05
4.55745e-07
1.68837e-05
7.75446e-07
1.62969e-05
1.60913e-06
1.80877e-05
1.21239e-06
2.08416e-05
2.15509e-06
2.15994e-05
5.16646e-06
2.2257e-05
3.5419e-06
1.97334e-05
3.74561e-06
1.7233e-05
-3.60404e-07
1.32918e-05
-9.01807e-07
7.79804e-06
4.46805e-06
6.49058e-06
-1.81306e-05
-1.48773e-05
-4.00305e-06
-4.57587e-06
7.13304e-06
1.1008e-05
1.6116e-05
2.10188e-05
2.21876e-05
1.82969e-05
1.31446e-05
1.20789e-05
1.70271e-05
1.36863e-05
1.65539e-05
9.69533e-06
9.56216e-06
8.64795e-06
7.25351e-06
)
;

boundaryField
{
    left_open
    {
        type            calculated;
        value           nonuniform List<scalar> 
40
(
3.74572e-08
-4.17306e-07
-1.21475e-06
-2.19216e-06
-3.23174e-06
-4.25748e-06
-5.22514e-06
-6.11077e-06
-6.90148e-06
-7.5895e-06
-8.16879e-06
-8.63349e-06
-8.97736e-06
-9.19393e-06
-9.27703e-06
-9.22148e-06
-9.02413e-06
-8.68421e-06
-8.2043e-06
-7.58921e-06
-2.28098e-05
-8.24586e-06
-8.05392e-07
-5.0618e-07
-3.55965e-07
-4.28154e-07
-4.73179e-07
-4.18354e-08
-1.92342e-07
1.38668e-07
-2.6387e-06
-3.45803e-06
5.92117e-07
-2.41016e-06
-4.08237e-07
1.26795e-07
9.09368e-06
3.28713e-07
8.83783e-06
4.05555e-06
)
;
    }
    right_open
    {
        type            calculated;
        value           nonuniform List<scalar> 
40
(
1.41772e-06
2.59816e-06
2.7272e-06
2.36024e-06
1.80153e-06
1.21399e-06
6.88231e-07
2.68302e-07
-1.01248e-08
-4.45055e-08
-7.05025e-08
-7.71828e-08
-1.1129e-07
-8.75409e-08
-1.13214e-07
-7.18941e-08
-7.86e-08
-8.50934e-08
-9.51714e-08
-1.12346e-07
-7.36837e-07
-4.17813e-07
-2.76554e-07
-2.80738e-07
-6.10011e-07
-1.56143e-06
1.88576e-07
1.82345e-06
-2.46143e-06
-3.18913e-06
-2.11106e-07
2.14941e-06
-6.1627e-07
-2.68491e-06
5.84662e-06
-1.14447e-06
9.49936e-06
1.09091e-07
5.44156e-06
8.79288e-06
)
;
    }
    base_side
    {
        type            calculated;
        value           uniform 0;
    }
    top
    {
        type            calculated;
        value           nonuniform List<scalar> 
65
(
-5.75181e-07
4.42537e-06
-2.59994e-07
1.46808e-06
1.23711e-06
4.36904e-06
6.73713e-06
-3.98686e-06
-3.66509e-07
4.27806e-06
6.23401e-06
-4.57507e-06
7.02487e-07
7.95605e-06
-2.83356e-06
3.47371e-07
3.18279e-06
-6.07488e-06
1.45423e-06
-5.86334e-08
-1.75927e-06
-1.78543e-06
-1.63364e-06
1.23755e-06
1.59907e-06
1.62732e-06
-1.63705e-06
-1.49317e-06
8.16878e-07
9.51319e-07
1.01756e-06
2.98796e-07
3.03302e-07
2.49791e-08
-2.82772e-07
-1.55046e-07
1.61522e-06
3.02303e-06
1.95435e-07
3.65935e-06
4.64782e-07
4.89099e-07
-1.18864e-07
-1.50116e-06
-1.38728e-06
6.02818e-06
5.16415e-06
-1.07782e-06
1.5163e-05
1.37762e-06
9.92201e-06
5.24752e-06
3.04699e-07
-7.08105e-07
4.67036e-06
6.76311e-06
2.27769e-06
-2.79363e-06
8.49761e-06
6.76577e-07
1.06e-05
-2.26456e-07
1.2061e-08
5.86332e-06
4.95307e-06
)
;
    }
    front
    {
        type            empty;
        value           nonuniform 0();
    }
    back
    {
        type            empty;
        value           nonuniform 0();
    }
    air_to_aluminum
    {
        type            calculated;
        value           nonuniform List<scalar> 
129
(
0
-2.11758e-22
0
0
0
0
0
0
0
0
0
0
0
0
0
0
0
0
0
0
0
0
0
0
0
0
0
0
0
0
0
0
0
0
0
-1.32349e-23
0
0
0
0
0
2.11758e-22
0
0
0
0
0
0
0
0
0
0
0
0
0
0
0
0
0
0
2.64698e-23
0
0
0
0
0
0
0
0
0
0
5.29396e-23
0
0
0
0
0
0
0
-2.64698e-23
0
0
0
0
0
0
0
-8.47033e-22
0
0
0
0
0
0
0
0
0
0
0
0
0
0
0
0
0
0
0
0
0
0
0
0
0
0
0
0
0
8.47033e-22
0
0
0
0
0
0
0
0
1.69407e-21
0
0
)
;
    }
}


// ************************************************************************* //
