/*--------------------------------*- C++ -*----------------------------------*\
| =========                 |                                                 |
| \\      /  F ield         | OpenFOAM: The Open Source CFD Toolbox           |
|  \\    /   O peration     | Version:                                        |
|   \\  /    A nd           | Website:  www.openfoam.com                      |
|    \\/     M anipulation  |                                                 |
\*---------------------------------------------------------------------------*/
FoamFile
{
    version     2.0;
    format      ascii;
    class       volVectorField;
    location    "1931.5/air";
    object      U;
}
// * * * * * * * * * * * * * * * * * * * * * * * * * * * * * * * * * * * * * //

dimensions      [0 1 -1 0 0 0 0];


internalField   nonuniform List<vector> 
2228
(
(0.000277588 -0.000271534 0)
(0.000852386 -0.000126635 0)
(0.000874329 0.000129599 0)
(0.000293389 0.000277237 0)
(0.000212605 -0.000903966 0)
(0.000856604 -0.00055455 0)
(0.000940688 0.000490274 0)
(0.00026951 0.000944434 0)
(0.000113962 -0.00133476 0)
(0.000533175 -0.000886264 0)
(0.000622228 0.000759514 0)
(0.000163498 0.00145028 0)
(4.47754e-05 -0.00156655 0)
(0.000276106 -0.00110294 0)
(0.000369153 0.00091411 0)
(9.56725e-05 0.00176397 0)
(-1.12632e-05 -0.00165607 0)
(0.000108797 -0.00125819 0)
(0.000250842 0.000970405 0)
(7.69434e-05 0.00196018 0)
(-7.38641e-05 -0.00163962 0)
(-1.41629e-05 -0.00142395 0)
(0.000254025 0.000947 0)
(0.00010254 0.00213839 0)
(-0.000166353 -0.00150072 0)
(-0.000150913 -0.00167948 0)
(0.000367653 0.000829825 0)
(0.000177535 0.00239123 0)
(-0.000321702 -0.00117306 0)
(-0.000373899 -0.00212205 0)
(0.0005901 0.000558789 0)
(0.000317844 0.00281879 0)
(-0.000551317 -0.000575004 0)
(-0.000725167 -0.00285522 0)
(0.000899742 1.99803e-05 0)
(0.000535773 0.00352768 0)
(-0.000795531 0.000426906 0)
(-0.00108305 -0.003929 0)
(0.00121507 -0.000911592 0)
(0.000807378 0.00457583 0)
(-0.000994574 0.0016923 0)
(-0.00112458 -0.00533937 0)
(0.00143255 -0.0022176 0)
(0.00103343 0.00590729 0)
(-0.00095343 0.00282608 0)
(-0.000399317 -0.0069953 0)
(0.00170532 -0.00348516 0)
(0.00114709 0.00745431 0)
(-0.000636126 0.00342858 0)
(0.00084817 -0.00889363 0)
(0.00224129 -0.00415478 0)
(0.00120379 0.00921899 0)
(-0.00010697 0.00319015 0)
(0.0015169 -0.0108735 0)
(0.00261423 -0.00392383 0)
(0.00123745 0.0112051 0)
(0.00041714 0.00237165 0)
(0.000672326 -0.011921 0)
(0.00168699 -0.00272341 0)
(0.00103595 0.0130878 0)
(0.00103601 0.0045222 0)
(-0.00146329 -0.0121622 0)
(-0.00193601 -0.000875697 0)
(-0.000357934 0.013829 0)
(-0.000291816 0.000276013 0)
(-0.000872248 0.000130627 0)
(-0.000854749 -0.000125453 0)
(-0.000279432 -0.000273006 0)
(-0.000266166 0.000939282 0)
(-0.000935198 0.000494859 0)
(-0.00086025 -0.000548919 0)
(-0.000215549 -0.000909506 0)
(-0.000157126 0.00143669 0)
(-0.000610012 0.000769919 0)
(-0.000538596 -0.000871451 0)
(-0.00011932 -0.00134729 0)
(-8.25708e-05 0.00173224 0)
(-0.000342718 0.000935418 0)
(-0.000287401 -0.00106883 0)
(-5.69939e-05 -0.00159243 0)
(-4.9257e-05 0.00189139 0)
(-0.000195826 0.00101339 0)
(-0.000136057 -0.00118606 0)
(-1.68634e-05 -0.00170639 0)
(-4.58014e-05 0.00199667 0)
(-0.00014746 0.00103559 0)
(-4.90652e-05 -0.00127676 0)
(1.72032e-05 -0.00174235 0)
(-6.6974e-05 0.00210982 0)
(-0.000176011 0.00101782 0)
(2.72474e-06 -0.00138801 0)
(5.36235e-05 -0.00172278 0)
(-0.000115686 0.00228431 0)
(-0.000278859 0.000959278 0)
(4.08673e-05 -0.00156952 0)
(0.000103566 -0.00164747 0)
(-0.000202079 0.00258326 0)
(-0.000468969 0.000846541 0)
(8.18414e-05 -0.00188304 0)
(0.000178345 -0.00150092 0)
(-0.000340345 0.00308793 0)
(-0.000756913 0.000650992 0)
(0.000149627 -0.00240967 0)
(0.000286581 -0.00125149 0)
(-0.00054052 0.00388602 0)
(-0.00110788 0.000319515 0)
(0.000304096 -0.00324426 0)
(0.000430237 -0.000848438 0)
(-0.000779863 0.00499615 0)
(-0.00135626 -0.0002942 0)
(0.00067466 -0.00443568 0)
(0.000603786 -0.000207315 0)
(-0.000943921 0.00620941 0)
(-0.000999289 -0.00142944 0)
(0.00143258 -0.0057887 0)
(0.000823424 0.000909203 0)
(-0.000757115 0.00706616 0)
(0.000712329 -0.00312721 0)
(0.00244396 -0.00677859 0)
(0.00110991 0.00259121 0)
(0.000200076 0.00630085 0)
(0.00328161 -0.00468533 0)
(0.00250935 -0.00673693 0)
(0.00105812 0.00480065 0)
(0.00164264 0.00299731 0)
(0.00354675 -0.00520072 0)
(-0.00055306 -0.00493724 0)
(-0.000732408 0.00346192 0)
(0.0131828 0.0436875 0)
(-0.00384458 0.0319328 0)
(-0.0168292 0.0179267 0)
(-0.0179415 -0.00156874 0)
(-0.00840434 0.0816104 0)
(-0.0214765 0.0686293 0)
(-0.0240955 0.0303161 0)
(-0.0226876 -0.00291187 0)
(-0.0331181 0.103667 0)
(-0.0333082 0.0714234 0)
(-0.0293905 0.0289862 0)
(-0.0300527 0.00992614 0)
(-0.0440136 0.0908641 0)
(-0.0355115 0.0487032 0)
(-0.0316824 0.0234809 0)
(-0.0322423 0.0183698 0)
(-0.0424715 0.0505798 0)
(-0.0343982 0.0242937 0)
(-0.0330302 0.0196928 0)
(-0.0331438 0.0209414 0)
(-0.0379969 0.0167493 0)
(-0.0356091 0.0144131 0)
(-0.0349107 0.0179018 0)
(-0.0344172 0.020334 0)
(-0.0324416 0.00539907 0)
(-0.0335747 0.0109763 0)
(-0.0327767 0.0149293 0)
(-0.0320825 0.0174104 0)
(-0.023524 0.00618482 0)
(-0.0256677 0.0104599 0)
(-0.0254271 0.0131513 0)
(-0.0249701 0.014624 0)
(-0.016316 0.0115253 0)
(-0.0176131 0.0126224 0)
(-0.0175091 0.012732 0)
(-0.0169483 0.0121519 0)
(-0.0149342 0.01501 0)
(-0.0148275 0.0131809 0)
(-0.0142984 0.0109943 0)
(-0.0134304 0.00870718 0)
(-0.0198232 0.0134599 0)
(-0.018976 0.0102418 0)
(-0.0180678 0.0070525 0)
(-0.0169443 0.00393561 0)
(-0.0230335 0.00949024 0)
(-0.021751 0.00574573 0)
(-0.0204015 0.00192359 0)
(-0.0189154 -0.00196491 0)
(-0.018487 0.00389342 0)
(-0.0171152 -0.000333204 0)
(-0.0156966 -0.00469181 0)
(-0.0141805 -0.00916895 0)
(-0.00644999 -0.00123057 0)
(-0.00512354 -0.00555416 0)
(-0.00378413 -0.0100744 0)
(-0.00244275 -0.0147957 0)
(0.0102026 -0.0068973 0)
(0.0116077 -0.0106866 0)
(0.0129499 -0.0147919 0)
(0.0142 -0.0192342 0)
(0.0302627 -0.0131967 0)
(0.0314996 -0.0165117 0)
(0.0326557 -0.0200612 0)
(0.0337269 -0.0239311 0)
(0.0541274 -0.0170198 0)
(0.0548973 -0.0202306 0)
(0.0556131 -0.0235431 0)
(0.0561899 -0.027073 0)
(0.0800011 -0.0193119 0)
(0.0799575 -0.0219438 0)
(0.0797641 -0.0243592 0)
(0.0791749 -0.0268743 0)
(0.0988652 -0.0195476 0)
(0.096553 -0.0216129 0)
(0.0942975 -0.0222069 0)
(0.0910571 -0.0228128 0)
(0.071145 0.00154394 0)
(0.0669666 -0.00312708 0)
(0.0650679 0.000134029 0)
(0.0626221 0.00137694 0)
(-0.0144246 -0.0134669 0)
(-0.013228 -0.0180332 0)
(-0.0116165 -0.0106248 0)
(-0.00856517 -0.00555917 0)
(-0.025504 -0.010229 0)
(-0.0297053 -0.0054678 0)
(-0.0332241 0.000513578 0)
(-0.0360793 0.00498889 0)
(-0.0337563 0.00888011 0)
(-0.0371828 0.010501 0)
(-0.0399126 0.0122092 0)
(-0.0421223 0.0139488 0)
(-0.0338014 0.0189925 0)
(-0.035233 0.0193689 0)
(-0.0365088 0.0197477 0)
(-0.0376314 0.0203247 0)
(-0.033548 0.0220551 0)
(-0.0339478 0.0224979 0)
(-0.034389 0.0228244 0)
(-0.0347987 0.0231213 0)
(-0.0339919 0.0217282 0)
(-0.0336085 0.0225067 0)
(-0.0332471 0.0229607 0)
(-0.0328448 0.0231371 0)
(-0.0312461 0.0188495 0)
(-0.0303379 0.0196073 0)
(-0.0293349 0.0198723 0)
(-0.02822 0.0197273 0)
(-0.0241259 0.0152227 0)
(-0.0230163 0.0152357 0)
(-0.0216749 0.0148202 0)
(-0.0201427 0.0140705 0)
(-0.0159446 0.0111432 0)
(-0.0146171 0.00988806 0)
(-0.0130315 0.00848187 0)
(-0.0112565 0.00698186 0)
(-0.0122821 0.00642007 0)
(-0.010913 0.00417822 0)
(-0.00935855 0.00199694 0)
(-0.00761098 -0.000123337 0)
(-0.0156376 0.000871519 0)
(-0.0141206 -0.0021645 0)
(-0.0123677 -0.00517695 0)
(-0.0103866 -0.00815302 0)
(-0.0172482 -0.00590247 0)
(-0.0153826 -0.00986057 0)
(-0.0133166 -0.0138106 0)
(-0.0110474 -0.0177302 0)
(-0.0125484 -0.0137413 0)
(-0.0107825 -0.018381 0)
(-0.00886097 -0.0230425 0)
(-0.006775 -0.027678 0)
(-0.0010805 -0.0197185 0)
(0.000330689 -0.0248201 0)
(0.00181201 -0.030035 0)
(0.00337077 -0.035263 0)
(0.0153533 -0.0240133 0)
(0.0164286 -0.0290975 0)
(0.0174465 -0.0344105 0)
(0.0184146 -0.0398081 0)
(0.0346846 -0.0281504 0)
(0.0354961 -0.0326946 0)
(0.0361394 -0.037474 0)
(0.0365765 -0.0423124 0)
(0.0565997 -0.0307807 0)
(0.0567704 -0.0345928 0)
(0.0566481 -0.0384111 0)
(0.0561579 -0.042063 0)
(0.0782173 -0.029384 0)
(0.0768167 -0.0317703 0)
(0.0749412 -0.0339514 0)
(0.0725253 -0.0357886 0)
(0.0871939 -0.0231971 0)
(0.0834077 -0.0230448 0)
(0.078893 -0.0230568 0)
(0.0741648 -0.0226619 0)
(0.0600773 0.000110297 0)
(0.055411 0.00867741 0)
(0.0503746 0.00574657 0)
(0.0468433 0.00436417 0)
(-0.00768639 -0.0103504 0)
(-0.00736479 -0.00967522 0)
(-0.00739634 -0.00845047 0)
(-0.0384144 0.00745623 0)
(-0.0402202 0.0091706 0)
(-0.0419612 0.0107258 0)
(-0.0435938 0.0152026 0)
(-0.0445624 0.0160267 0)
(-0.0454186 0.0168615 0)
(-0.0384137 0.0207974 0)
(-0.0389201 0.0211027 0)
(-0.0393725 0.0214061 0)
(-0.0350801 0.0232867 0)
(-0.0352284 0.023361 0)
(-0.0353488 0.0233947 0)
(-0.0324904 0.0230803 0)
(-0.0321856 0.0229576 0)
(-0.0318534 0.0227585 0)
(-0.0272726 0.0193612 0)
(-0.026546 0.0189982 0)
(-0.0257927 0.0185553 0)
(-0.018833 0.0132966 0)
(-0.0178426 0.0126652 0)
(-0.0168262 0.0119808 0)
(-0.00977194 0.00577386 0)
(-0.00865719 0.00488792 0)
(-0.00753285 0.00399276 0)
(-0.00610724 -0.00172749 0)
(-0.00494481 -0.0028576 0)
(-0.00372522 -0.00395446 0)
(-0.00866751 -0.0104426 0)
(-0.00732 -0.0120528 0)
(-0.00589469 -0.0136205 0)
(-0.00913027 -0.0207757 0)
(-0.00765499 -0.0229294 0)
(-0.00610895 -0.0250578 0)
(-0.0050326 -0.0312695 0)
(-0.00370625 -0.0338127 0)
(-0.0023264 -0.0363212 0)
(0.00462842 -0.0392862 0)
(0.00556886 -0.0421272 0)
(0.0065435 -0.0448763 0)
(0.0191101 -0.0439797 0)
(0.0195877 -0.0469089 0)
(0.0200458 -0.0497097 0)
(0.0367329 -0.0460294 0)
(0.0367454 -0.0486045 0)
(0.0366567 -0.0510265 0)
(0.0554669 -0.0447367 0)
(0.0547913 -0.0465029 0)
(0.0539355 -0.0480805 0)
(0.0702844 -0.0369063 0)
(0.0685053 -0.0375278 0)
(0.066532 -0.0380319 0)
(0.0702028 -0.0220688 0)
(0.0672852 -0.0214309 0)
(0.0642228 -0.0209868 0)
(0.0444375 0.00484251 0)
(0.0415682 0.0103156 0)
(0.037655 0.0125921 0)
(-0.00769981 -0.00746989 0)
(-0.00784508 -0.00679124 0)
(-0.00795969 -0.00587503 0)
(-0.0431073 0.0116549 0)
(-0.043708 0.0120832 0)
(-0.0443098 0.0124327 0)
(-0.0459206 0.0173495 0)
(-0.0461654 0.0175309 0)
(-0.0464201 0.0176244 0)
(-0.0396634 0.0215815 0)
(-0.0398143 0.0216474 0)
(-0.0399511 0.0216921 0)
(-0.0354196 0.0233956 0)
(-0.0354502 0.0233995 0)
(-0.0354603 0.023416 0)
(-0.0316161 0.0225772 0)
(-0.0314888 0.0224851 0)
(-0.0313409 0.0223992 0)
(-0.0252605 0.0182078 0)
(-0.0249858 0.0180266 0)
(-0.0246912 0.017849 0)
(-0.0161105 0.0114956 0)
(-0.0157426 0.0112506 0)
(-0.0153576 0.0110229 0)
(-0.00675556 0.00339261 0)
(-0.00635319 0.00309486 0)
(-0.00593237 0.00283105 0)
(-0.00286619 -0.00467605 0)
(-0.00241752 -0.00505108 0)
(-0.00195325 -0.00541355 0)
(-0.0048735 -0.014653 0)
(-0.00432963 -0.0151795 0)
(-0.0037712 -0.015685 0)
(-0.00501807 -0.0264754 0)
(-0.00443608 -0.0271749 0)
(-0.00383755 -0.0278114 0)
(-0.00137035 -0.0380039 0)
(-0.000868046 -0.0388461 0)
(-0.000348001 -0.0396246 0)
(0.00719923 -0.0466756 0)
(0.00752046 -0.0475934 0)
(0.00787761 -0.048473 0)
(0.0203626 -0.0514885 0)
(0.0204612 -0.0523768 0)
(0.0206291 -0.0532515 0)
(0.036605 -0.0525352 0)
(0.0364685 -0.0532642 0)
(0.0364249 -0.0539942 0)
(0.0533542 -0.0489947 0)
(0.0529186 -0.0494082 0)
(0.0525741 -0.049852 0)
(0.0652406 -0.038208 0)
(0.0644417 -0.0382174 0)
(0.0637269 -0.0383404 0)
(0.0621336 -0.0204823 0)
(0.0610474 -0.0201666 0)
(0.059992 -0.0200786 0)
(0.0357193 0.00674639 0)
(0.0348303 0.00298803 0)
(0.034461 0.00358908 0)
(-0.00833396 -0.00417991 0)
(-0.00917612 -0.00224524 0)
(-0.0100161 -0.000624813 0)
(-0.0453392 0.0132458 0)
(-0.0467272 0.0144744 0)
(-0.0480855 0.0156412 0)
(-0.0468809 0.0180175 0)
(-0.0475329 0.0187021 0)
(-0.0481372 0.0193447 0)
(-0.0402067 0.0218135 0)
(-0.0405415 0.0220054 0)
(-0.0408181 0.0221661 0)
(-0.0354919 0.0234012 0)
(-0.0355248 0.0233178 0)
(-0.0355038 0.0231895 0)
(-0.0310675 0.0221945 0)
(-0.0306316 0.021806 0)
(-0.0301518 0.0213623 0)
(-0.0241479 0.0174843 0)
(-0.0233014 0.0168774 0)
(-0.0224341 0.0162338 0)
(-0.0146475 0.0105681 0)
(-0.0135531 0.00985153 0)
(-0.0124538 0.00913035 0)
(-0.00513605 0.0023294 0)
(-0.00391286 0.0015673 0)
(-0.00267722 0.000818465 0)
(-0.00106396 -0.00610061 0)
(0.000283964 -0.00707657 0)
(0.00166463 -0.00800251 0)
(-0.00269924 -0.0166242 0)
(-0.00109258 -0.0179429 0)
(0.000563289 -0.0191776 0)
(-0.00269122 -0.0289704 0)
(-0.000970254 -0.0306135 0)
(0.000798977 -0.032149 0)
(0.000652874 -0.0410472 0)
(0.0021736 -0.0430045 0)
(0.00373467 -0.0447991 0)
(0.00855079 -0.0501041 0)
(0.00957208 -0.0523016 0)
(0.0105965 -0.0542717 0)
(0.0209109 -0.0549006 0)
(0.0213025 -0.0570908 0)
(0.0216162 -0.0590048 0)
(0.0362706 -0.0553643 0)
(0.0359725 -0.0571107 0)
(0.0355 -0.0585578 0)
(0.0518335 -0.0506703 0)
(0.0506604 -0.0515328 0)
(0.0492611 -0.0520989 0)
(0.0622637 -0.0385553 0)
(0.060026 -0.0384936 0)
(0.0575799 -0.0381197 0)
(0.0578937 -0.0200664 0)
(0.0549732 -0.0194339 0)
(0.0519291 -0.018614 0)
(0.0334591 0.0023725 0)
(0.0318664 0.00536999 0)
(0.0301723 0.00564724 0)
(-0.0114639 0.00131173 0)
(-0.0152766 0.003952 0)
(-0.0190845 0.00918593 0)
(-0.0218503 0.0153833 0)
(-0.0498051 0.0173251 0)
(-0.051868 0.0195386 0)
(-0.0534059 0.0219245 0)
(-0.0545345 0.0244204 0)
(-0.0488763 0.0202419 0)
(-0.0495961 0.021281 0)
(-0.0499711 0.0221676 0)
(-0.0500233 0.0228559 0)
(-0.0411058 0.0223466 0)
(-0.0413018 0.0225029 0)
(-0.0413195 0.0225421 0)
(-0.0411716 0.0224437 0)
(-0.0354053 0.0229271 0)
(-0.0351459 0.0224737 0)
(-0.0347199 0.0218665 0)
(-0.0341483 0.0211124 0)
(-0.02943 0.0206682 0)
(-0.0284103 0.0196676 0)
(-0.0272916 0.018555 0)
(-0.0261032 0.01736 0)
(-0.0212085 0.0153033 0)
(-0.0195984 0.0140632 0)
(-0.01797 0.0128027 0)
(-0.0163477 0.0115532 0)
(-0.0109247 0.00814023 0)
(-0.00896166 0.00690131 0)
(-0.00701845 0.00571903 0)
(-0.00511474 0.00460892 0)
(-0.000940208 -0.000177619 0)
(0.00128921 -0.00134308 0)
(0.00351486 -0.00239467 0)
(0.00572615 -0.00332733 0)
(0.00361978 -0.00921046 0)
(0.00617727 -0.0105707 0)
(0.00879004 -0.0117302 0)
(0.0114351 -0.012675 0)
(0.00290873 -0.0207537 0)
(0.00598183 -0.022464 0)
(0.0091265 -0.0238313 0)
(0.0123028 -0.02482 0)
(0.00329834 -0.0340744 0)
(0.00655015 -0.036087 0)
(0.00984345 -0.0375786 0)
(0.0131299 -0.0384749 0)
(0.00593547 -0.0469971 0)
(0.00877027 -0.0491831 0)
(0.0115974 -0.0506428 0)
(0.014368 -0.0512561 0)
(0.0120447 -0.0566063 0)
(0.0138573 -0.0587758 0)
(0.0155914 -0.0600166 0)
(0.0172186 -0.0601828 0)
(0.0220514 -0.0611705 0)
(0.0224653 -0.0629912 0)
(0.0226988 -0.0637614 0)
(0.0227751 -0.0633526 0)
(0.0347877 -0.0600468 0)
(0.0336336 -0.0610224 0)
(0.0321959 -0.0610123 0)
(0.03057 -0.0599386 0)
(0.0472196 -0.0524509 0)
(0.0443343 -0.0521711 0)
(0.0411536 -0.0512122 0)
(0.037834 -0.0495519 0)
(0.0540942 -0.037391 0)
(0.0494495 -0.036122 0)
(0.0446641 -0.0345692 0)
(0.0399018 -0.0328507 0)
(0.0476934 -0.0176749 0)
(0.0425592 -0.0162548 0)
(0.0375644 -0.0151781 0)
(0.0326344 -0.0140161 0)
(0.0281062 0.00329767 0)
(0.0250704 0.00819494 0)
(0.0222101 0.00478392 0)
(0.0196124 0.00824336 0)
(-0.0268078 0.0228114 0)
(-0.0354546 0.0312398 0)
(-0.0457683 0.0409146 0)
(-0.0484813 0.0492118 0)
(-0.0556112 0.0271139 0)
(-0.0565324 0.0294756 0)
(-0.0563924 0.0313669 0)
(-0.0535679 0.0318401 0)
(-0.0497002 0.0232357 0)
(-0.0488691 0.0232346 0)
(-0.0473079 0.0228619 0)
(-0.045224 0.0220449 0)
(-0.0408639 0.0221833 0)
(-0.0403732 0.0217544 0)
(-0.0396453 0.0211172 0)
(-0.0387507 0.0201524 0)
(-0.0334464 0.020222 0)
(-0.0326258 0.0192115 0)
(-0.0316974 0.0180839 0)
(-0.0307183 0.0168267 0)
(-0.0248665 0.0161049 0)
(-0.0235967 0.014809 0)
(-0.0223011 0.013486 0)
(-0.0210234 0.0121581 0)
(-0.014751 0.0103328 0)
(-0.013192 0.00915054 0)
(-0.0116659 0.00800905 0)
(-0.0101891 0.00690726 0)
(-0.00327288 0.00357878 0)
(-0.00148677 0.00263043 0)
(0.000249979 0.0017618 0)
(0.00191274 0.000966885 0)
(0.00791082 -0.00413936 0)
(0.010042 -0.00483591 0)
(0.0120898 -0.00542488 0)
(0.0140715 -0.00591945 0)
(0.0140771 -0.0133975 0)
(0.0166805 -0.013899 0)
(0.0191909 -0.0141841 0)
(0.0216487 -0.014294 0)
(0.0154541 -0.0254045 0)
(0.0185268 -0.0255739 0)
(0.0214342 -0.0253359 0)
(0.024247 -0.0247656 0)
(0.0163418 -0.0387125 0)
(0.0194086 -0.0382563 0)
(0.0222228 -0.0371226 0)
(0.0248554 -0.0354141 0)
(0.0170149 -0.0509007 0)
(0.0194587 -0.0495013 0)
(0.021594 -0.0470978 0)
(0.0234608 -0.0438326 0)
(0.0186938 -0.0590872 0)
(0.0199532 -0.0565968 0)
(0.0209227 -0.0527823 0)
(0.0216115 -0.0478882 0)
(0.022697 -0.0615385 0)
(0.0224444 -0.0581199 0)
(0.0220078 -0.0531828 0)
(0.0213804 -0.0471162 0)
(0.0288161 -0.0575675 0)
(0.0269708 -0.0536561 0)
(0.0251032 -0.0482816 0)
(0.0232094 -0.0419116 0)
(0.0344789 -0.0469297 0)
(0.031166 -0.0431203 0)
(0.0280322 -0.038196 0)
(0.0250848 -0.0325828 0)
(0.0352505 -0.0305473 0)
(0.0308636 -0.0275693 0)
(0.0268831 -0.0240376 0)
(0.0232781 -0.0201833 0)
(0.0277388 -0.0128797 0)
(0.0235759 -0.0117205 0)
(0.0199924 -0.0102331 0)
(0.0161338 -0.00848519 0)
(0.0172705 0.00546612 0)
(0.016007 0.000251962 0)
(0.0154269 0.0034473 0)
(0.013911 0.00960087 0)
(0.0190618 5.72368e-06 0)
(0.0188892 3.62933e-05 0)
(0.0182523 9.31348e-05 0)
(0.0167186 0.000169537 0)
(0.0139598 0.000224544 0)
(0.0101459 0.000210544 0)
(0.00608183 0.000130267 0)
(0.00278805 4.7033e-05 0)
(0.00084281 6.55958e-06 0)
(0.000166798 -1.62807e-05 0)
(0.000316789 -3.8632e-05 0)
(0.000735322 -4.09052e-05 0)
(0.000982135 -1.88475e-05 0)
(0.00088658 1.39853e-05 0)
(0.00049227 4.91078e-05 0)
(-0.000741703 7.63704e-05 0)
(-0.0010709 6.90602e-05 0)
(-0.00583396 -8.93959e-05 0)
(0.00781492 -0.000903054 0)
(0.0140712 0.00170555 0)
(0.0444898 1.74491e-05 0)
(0.0443016 0.000129106 0)
(0.0435264 0.000377473 0)
(0.0414384 0.000796717 0)
(0.037139 0.00128655 0)
(0.0301136 0.00160653 0)
(0.0209985 0.00153588 0)
(0.0118646 0.00109859 0)
(0.00524391 0.000564738 0)
(0.00216717 0.000139027 0)
(0.00152565 -9.36879e-05 0)
(0.00166197 -0.00011652 0)
(0.00161865 -2.02017e-05 0)
(0.00122008 0.00010438 0)
(0.000606036 0.000279532 0)
(-0.00121072 0.000402369 0)
(-0.00177992 0.00055696 0)
(-0.00825671 -0.00106073 0)
(0.00875549 -0.0048303 0)
(0.0226197 0.00468832 0)
(0.060603 2.56145e-05 0)
(0.0604624 0.000202821 0)
(0.0598415 0.000623606 0)
(0.0580574 0.0013949 0)
(0.0540949 0.00243407 0)
(0.0469017 0.00338336 0)
(0.0361634 0.00372234 0)
(0.0234488 0.00314378 0)
(0.0123576 0.00193476 0)
(0.00591481 0.000733967 0)
(0.00360284 4.18415e-05 0)
(0.00295898 -7.55691e-05 0)
(0.0024021 6.48957e-05 0)
(0.00169991 0.000231561 0)
(0.00114924 0.000500847 0)
(-0.000459575 0.000647643 0)
(0.000304765 0.000981521 0)
(-0.00509199 -0.00172236 0)
(0.0079897 -0.00869673 0)
(0.0242039 0.00826815 0)
(0.0703349 3.10488e-05 0)
(0.0702474 0.000258571 0)
(0.0698161 0.000822678 0)
(0.0684762 0.00190183 0)
(0.065327 0.00346057 0)
(0.0592251 0.0051173 0)
(0.0491387 0.00614156 0)
(0.0354136 0.00579454 0)
(0.0212776 0.0040762 0)
(0.0112359 0.00191933 0)
(0.00654275 0.00047306 0)
(0.00484529 0.000101897 0)
(0.00379708 0.000229568 0)
(0.00285055 0.000378691 0)
(0.00243189 0.000662338 0)
(0.00133471 0.000690271 0)
(0.0035396 0.00112544 0)
(0.000452051 -0.00201942 0)
(0.00860236 -0.0117971 0)
(0.0235072 0.0119453 0)
(0.0757376 3.3043e-05 0)
(0.0757006 0.000291912 0)
(0.0754503 0.00096416 0)
(0.074528 0.00229219 0)
(0.0721702 0.00428813 0)
(0.0673753 0.00660112 0)
(0.0589056 0.00842259 0)
(0.0460236 0.00864041 0)
(0.0306834 0.00676359 0)
(0.0176981 0.00372137 0)
(0.0102576 0.00129531 0)
(0.00721492 0.000437575 0)
(0.00573233 0.000459145 0)
(0.00463097 0.000536978 0)
(0.00429256 0.000746635 0)
(0.00375448 0.000590893 0)
(0.00651448 0.000873399 0)
(0.00572195 -0.00205477 0)
(0.00972319 -0.014069 0)
(0.0221208 0.0154321 0)
(0.078096 3.13771e-05 0)
(0.0781082 0.000301839 0)
(0.0780312 0.00104813 0)
(0.0774936 0.00257032 0)
(0.0758333 0.00491867 0)
(0.072209 0.00778554 0)
(0.0655049 0.0103848 0)
(0.0544065 0.0113738 0)
(0.0394185 0.00971529 0)
(0.0246445 0.0060411 0)
(0.0145877 0.00255628 0)
(0.0099199 0.000964411 0)
(0.0079769 0.000741189 0)
(0.00680932 0.000702764 0)
(0.00648495 0.000775514 0)
(0.00637962 0.00042584 0)
(0.00897124 0.000375949 0)
(0.0096997 -0.00201556 0)
(0.0106745 -0.0156073 0)
(0.0205836 0.0187188 0)
(0.0781939 2.60842e-05 0)
(0.0782554 0.000288208 0)
(0.07835 0.00107685 0)
(0.078179 0.00274609 0)
(0.0771523 0.00537596 0)
(0.074537 0.00869311 0)
(0.0694255 0.0119794 0)
(0.0603831 0.0138132 0)
(0.0467585 0.0126807 0)
(0.0313982 0.00870943 0)
(0.0192662 0.00423963 0)
(0.0128381 0.0017185 0)
(0.0103114 0.00107601 0)
(0.00912393 0.000871446 0)
(0.00878743 0.000777093 0)
(0.00893577 0.000256451 0)
(0.0110019 -0.000150096 0)
(0.0125174 -0.00193586 0)
(0.0112921 -0.0165343 0)
(0.0190779 0.0218416 0)
(0.076562 1.72389e-05 0)
(0.0766739 0.000250598 0)
(0.076942 0.00105164 0)
(0.0771273 0.00282635 0)
(0.0766911 0.00567927 0)
(0.0749676 0.00936026 0)
(0.0712207 0.0132236 0)
(0.064152 0.0158804 0)
(0.0523972 0.0154776 0)
(0.037434 0.0115444 0)
(0.0239654 0.00627453 0)
(0.0158554 0.00272144 0)
(0.0125856 0.0014782 0)
(0.0113568 0.00104011 0)
(0.011013 0.000770688 0)
(0.0112678 0.00011318 0)
(0.0127127 -0.000599531 0)
(0.0144962 -0.00181231 0)
(0.0115951 -0.0169706 0)
(0.0176572 0.0248055 0)
(0.0736265 4.30546e-06 0)
(0.073791 0.000187566 0)
(0.0742382 0.000972867 0)
(0.0747744 0.00281634 0)
(0.074889 0.0058428 0)
(0.0739614 0.00981863 0)
(0.071374 0.0141571 0)
(0.0660552 0.0175636 0)
(0.0563195 0.0179948 0)
(0.0424342 0.0143868 0)
(0.0283771 0.00856039 0)
(0.0188489 0.00397027 0)
(0.0147166 0.00196954 0)
(0.0133663 0.00121231 0)
(0.0130183 0.000765775 0)
(0.013288 8.93396e-06 0)
(0.0141339 -0.000941801 0)
(0.0158728 -0.00163394 0)
(0.0116401 -0.0170257 0)
(0.0163284 0.0276113 0)
(0.0697606 -1.31935e-05 0)
(0.0699823 9.70913e-05 0)
(0.0706214 0.000839692 0)
(0.0715124 0.00272037 0)
(0.0721424 0.00587986 0)
(0.0719152 0.0100965 0)
(0.070298 0.0148241 0)
(0.06646 0.0188863 0)
(0.058674 0.0201786 0)
(0.0462671 0.0171147 0)
(0.032266 0.0109899 0)
(0.0216932 0.00543794 0)
(0.0166646 0.00256926 0)
(0.0150875 0.00139863 0)
(0.0147175 0.000767496 0)
(0.0149529 -5.32317e-05 0)
(0.0152642 -0.0011682 0)
(0.0167914 -0.00138541 0)
(0.0114947 -0.0167847 0)
(0.0150802 0.0302597 0)
(0.0652823 -3.52991e-05 0)
(0.0655698 -2.38177e-05 0)
(0.0664268 0.000649106 0)
(0.0676951 0.00254047 0)
(0.0688207 0.0058029 0)
(0.0692012 0.0102218 0)
(0.0683661 0.0152707 0)
(0.0657224 0.0198907 0)
(0.059688 0.0220169 0)
(0.0489359 0.0196453 0)
(0.0354868 0.0134644 0)
(0.0242772 0.00708038 0)
(0.0184106 0.0032872 0)
(0.0165133 0.00161314 0)
(0.0160831 0.000780873 0)
(0.0162565 -7.39593e-05 0)
(0.0161112 -0.00128568 0)
(0.017351 -0.00106258 0)
(0.0112416 -0.0163105 0)
(0.0138945 0.0327497 0)
(0.0604438 -6.315e-05 0)
(0.0608125 -0.000180544 0)
(0.0619309 0.000393887 0)
(0.0636225 0.00227387 0)
(0.0652482 0.00562097 0)
(0.0661624 0.0102214 0)
(0.0659276 0.0155442 0)
(0.0641815 0.02063 0)
(0.0596213 0.023526 0)
(0.0505315 0.0219303 0)
(0.0379769 0.0159019 0)
(0.0265171 0.00884496 0)
(0.019944 0.0041214 0)
(0.0176697 0.00186892 0)
(0.0171327 0.000811875 0)
(0.0172232 -5.53926e-05 0)
(0.0167065 -0.00130853 0)
(0.017641 -0.000673071 0)
(0.0109815 -0.0156474 0)
(0.0127513 0.0350828 0)
(0.0554328 -9.89493e-05 0)
(0.0559062 -0.000381224 0)
(0.0573477 6.46717e-05 0)
(0.0595281 0.00191352 0)
(0.0616801 0.00533776 0)
(0.0630835 0.0101182 0)
(0.0632956 0.0156909 0)
(0.0621565 0.0211641 0)
(0.0587441 0.024743 0)
(0.0511985 0.0239501 0)
(0.0397404 0.01824 0)
(0.0283624 0.0106778 0)
(0.0212591 0.00505917 0)
(0.0185954 0.0021747 0)
(0.0179107 0.000866395 0)
(0.0178996 -1.6918e-06 0)
(0.017108 -0.0012549 0)
(0.0177581 -0.000234423 0)
(0.0108295 -0.0148235 0)
(0.0116323 0.0372667 0)
(0.0503786 -0.00014593 0)
(0.050987 -0.000635844 0)
(0.0528222 -0.000351497 0)
(0.0555661 0.0014484 0)
(0.0582857 0.00495222 0)
(0.0601665 0.00992768 0)
(0.0607228 0.0157519 0)
(0.0599357 0.0215549 0)
(0.0573228 0.0257189 0)
(0.0511106 0.0257091 0)
(0.0408295 0.0204359 0)
(0.0297954 0.0125291 0)
(0.0223545 0.00608021 0)
(0.0193302 0.00253353 0)
(0.0184712 0.00094901 0)
(0.0183461 8.06587e-05 0)
(0.0173946 -0.00114569 0)
(0.0178108 0.000228206 0)
(0.0109031 -0.0138528 0)
(0.0105237 0.0393176 0)
(0.0453472 -0.000208223 0)
(0.0461175 -0.000952948 0)
(0.0484207 -0.000867782 0)
(0.0518278 0.000864636 0)
(0.0551802 0.00445964 0)
(0.0575437 0.00965775 0)
(0.0583885 0.0157573 0)
(0.0577586 0.02186 0)
(0.0556078 0.0265135 0)
(0.0504556 0.0272299 0)
(0.0413299 0.0224659 0)
(0.0308265 0.0143567 0)
(0.0232348 0.00715986 0)
(0.0199094 0.00294286 0)
(0.0188682 0.00106151 0)
(0.0186312 0.000181604 0)
(0.0176603 -0.00100554 0)
(0.0179175 0.000687835 0)
(0.0113042 -0.0127352 0)
(0.0094184 0.0412619 0)
(0.0403289 -0.000290029 0)
(0.0412839 -0.00133968 0)
(0.0441848 -0.00150098 0)
(0.0484369 0.000148391 0)
(0.052528 0.00385621 0)
(0.0553508 0.00931424 0)
(0.0564182 0.0157283 0)
(0.0558048 0.0221281 0)
(0.0538184 0.0271883 0)
(0.0494205 0.028549 0)
(0.0413476 0.0243225 0)
(0.0314884 0.0161276 0)
(0.0239111 0.00827258 0)
(0.0203627 0.00339563 0)
(0.0191495 0.00120207 0)
(0.0188296 0.000285341 0)
(0.0180059 -0.000861722 0)
(0.0181986 0.00111513 0)
(0.0121004 -0.0114594 0)
(0.00831865 0.043136 0)
(0.035261 -0.000397141 0)
(0.0364755 -0.00181802 0)
(0.0402735 -0.00229846 0)
(0.0456747 -0.000745304 0)
(0.0506142 0.00313028 0)
(0.0537911 0.00891082 0)
(0.0549251 0.0156862 0)
(0.0541959 0.0223985 0)
(0.0521306 0.0278018 0)
(0.0481803 0.0297117 0)
(0.0409985 0.0260124 0)
(0.0318298 0.0178192 0)
(0.0244008 0.00939425 0)
(0.020715 0.00388158 0)
(0.0193564 0.00136379 0)
(0.0190222 0.000368993 0)
(0.0185279 -0.000746615 0)
(0.0187711 0.00148317 0)
(0.0133092 -0.00999875 0)
(0.00724346 0.0449715 0)
(0.0301307 -0.000544576 0)
(0.0318438 -0.0024418 0)
(0.037021 -0.00333614 0)
(0.0438453 -0.00186333 0)
(0.0496692 0.00228089 0)
(0.0530594 0.00847716 0)
(0.0540217 0.0156643 0)
(0.0530088 0.0227067 0)
(0.0506695 0.0284048 0)
(0.0468852 0.0307654 0)
(0.0403979 0.0275531 0)
(0.0319095 0.0194189 0)
(0.0247265 0.0105043 0)
(0.0209876 0.00438892 0)
(0.0195254 0.0015344 0)
(0.019292 0.000405162 0)
(0.0193052 -0.000700713 0)
(0.0197418 0.00176867 0)
(0.0148903 -0.00830869 0)
(0.00619284 0.0468592 0)
(0.0251144 -0.000757951 0)
(0.0277533 -0.00326191 0)
(0.0347108 -0.00466234 0)
(0.0429314 -0.00321041 0)
(0.04954 0.00133828 0)
(0.0531169 0.00805241 0)
(0.0537576 0.0156989 0)
(0.0522864 0.0230881 0)
(0.0495152 0.0290463 0)
(0.0456596 0.0317613 0)
(0.039657 0.0289689 0)
(0.0317914 0.0209206 0)
(0.0249154 0.0115853 0)
(0.0212002 0.00490472 0)
(0.0196923 0.00169621 0)
(0.0197108 0.000365355 0)
(0.0203778 -0.000742828 0)
(0.0211702 0.00196405 0)
(0.0167558 -0.00632436 0)
(0.00536903 0.0486454 0)
(0.0206234 -0.00105817 0)
(0.0246044 -0.00435464 0)
(0.0332941 -0.00632794 0)
(0.0425097 -0.00483825 0)
(0.0496349 0.000294623 0)
(0.0535276 0.00766741 0)
(0.0540028 0.0158328 0)
(0.0520085 0.0235581 0)
(0.0486688 0.0297329 0)
(0.0445437 0.032725 0)
(0.0388398 0.0302968 0)
(0.0315282 0.0223453 0)
(0.0249955 0.0126327 0)
(0.0213752 0.00541232 0)
(0.0198951 0.00182391 0)
(0.0203277 0.000247685 0)
(0.0217351 -0.000811139 0)
(0.0229917 0.00208421 0)
(0.0187854 -0.00402795 0)
(0.00382971 0.0510611 0)
(0.0129581 -0.00253926 0)
(0.0205885 -0.00883565 0)
(0.0316343 -0.0116423 0)
(0.0415503 -0.00940421 0)
(0.0488587 -0.00294663 0)
(0.0535388 0.00621194 0)
(0.0549032 0.0161866 0)
(0.052772 0.0251942 0)
(0.0483735 0.0319811 0)
(0.0431703 0.0353211 0)
(0.0373208 0.0333268 0)
(0.0307568 0.0254559 0)
(0.0250182 0.0149457 0)
(0.0218083 0.00647348 0)
(0.0206015 0.00198487 0)
(0.0227072 -0.000588135 0)
(0.0259824 -0.00145456 0)
(0.0280486 0.00255734 0)
(0.023477 0.00147827 0)
(0.0143002 0.0513833 0)
(0.00863224 -0.00639273 0)
(0.0187069 -0.017439 0)
(0.0306062 -0.0204118 0)
(0.0401106 -0.0159698 0)
(0.0461258 -0.00743255 0)
(0.0500715 0.00345689 0)
(0.0526713 0.0157998 0)
(0.0522541 0.0274746 0)
(0.0482684 0.0360596 0)
(0.0424039 0.0400619 0)
(0.0361687 0.0381927 0)
(0.0301153 0.0299615 0)
(0.0252792 0.018132 0)
(0.023033 0.00768843 0)
(0.0235814 0.00089506 0)
(0.0293259 -0.00429736 0)
(0.0344568 -0.00443759 0)
(0.0367792 0.00318428 0)
(0.0229932 0.0113441 0)
(0.00257028 0.0547679 0)
(0.0061358 -0.0109632 0)
(0.0189035 -0.0262914 0)
(0.0318185 -0.0286344 0)
(0.0406856 -0.02103 0)
(0.0448947 -0.00976456 0)
(0.0459601 0.00183502 0)
(0.0475024 0.0148806 0)
(0.0485849 0.0286937 0)
(0.0463008 0.0396463 0)
(0.0410837 0.0448383 0)
(0.0350555 0.0430055 0)
(0.0294518 0.0340751 0)
(0.0253717 0.0206818 0)
(0.0240383 0.00790538 0)
(0.0270322 -0.00288746 0)
(0.0358023 -0.0109315 0)
(0.0394423 -0.00753602 0)
(0.0365176 0.00822979 0)
(0.0122405 0.028679 0)
(-0.0201136 0.0774375 0)
(0.0034367 -0.01776 0)
(0.0213338 -0.0375166 0)
(0.0351743 -0.0379153 0)
(0.042992 -0.0261235 0)
(0.0457666 -0.0110329 0)
(0.0444644 0.00177358 0)
(0.0429418 0.0143637 0)
(0.0432691 0.0290952 0)
(0.0420819 0.0422121 0)
(0.0379303 0.0489488 0)
(0.0326374 0.0473883 0)
(0.0277012 0.0377303 0)
(0.0243681 0.0225987 0)
(0.0237367 0.00705408 0)
(0.0292001 -0.00900433 0)
(0.0367902 -0.0169826 0)
(0.0333094 -0.00505224 0)
(0.0224167 0.0219079 0)
(-0.0130361 0.055923 0)
(-0.0443591 0.101692 0)
(0.00283622 -0.0273943 0)
(0.0244423 -0.0507801 0)
(0.0365952 -0.0470604 0)
(0.0417874 -0.0303538 0)
(0.043407 -0.0114879 0)
(0.0418854 0.0032669 0)
(0.0387404 0.0153579 0)
(0.037409 0.0298779 0)
(0.0361688 0.0442312 0)
(0.0327477 0.0522415 0)
(0.0283371 0.051065 0)
(0.0242031 0.0408234 0)
(0.0214513 0.0240831 0)
(0.021004 0.00522715 0)
(0.0271941 -0.0147702 0)
(0.025616 -0.0165833 0)
(0.0113486 0.00695818 0)
(-0.0078086 0.0442224 0)
(-0.0459936 0.0877741 0)
(-0.0612161 0.105351 0)
(0.00452173 -0.0378797 0)
(0.0247799 -0.0626754 0)
(0.0319792 -0.0530562 0)
(0.0333199 -0.0321162 0)
(0.0341631 -0.0112149 0)
(0.0339316 0.00466057 0)
(0.0319732 0.0168612 0)
(0.0304535 0.0313999 0)
(0.0289164 0.0463004 0)
(0.025876 0.054937 0)
(0.0223377 0.0540073 0)
(0.0190395 0.0433801 0)
(0.016413 0.0256149 0)
(0.0155183 0.00359029 0)
(0.0173109 -0.014565 0)
(-0.000752743 -0.00559678 0)
(-0.0200754 0.0263091 0)
(-0.0441862 0.0709699 0)
(-0.0712848 0.106929 0)
(-0.0647447 0.0858076 0)
(0.00300895 -0.0497312 0)
(0.0201026 -0.0706683 0)
(0.021148 -0.0541419 0)
(0.0190545 -0.0311569 0)
(0.0200699 -0.0107575 0)
(0.0217574 0.00470762 0)
(0.0222781 0.0173572 0)
(0.0219529 0.0329924 0)
(0.0204639 0.0483794 0)
(0.017869 0.0571089 0)
(0.0153366 0.0562426 0)
(0.0129752 0.0455416 0)
(0.00983186 0.0277926 0)
(0.00794361 0.0048518 0)
(-0.00311104 -0.00334077 0)
(-0.0302385 0.0118645 0)
(-0.0493366 0.0466655 0)
(-0.067929 0.0892804 0)
(-0.0769905 0.106667 0)
(-0.0541296 0.0594299 0)
(0.00175964 -0.0601755 0)
(0.0118916 -0.0726516 0)
(0.008047 -0.0511046 0)
(0.00444689 -0.0293265 0)
(0.00654565 -0.0113577 0)
(0.00955884 0.00263523 0)
(0.0115787 0.0163961 0)
(0.0123018 0.0342125 0)
(0.0110638 0.0500356 0)
(0.00945513 0.0585147 0)
(0.00834882 0.0576494 0)
(0.00709617 0.0474958 0)
(0.00330764 0.0308646 0)
(-7.14252e-05 0.0121936 0)
(-0.0236023 0.0145175 0)
(-0.0509628 0.029411 0)
(-0.0645939 0.0599174 0)
(-0.0704845 0.0929862 0)
(-0.0622249 0.0932122 0)
(-0.0331068 0.0389255 0)
(0.00562568 -0.0649452 0)
(0.00279355 -0.0690252 0)
(-0.00290247 -0.0470566 0)
(-0.0062274 -0.0289155 0)
(-0.00347828 -0.0139189 0)
(-0.000211083 -0.000364274 0)
(0.000839397 0.0148249 0)
(0.00166975 0.0351556 0)
(0.00111503 0.0507832 0)
(0.00160933 0.0586938 0)
(0.00255181 0.0579439 0)
(0.00220954 0.049407 0)
(-0.0010231 0.0345228 0)
(-0.00792542 0.0253327 0)
(-0.0368158 0.0336928 0)
(-0.0586164 0.0432488 0)
(-0.0643593 0.0636989 0)
(-0.0581642 0.0843201 0)
(-0.0390223 0.074063 0)
(-0.014685 0.026786 0)
(0.00251847 -0.0632337 0)
(-0.00683481 -0.0632732 0)
(-0.0107374 -0.0441545 0)
(-0.0140058 -0.0294259 0)
(-0.012273 -0.0164525 0)
(-0.0112586 -0.00189722 0)
(-0.0112734 0.015144 0)
(-0.00981144 0.035327 0)
(-0.00818075 0.049891 0)
(-0.00461161 0.0570029 0)
(-0.00118208 0.0570469 0)
(-0.000818054 0.0508851 0)
(-0.002082 0.0390021 0)
(-0.0140756 0.0411204 0)
(-0.0419894 0.0509664 0)
(-0.0557046 0.0521876 0)
(-0.0556158 0.0610279 0)
(-0.0442164 0.0703347 0)
(-0.0240559 0.0563966 0)
(-0.0115668 0.0235933 0)
(-0.00222183 -0.06034 0)
(-0.0151335 -0.0572282 0)
(-0.0171035 -0.0408852 0)
(-0.0218932 -0.0287219 0)
(-0.0228861 -0.0166755 0)
(-0.0242064 -0.00144492 0)
(-0.023963 0.0158824 0)
(-0.020521 0.0335089 0)
(-0.0151976 0.0463312 0)
(-0.00811425 0.0530701 0)
(-0.00225304 0.0550031 0)
(-0.000523606 0.0511073 0)
(-0.00108046 0.0451555 0)
(-0.0187041 0.0572555 0)
(-0.0418635 0.0643299 0)
(-0.048477 0.0566712 0)
(-0.0468501 0.0565523 0)
(-0.0375492 0.0583556 0)
(-0.024082 0.045209 0)
(-0.0195334 0.0230319 0)
(0.000596286 -0.0553174 0)
(-0.0202205 -0.0495784 0)
(-0.0230576 -0.0363609 0)
(-0.0301167 -0.0259594 0)
(-0.0338527 -0.0146594 0)
(-0.0361076 -0.000381181 0)
(-0.0341942 0.0147107 0)
(-0.027492 0.0286953 0)
(-0.0177697 0.0395725 0)
(-0.00719534 0.0467325 0)
(0.000615127 0.0511947 0)
(0.00332503 0.0506915 0)
(-0.000971974 0.0541294 0)
(-0.0227347 0.0724971 0)
(-0.0397394 0.0735293 0)
(-0.0423988 0.0587475 0)
(-0.0424738 0.0536642 0)
(-0.037466 0.0511293 0)
(-0.0299479 0.0391662 0)
(-0.0257325 0.0206993 0)
(-0.00104309 -0.0437272 0)
(-0.0252938 -0.0406223 0)
(-0.0286183 -0.0305362 0)
(-0.0370866 -0.021575 0)
(-0.0420469 -0.0117624 0)
(-0.0433042 -0.000347243 0)
(-0.0384633 0.0102259 0)
(-0.0278821 0.0197579 0)
(-0.0142994 0.0287839 0)
(-0.00161774 0.0375959 0)
(0.00611785 0.0460711 0)
(0.00647749 0.0522489 0)
(-0.00452195 0.0664616 0)
(-0.0265086 0.0858822 0)
(-0.0373679 0.0794998 0)
(-0.0386571 0.0605589 0)
(-0.0400957 0.0527455 0)
(-0.0363872 0.0466608 0)
(-0.0296735 0.0343725 0)
(-0.0226865 0.0162239 0)
(-0.0033804 -0.0309711 0)
(-0.0299539 -0.0314829 0)
(-0.0333535 -0.0243408 0)
(-0.041269 -0.0169267 0)
(-0.04577 -0.00968298 0)
(-0.0453022 -0.00270535 0)
(-0.0378941 0.00221256 0)
(-0.0249838 0.00708385 0)
(-0.0106174 0.0153387 0)
(0.000873465 0.0284091 0)
(0.00606533 0.0434616 0)
(0.00219107 0.0585131 0)
(-0.0123861 0.0804805 0)
(-0.0294881 0.0959698 0)
(-0.0342692 0.0829555 0)
(-0.034467 0.0621286 0)
(-0.0348505 0.0514258 0)
(-0.029183 0.0413258 0)
(-0.0207141 0.028264 0)
(-0.0112403 0.0108299 0)
(-0.0116014 -0.0184908 0)
(-0.033734 -0.0238543 0)
(-0.036818 -0.0190526 0)
(-0.0427545 -0.0129875 0)
(-0.0464633 -0.00848471 0)
(-0.0458455 -0.00601948 0)
(-0.0396483 -0.00600759 0)
(-0.0299014 -0.00423395 0)
(-0.0192506 0.00547851 0)
(-0.0101298 0.0239313 0)
(-0.00605081 0.0455938 0)
(-0.0109364 0.0678712 0)
(-0.0219721 0.0915579 0)
(-0.0299536 0.10093 0)
(-0.0281429 0.0836508 0)
(-0.0255928 0.0622678 0)
(-0.0231492 0.0481029 0)
(-0.0151289 0.0337061 0)
(-0.00533936 0.020065 0)
(0.00509676 0.00343235 0)
(-0.0204617 -0.00888522 0)
(-0.0352228 -0.0183088 0)
(-0.0383206 -0.0153093 0)
(-0.0422275 -0.00987095 0)
(-0.0455519 -0.00687717 0)
(-0.046899 -0.00716373 0)
(-0.0455718 -0.0100422 0)
(-0.0426175 -0.0104598 0)
(-0.0376445 -0.000521939 0)
(-0.0302494 0.0215584 0)
(-0.025218 0.0483807 0)
(-0.0264273 0.0739148 0)
(-0.0287748 0.0951038 0)
(-0.0256816 0.0990777 0)
(-0.0164061 0.080483 0)
(-0.00903112 0.0596481 0)
(-0.00241851 0.0434402 0)
(0.00745023 0.0263016 0)
(0.0165236 0.0113053 0)
(0.0255979 -0.00399696 0)
(-0.020964 -0.00273002 0)
(-0.0321857 -0.0133323 0)
(-0.0368296 -0.0124506 0)
(-0.0400305 -0.00720516 0)
(-0.0431076 -0.00416877 0)
(-0.0462554 -0.00502475 0)
(-0.0493674 -0.0087511 0)
(-0.0528103 -0.0112328 0)
(-0.0537595 -0.00373035 0)
(-0.0489655 0.0181844 0)
(-0.0417064 0.047172 0)
(-0.0364334 0.0728296 0)
(-0.0290456 0.0898263 0)
(-0.0152958 0.0900955 0)
(0.00208324 0.0723794 0)
(0.0150473 0.0539147 0)
(0.0264295 0.0372463 0)
(0.0372612 0.0206505 0)
(0.0450403 0.00544564 0)
(0.0511658 -0.0084616 0)
(-0.00967405 0.0050325 0)
(-0.023105 -0.00675368 0)
(-0.0310059 -0.00899039 0)
(-0.0359298 -0.00452852 0)
(-0.0390777 -0.00138836 0)
(-0.0424902 -0.00186705 0)
(-0.0478261 -0.00500837 0)
(-0.0553487 -0.00852618 0)
(-0.0616075 -0.00493024 0)
(-0.0607304 0.0127963 0)
(-0.0516322 0.0399135 0)
(-0.0388106 0.0635772 0)
(-0.0223377 0.0759252 0)
(0.000359483 0.0728228 0)
(0.024933 0.0575342 0)
(0.0432471 0.0423424 0)
(0.0578065 0.0265235 0)
(0.0683856 0.0127864 0)
(0.0749365 -0.000611891 0)
(0.0787904 -0.012191 0)
(-0.0114236 0.00607173 0)
(-0.0116449 0.00143946 0)
(-0.0204257 -0.00392807 0)
(-0.0289394 -0.000242821 0)
(-0.0353542 0.000580637 0)
(-0.0382264 0.00124026 0)
(-0.0427758 0.00158613 0)
(-0.0505128 -0.00124756 0)
(-0.0584932 -0.000122228 0)
(-0.0624835 0.0113264 0)
(-0.0569378 0.0312985 0)
(-0.0400556 0.0498005 0)
(-0.0157585 0.0582576 0)
(0.014946 0.0529446 0)
(0.0454982 0.0431615 0)
(0.0674167 0.0340339 0)
(0.0837658 0.0186931 0)
(0.0942791 0.00853511 0)
(0.100333 -0.00656659 0)
(0.101137 -0.0141704 0)
(-0.000425527 0.00164816 0)
(-0.00276079 0.00859659 0)
(-0.00688322 0.000719154 0)
(-0.0127761 0.0106796 0)
(-0.0229847 0.00769511 0)
(-0.0246543 0.00268863 0)
(-0.0283523 0.0101292 0)
(-0.0364449 0.00519015 0)
(-0.0412476 0.00469095 0)
(-0.0462071 0.0132661 0)
(-0.0493877 0.0242256 0)
(-0.0387815 0.025734 0)
(-0.0127934 0.0180539 0)
(0.0253041 0.00343847 0)
(0.0604072 0.00560556 0)
(0.0782279 0.0108141 0)
(0.0932974 -0.00201883 0)
(0.0994423 0.00643992 0)
(0.0949995 -0.00539343 0)
(0.0823168 -0.000314923 0)
(-0.0176845 0.00209551 0)
(-0.00776621 -0.00120074 0)
(0.0116237 -5.72601e-05 0)
(0.0103474 0.000348546 0)
(0.00598585 0.000143474 0)
(0.00374467 1.07906e-05 0)
(0.00307653 -1.89726e-05 0)
(0.00326775 -2.67773e-05 0)
(0.00390945 -3.01543e-05 0)
(0.00471589 -2.85397e-05 0)
(0.00549594 -2.4469e-05 0)
(0.00612314 -1.89412e-05 0)
(0.00652937 -1.27844e-05 0)
(0.00674967 -9.66642e-06 0)
(0.00690835 -1.04053e-05 0)
(0.00710757 -1.1927e-05 0)
(0.00734845 -1.03014e-05 0)
(0.00757715 -5.74651e-06 0)
(0.00771253 2.23957e-06 0)
(0.00772148 6.32267e-06 0)
(-0.0283392 0.00538004 0)
(-0.00447349 -0.0070368 0)
(0.0189246 -0.00237065 0)
(0.0217929 0.000825972 0)
(0.016069 0.00116349 0)
(0.0107533 0.000586087 0)
(0.00834202 0.000106835 0)
(0.00826974 -0.000161165 0)
(0.00948706 -0.000282914 0)
(0.0112066 -0.000307296 0)
(0.0129246 -0.000270908 0)
(0.0143233 -0.000197989 0)
(0.0152303 -0.000116996 0)
(0.0156955 -6.7994e-05 0)
(0.0159783 -6.61263e-05 0)
(0.0163304 -8.63259e-05 0)
(0.0168063 -9.41371e-05 0)
(0.0173251 -7.72055e-05 0)
(0.0177208 -3.6242e-05 0)
(0.0179643 2.4465e-06 0)
(-0.0305832 0.00911439 0)
(-0.000293518 -0.0133559 0)
(0.0194307 -0.00467369 0)
(0.024176 0.000780139 0)
(0.0208786 0.00208731 0)
(0.015787 0.00146138 0)
(0.0126079 0.000469765 0)
(0.0120727 -0.0002477 0)
(0.0133003 -0.000604833 0)
(0.0152667 -0.000699516 0)
(0.0172885 -0.00063303 0)
(0.018973 -0.000472454 0)
(0.0201127 -0.000283616 0)
(0.0207153 -0.000155104 0)
(0.0210318 -0.000132534 0)
(0.0213703 -0.00017442 0)
(0.0218597 -0.000206886 0)
(0.022461 -0.000191034 0)
(0.0229888 -0.000124821 0)
(0.0234611 -3.37798e-05 0)
(-0.0300146 0.0127664 0)
(0.00119727 -0.0191928 0)
(0.0163922 -0.00644143 0)
(0.0208895 0.000476393 0)
(0.0205172 0.00259215 0)
(0.0176787 0.00217756 0)
(0.0151943 0.000867992 0)
(0.0146392 -0.000277623 0)
(0.0157396 -0.000908939 0)
(0.0175825 -0.0010985 0)
(0.0194613 -0.0010093 0)
(0.0210112 -0.00076447 0)
(0.0220746 -0.000468137 0)
(0.0226439 -0.000251724 0)
(0.0229026 -0.000194234 0)
(0.0231296 -0.000249599 0)
(0.0234906 -0.000311306 0)
(0.0240067 -0.0003092 0)
(0.0245159 -0.000233016 0)
(0.0250799 -8.9963e-05 0)
(-0.0283765 0.0160409 0)
(0.00114582 -0.0242146 0)
(0.0114712 -0.00756934 0)
(0.0149489 -1.69861e-05 0)
(0.0169448 0.00258457 0)
(0.0167914 0.00248931 0)
(0.0158391 0.00109098 0)
(0.0158205 -0.000334141 0)
(0.0169532 -0.00118257 0)
(0.0185654 -0.00144352 0)
(0.0200581 -0.00132141 0)
(0.0211848 -0.000998576 0)
(0.0219055 -0.000612716 0)
(0.0222467 -0.000322485 0)
(0.0223327 -0.000230738 0)
(0.0223742 -0.000292979 0)
(0.0225272 -0.00038259 0)
(0.0228571 -0.000403308 0)
(0.0232426 -0.000331216 0)
(0.0237544 -0.000146383 0)
(-0.0262638 0.0189743 0)
(0.000312843 -0.0282871 0)
(0.00603082 -0.00808673 0)
(0.00899096 -0.000639161 0)
(0.0123567 0.00214935 0)
(0.0142609 0.00237634 0)
(0.0148995 0.00105166 0)
(0.0157049 -0.000489664 0)
(0.0170302 -0.0014495 0)
(0.0183764 -0.00171815 0)
(0.0193459 -0.00153275 0)
(0.0198886 -0.00113202 0)
(0.0201087 -0.000677303 0)
(0.020085 -0.000336808 0)
(0.0199035 -0.000222787 0)
(0.0197043 -0.000291838 0)
(0.0196094 -0.000408393 0)
(0.0197098 -0.000459449 0)
(0.0199268 -0.000402408 0)
(0.0203134 -0.000188848 0)
(-0.023931 0.0216555 0)
(-0.000921025 -0.0313887 0)
(0.00117602 -0.00830332 0)
(0.00471311 -0.00138482 0)
(0.00818456 0.00148229 0)
(0.0111607 0.00196094 0)
(0.0130159 0.000770764 0)
(0.0146167 -0.000762235 0)
(0.0160897 -0.00171296 0)
(0.0170479 -0.00190623 0)
(0.0173868 -0.00162245 0)
(0.0172883 -0.00114568 0)
(0.0169696 -0.000643797 0)
(0.0165367 -0.000278825 0)
(0.0160473 -0.000159209 0)
(0.0155854 -0.000239809 0)
(0.0152371 -0.000384938 0)
(0.0151111 -0.000474671 0)
(0.0151671 -0.000443467 0)
(0.0154384 -0.000213797 0)
(-0.0215112 0.0241409 0)
(-0.00234047 -0.0335747 0)
(-0.00251449 -0.00882316 0)
(0.00209703 -0.00218591 0)
(0.00478032 0.000802901 0)
(0.00814245 0.00139111 0)
(0.0107618 0.000318358 0)
(0.0128617 -0.00111338 0)
(0.014183 -0.00193419 0)
(0.0145425 -0.00197783 0)
(0.0141922 -0.00157906 0)
(0.0134941 -0.00104037 0)
(0.0126951 -0.000514678 0)
(0.0118859 -0.000148609 0)
(0.0111037 -3.93479e-05 0)
(0.0103968 -0.000138293 0)
(0.00982385 -0.000316082 0)
(0.00951011 -0.000454478 0)
(0.00945057 -0.000462461 0)
(0.00966263 -0.000227214 0)
(-0.019068 0.0264246 0)
(-0.00379969 -0.0351119 0)
(-0.00531776 -0.00924182 0)
(0.00010544 -0.00290139 0)
(0.00190798 0.000219878 0)
(0.00545405 0.000753461 0)
(0.00840757 -0.000220184 0)
(0.0104809 -0.00145618 0)
(0.0112219 -0.00204671 0)
(0.0108254 -0.00190698 0)
(0.00984136 -0.00140942 0)
(0.00867024 -0.000835008 0)
(0.00750087 -0.000307013 0)
(0.00639104 4.30368e-05 0)
(0.00537149 0.000129337 0)
(0.00446915 5.88195e-06 0)
(0.00372721 -0.000211622 0)
(0.00328636 -0.000409864 0)
(0.0031742 -0.000472993 0)
(0.00337922 -0.000239217 0)
(-0.0166331 0.0285325 0)
(-0.00533726 -0.0360356 0)
(-0.00771341 -0.00965642 0)
(-0.00200097 -0.00360451 0)
(-0.000642079 -0.000295763 0)
(0.00301384 8.71491e-05 0)
(0.00578361 -0.000736356 0)
(0.00723327 -0.00168463 0)
(0.00709232 -0.00199848 0)
(0.00597944 -0.00169732 0)
(0.00453632 -0.0011421 0)
(0.00305161 -0.000558393 0)
(0.00162735 -4.42216e-05 0)
(0.000311408 0.000279528 0)
(-0.000870399 0.000335246 0)
(-0.0019028 0.000179875 0)
(-0.00274476 -8.42692e-05 0)
(-0.00324769 -0.000355515 0)
(-0.00335371 -0.000482025 0)
(-0.00315372 -0.00024171 0)
(-0.014229 0.0305097 0)
(-0.00700342 -0.0363995 0)
(-0.0100141 -0.0100777 0)
(-0.00449716 -0.00425657 0)
(-0.00305362 -0.000815591 0)
(0.000371262 -0.000540754 0)
(0.00241038 -0.00111251 0)
(0.00285566 -0.00172705 0)
(0.00185339 -0.00178903 0)
(0.000258438 -0.00138705 0)
(-0.00143643 -0.000815389 0)
(-0.0030993 -0.00023756 0)
(-0.00467358 0.000253122 0)
(-0.00610351 0.000541779 0)
(-0.00737105 0.000562279 0)
(-0.00846631 0.000369249 0)
(-0.00934311 5.30076e-05 0)
(-0.00985434 -0.000301434 0)
(-0.00992519 -0.00049242 0)
(-0.00972696 -0.000247225 0)
(-0.011878 0.0323953 0)
(-0.00884004 -0.0362283 0)
(-0.0124446 -0.0104531 0)
(-0.00749002 -0.00487068 0)
(-0.00578686 -0.00133474 0)
(-0.00312334 -0.00102212 0)
(-0.00209801 -0.00127498 0)
(-0.00264059 -0.00158179 0)
(-0.00419301 -0.0014687 0)
(-0.00599429 -0.00102918 0)
(-0.00779148 -0.000461806 0)
(-0.00953163 0.000104244 0)
(-0.0111613 0.000566832 0)
(-0.0126274 0.000815825 0)
(-0.0139139 0.000795934 0)
(-0.0150129 0.000562016 0)
(-0.015877 0.000188966 0)
(-0.0163622 -0.000251134 0)
(-0.016383 -0.000508931 0)
(-0.0161593 -0.000258025 0)
(-0.00960675 0.0342234 0)
(-0.0108776 -0.0355243 0)
(-0.0151588 -0.0107203 0)
(-0.0111315 -0.00541107 0)
(-0.00939788 -0.00177767 0)
(-0.00780218 -0.00129479 0)
(-0.00771987 -0.00124081 0)
(-0.00890465 -0.00131193 0)
(-0.0106522 -0.00110616 0)
(-0.0124855 -0.000658559 0)
(-0.0142859 -0.000100145 0)
(-0.0160181 0.00044913 0)
(-0.0176288 0.000880987 0)
(-0.0190688 0.00108874 0)
(-0.0203213 0.00102705 0)
(-0.0213787 0.000749266 0)
(-0.0221981 0.000316985 0)
(-0.0226369 -0.000207286 0)
(-0.0225947 -0.000534343 0)
(-0.0223252 -0.000276021 0)
(-0.00744865 0.0360311 0)
(-0.0131365 -0.0342786 0)
(-0.0182319 -0.0108083 0)
(-0.0154897 -0.00580856 0)
(-0.0141103 -0.00208435 0)
(-0.0135168 -0.00136894 0)
(-0.0140586 -0.00107908 0)
(-0.0154915 -0.000997526 0)
(-0.0172134 -0.000743275 0)
(-0.0189785 -0.000295065 0)
(-0.0207101 0.000252817 0)
(-0.0223698 0.000783102 0)
(-0.0239058 0.00118378 0)
(-0.0252723 0.00135119 0)
(-0.0264491 0.00124733 0)
(-0.0274302 0.000924274 0)
(-0.028182 0.000433626 0)
(-0.0285599 -0.000172519 0)
(-0.0284412 -0.000571429 0)
(-0.0281087 -0.000303957 0)
(-0.00544368 0.0378573 0)
(-0.0156278 -0.032491 0)
(-0.0216499 -0.0106541 0)
(-0.0204374 -0.00600618 0)
(-0.0196816 -0.00223985 0)
(-0.0197997 -0.0013114 0)
(-0.0206294 -0.00086437 0)
(-0.0220518 -0.000686736 0)
(-0.0236448 -0.000401547 0)
(-0.0252831 4.78006e-05 0)
(-0.0268933 0.000585265 0)
(-0.0284335 0.00109631 0)
(-0.029853 0.00146672 0)
(-0.0311077 0.00159542 0)
(-0.0321734 0.00144977 0)
(-0.0330487 0.00108157 0)
(-0.0337129 0.000535498 0)
(-0.0340158 -0.000148864 0)
(-0.0338054 -0.00062277 0)
(-0.0333925 -0.000344871 0)
(-0.00363313 0.0397587 0)
(-0.0183567 -0.0301782 0)
(-0.0253207 -0.0102214 0)
(-0.0256895 -0.00598458 0)
(-0.0256213 -0.00226521 0)
(-0.0261605 -0.0011877 0)
(-0.0270583 -0.000644634 0)
(-0.0283519 -0.000402152 0)
(-0.0297732 -9.12094e-05 0)
(-0.0312465 0.000361056 0)
(-0.0326976 0.000888977 0)
(-0.0340819 0.00138139 0)
(-0.03535 0.00172281 0)
(-0.0364576 0.00181448 0)
(-0.0373786 0.00162811 0)
(-0.0381192 0.00121605 0)
(-0.0386743 0.000618881 0)
(-0.0388865 -0.000138385 0)
(-0.0385665 -0.000690798 0)
(-0.0380536 -0.000402389 0)
(-0.0020765 0.0417423 0)
(-0.0213272 -0.0273449 0)
(-0.0291157 -0.00951628 0)
(-0.0309363 -0.00576112 0)
(-0.0314709 -0.00219163 0)
(-0.0322438 -0.00103815 0)
(-0.0331063 -0.000441693 0)
(-0.0342311 -0.000152172 0)
(-0.0354606 0.000182141 0)
(-0.0367416 0.000638305 0)
(-0.0380036 0.00115759 0)
(-0.0392004 0.00163194 0)
(-0.0402835 0.00194542 0)
(-0.0412084 0.00200157 0)
(-0.0419494 0.001776 0)
(-0.0425239 0.00132211 0)
(-0.0429455 0.000679196 0)
(-0.0430496 -0.000143729 0)
(-0.0426001 -0.000777474 0)
(-0.0419626 -0.000481295 0)
(-0.000743706 0.0440341 0)
(-0.0245465 -0.0239317 0)
(-0.032923 -0.00859374 0)
(-0.0359507 -0.00538456 0)
(-0.0369198 -0.00204992 0)
(-0.0378226 -0.000881907 0)
(-0.0386113 -0.000263158 0)
(-0.0395565 6.03269e-05 0)
(-0.0405812 0.000414661 0)
(-0.0416492 0.000874492 0)
(-0.0426963 0.00138538 0)
(-0.0436757 0.00184166 0)
(-0.0445391 0.0021276 0)
(-0.0452427 0.00214927 0)
(-0.0457645 0.00188626 0)
(-0.0461365 0.00139343 0)
(-0.0463975 0.000711539 0)
(-0.0463772 -0.000167183 0)
(-0.045779 -0.0008863 0)
(-0.0449849 -0.000589667 0)
(-0.000246949 0.0460461 0)
(-0.0280163 -0.019905 0)
(-0.0366789 -0.00750393 0)
(-0.0406152 -0.00491156 0)
(-0.0418015 -0.00187589 0)
(-0.0427345 -0.000731356 0)
(-0.0434268 -0.000112277 0)
(-0.0441872 0.000233303 0)
(-0.0449971 0.000602932 0)
(-0.0458363 0.00106493 0)
(-0.0466472 0.00156651 0)
(-0.0473811 0.00200347 0)
(-0.0479893 0.00226081 0)
(-0.0484285 0.00224797 0)
(-0.0486824 0.00194971 0)
(-0.0488033 0.00142258 0)
(-0.0488681 0.00071003 0)
(-0.0487134 -0.000215238 0)
(-0.0479614 -0.00102605 0)
(-0.0469627 -0.00073973 0)
(0.00269888 0.0503207 0)
(-0.0315916 -0.015696 0)
(-0.0402614 -0.00615118 0)
(-0.0448102 -0.00430899 0)
(-0.0460783 -0.00167391 0)
(-0.0468673 -0.000595103 0)
(-0.0473885 5.93178e-06 0)
(-0.0479517 0.000364804 0)
(-0.0485309 0.000744158 0)
(-0.0491253 0.00120574 0)
(-0.0496811 0.0016954 0)
(-0.050145 0.0021093 0)
(-0.050464 0.00233462 0)
(-0.0505914 0.00228685 0)
(-0.0505127 0.00195757 0)
(-0.0502994 0.0014053 0)
(-0.0500821 0.000678669 0)
(-0.049756 -0.000268107 0)
(-0.0488632 -0.00116298 0)
(-0.0475696 -0.000909735 0)
(-0.0348235 0.0427563 0)
(-0.0388756 -0.00847402 0)
(-0.0468696 -0.0021799 0)
(-0.0517206 -0.0022987 0)
(-0.0539151 -0.000844962 0)
(-0.0546824 -0.000188969 0)
(-0.0548358 0.000251181 0)
(-0.0547678 0.000601651 0)
(-0.0546493 0.00100385 0)
(-0.0545117 0.00147377 0)
(-0.0543174 0.00194389 0)
(-0.0540031 0.0023075 0)
(-0.0534983 0.0024582 0)
(-0.0527304 0.00231812 0)
(-0.0516505 0.00187221 0)
(-0.0502862 0.00117453 0)
(-0.0487323 0.000305132 0)
(-0.0468556 -0.000634001 0)
(-0.0441059 -0.00151426 0)
(-0.0412493 -0.00135548 0)
(-0.0455014 0.0227099 0)
(-0.0438368 0.0013549 0)
(-0.0522213 0.00217478 0)
(-0.0538819 8.76774e-05 0)
(-0.0549529 -0.000113418 0)
(-0.0545291 -0.000246729 0)
(-0.0535694 -0.000139243 0)
(-0.0522514 0.000106768 0)
(-0.0507677 0.000467614 0)
(-0.0490991 0.000865899 0)
(-0.0471648 0.00118684 0)
(-0.0448468 0.00130441 0)
(-0.0420202 0.00112605 0)
(-0.03859 0.000617205 0)
(-0.0345888 -0.000190234 0)
(-0.0303483 -0.00119545 0)
(-0.0264886 -0.0022652 0)
(-0.0231653 -0.00324437 0)
(-0.018203 -0.00438428 0)
(-0.00900533 -0.00492911 0)
(-0.0423213 0.0168307 0)
(-0.0423336 0.00587585 0)
(-0.0458736 0.00370661 0)
(-0.0451382 0.000668788 0)
(-0.0442112 -0.000660155 0)
(-0.0422144 -0.00146203 0)
(-0.0398634 -0.0017373 0)
(-0.0372489 -0.00174077 0)
(-0.0344931 -0.00160144 0)
(-0.0315463 -0.00147189 0)
(-0.0283348 -0.00148715 0)
(-0.0247755 -0.00176639 0)
(-0.0208568 -0.00235074 0)
(-0.0166875 -0.00319689 0)
(-0.0125106 -0.00418477 0)
(-0.00890178 -0.00505196 0)
(-0.0069017 -0.00555988 0)
(-0.00742472 -0.00589388 0)
(-0.00826423 -0.00773187 0)
(0.000242983 -0.0128261 0)
(-0.0368239 0.0157059 0)
(-0.034721 0.00721581 0)
(-0.0336129 0.0030693 0)
(-0.0310753 -0.000586654 0)
(-0.0287244 -0.00253678 0)
(-0.0257901 -0.00368628 0)
(-0.0226937 -0.00417906 0)
(-0.0194993 -0.00428768 0)
(-0.016338 -0.00422395 0)
(-0.0132092 -0.00419662 0)
(-0.0101089 -0.00432976 0)
(-0.00700342 -0.00473498 0)
(-0.00386877 -0.00537507 0)
(-0.000792065 -0.0060886 0)
(0.00209881 -0.00653944 0)
(0.00432496 -0.00614432 0)
(0.00422139 -0.00448629 0)
(7.95725e-05 -0.00357052 0)
(-0.0061483 -0.00795382 0)
(-0.00117525 -0.0155391 0)
(-0.0281281 0.0126721 0)
(-0.0241979 0.00555721 0)
(-0.0212266 0.000879218 0)
(-0.0183877 -0.0027122 0)
(-0.015684 -0.00491436 0)
(-0.0126491 -0.00626182 0)
(-0.00953902 -0.00685804 0)
(-0.00645692 -0.00691646 0)
(-0.00356505 -0.00672349 0)
(-0.000899219 -0.00652993 0)
(0.00147837 -0.00650419 0)
(0.00355012 -0.00675795 0)
(0.00540202 -0.00729379 0)
(0.00716484 -0.00795738 0)
(0.00898897 -0.00814498 0)
(0.010924 -0.00663542 0)
(0.0110603 -0.00237452 0)
(0.00691993 0.00132394 0)
(-0.00225035 -0.00511447 0)
(-0.00120798 -0.0177539 0)
(-0.0177901 0.00842561 0)
(-0.0130266 0.00262589 0)
(-0.00975543 -0.00161215 0)
(-0.00679765 -0.00492583 0)
(-0.00393941 -0.00728332 0)
(-0.00104689 -0.00870421 0)
(0.00171149 -0.00921184 0)
(0.00426004 -0.00908128 0)
(0.00647156 -0.00863473 0)
(0.00830607 -0.00813492 0)
(0.00968128 -0.00780032 0)
(0.0105335 -0.00777428 0)
(0.010879 -0.00817861 0)
(0.0109402 -0.00896806 0)
(0.0111752 -0.00953524 0)
(0.0126897 -0.00789212 0)
(0.0144638 -0.00161018 0)
(0.0125181 0.00566101 0)
(0.00372668 0.000641226 0)
(-0.00121253 -0.0174019 0)
(-0.00643464 0.00389628 0)
(-0.00099077 -0.00058865 0)
(0.00271795 -0.00412266 0)
(0.00589526 -0.00719642 0)
(0.00866205 -0.00950141 0)
(0.0111006 -0.0108099 0)
(0.0132052 -0.0111028 0)
(0.0150104 -0.0107104 0)
(0.0165196 -0.00994183 0)
(0.0176657 -0.00903345 0)
(0.018285 -0.00815959 0)
(0.018176 -0.00751729 0)
(0.0171942 -0.00739227 0)
(0.0154208 -0.00806163 0)
(0.0132993 -0.00938107 0)
(0.0125796 -0.00913837 0)
(0.0146704 -0.00240733 0)
(0.0153446 0.00851981 0)
(0.00860917 0.00792935 0)
(-0.00385699 -0.012871 0)
(0.00639167 -0.00122036 0)
(0.0122576 -0.00418529 0)
(0.0162602 -0.00683169 0)
(0.0189953 -0.00933428 0)
(0.0209069 -0.0112833 0)
(0.0222427 -0.01231 0)
(0.0232466 -0.0123958 0)
(0.0241688 -0.0118206 0)
(0.0250953 -0.010852 0)
(0.0258722 -0.00962399 0)
(0.0261857 -0.00822224 0)
(0.0257056 -0.00682584 0)
(0.0241735 -0.00577378 0)
(0.0214443 -0.00558762 0)
(0.0175717 -0.00690002 0)
(0.0138212 -0.00861416 0)
(0.0135706 -0.00386112 0)
(0.0156276 0.00972371 0)
(0.0120113 0.0148696 0)
(-0.0013081 -0.00619043 0)
(0.0192075 -0.00682418 0)
(0.02518 -0.00784848 0)
(0.0285631 -0.00912403 0)
(0.030141 -0.010699 0)
(0.0306339 -0.012038 0)
(0.0305298 -0.0127309 0)
(0.0303289 -0.0127616 0)
(0.030465 -0.0123059 0)
(0.0309898 -0.0114211 0)
(0.0315596 -0.0100322 0)
(0.0317126 -0.00814483 0)
(0.0310752 -0.00599467 0)
(0.0294003 -0.00402425 0)
(0.0265319 -0.00275934 0)
(0.0222627 -0.00312326 0)
(0.0168724 -0.0056395 0)
(0.0132794 -0.00402529 0)
(0.0143682 0.0101607 0)
(0.0126738 0.0207421 0)
(-0.00164155 -0.00060856 0)
(0.0276861 -0.0132597 0)
(0.0337568 -0.0113409 0)
(0.0361977 -0.010603 0)
(0.0364305 -0.0109503 0)
(0.035627 -0.0115995 0)
(0.0345087 -0.0120859 0)
(0.0337021 -0.0123717 0)
(0.0335426 -0.0123863 0)
(0.0337813 -0.0118057 0)
(0.0339228 -0.0103367 0)
(0.0336672 -0.00800442 0)
(0.0328787 -0.00513675 0)
(0.0313712 -0.00227301 0)
(0.02887 -1.69451e-05 0)
(0.0250607 0.000732564 0)
(0.0197301 -0.00142086 0)
(0.0142113 -0.00212234 0)
(0.0127628 0.0110584 0)
(0.0114797 0.026095 0)
(0.000329181 0.00375793 0)
(0.0305917 -0.0205862 0)
(0.0360516 -0.0145784 0)
(0.0372617 -0.0114403 0)
(0.0363671 -0.0105494 0)
(0.0349639 -0.0106751 0)
(0.0338384 -0.0112379 0)
(0.0332941 -0.0119976 0)
(0.0330174 -0.01241 0)
(0.032394 -0.0118344 0)
(0.0313262 -0.0101092 0)
(0.0302863 -0.00750105 0)
(0.02955 -0.00433135 0)
(0.0288217 -0.000920408 0)
(0.0274519 0.00216894 0)
(0.0248634 0.00397315 0)
(0.020733 0.00271579 0)
(0.0152632 0.00124387 0)
(0.0115747 0.0131963 0)
(0.0084638 0.0318013 0)
(-0.00344906 0.00853101 0)
(0.0301957 -0.0271012 0)
(0.0341326 -0.016408 0)
(0.0339957 -0.0110188 0)
(0.0323073 -0.00945081 0)
(0.0309438 -0.00975028 0)
(0.0303262 -0.0108219 0)
(0.02974 -0.0117842 0)
(0.0280986 -0.0117322 0)
(0.0252409 -0.0104424 0)
(0.0224581 -0.00852985 0)
(0.0212023 -0.00637056 0)
(0.0215338 -0.00370965 0)
(0.0223793 -0.000399241 0)
(0.0227771 0.00319979 0)
(0.021999 0.00598124 0)
(0.0197122 0.00578581 0)
(0.0153862 0.0048512 0)
(0.0107369 0.0164593 0)
(0.0059817 0.0374242 0)
(0.000703844 0.0115904 0)
(0.026582 -0.0315211 0)
(0.0287269 -0.0170208 0)
(0.0281549 -0.0100691 0)
(0.0268582 -0.00835802 0)
(0.0261211 -0.00914722 0)
(0.0252541 -0.0102717 0)
(0.0227116 -0.0101996 0)
(0.0178966 -0.00863903 0)
(0.0126082 -0.00694699 0)
(0.00978342 -0.00646888 0)
(0.0104441 -0.00630468 0)
(0.0131174 -0.00470125 0)
(0.0159588 -0.00135451 0)
(0.0179176 0.00287902 0)
(0.0186364 0.00660123 0)
(0.0180011 0.00759081 0)
(0.0145803 0.00825073 0)
(0.00927603 0.0207354 0)
(0.0022788 0.0425085 0)
(0.000284239 0.011128 0)
(0.0217503 -0.032812 0)
(0.0219377 -0.016719 0)
(0.0216237 -0.00955216 0)
(0.0212438 -0.0080281 0)
(0.0203593 -0.00848856 0)
(0.0174028 -0.0079954 0)
(0.0114488 -0.00567617 0)
(0.00400516 -0.00318092 0)
(-0.00085876 -0.0037553 0)
(-0.00137698 -0.00678619 0)
(0.00127549 -0.00897147 0)
(0.00565698 -0.00809817 0)
(0.0102558 -0.00410669 0)
(0.013763 0.00133172 0)
(0.0157604 0.00608031 0)
(0.0161592 0.00851496 0)
(0.0127244 0.0117142 0)
(0.00623312 0.0257633 0)
(-0.00305292 0.0467137 0)
(-0.00164262 0.0110155 0)
(0.018476 -0.0311535 0)
(0.0165573 -0.0158909 0)
(0.0161943 -0.00946556 0)
(0.0154549 -0.00754133 0)
(0.0124655 -0.00606595 0)
(0.00660167 -0.00290581 0)
(-0.00143333 0.000792812 0)
(-0.00752604 0.000936189 0)
(-0.0110122 -0.0026126 0)
(-0.011364 -0.00829672 0)
(-0.00871916 -0.012553 0)
(-0.00407168 -0.0124646 0)
(0.0013197 -0.00834322 0)
(0.00649529 -0.00184943 0)
(0.010171 0.00431609 0)
(0.0115498 0.00880996 0)
(0.00755959 0.0153579 0)
(-0.000369466 0.0328351 0)
(-0.00754371 0.0483163 0)
(0.00487877 0.00695007 0)
(0.0177693 -0.0269725 0)
(0.0133466 -0.0141964 0)
(0.0115972 -0.00848865 0)
(0.00880561 -0.00521881 0)
(0.00318057 -0.00117407 0)
(-0.00336446 0.00304258 0)
(-0.0096843 0.00552751 0)
(-0.0151329 0.00451168 0)
(-0.0185232 -0.00124829 0)
(-0.0192436 -0.00973837 0)
(-0.017871 -0.0157342 0)
(-0.014971 -0.0162622 0)
(-0.0108739 -0.0125691 0)
(-0.00598425 -0.00593106 0)
(-0.00143302 0.00163843 0)
(0.000261789 0.00901483 0)
(-0.00401346 0.0209836 0)
(-0.0106725 0.0397334 0)
(-0.0122419 0.0445892 0)
(0.00128939 0.000361322 0)
(0.0180228 -0.0202419 0)
(0.0109179 -0.0107599 0)
(0.00676893 -0.00540937 0)
(0.00221974 -0.00075042 0)
(-0.00292378 0.00389673 0)
(-0.00794954 0.0076157 0)
(-0.0123861 0.00935026 0)
(-0.0163414 0.00762999 0)
(-0.0191685 0.000454027 0)
(-0.0207361 -0.00958068 0)
(-0.0222456 -0.0165306 0)
(-0.023432 -0.0175444 0)
(-0.0230368 -0.0146042 0)
(-0.0209477 -0.00834459 0)
(-0.0182281 6.27913e-05 0)
(-0.0169337 0.0111715 0)
(-0.0184723 0.0265847 0)
(-0.0194766 0.0414354 0)
(-0.012158 0.035256 0)
(0.00356635 -0.00483963 0)
(0.015322 -0.0115769 0)
(0.00713947 -0.00616636 0)
(0.00246959 -0.00212753 0)
(-0.000921448 0.00206635 0)
(-0.00414843 0.00674528 0)
(-0.00695418 0.0101471 0)
(-0.00814604 0.011052 0)
(-0.00880639 0.00981836 0)
(-0.00990463 0.00273569 0)
(-0.0118103 -0.00682393 0)
(-0.0176572 -0.0139469 0)
(-0.0250082 -0.0154614 0)
(-0.030655 -0.0139322 0)
(-0.0334377 -0.00849124 0)
(-0.0331214 -0.00021857 0)
(-0.0307091 0.010739 0)
(-0.0273715 0.0258143 0)
(-0.0212828 0.0357027 0)
(-0.00700459 0.0240205 0)
(-0.0031 -0.00780268 0)
(0.006229 -0.00316076 0)
(-0.000209091 -0.00236485 0)
(-0.000236232 0.000484575 0)
(-0.00014731 0.00723042 0)
(-0.00060642 0.00866384 0)
(-0.00123325 0.0126033 0)
(0.00136705 0.00983224 0)
(0.00563785 0.0110487 0)
(0.00828523 0.00401635 0)
(0.00733231 -0.00151362 0)
(-0.00356703 -0.00805812 0)
(-0.01584 -0.00913338 0)
(-0.0272022 -0.0105787 0)
(-0.0360652 -0.00687385 0)
(-0.0398973 -0.000842875 0)
(-0.0352659 0.00674562 0)
(-0.0269861 0.0205255 0)
(-0.0153888 0.02745 0)
(0.01061 0.0163028 0)
(0.00375474 -0.00596846 0)
(0.0019524 0.0117336 0)
(-0.00263347 -0.00301415 0)
(0.00462573 -0.00575813 0)
(0.00529812 0.00773315 0)
(0.00514166 0.00258103 0)
(0.00549097 0.0127676 0)
(0.0100093 -6.27269e-05 0)
(0.0156108 0.0077781 0)
(0.0195528 -0.0021961 0)
(0.0203664 0.00676802 0)
(0.0107686 0.00343195 0)
(0.00051477 0.00833883 0)
(-0.00819749 -0.000114772 0)
(-0.0173962 0.00433456 0)
(-0.0266246 0.00267111 0)
(-0.0233329 -0.00328596 0)
(-0.0149433 0.00863658 0)
(-0.00590003 -0.000394737 0)
(0.0178779 0.00759453 0)
(0.00778821 0.00103296 0)
)
;

boundaryField
{
    left_open
    {
        type            pressureInletOutletVelocity;
        value           nonuniform List<vector> 
40
(
(0.0190618 0 0)
(0.0444898 0 0)
(0.060603 0 0)
(0.0703349 0 0)
(0.0757376 0 0)
(0.078096 0 0)
(0.0781939 0 0)
(0.076562 0 0)
(0.0736265 0 0)
(0.0697606 0 0)
(0.0652823 0 0)
(0.0604438 0 0)
(0.0554328 0 0)
(0.0503786 0 0)
(0.0453472 0 0)
(0.0403289 0 0)
(0.035261 0 0)
(0.0301307 0 0)
(0.0251144 0 0)
(0.0206234 0 0)
(0.0129581 0 0)
(0.00863224 0 0)
(0.0061358 0 0)
(0.0034367 0 0)
(0.00283622 0 0)
(0.00452173 0 0)
(0.00300895 0 0)
(0.00175964 -0.0601755 0)
(0.00562568 0 0)
(0.00251847 0 0)
(-0.00222183 -0.06034 0)
(0.000596286 0 0)
(-0.00104309 0 0)
(-0.0033804 -0.0309711 0)
(-0.0116014 -0.0184908 0)
(-0.0204617 -0.00888522 0)
(-0.020964 -0.00273002 0)
(-0.00967405 0.0050325 0)
(-0.0114236 0.00607173 0)
(-0.000425527 0 0)
)
;
    }
    right_open
    {
        type            pressureInletOutletVelocity;
        value           nonuniform List<vector> 
40
(
(0.00772148 6.32267e-06 0)
(0.0179643 2.4465e-06 0)
(0.0234611 -3.37798e-05 0)
(0.0250799 -8.9963e-05 0)
(0.0237544 -0.000146383 0)
(0.0203134 -0.000188848 0)
(0.0154384 -0.000213797 0)
(0.00966263 -0.000227214 0)
(0.00337922 -0.000239217 0)
(-0.00315372 0 0)
(-0.00972696 0 0)
(-0.0161593 0 0)
(-0.0223252 0 0)
(-0.0281087 0 0)
(-0.0333925 0 0)
(-0.0380536 0 0)
(-0.0419626 0 0)
(-0.0449849 0 0)
(-0.0469627 0 0)
(-0.0475696 0 0)
(-0.0412493 0 0)
(-0.00900533 0 0)
(0.000242983 -0.0128261 0)
(-0.00117525 0 0)
(-0.00120798 0 0)
(-0.00121253 -0.0174019 0)
(-0.00385699 0 0)
(-0.0013081 -0.00619043 0)
(-0.00164155 0 0)
(0.000329181 0.00375793 0)
(-0.00344906 0 0)
(0.000703844 0.0115904 0)
(0.000284239 0.011128 0)
(-0.00164262 0 0)
(0.00487877 0.00695007 0)
(0.00128939 0 0)
(0.00356635 -0.00483963 0)
(-0.0031 0 0)
(0.00375474 -0.00596846 0)
(0.00778821 0.00103296 0)
)
;
    }
    base_side
    {
        type            noSlip;
    }
    top
    {
        type            pressureInletOutletVelocity;
        value           nonuniform List<vector> 
65
(
(-0.000425527 0.00164816 0)
(-0.00276079 0.00859659 0)
(0 0.000719154 0)
(-0.0127761 0.0106796 0)
(-0.0229847 0.00769511 0)
(-0.0246543 0.00268863 0)
(-0.0283523 0.0101292 0)
(-0.0364449 0.00519015 0)
(-0.0412476 0.00469095 0)
(-0.0462071 0.0132661 0)
(-0.0493877 0.0242256 0)
(-0.0387815 0.025734 0)
(-0.0127934 0.0180539 0)
(0.0253041 0.00343847 0)
(0.0604072 0.00560556 0)
(0.0782279 0.0108141 0)
(0 -0.00201883 0)
(0.0994423 0.00643992 0)
(0 -0.00539343 0)
(0.0823168 -0.000314923 0)
(0.071145 0.00154394 0)
(0 -0.00312708 0)
(0 0.000134029 0)
(0 0.00137694 0)
(0 0.000110297 0)
(0.055411 0.00867741 0)
(0.0503746 0.00574657 0)
(0.0468433 0.00436417 0)
(0.0444375 0.00484251 0)
(0.0415682 0.0103156 0)
(0.037655 0.0125921 0)
(0.0357193 0.00674639 0)
(0.0348303 0.00298803 0)
(0.034461 0.00358908 0)
(0.0334591 0.0023725 0)
(0.0318664 0.00536999 0)
(0.0301723 0.00564724 0)
(0.0281062 0.00329767 0)
(0.0250704 0.00819494 0)
(0.0222101 0.00478392 0)
(0.0196124 0.00824336 0)
(0.0172705 0.00546612 0)
(0 0.000251962 0)
(0.0154269 0.0034473 0)
(0.013911 0.00960087 0)
(0.0019524 0.0117336 0)
(0 -0.00301415 0)
(0 -0.00575813 0)
(0.00529812 0.00773315 0)
(0 0.00258103 0)
(0.00549097 0.0127676 0)
(0 -6.27269e-05 0)
(0.0156108 0.0077781 0)
(0 -0.0021961 0)
(0.0203664 0.00676802 0)
(0.0107686 0.00343195 0)
(0.00051477 0.00833883 0)
(0 -0.000114772 0)
(-0.0173962 0.00433456 0)
(-0.0266246 0.00267111 0)
(0 -0.00328596 0)
(-0.0149433 0.00863658 0)
(0 -0.000394737 0)
(0.0178779 0.00759453 0)
(0 0.00103296 0)
)
;
    }
    front
    {
        type            empty;
    }
    back
    {
        type            empty;
    }
    air_to_aluminum
    {
        type            noSlip;
    }
}


// ************************************************************************* //
