/*--------------------------------*- C++ -*----------------------------------*\
| =========                 |                                                 |
| \\      /  F ield         | OpenFOAM: The Open Source CFD Toolbox           |
|  \\    /   O peration     | Version:                                        |
|   \\  /    A nd           | Website:  www.openfoam.com                      |
|    \\/     M anipulation  |                                                 |
\*---------------------------------------------------------------------------*/
FoamFile
{
    version     2.0;
    format      ascii;
    class       volScalarField;
    location    "1943.5/aluminum";
    object      T;
}
// * * * * * * * * * * * * * * * * * * * * * * * * * * * * * * * * * * * * * //

dimensions      [0 0 0 1 0 0 0];


internalField   nonuniform List<scalar> 
372
(
307.469
307.479
307.499
307.529
307.461
307.472
307.492
307.522
307.447
307.456
307.476
307.507
307.425
307.433
307.45
307.48
307.569
307.616
307.673
307.742
307.563
307.61
307.662
307.72
307.552
307.6
307.648
307.693
307.54
307.592
307.637
307.674
307.816
307.884
307.976
307.771
307.809
307.844
307.725
307.745
307.76
307.69
307.699
307.706
308.068
308.084
308.068
307.858
307.86
307.858
307.764
307.765
307.764
307.708
307.708
307.708
307.976
307.884
307.816
307.844
307.809
307.771
307.76
307.745
307.725
307.706
307.699
307.69
307.742
307.673
307.616
307.569
307.72
307.662
307.61
307.562
307.693
307.647
307.6
307.552
307.674
307.637
307.592
307.54
307.529
307.499
307.479
307.469
307.522
307.492
307.472
307.461
307.507
307.476
307.456
307.447
307.48
307.45
307.433
307.425
307.398
307.404
307.413
307.424
307.369
307.372
307.377
307.382
307.339
307.341
307.343
307.346
307.31
307.311
307.313
307.314
307.282
307.283
307.284
307.285
307.257
307.258
307.258
307.259
307.234
307.234
307.235
307.235
307.212
307.213
307.213
307.214
307.193
307.194
307.194
307.195
307.177
307.177
307.178
307.178
307.162
307.163
307.163
307.163
307.15
307.151
307.151
307.151
307.14
307.141
307.141
307.141
307.133
307.133
307.133
307.133
307.127
307.128
307.128
307.128
307.124
307.125
307.125
307.125
307.663
307.665
307.667
307.632
307.633
307.633
307.602
307.603
307.603
307.574
307.574
307.574
307.548
307.548
307.548
307.524
307.524
307.524
307.502
307.502
307.502
307.483
307.483
307.483
307.465
307.465
307.465
307.449
307.449
307.449
307.436
307.436
307.436
307.424
307.424
307.424
307.415
307.415
307.415
307.408
307.408
307.408
307.403
307.403
307.403
307.4
307.4
307.4
307.667
307.667
307.667
307.633
307.633
307.633
307.603
307.603
307.603
307.574
307.574
307.574
307.548
307.548
307.548
307.524
307.524
307.524
307.502
307.502
307.502
307.483
307.483
307.483
307.465
307.465
307.465
307.449
307.449
307.449
307.436
307.436
307.436
307.424
307.424
307.424
307.415
307.415
307.415
307.408
307.408
307.408
307.403
307.403
307.403
307.4
307.4
307.4
307.667
307.665
307.663
307.633
307.633
307.632
307.603
307.603
307.602
307.574
307.574
307.574
307.548
307.548
307.548
307.524
307.524
307.524
307.502
307.502
307.502
307.483
307.482
307.482
307.465
307.465
307.465
307.449
307.449
307.449
307.436
307.435
307.435
307.424
307.424
307.424
307.415
307.415
307.414
307.408
307.407
307.407
307.403
307.402
307.402
307.4
307.4
307.4
307.424
307.413
307.403
307.398
307.381
307.377
307.372
307.369
307.345
307.343
307.341
307.339
307.313
307.312
307.311
307.31
307.285
307.284
307.283
307.282
307.258
307.258
307.257
307.257
307.235
307.234
307.234
307.233
307.213
307.213
307.213
307.212
307.194
307.194
307.194
307.193
307.177
307.177
307.177
307.176
307.163
307.163
307.162
307.162
307.15
307.15
307.15
307.15
307.14
307.14
307.14
307.14
307.133
307.133
307.133
307.132
307.127
307.128
307.127
307.127
307.124
307.125
307.125
307.124
)
;

boundaryField
{
    base_hotspot
    {
        type            fixedGradient;
        gradient        uniform 203.252;
    }
    base_adiabatic
    {
        type            zeroGradient;
    }
    front
    {
        type            empty;
    }
    back
    {
        type            empty;
    }
    aluminum_to_air
    {
        type            compressible::turbulentTemperatureCoupledBaffleMixed;
        refValue        nonuniform List<scalar> 
129
(
294.374
294.368
294.416
294.479
307.478
307.544
307.598
307.645
307.645
307.598
307.544
307.478
294.444
294.405
294.426
294.468
294.544
307.478
294.607
307.414
294.67
307.37
294.735
307.335
294.803
307.305
294.873
307.276
294.944
307.247
295.016
307.216
295.088
307.178
295.159
307.131
295.228
307.065
295.291
306.971
295.347
306.829
295.393
306.625
295.415
306.369
296.159
295.488
297.121
298.059
305.905
298.86
307.645
307.603
307.569
307.538
307.511
307.484
307.457
307.429
307.397
307.357
307.304
307.233
307.133
306.988
306.746
306.131
299.823
300.006
300.304
300.621
300.826
301.07
307.645
307.603
307.569
307.54
307.512
307.486
307.458
307.418
307.329
307.092
306.619
306.105
305.803
305.682
305.537
301.631
302.756
305.245
303.957
307.478
307.414
307.371
307.337
307.307
307.279
307.248
307.2
307.089
306.819
306.31
305.668
305.145
304.95
305.115
305.507
294.513
294.557
294.597
294.631
294.661
294.685
294.704
294.717
294.726
294.732
294.734
294.735
294.736
294.737
294.731
299.587
301.03
301.601
298.877
294.776
)
;
        refGradient     uniform 0;
        valueFraction   nonuniform List<scalar> 
129
(
2.89995e-05
2.89995e-05
2.89995e-05
2.89995e-05
0.000144981
0.000144981
0.000144981
0.000144981
0.000144981
0.000144981
0.000144981
0.000144981
2.89995e-05
2.89995e-05
2.89995e-05
2.89995e-05
2.89995e-05
0.000144981
2.89995e-05
0.000144981
2.89995e-05
0.000144981
2.89995e-05
0.000144981
2.89995e-05
0.000144981
2.89995e-05
0.000144981
2.89995e-05
0.000144981
2.89995e-05
0.000144981
2.89995e-05
0.000144981
2.89995e-05
0.000144981
2.89995e-05
0.000144981
2.89995e-05
0.000144981
2.89995e-05
0.000144981
2.89995e-05
0.000144981
2.89995e-05
0.000144981
3.62491e-05
2.89995e-05
3.62491e-05
3.62491e-05
0.000144981
3.62491e-05
8.21599e-05
8.21599e-05
8.21599e-05
8.21599e-05
8.21599e-05
8.21599e-05
8.21599e-05
8.21599e-05
8.21599e-05
8.21599e-05
8.21599e-05
8.21599e-05
8.21599e-05
8.21599e-05
8.21599e-05
8.21599e-05
3.62491e-05
3.62491e-05
3.62491e-05
3.62491e-05
3.62491e-05
3.62491e-05
8.21599e-05
8.21599e-05
8.21599e-05
8.21599e-05
8.21599e-05
8.21599e-05
8.21599e-05
8.21599e-05
8.21599e-05
8.21599e-05
8.21599e-05
8.21599e-05
8.21599e-05
8.21599e-05
8.21599e-05
3.62491e-05
3.62491e-05
8.21599e-05
3.62491e-05
0.000144981
0.000144981
0.000144981
0.000144981
0.000144981
0.000144981
0.000144981
0.000144981
0.000144981
0.000144981
0.000144981
0.000144981
0.000144981
0.000144981
0.000144981
0.000144981
2.89995e-05
2.89995e-05
2.89995e-05
2.89995e-05
2.89995e-05
2.89995e-05
2.89995e-05
2.89995e-05
2.89995e-05
2.89995e-05
2.89995e-05
2.89995e-05
2.89995e-05
2.89995e-05
2.89995e-05
3.62491e-05
3.62491e-05
3.62491e-05
3.62491e-05
2.89995e-05
)
;
        value           nonuniform List<scalar> 
129
(
307.468
307.461
307.446
307.424
307.54
307.591
307.637
307.674
307.674
307.637
307.591
307.54
307.468
307.461
307.446
307.424
307.398
307.424
307.368
307.381
307.338
307.345
307.309
307.313
307.282
307.284
307.256
307.258
307.233
307.235
307.212
307.213
307.193
307.194
307.176
307.177
307.162
307.163
307.149
307.151
307.139
307.141
307.132
307.133
307.127
307.128
307.123
307.123
307.124
307.124
307.124
307.124
307.663
307.632
307.602
307.574
307.548
307.524
307.502
307.482
307.464
307.449
307.435
307.424
307.415
307.407
307.402
307.4
307.399
307.4
307.4
307.4
307.4
307.4
307.663
307.632
307.602
307.574
307.548
307.524
307.502
307.482
307.464
307.449
307.435
307.423
307.414
307.407
307.402
307.399
307.399
307.399
307.399
307.424
307.381
307.345
307.313
307.284
307.258
307.234
307.213
307.194
307.177
307.162
307.15
307.14
307.132
307.127
307.124
307.397
307.368
307.338
307.309
307.282
307.256
307.233
307.211
307.192
307.176
307.161
307.149
307.139
307.132
307.126
307.124
307.124
307.124
307.123
307.123
)
;
        Tnbr            T;
        thicknessLayers 0();
        kappaLayers     0();
        kappaMethod     solidThermo;
        kappa           none;
        alphaAni        none;
        alpha           none;
    }
}


// ************************************************************************* //
