/*--------------------------------*- C++ -*----------------------------------*\
| =========                 |                                                 |
| \\      /  F ield         | OpenFOAM: The Open Source CFD Toolbox           |
|  \\    /   O peration     | Version:                                        |
|   \\  /    A nd           | Website:  www.openfoam.com                      |
|    \\/     M anipulation  |                                                 |
\*---------------------------------------------------------------------------*/
FoamFile
{
    version     2.0;
    format      ascii;
    class       volScalarField;
    location    "1891.0/air";
    object      rho;
}
// * * * * * * * * * * * * * * * * * * * * * * * * * * * * * * * * * * * * * //

dimensions      [1 -3 0 0 0 0 0];


internalField   nonuniform List<scalar> 
2228
(
1.14958
1.14934
1.14913
1.14896
1.14982
1.14958
1.14934
1.14911
1.14998
1.14976
1.1495
1.14924
1.15011
1.14989
1.14962
1.14935
1.15022
1.15
1.14973
1.14945
1.15032
1.15011
1.14983
1.14955
1.15042
1.15022
1.14994
1.14964
1.15052
1.15035
1.15007
1.14973
1.15064
1.15053
1.15023
1.14983
1.15079
1.15081
1.15047
1.14996
1.151
1.15128
1.15087
1.15013
1.15134
1.15208
1.15153
1.15037
1.15185
1.15337
1.15262
1.15072
1.15261
1.15533
1.1544
1.15122
1.15357
1.1581
1.15741
1.15217
1.15529
1.16198
1.1624
1.15489
1.14896
1.14914
1.14935
1.14959
1.14913
1.14937
1.14962
1.14983
1.14926
1.14956
1.14983
1.15001
1.1494
1.14975
1.15003
1.15017
1.14954
1.14996
1.15026
1.15033
1.14968
1.15021
1.15053
1.15049
1.14984
1.15049
1.15083
1.15067
1.15001
1.15081
1.15115
1.15085
1.15018
1.15116
1.15152
1.15104
1.15038
1.15161
1.152
1.15126
1.15064
1.15229
1.15269
1.15154
1.15101
1.15329
1.15362
1.15188
1.15149
1.15451
1.15473
1.15223
1.15198
1.15572
1.15612
1.15267
1.15237
1.15712
1.15855
1.15361
1.1538
1.16044
1.16321
1.15622
1.19244
1.18897
1.18551
1.18245
1.20419
1.2049
1.20499
1.20464
1.20423
1.20462
1.20506
1.20546
1.20428
1.20429
1.20434
1.20442
1.20431
1.20431
1.2043
1.20429
1.20429
1.20429
1.20429
1.20429
1.20426
1.20426
1.20427
1.20427
1.20422
1.20423
1.20423
1.20424
1.20417
1.20418
1.20419
1.2042
1.20403
1.20404
1.20405
1.20406
1.20372
1.20372
1.20373
1.20373
1.20339
1.20337
1.20336
1.20334
1.20312
1.20309
1.20306
1.20302
1.20284
1.2028
1.20276
1.20271
1.20245
1.20239
1.20232
1.20225
1.20187
1.20176
1.20165
1.20155
1.20105
1.20094
1.20083
1.20073
1.20057
1.2005
1.20044
1.2004
1.20103
1.20099
1.20095
1.20092
1.20224
1.20222
1.2022
1.2022
1.17968
1.17881
1.17907
1.17906
1.20376
1.20286
1.2023
1.20211
1.20575
1.20591
1.20596
1.20595
1.20453
1.20466
1.20477
1.20487
1.20429
1.20429
1.20431
1.20434
1.20429
1.20428
1.20427
1.20426
1.20427
1.20427
1.20427
1.20427
1.20425
1.20425
1.20425
1.20426
1.2042
1.20421
1.20422
1.20423
1.20408
1.20409
1.2041
1.20412
1.20373
1.20374
1.20374
1.20375
1.20332
1.2033
1.20328
1.20326
1.20299
1.20295
1.20291
1.20287
1.20265
1.2026
1.20255
1.2025
1.20217
1.2021
1.20203
1.20197
1.20145
1.20137
1.20129
1.20122
1.20065
1.20059
1.20055
1.20052
1.20038
1.20037
1.20038
1.20042
1.2009
1.20088
1.20087
1.20087
1.20219
1.20217
1.20214
1.2021
1.17915
1.17933
1.17957
1.20212
1.20221
1.20235
1.20591
1.20587
1.20583
1.20494
1.20499
1.20503
1.20438
1.20441
1.20445
1.20426
1.20427
1.20427
1.20426
1.20426
1.20425
1.20426
1.20426
1.20426
1.20423
1.20423
1.20424
1.20413
1.20413
1.20414
1.20375
1.20375
1.20375
1.20324
1.20323
1.20322
1.20284
1.20282
1.2028
1.20246
1.20244
1.20241
1.20192
1.20189
1.20186
1.20118
1.20115
1.20113
1.20051
1.20052
1.20052
1.20046
1.20049
1.20053
1.20086
1.20086
1.20086
1.20207
1.20205
1.20202
1.17975
1.17986
1.17996
1.20246
1.20252
1.20258
1.20582
1.20582
1.20581
1.20506
1.20508
1.2051
1.20447
1.20449
1.20451
1.20428
1.20428
1.20429
1.20425
1.20425
1.20425
1.20426
1.20425
1.20425
1.20424
1.20424
1.20424
1.20415
1.20415
1.20415
1.20376
1.20376
1.20376
1.20321
1.2032
1.2032
1.20279
1.20278
1.20277
1.20239
1.20238
1.20237
1.20184
1.20183
1.20182
1.20111
1.20111
1.2011
1.20053
1.20054
1.20054
1.20056
1.20057
1.20059
1.20085
1.20085
1.20085
1.20201
1.202
1.202
1.18017
1.18046
1.1807
1.2027
1.20289
1.20308
1.20581
1.20582
1.20583
1.20513
1.2052
1.20527
1.20454
1.2046
1.20467
1.2043
1.20432
1.20436
1.20425
1.20425
1.20425
1.20425
1.20425
1.20424
1.20424
1.20424
1.20424
1.20416
1.20416
1.20417
1.20376
1.20376
1.20376
1.20319
1.20317
1.20316
1.20276
1.20273
1.20271
1.20235
1.20233
1.2023
1.2018
1.20177
1.20175
1.20109
1.20108
1.20107
1.20056
1.20059
1.20063
1.20061
1.20065
1.20068
1.20084
1.20083
1.20082
1.20199
1.20195
1.2019
1.18063
1.1815
1.18217
1.17938
1.2033
1.2035
1.20371
1.20291
1.20585
1.20586
1.20585
1.2058
1.20539
1.20557
1.20574
1.2058
1.20478
1.20497
1.2052
1.20533
1.20441
1.20453
1.2047
1.20489
1.20426
1.20429
1.20435
1.20446
1.20424
1.20423
1.20423
1.20424
1.20424
1.20424
1.20424
1.20423
1.20418
1.20419
1.2042
1.2042
1.20377
1.20377
1.20378
1.20379
1.20314
1.20311
1.20309
1.20306
1.20268
1.20264
1.2026
1.20256
1.20227
1.20223
1.20219
1.20216
1.20172
1.20169
1.20167
1.20166
1.20107
1.20109
1.20112
1.20117
1.2007
1.20081
1.20091
1.20096
1.20071
1.20073
1.2007
1.20065
1.2008
1.20077
1.20073
1.20069
1.20186
1.20182
1.20175
1.20171
1.17309
1.16403
1.15997
1.17241
1.19786
1.18573
1.17343
1.17832
1.20466
1.19834
1.18624
1.18115
1.20551
1.20323
1.19579
1.18702
1.20491
1.20332
1.19904
1.19154
1.20481
1.20358
1.20043
1.19502
1.20461
1.20456
1.20359
1.2011
1.2043
1.20442
1.20454
1.20442
1.20422
1.20424
1.2043
1.20442
1.20421
1.20421
1.20421
1.20423
1.20379
1.2038
1.2038
1.2038
1.20302
1.20298
1.20294
1.20288
1.20253
1.20249
1.20245
1.2024
1.20214
1.20212
1.20211
1.20211
1.20166
1.20167
1.20169
1.20173
1.20123
1.20128
1.20131
1.20129
1.20093
1.20082
1.20068
1.20057
1.20058
1.20051
1.20044
1.20041
1.20063
1.20058
1.20052
1.20048
1.20168
1.20161
1.20157
1.20151
1.20432
1.20432
1.20431
1.20431
1.20434
1.20451
1.20482
1.20507
1.20516
1.20523
1.20535
1.20552
1.20568
1.2058
1.20591
1.20604
1.20619
1.20634
1.2063
1.1996
1.20432
1.20432
1.20431
1.20431
1.20434
1.20452
1.20484
1.20507
1.20516
1.20524
1.20538
1.20555
1.20569
1.2058
1.2059
1.206
1.20608
1.20608
1.20574
1.19968
1.20431
1.20431
1.20431
1.20431
1.20434
1.2045
1.20482
1.20506
1.20516
1.20527
1.20542
1.20558
1.2057
1.20578
1.20584
1.20587
1.20582
1.20569
1.2053
1.19956
1.20431
1.20431
1.20431
1.20431
1.20433
1.20446
1.20477
1.20502
1.20515
1.20528
1.20544
1.20558
1.20567
1.20572
1.20573
1.20566
1.2055
1.20536
1.20512
1.19937
1.20431
1.20431
1.20431
1.20431
1.20432
1.20441
1.20468
1.20495
1.20512
1.20527
1.20544
1.20556
1.20562
1.20564
1.20559
1.20543
1.20521
1.20508
1.20505
1.19916
1.20431
1.20431
1.20431
1.20431
1.20431
1.20436
1.20457
1.20486
1.20507
1.20525
1.20541
1.20552
1.20555
1.20554
1.20544
1.20523
1.20498
1.20487
1.20498
1.19895
1.20431
1.20431
1.20431
1.20431
1.20431
1.20433
1.20447
1.20475
1.20499
1.20519
1.20536
1.20546
1.20548
1.20543
1.20531
1.20508
1.20483
1.20471
1.20493
1.19874
1.20431
1.20431
1.20431
1.20431
1.20431
1.20432
1.2044
1.20463
1.20489
1.20512
1.2053
1.20539
1.2054
1.20534
1.2052
1.20497
1.20475
1.20463
1.20487
1.19852
1.20431
1.20431
1.20431
1.20431
1.20431
1.20431
1.20435
1.20452
1.20478
1.20503
1.20522
1.20531
1.20532
1.20526
1.20512
1.2049
1.20472
1.20459
1.20481
1.19829
1.20431
1.20431
1.20431
1.20431
1.20431
1.20431
1.20432
1.20443
1.20465
1.20491
1.20513
1.20524
1.20525
1.20519
1.20506
1.20486
1.2047
1.20458
1.20475
1.19805
1.20431
1.20431
1.20431
1.20431
1.20431
1.20431
1.20431
1.20437
1.20454
1.20479
1.20502
1.20515
1.20518
1.20513
1.20501
1.20484
1.2047
1.20457
1.20471
1.19781
1.20431
1.20431
1.20431
1.20431
1.20431
1.20431
1.20431
1.20433
1.20445
1.20467
1.2049
1.20506
1.20511
1.20508
1.20498
1.20484
1.2047
1.20456
1.20468
1.19756
1.20431
1.20431
1.20431
1.20431
1.20431
1.20431
1.20431
1.20431
1.20438
1.20456
1.20478
1.20496
1.20503
1.20503
1.20495
1.20483
1.20471
1.20455
1.20466
1.1973
1.20431
1.20431
1.20431
1.20431
1.20431
1.20431
1.20431
1.20431
1.20434
1.20447
1.20466
1.20485
1.20495
1.20497
1.20492
1.20483
1.20471
1.20454
1.20464
1.19704
1.20431
1.20431
1.20431
1.20431
1.20431
1.20431
1.20431
1.2043
1.20432
1.2044
1.20455
1.20473
1.20486
1.20491
1.20488
1.20482
1.2047
1.20452
1.20463
1.19677
1.20431
1.20431
1.20431
1.20431
1.20431
1.20431
1.20431
1.2043
1.20431
1.20435
1.20447
1.20463
1.20476
1.20483
1.20483
1.2048
1.20469
1.2045
1.20463
1.19649
1.2043
1.2043
1.2043
1.20431
1.20431
1.20431
1.20431
1.20431
1.2043
1.20432
1.2044
1.20453
1.20466
1.20475
1.20477
1.20477
1.20466
1.20448
1.20463
1.19622
1.2043
1.2043
1.2043
1.2043
1.2043
1.2043
1.20431
1.20431
1.2043
1.20431
1.20436
1.20445
1.20457
1.20467
1.2047
1.20472
1.20462
1.20445
1.20464
1.19594
1.2043
1.2043
1.2043
1.2043
1.2043
1.2043
1.2043
1.2043
1.2043
1.2043
1.20433
1.20439
1.20449
1.20458
1.20463
1.20465
1.20458
1.20443
1.20465
1.19569
1.2043
1.2043
1.2043
1.2043
1.2043
1.2043
1.2043
1.2043
1.2043
1.2043
1.20431
1.20435
1.20442
1.2045
1.20456
1.20458
1.20453
1.2044
1.20467
1.19518
1.2043
1.2043
1.2043
1.2043
1.2043
1.20431
1.20431
1.20431
1.20431
1.2043
1.2043
1.20431
1.20434
1.20437
1.20441
1.20443
1.20443
1.20435
1.20466
1.19914
1.2043
1.20421
1.2041
1.20408
1.20412
1.20419
1.20425
1.20429
1.20431
1.20431
1.20431
1.20431
1.2043
1.20431
1.20431
1.20432
1.20433
1.2043
1.20446
1.2024
1.20418
1.20368
1.20329
1.20317
1.2033
1.20358
1.20387
1.20407
1.2042
1.20426
1.20429
1.2043
1.2043
1.2043
1.2043
1.2043
1.2043
1.20429
1.20434
1.20396
1.20397
1.2031
1.20253
1.2023
1.2024
1.20276
1.20323
1.20364
1.20393
1.2041
1.20419
1.20424
1.20427
1.20428
1.20429
1.20429
1.2043
1.2043
1.2043
1.20429
1.20375
1.20262
1.20198
1.20175
1.2018
1.20212
1.20264
1.20318
1.20359
1.20386
1.20403
1.20413
1.20419
1.20424
1.20426
1.20428
1.20428
1.20429
1.20429
1.20431
1.20347
1.20218
1.20159
1.20142
1.20146
1.20172
1.20222
1.20282
1.20333
1.20366
1.20387
1.20401
1.2041
1.20416
1.2042
1.20422
1.20424
1.20425
1.20426
1.20428
1.20318
1.20184
1.20136
1.20126
1.2013
1.2015
1.20196
1.20259
1.20316
1.20355
1.20377
1.20391
1.204
1.20407
1.20411
1.20415
1.20417
1.2042
1.20422
1.20424
1.20292
1.20161
1.20128
1.20123
1.20125
1.2014
1.20182
1.20247
1.20308
1.20348
1.20371
1.20384
1.20393
1.20399
1.20404
1.20408
1.20411
1.20414
1.20417
1.20421
1.20267
1.20148
1.20128
1.20124
1.20125
1.20137
1.20176
1.2024
1.20301
1.20341
1.20364
1.20377
1.20383
1.20388
1.20393
1.20398
1.20402
1.20406
1.2041
1.20415
1.20252
1.20142
1.20129
1.20125
1.20128
1.20139
1.20174
1.20234
1.20291
1.20329
1.2035
1.20359
1.20363
1.20367
1.20373
1.20381
1.20387
1.20391
1.20395
1.204
1.20238
1.2014
1.20129
1.20126
1.2013
1.20142
1.20174
1.20226
1.20275
1.20305
1.20317
1.20318
1.2032
1.20327
1.2034
1.20354
1.20366
1.20371
1.20373
1.20373
1.20228
1.20139
1.20131
1.20128
1.20134
1.20147
1.20174
1.20215
1.2025
1.20266
1.20258
1.20244
1.20239
1.20252
1.20279
1.20309
1.20333
1.20347
1.20349
1.20344
1.20215
1.2014
1.20134
1.20133
1.20139
1.20152
1.20173
1.20202
1.20222
1.20215
1.20183
1.20154
1.2014
1.20153
1.20191
1.2024
1.20284
1.20312
1.20323
1.20318
1.20201
1.20143
1.20139
1.20138
1.20145
1.20156
1.20173
1.20191
1.20201
1.20149
1.20116
1.20093
1.20077
1.20079
1.20112
1.20169
1.20228
1.2027
1.2029
1.20289
1.20198
1.20149
1.20146
1.20145
1.20152
1.20164
1.20179
1.20188
1.20156
1.20118
1.20107
1.20083
1.20066
1.20052
1.20067
1.20119
1.20183
1.20232
1.20257
1.20254
1.20204
1.20158
1.20159
1.2016
1.20168
1.20178
1.20179
1.20154
1.20133
1.20148
1.20113
1.20078
1.20059
1.20044
1.20051
1.20098
1.20161
1.20211
1.20231
1.2021
1.20201
1.20168
1.20177
1.2018
1.20184
1.20181
1.20163
1.20147
1.20169
1.20169
1.20121
1.20085
1.20066
1.20056
1.20067
1.2011
1.20165
1.20203
1.20198
1.20144
1.20201
1.20172
1.20186
1.2019
1.20188
1.20173
1.2015
1.20154
1.20193
1.20197
1.20152
1.20111
1.20099
1.20098
1.20112
1.20145
1.20178
1.20182
1.20143
1.20087
1.20201
1.2017
1.20179
1.20178
1.20168
1.20148
1.2013
1.20139
1.20188
1.20228
1.20203
1.20155
1.20136
1.20137
1.20147
1.2016
1.20164
1.20149
1.20125
1.20109
1.20245
1.2022
1.20224
1.20226
1.20214
1.20199
1.2018
1.20187
1.2021
1.20246
1.20273
1.20247
1.2022
1.20208
1.20206
1.20208
1.20214
1.20211
1.20214
1.2022
1.19943
1.20733
1.20675
1.20645
1.206
1.20551
1.20527
1.20523
1.20522
1.20521
1.20518
1.20513
1.20508
1.20502
1.20496
1.20492
1.20486
1.20477
1.20462
1.20441
1.19958
1.2068
1.20657
1.20635
1.206
1.20553
1.20526
1.20521
1.2052
1.2052
1.20517
1.20513
1.20507
1.20501
1.20495
1.2049
1.20484
1.20472
1.20456
1.20438
1.19951
1.20623
1.20608
1.2061
1.20591
1.2055
1.20523
1.20516
1.20517
1.20517
1.20515
1.20511
1.20505
1.20499
1.20493
1.20487
1.20478
1.20464
1.20447
1.20435
1.19935
1.20587
1.20551
1.20578
1.20574
1.20542
1.20517
1.20511
1.20511
1.20512
1.20511
1.20508
1.20502
1.20496
1.20489
1.20483
1.20471
1.20454
1.20439
1.20432
1.19917
1.20562
1.2051
1.2055
1.20551
1.20528
1.20509
1.20503
1.20505
1.20507
1.20507
1.20504
1.20498
1.20492
1.20485
1.20477
1.20462
1.20444
1.20432
1.20431
1.19899
1.20542
1.20486
1.20525
1.20526
1.20511
1.20498
1.20495
1.20498
1.20501
1.20501
1.20499
1.20493
1.20486
1.20479
1.20469
1.20452
1.20433
1.20427
1.20431
1.19882
1.20529
1.20469
1.20501
1.20502
1.20493
1.20486
1.20487
1.20491
1.20494
1.20495
1.20493
1.20487
1.2048
1.20473
1.20461
1.20441
1.20424
1.20424
1.20431
1.19865
1.20518
1.20456
1.2048
1.20481
1.20477
1.20476
1.20479
1.20484
1.20488
1.20488
1.20485
1.2048
1.20473
1.20465
1.2045
1.20429
1.20415
1.2042
1.20431
1.19849
1.2051
1.20444
1.20463
1.20465
1.20465
1.20467
1.20472
1.20477
1.20481
1.20481
1.20477
1.20472
1.20465
1.20456
1.20439
1.20417
1.20407
1.20416
1.2043
1.19834
1.20503
1.20435
1.20451
1.20453
1.20455
1.2046
1.20465
1.20471
1.20473
1.20472
1.20468
1.20463
1.20457
1.20447
1.20427
1.20404
1.20397
1.2041
1.20428
1.1982
1.20497
1.20429
1.20443
1.20445
1.20449
1.20454
1.2046
1.20464
1.20465
1.20463
1.20458
1.20454
1.20448
1.20436
1.20414
1.20391
1.20386
1.20401
1.20426
1.19807
1.20493
1.20423
1.20437
1.20439
1.20443
1.20449
1.20454
1.20457
1.20456
1.20452
1.20448
1.20444
1.20438
1.20424
1.204
1.20378
1.20373
1.20389
1.20422
1.19795
1.20489
1.20419
1.20431
1.20433
1.20438
1.20443
1.20447
1.20448
1.20446
1.20441
1.20437
1.20434
1.20429
1.20412
1.20386
1.20363
1.20358
1.20376
1.20417
1.19783
1.20486
1.20415
1.20426
1.20428
1.20433
1.20437
1.2044
1.20439
1.20434
1.20429
1.20426
1.20425
1.20419
1.204
1.20372
1.20348
1.20342
1.20363
1.20412
1.19773
1.20483
1.20411
1.20421
1.20423
1.20427
1.2043
1.20431
1.20428
1.20422
1.20417
1.20416
1.20416
1.20409
1.20388
1.20358
1.20333
1.20326
1.20351
1.20407
1.19765
1.20481
1.20407
1.20416
1.20417
1.2042
1.20422
1.20421
1.20416
1.2041
1.20406
1.20407
1.20407
1.20399
1.20375
1.20343
1.20317
1.20311
1.20341
1.20402
1.19758
1.20478
1.20402
1.20411
1.2041
1.20413
1.20414
1.20411
1.20404
1.20398
1.20396
1.20398
1.20399
1.20389
1.20363
1.20329
1.20301
1.20298
1.20332
1.20398
1.19752
1.20474
1.20398
1.20405
1.20403
1.20405
1.20404
1.204
1.20393
1.20387
1.20386
1.2039
1.20392
1.2038
1.20351
1.20314
1.20286
1.20286
1.20324
1.20394
1.1975
1.20468
1.20395
1.204
1.20396
1.20397
1.20395
1.20389
1.20382
1.20377
1.20378
1.20384
1.20385
1.20371
1.20339
1.20299
1.20271
1.20275
1.20318
1.2039
1.19735
1.20458
1.20392
1.20395
1.2039
1.20388
1.20385
1.20379
1.20372
1.20368
1.20371
1.20378
1.20379
1.20363
1.20327
1.20284
1.20257
1.20266
1.20311
1.20386
1.19935
1.2042
1.20379
1.20381
1.20376
1.2037
1.20364
1.20356
1.2035
1.20351
1.20358
1.20368
1.20366
1.20341
1.20293
1.20243
1.20222
1.20239
1.20289
1.20378
1.19973
1.20343
1.20346
1.20357
1.20355
1.20346
1.20336
1.20328
1.20327
1.20334
1.20347
1.20354
1.20341
1.20295
1.2023
1.20182
1.20168
1.20184
1.20247
1.20365
1.1969
1.20268
1.20276
1.20327
1.20333
1.20325
1.20315
1.20309
1.20312
1.20323
1.20335
1.20335
1.20304
1.2024
1.2017
1.20125
1.20106
1.20119
1.20193
1.20345
1.19296
1.19974
1.20153
1.20283
1.20306
1.20305
1.20297
1.20294
1.20298
1.20308
1.20315
1.20303
1.20257
1.20185
1.20119
1.20078
1.20057
1.20067
1.20136
1.20308
1.18987
1.19495
1.19915
1.20213
1.20279
1.20284
1.2028
1.20279
1.20283
1.20289
1.20288
1.20264
1.2021
1.2014
1.20085
1.20054
1.2004
1.20043
1.20093
1.20263
1.19036
1.1932
1.19767
1.20121
1.20254
1.20264
1.20263
1.20263
1.20265
1.20266
1.20256
1.20224
1.2017
1.2011
1.20068
1.20049
1.20043
1.20043
1.20072
1.2022
1.19703
1.19722
1.19874
1.20078
1.20229
1.20246
1.20247
1.20246
1.20245
1.20241
1.20224
1.2019
1.20142
1.20093
1.20064
1.20054
1.2005
1.20052
1.2007
1.20191
1.20344
1.20237
1.20083
1.2008
1.20205
1.20231
1.20231
1.20228
1.20224
1.20214
1.20196
1.20164
1.20125
1.20088
1.20067
1.20061
1.20062
1.20066
1.20077
1.20178
1.20476
1.20436
1.20216
1.20091
1.20177
1.20219
1.20217
1.20212
1.20203
1.2019
1.20172
1.20148
1.20119
1.20095
1.20081
1.2008
1.20085
1.20086
1.20088
1.20174
1.20447
1.20452
1.20268
1.20094
1.20144
1.2021
1.20206
1.20198
1.20189
1.20177
1.20163
1.20147
1.20131
1.2012
1.20118
1.2012
1.20119
1.20112
1.20101
1.20169
1.20399
1.20444
1.20299
1.20094
1.20107
1.202
1.20193
1.20184
1.20174
1.20167
1.20163
1.20159
1.20157
1.20157
1.20157
1.20157
1.20149
1.20134
1.20115
1.20163
1.20276
1.2038
1.20322
1.20102
1.20071
1.20185
1.20177
1.20157
1.20138
1.20124
1.20117
1.20117
1.20124
1.20136
1.20151
1.20162
1.20162
1.20149
1.20128
1.20166
1.2016
1.20248
1.20311
1.20118
1.20042
1.20164
1.20165
1.20131
1.20098
1.20069
1.20055
1.20059
1.20072
1.20094
1.20121
1.20146
1.2016
1.20156
1.20137
1.20163
1.20146
1.20157
1.20276
1.20132
1.20024
1.20133
1.20162
1.20127
1.20097
1.20077
1.20068
1.20066
1.20071
1.20084
1.20104
1.20129
1.20148
1.20154
1.20142
1.20158
1.20154
1.2012
1.2024
1.20138
1.20015
1.20094
1.20148
1.20125
1.20097
1.20091
1.20099
1.20111
1.20115
1.20114
1.20114
1.20123
1.20137
1.20146
1.20142
1.20156
1.20101
1.20083
1.20226
1.20139
1.20014
1.20056
1.20108
1.20088
1.20052
1.20045
1.20081
1.2013
1.20157
1.20156
1.20141
1.2013
1.20131
1.20137
1.20137
1.20156
1.20055
1.20094
1.2021
1.20131
1.20022
1.20031
1.2005
1.20021
1.19994
1.20024
1.20099
1.20169
1.20201
1.20195
1.20167
1.20141
1.20131
1.20133
1.20132
1.20155
1.20048
1.20087
1.20148
1.20107
1.20029
1.2001
1.19991
1.19967
1.19992
1.20077
1.20169
1.20227
1.2024
1.2022
1.20182
1.20148
1.20135
1.20137
1.20133
1.20153
1.2004
1.20039
1.20053
1.20045
1.20005
1.1998
1.1997
1.20003
1.20088
1.20179
1.20237
1.20256
1.20245
1.20214
1.20175
1.20149
1.20147
1.20154
1.20145
1.20152
1.20135
1.20103
1.20072
1.20062
1.2005
1.20056
1.20089
1.20146
1.20198
1.20223
1.20228
1.20225
1.20214
1.20196
1.20186
1.20184
1.20192
1.20195
1.20182
1.20191
)
;

boundaryField
{
    left_open
    {
        type            calculated;
        value           nonuniform List<scalar> 
40
(
1.20432
1.20432
1.20431
1.20431
1.20431
1.20431
1.20431
1.20431
1.20431
1.20431
1.20431
1.20431
1.20431
1.20431
1.20431
1.20431
1.2043
1.2043
1.2043
1.2043
1.2043
1.2043
1.2043
1.20429
1.20429
1.20429
1.20428
1.20428
1.20428
1.20428
1.20239
1.20427
1.20217
1.20426
1.20426
1.20205
1.20426
1.20202
1.20202
1.20246
)
;
    }
    right_open
    {
        type            calculated;
        value           nonuniform List<scalar> 
40
(
1.20432
1.20432
1.20431
1.20431
1.20431
1.20431
1.20431
1.20431
1.20431
1.20431
1.20431
1.20431
1.20431
1.20431
1.20431
1.20431
1.2043
1.2043
1.2043
1.2043
1.2043
1.2043
1.2043
1.20429
1.20429
1.20223
1.20428
1.20179
1.20428
1.20428
1.20164
1.20166
1.20164
1.20426
1.20426
1.20426
1.20155
1.20153
1.20153
1.20192
)
;
    }
    base_side
    {
        type            calculated;
        value           nonuniform List<scalar> 
40
(
1.20432
1.20432
1.20432
1.20431
1.20434
1.20451
1.20482
1.20507
1.20516
1.20523
1.20535
1.20552
1.20568
1.2058
1.20591
1.20604
1.20619
1.20634
1.2063
1.1996
1.19943
1.20733
1.20675
1.20645
1.206
1.20551
1.20527
1.20523
1.20523
1.20521
1.20518
1.20514
1.20508
1.20502
1.20496
1.20492
1.20486
1.20477
1.20462
1.20441
)
;
    }
    top
    {
        type            calculated;
        value           nonuniform List<scalar> 
65
(
1.20246
1.20221
1.20224
1.20425
1.20215
1.20425
1.20181
1.20188
1.2021
1.20245
1.20274
1.20248
1.20425
1.20209
1.20425
1.20208
1.20425
1.20212
1.20425
1.20219
1.20224
1.20223
1.20221
1.2022
1.2022
1.20219
1.20425
1.20425
1.20209
1.20208
1.20205
1.20203
1.20202
1.20201
1.20425
1.20425
1.20194
1.20189
1.20425
1.20178
1.20173
1.20425
1.20164
1.20161
1.20155
1.20425
1.20425
1.20076
1.20066
1.20054
1.20063
1.20099
1.20157
1.20204
1.20225
1.20228
1.20425
1.20425
1.20194
1.20185
1.20184
1.20193
1.20195
1.20182
1.20192
)
;
    }
    front
    {
        type            empty;
    }
    back
    {
        type            empty;
    }
    air_to_aluminum
    {
        type            calculated;
        value           nonuniform List<scalar> 
129
(
1.14962
1.14965
1.1497
1.14979
1.14935
1.14916
1.14899
1.14885
1.14885
1.14899
1.14916
1.14935
1.14962
1.14965
1.1497
1.14978
1.14988
1.14979
1.14999
1.14994
1.15011
1.15008
1.15021
1.1502
1.15032
1.15031
1.15041
1.1504
1.1505
1.15049
1.15058
1.15057
1.15065
1.15064
1.15071
1.1507
1.15076
1.15076
1.15081
1.1508
1.15084
1.15084
1.15087
1.15087
1.15089
1.15089
1.1509
1.1509
1.1509
1.1509
1.1509
1.1509
1.14889
1.14901
1.14912
1.14922
1.14932
1.14941
1.14949
1.14957
1.14963
1.14969
1.14974
1.14978
1.14982
1.14984
1.14986
1.14987
1.14987
1.14987
1.14987
1.14987
1.14987
1.14987
1.14889
1.14901
1.14912
1.14922
1.14932
1.14941
1.14949
1.14957
1.14963
1.14969
1.14974
1.14978
1.14982
1.14984
1.14986
1.14987
1.14987
1.14987
1.14987
1.14979
1.14994
1.15008
1.1502
1.15031
1.1504
1.15049
1.15057
1.15064
1.1507
1.15076
1.1508
1.15084
1.15087
1.15089
1.1509
1.14988
1.14999
1.15011
1.15021
1.15032
1.15041
1.1505
1.15058
1.15065
1.15071
1.15076
1.15081
1.15084
1.15087
1.15089
1.1509
1.15089
1.1509
1.1509
1.1509
)
;
    }
}


// ************************************************************************* //
