/*--------------------------------*- C++ -*----------------------------------*\
| =========                 |                                                 |
| \\      /  F ield         | OpenFOAM: The Open Source CFD Toolbox           |
|  \\    /   O peration     | Version:                                        |
|   \\  /    A nd           | Website:  www.openfoam.com                      |
|    \\/     M anipulation  |                                                 |
\*---------------------------------------------------------------------------*/
FoamFile
{
    version     2.0;
    format      ascii;
    class       volVectorField;
    location    "1883.5/air";
    object      U;
}
// * * * * * * * * * * * * * * * * * * * * * * * * * * * * * * * * * * * * * //

dimensions      [0 1 -1 0 0 0 0];


internalField   nonuniform List<vector> 
2228
(
(0.000279892 -0.000273498 0)
(0.000855782 -0.00012558 0)
(0.000872752 0.000130702 0)
(0.000291854 0.000276059 0)
(0.000216091 -0.000910783 0)
(0.000861276 -0.000548619 0)
(0.000934911 0.000495786 0)
(0.000265781 0.000939573 0)
(0.000120197 -0.00134983 0)
(0.00053971 -0.000869985 0)
(0.00060832 0.000771734 0)
(0.000156151 0.00143607 0)
(5.8894e-05 -0.00159726 0)
(0.00028919 -0.00106436 0)
(0.000338708 0.000938802 0)
(8.06529e-05 0.00172921 0)
(2.1316e-05 -0.00171548 0)
(0.000139699 -0.00117546 0)
(0.000187581 0.00101962 0)
(4.56066e-05 0.00188328 0)
(-8.19279e-06 -0.00175805 0)
(5.58359e-05 -0.00125523 0)
(0.000131432 0.00104665 0)
(3.89655e-05 0.00197893 0)
(-3.90278e-05 -0.00175092 0)
(7.12891e-06 -0.00134626 0)
(0.000147155 0.00103734 0)
(5.48614e-05 0.00207454 0)
(-7.94931e-05 -0.00169757 0)
(-2.71167e-05 -0.00149152 0)
(0.000228685 0.000992617 0)
(9.50333e-05 0.00221817 0)
(-0.000141165 -0.00158444 0)
(-6.73217e-05 -0.00174489 0)
(0.000385857 0.000900079 0)
(0.000168773 0.00246506 0)
(-0.000237013 -0.00137625 0)
(-0.000148163 -0.00217873 0)
(0.000626417 0.000728949 0)
(0.000290195 0.00288816 0)
(-0.000383843 -0.00100456 0)
(-0.000357187 -0.00288333 0)
(0.000910634 0.000413427 0)
(0.000471588 0.00356724 0)
(-0.000600002 -0.000354036 0)
(-0.000873486 -0.0038975 0)
(0.00104253 -0.000230329 0)
(0.000686061 0.00450325 0)
(-0.000914535 0.000953707 0)
(-0.00192548 -0.00497236 0)
(0.00037945 -0.00147385 0)
(0.000780405 0.00545913 0)
(-0.00141502 0.00311599 0)
(-0.00344738 -0.00556743 0)
(-0.00182298 -0.00330347 0)
(0.000369453 0.00577181 0)
(-0.0014925 0.0059943 0)
(-0.00389002 -0.00516599 0)
(-0.00461993 -0.0053157 0)
(-0.000912721 0.00422338 0)
(0.000588004 0.00554345 0)
(-0.000405462 -0.00374376 0)
(-0.00424883 -0.00628317 0)
(-0.00232916 -0.00145241 0)
(-0.000293407 0.000276999 0)
(-0.000874716 0.000129552 0)
(-0.000853789 -0.000126865 0)
(-0.000278491 -0.00027241 0)
(-0.000269259 0.000944434 0)
(-0.000940404 0.000491723 0)
(-0.00085847 -0.000553673 0)
(-0.000213904 -0.000906025 0)
(-0.000162934 0.00144917 0)
(-0.000620182 0.00076179 0)
(-0.000533887 -0.000883932 0)
(-0.000115096 -0.00133856 0)
(-9.5681e-05 0.00176133 0)
(-0.000365937 0.000915837 0)
(-0.00027354 -0.00109821 0)
(-4.4635e-05 -0.00157076 0)
(-8.13528e-05 0.00195877 0)
(-0.000251136 0.000966432 0)
(-9.64577e-05 -0.00125255 0)
(1.676e-05 -0.00165656 0)
(-0.000122137 0.00215112 0)
(-0.000272077 0.000921382 0)
(5.36456e-05 -0.00142947 0)
(9.5258e-05 -0.00161946 0)
(-0.000238668 0.00245947 0)
(-0.000439568 0.000739315 0)
(0.000265255 -0.0017347 0)
(0.00023365 -0.00141118 0)
(-0.00047479 0.00305029 0)
(-0.000784289 0.000302146 0)
(0.000663144 -0.00231734 0)
(0.000491971 -0.000902908 0)
(-0.000870949 0.0041301 0)
(-0.00129232 -0.000621298 0)
(0.00131656 -0.00334478 0)
(0.000892922 0.000134713 0)
(-0.00135806 0.0057595 0)
(-0.00172316 -0.00234813 0)
(0.00200849 -0.00494759 0)
(0.00136959 0.00187527 0)
(-0.00166723 0.00770626 0)
(-0.00178742 -0.00480659 0)
(0.00204252 -0.00707313 0)
(0.00169396 0.00396984 0)
(-0.00165978 0.00977568 0)
(-0.00185753 -0.00693364 0)
(0.000651854 -0.00926568 0)
(0.00154904 0.00579142 0)
(-0.00150703 0.0118645 0)
(-0.00245061 -0.00769165 0)
(-0.00176942 -0.0114212 0)
(0.000934873 0.00670038 0)
(-0.00123844 0.0139466 0)
(-0.00263538 -0.00679214 0)
(-0.00295389 -0.0136509 0)
(-7.0735e-05 0.00590651 0)
(-0.000581097 0.0154123 0)
(-0.000254846 -0.00424454 0)
(-0.00039392 -0.0144787 0)
(-0.000995914 0.00466735 0)
(0.00147944 0.0134018 0)
(0.0058051 -0.00207912 0)
(0.00573341 -0.0126621 0)
(-0.00104477 0.00741699 0)
(0.0424392 0.0457621 0)
(0.0403763 0.0395595 0)
(0.0317099 0.0318461 0)
(0.02471 0.0251117 0)
(0.0259543 0.0177157 0)
(0.0313855 0.0187041 0)
(0.0328757 0.0184289 0)
(0.0335922 0.0177244 0)
(0.0190205 0.00817972 0)
(0.0218646 0.008446 0)
(0.0234395 0.00859125 0)
(0.0243474 0.0086031 0)
(0.035046 0.010455 0)
(0.0350969 0.0104243 0)
(0.0349406 0.0100533 0)
(0.034549 0.00950516 0)
(0.0455357 0.0121093 0)
(0.0453354 0.0120502 0)
(0.0451108 0.0117891 0)
(0.0447882 0.011388 0)
(0.0469881 0.0125098 0)
(0.0470118 0.012535 0)
(0.0470368 0.0124363 0)
(0.0470123 0.0122267 0)
(0.0423765 0.0116915 0)
(0.0426602 0.0118181 0)
(0.0429521 0.0118248 0)
(0.0432366 0.0117124 0)
(0.0342757 0.0100886 0)
(0.0346724 0.0102637 0)
(0.035065 0.0103051 0)
(0.0354525 0.0102213 0)
(0.0256829 0.00842563 0)
(0.025983 0.00867875 0)
(0.0262498 0.00883163 0)
(0.0264896 0.00889982 0)
(0.019232 0.00755666 0)
(0.0192524 0.00796175 0)
(0.0192297 0.00831686 0)
(0.0191761 0.00863613 0)
(0.0179267 0.00808864 0)
(0.0175693 0.00862841 0)
(0.0171897 0.0091403 0)
(0.0167991 0.00964569 0)
(0.024507 0.0100945 0)
(0.0237537 0.0107476 0)
(0.0230049 0.0113532 0)
(0.0222586 0.0119504 0)
(0.035618 0.0133093 0)
(0.034682 0.0141743 0)
(0.0337675 0.0149335 0)
(0.0328545 0.0156342 0)
(0.0415237 0.016278 0)
(0.0407995 0.0173957 0)
(0.0400761 0.0183697 0)
(0.039344 0.0192464 0)
(0.033939 0.0180835 0)
(0.0338107 0.0194213 0)
(0.0337078 0.0206057 0)
(0.0335838 0.0216578 0)
(0.0105837 0.0160571 0)
(0.0109639 0.0175286 0)
(0.0114044 0.0189513 0)
(0.0118514 0.020384 0)
(-0.0243971 0.0151243 0)
(-0.0233375 0.0165237 0)
(-0.0222507 0.0178552 0)
(-0.0211275 0.0190946 0)
(-0.0590161 0.00775784 0)
(-0.0576985 0.00902923 0)
(-0.0563968 0.0102833 0)
(-0.0551104 0.0114275 0)
(-0.0884041 0.00469924 0)
(-0.0868522 0.00626088 0)
(-0.0852355 0.00806652 0)
(-0.083637 0.010011 0)
(-0.0735302 -0.00432944 0)
(-0.0706211 -0.00765467 0)
(-0.067332 -0.00610358 0)
(-0.0662114 0.00406358 0)
(0.0205683 0.0195723 0)
(0.0184139 0.0145008 0)
(0.0149535 0.00854163 0)
(0.0111039 0.00189871 0)
(0.034647 0.0166915 0)
(0.0359225 0.0157145 0)
(0.0367846 0.0140728 0)
(0.0369267 0.0113862 0)
(0.0253012 0.00833959 0)
(0.0263317 0.00775495 0)
(0.0272705 0.00674063 0)
(0.0279396 0.00518362 0)
(0.0341697 0.00881538 0)
(0.0338722 0.00800719 0)
(0.0335993 0.00711532 0)
(0.0332911 0.00613439 0)
(0.0444024 0.0108634 0)
(0.0439784 0.0102241 0)
(0.0435091 0.00949805 0)
(0.0429713 0.00871994 0)
(0.0469319 0.0119116 0)
(0.0468062 0.0114947 0)
(0.0466391 0.0109954 0)
(0.0464162 0.0104468 0)
(0.0435038 0.0114862 0)
(0.0437603 0.0111532 0)
(0.0440132 0.0107296 0)
(0.0442617 0.0102355 0)
(0.0358195 0.0100175 0)
(0.0361612 0.00969443 0)
(0.0364815 0.00925126 0)
(0.0367892 0.00867617 0)
(0.0266772 0.00888134 0)
(0.0267959 0.00876581 0)
(0.0268401 0.0085382 0)
(0.0268044 0.0081724 0)
(0.0190643 0.00891215 0)
(0.0188753 0.00913478 0)
(0.0186007 0.00929344 0)
(0.018228 0.00937732 0)
(0.0163685 0.0101406 0)
(0.0158853 0.0106205 0)
(0.0153471 0.0110843 0)
(0.0147483 0.0115364 0)
(0.0214838 0.0125436 0)
(0.0206812 0.013133 0)
(0.0198625 0.0137211 0)
(0.0190314 0.0143143 0)
(0.0319038 0.0162864 0)
(0.030924 0.016897 0)
(0.0299374 0.0174747 0)
(0.0289536 0.0180294 0)
(0.0385636 0.0200331 0)
(0.0377466 0.020734 0)
(0.0369193 0.0213537 0)
(0.0360954 0.0218965 0)
(0.0333773 0.0225711 0)
(0.0330821 0.0233449 0)
(0.0327178 0.0239857 0)
(0.0323054 0.0245034 0)
(0.012254 0.0218042 0)
(0.012608 0.0231019 0)
(0.0129347 0.0241668 0)
(0.0132483 0.0249592 0)
(-0.019971 0.0202013 0)
(-0.018789 0.0211377 0)
(-0.0176054 0.0218984 0)
(-0.0164554 0.0225077 0)
(-0.0538522 0.0125107 0)
(-0.0526254 0.0135052 0)
(-0.0514206 0.0144807 0)
(-0.0502733 0.0154918 0)
(-0.0821336 0.0115577 0)
(-0.0807109 0.0126447 0)
(-0.0790923 0.013352 0)
(-0.0773361 0.0146314 0)
(-0.0689681 0.00815957 0)
(-0.0717165 0.0074323 0)
(-0.0716338 -0.00342127 0)
(-0.0672598 -0.00223256 0)
(0.00955201 -0.00117039 0)
(0.00919412 -0.0032583 0)
(0.00921343 -0.00542462 0)
(0.0367238 0.00884573 0)
(0.0363295 0.00685079 0)
(0.035989 0.00462082 0)
(0.0282442 0.00366309 0)
(0.0283787 0.00251598 0)
(0.0284984 0.00130152 0)
(0.0329553 0.00526409 0)
(0.0326462 0.00453823 0)
(0.0323493 0.00370325 0)
(0.0425199 0.00810479 0)
(0.0421471 0.00764367 0)
(0.0417722 0.00718834 0)
(0.0462357 0.0100026 0)
(0.0460879 0.00969284 0)
(0.0459222 0.0094025 0)
(0.0444683 0.00978432 0)
(0.0446306 0.00945141 0)
(0.0447283 0.00912068 0)
(0.0370111 0.00810631 0)
(0.0371851 0.00764013 0)
(0.0373305 0.00712848 0)
(0.0266988 0.00778395 0)
(0.0265985 0.00743521 0)
(0.0264587 0.00702858 0)
(0.0178475 0.0094108 0)
(0.0175261 0.00940803 0)
(0.01717 0.00939705 0)
(0.0142277 0.0119166 0)
(0.0138182 0.0122009 0)
(0.0134003 0.0125122 0)
(0.0183821 0.014813 0)
(0.0179051 0.015188 0)
(0.0174257 0.0155839 0)
(0.0282045 0.0184792 0)
(0.0276681 0.0188073 0)
(0.0271379 0.0191378 0)
(0.0354725 0.0223024 0)
(0.0350272 0.0225783 0)
(0.0345754 0.0228354 0)
(0.0319721 0.0248649 0)
(0.0317403 0.0250956 0)
(0.0315054 0.0252993 0)
(0.0134724 0.025423 0)
(0.0136392 0.0256625 0)
(0.0137935 0.0258305 0)
(-0.0155966 0.0229049 0)
(-0.0149678 0.0231541 0)
(-0.0143857 0.0233926 0)
(-0.0495234 0.0163481 0)
(-0.0489135 0.0169429 0)
(-0.048419 0.0175538 0)
(-0.0760563 0.0158095 0)
(-0.0747615 0.0164588 0)
(-0.073717 0.0172704 0)
(-0.0649561 -0.000803465 0)
(-0.0620522 -0.00109526 0)
(-0.060536 -0.00072672 0)
(0.00934122 -0.00708428 0)
(0.00954496 -0.00798072 0)
(0.00965718 -0.00863307 0)
(0.0355355 0.00310952 0)
(0.0354285 0.00239699 0)
(0.0351749 0.0015441 0)
(0.0284277 0.000596859 0)
(0.0284061 0.000387248 0)
(0.0283714 -5.26404e-07 0)
(0.0320128 0.00306622 0)
(0.0318452 0.00268977 0)
(0.0316714 0.00231029 0)
(0.0414616 0.00691377 0)
(0.0413062 0.0067451 0)
(0.041119 0.00659122 0)
(0.045834 0.00922652 0)
(0.045782 0.00913965 0)
(0.0457302 0.00904646 0)
(0.0449179 0.00884688 0)
(0.0449698 0.00870686 0)
(0.0450508 0.00855541 0)
(0.0374834 0.00667876 0)
(0.0375319 0.00643589 0)
(0.037607 0.00618288 0)
(0.0263449 0.0067016 0)
(0.0262631 0.00652666 0)
(0.0262008 0.00633244 0)
(0.0168697 0.00943071 0)
(0.0167046 0.00945917 0)
(0.0165422 0.00944374 0)
(0.0130681 0.0128142 0)
(0.0129008 0.0129813 0)
(0.012731 0.0130982 0)
(0.0171092 0.0159327 0)
(0.0169413 0.0161247 0)
(0.0167739 0.0162713 0)
(0.0267954 0.0194226 0)
(0.0266167 0.0195822 0)
(0.0264418 0.0196936 0)
(0.0343038 0.0230596 0)
(0.0341445 0.0231903 0)
(0.0339989 0.0232623 0)
(0.031368 0.0254795 0)
(0.031286 0.0255835 0)
(0.0312249 0.0256288 0)
(0.0139018 0.0259145 0)
(0.0139225 0.0259426 0)
(0.0139857 0.0259426 0)
(-0.0140367 0.0236111 0)
(-0.0138725 0.0237212 0)
(-0.0136486 0.0238059 0)
(-0.0481693 0.0180812 0)
(-0.0480859 0.0183184 0)
(-0.0478633 0.0185509 0)
(-0.0730694 0.0180751 0)
(-0.0727584 0.0184101 0)
(-0.0720019 0.0188012 0)
(-0.0596482 -0.000552767 0)
(-0.059131 -0.0045859 0)
(-0.0580393 0.00116051 0)
(0.00996948 -0.00956236 0)
(0.0108917 -0.0107876 0)
(0.0122997 -0.0117653 0)
(0.0347526 -0.000247005 0)
(0.0340064 -0.00299203 0)
(0.0334584 -0.00567003 0)
(0.0284396 -0.000938528 0)
(0.0281603 -0.00246633 0)
(0.0278224 -0.00399513 0)
(0.0314724 0.00153843 0)
(0.0308866 0.000326701 0)
(0.0302508 -0.00100573 0)
(0.0408355 0.00626113 0)
(0.0402229 0.00585886 0)
(0.039578 0.00546575 0)
(0.0456133 0.00883468 0)
(0.0454493 0.00861757 0)
(0.0452751 0.00845698 0)
(0.045139 0.00828841 0)
(0.0454193 0.00792531 0)
(0.0456887 0.00758337 0)
(0.0377005 0.00577234 0)
(0.0379558 0.00511292 0)
(0.0381959 0.00439579 0)
(0.0260475 0.00599852 0)
(0.0258009 0.0054126 0)
(0.0254837 0.00471868 0)
(0.0162283 0.00938473 0)
(0.0156593 0.00923664 0)
(0.0150167 0.00903691 0)
(0.012406 0.0132552 0)
(0.0118573 0.0135203 0)
(0.0112692 0.0138022 0)
(0.0164479 0.0164954 0)
(0.0159747 0.0169003 0)
(0.0154979 0.017339 0)
(0.0260973 0.0198622 0)
(0.0256232 0.020185 0)
(0.0251584 0.0205316 0)
(0.0337102 0.0233586 0)
(0.0333199 0.0235629 0)
(0.0329342 0.0237766 0)
(0.031092 0.0256813 0)
(0.0309067 0.0258143 0)
(0.030713 0.0259406 0)
(0.0140981 0.0259571 0)
(0.0142403 0.0260483 0)
(0.0143638 0.0261359 0)
(-0.0133041 0.0239386 0)
(-0.0128715 0.0241575 0)
(-0.0124716 0.024377 0)
(-0.0475714 0.0189127 0)
(-0.0472169 0.0194888 0)
(-0.0468576 0.0201121 0)
(-0.0713425 0.0192493 0)
(-0.0705182 0.0198421 0)
(-0.0696273 0.0201977 0)
(-0.0578325 0.0118602 0)
(-0.0596803 0.0117448 0)
(-0.0591267 0.00151177 0)
(0.0147777 -0.00902296 0)
(0.019436 -0.013429 0)
(0.0227363 -0.018848 0)
(0.0251585 -0.0106033 0)
(0.0326884 -0.00892704 0)
(0.0316866 -0.0132382 0)
(0.0303546 -0.017269 0)
(0.0284622 -0.014925 0)
(0.0273649 -0.00608006 0)
(0.0266011 -0.00855609 0)
(0.0257175 -0.00980711 0)
(0.0248731 -0.00466589 0)
(0.0293479 -0.00303948 0)
(0.0278909 -0.00578941 0)
(0.0263009 -0.00832822 0)
(0.025051 -0.00718872 0)
(0.0385833 0.00487361 0)
(0.0369295 0.00398966 0)
(0.0349316 0.00252453 0)
(0.0327858 0.000709626 0)
(0.0450009 0.00831597 0)
(0.0445805 0.00838243 0)
(0.0440582 0.00831668 0)
(0.04349 0.00771349 0)
(0.0461304 0.00720268 0)
(0.0468764 0.00680306 0)
(0.0478601 0.00613729 0)
(0.0490861 0.00472865 0)
(0.0386504 0.00335311 0)
(0.0394208 0.00164433 0)
(0.0404216 -0.000756484 0)
(0.0415726 -0.00415467 0)
(0.0250715 0.00356416 0)
(0.0244543 0.00159894 0)
(0.0237434 -0.00111592 0)
(0.0226968 -0.00477599 0)
(0.0140111 0.0086488 0)
(0.0124256 0.0079836 0)
(0.0104219 0.00703882 0)
(0.0078501 0.00554213 0)
(0.0103575 0.0141781 0)
(0.00904122 0.0147623 0)
(0.00748659 0.0154908 0)
(0.00561883 0.0162832 0)
(0.0148098 0.0179593 0)
(0.0139546 0.0188807 0)
(0.0131046 0.0199896 0)
(0.0122679 0.0213299 0)
(0.0245276 0.0210126 0)
(0.0238028 0.0216902 0)
(0.0231663 0.0224546 0)
(0.0226438 0.0233347 0)
(0.0324288 0.0240503 0)
(0.0318537 0.0244009 0)
(0.0313553 0.024752 0)
(0.0309352 0.0251086 0)
(0.0304677 0.0260854 0)
(0.0301589 0.0262593 0)
(0.0298749 0.0264366 0)
(0.0296253 0.0266423 0)
(0.0145724 0.0262632 0)
(0.0148239 0.0264013 0)
(0.0150561 0.0264909 0)
(0.0152683 0.0265289 0)
(-0.0119824 0.0246744 0)
(-0.0115098 0.0250071 0)
(-0.0111415 0.0253366 0)
(-0.0108844 0.0256653 0)
(-0.0462744 0.0209195 0)
(-0.045655 0.0219864 0)
(-0.0451227 0.0230376 0)
(-0.0446843 0.0240329 0)
(-0.0680008 0.0209327 0)
(-0.066229 0.0223144 0)
(-0.0646778 0.0240523 0)
(-0.0632808 0.0253109 0)
(-0.0549265 -0.000947237 0)
(-0.0496971 0.00181416 0)
(-0.0475484 0.0132047 0)
(-0.0489269 0.014591 0)
(0.0283527 0.00339059 0)
(0.0243996 0.021256 0)
(0.00902435 0.0331837 0)
(-0.0093418 0.0429727 0)
(0.0278561 0.00737116 0)
(0.0270303 0.0503843 0)
(0.0170015 0.0819391 0)
(0.00168892 0.0811264 0)
(0.0248856 0.0184701 0)
(0.0265747 0.0679307 0)
(0.0241874 0.112353 0)
(0.0165833 0.113634 0)
(0.0254823 0.00998971 0)
(0.0295661 0.0571808 0)
(0.0339114 0.114028 0)
(0.0338997 0.136055 0)
(0.0313753 0.0041526 0)
(0.0339006 0.0305266 0)
(0.0413356 0.0844727 0)
(0.048797 0.132619 0)
(0.0430165 0.00734537 0)
(0.0436471 0.0146444 0)
(0.0483061 0.0457454 0)
(0.0582925 0.10195 0)
(0.0506287 0.00365821 0)
(0.0525133 0.00679312 0)
(0.054841 0.0222571 0)
(0.0617048 0.0682473 0)
(0.0427749 -0.00687327 0)
(0.0444629 -0.00317578 0)
(0.045895 0.0124122 0)
(0.0499419 0.0520264 0)
(0.0209371 -0.00783404 0)
(0.0191419 -0.00404173 0)
(0.0185459 0.0138249 0)
(0.0217652 0.0493631 0)
(0.00454368 0.00377116 0)
(0.00078858 0.0046256 0)
(-0.00220334 0.0147347 0)
(-0.00227826 0.0369693 0)
(0.00333291 0.0169505 0)
(0.000630693 0.0177169 0)
(-0.00181689 0.0202647 0)
(-0.00375481 0.0273498 0)
(0.0114505 0.022877 0)
(0.0106187 0.0245104 0)
(0.00990171 0.0261917 0)
(0.00908491 0.0282064 0)
(0.0222722 0.0243563 0)
(0.022069 0.0255091 0)
(0.0220648 0.0267273 0)
(0.022097 0.0278761 0)
(0.0306089 0.025481 0)
(0.0303832 0.0258796 0)
(0.0302884 0.0263035 0)
(0.0302512 0.0267347 0)
(0.0294223 0.0268841 0)
(0.0292721 0.0271394 0)
(0.0292033 0.0273585 0)
(0.0291639 0.02752 0)
(0.0154639 0.026503 0)
(0.0156425 0.0263969 0)
(0.0158025 0.0262005 0)
(0.0159383 0.025916 0)
(-0.0107469 0.0259915 0)
(-0.0107464 0.0263071 0)
(-0.0108603 0.0266024 0)
(-0.0110346 0.0269467 0)
(-0.044302 0.0249328 0)
(-0.0439431 0.0258747 0)
(-0.0437107 0.0269579 0)
(-0.0434243 0.0280022 0)
(-0.0615793 0.0259357 0)
(-0.0594198 0.0262754 0)
(-0.0576535 0.0277107 0)
(-0.0558087 0.0280312 0)
(-0.0493356 0.00967404 0)
(-0.0450791 -0.00152993 0)
(-0.042175 0.0138522 0)
(-0.0429189 0.0149945 0)
(0.000485892 -3.01313e-06 0)
(0.000503636 1.42169e-06 0)
(0.000299294 9.0452e-06 0)
(-0.000174321 1.25774e-05 0)
(-0.00086292 1.1659e-05 0)
(-0.0016321 9.55047e-06 0)
(-0.00255141 2.87451e-05 0)
(-0.00339494 7.99847e-06 0)
(-0.00346464 -3.50536e-05 0)
(-0.0027955 -4.62831e-05 0)
(-0.0020898 -2.16963e-05 0)
(-0.00199045 2.00994e-05 0)
(-0.00258966 4.34573e-05 0)
(-0.00294911 -2.04077e-05 0)
(-0.00240347 -8.85613e-05 0)
(-0.00308964 6.21183e-05 0)
(-0.00917218 0.000515211 0)
(-0.0121844 -4.7496e-05 0)
(0.00826561 -0.00125533 0)
(0.0180926 0.0021692 0)
(0.00602005 -6.22702e-06 0)
(0.0059703 4.69927e-05 0)
(0.00541245 0.000150329 0)
(0.00410611 0.000254326 0)
(0.00205249 0.00031684 0)
(-0.000428861 0.000342537 0)
(-0.00321184 0.000383589 0)
(-0.00576312 0.000215171 0)
(-0.00674255 -0.000108481 0)
(-0.00605132 -0.000266473 0)
(-0.00485108 -0.000160947 0)
(-0.00450992 9.69642e-05 0)
(-0.00541701 0.000222168 0)
(-0.00617011 -1.82406e-05 0)
(-0.00639522 6.91194e-05 0)
(-0.010436 0.00111882 0)
(-0.0199302 0.001641 0)
(-0.0187646 -0.00239793 0)
(0.00612095 -0.00727592 0)
(0.0292751 0.00564337 0)
(0.0140969 -7.31683e-07 0)
(0.0139628 0.00013294 0)
(0.0131758 0.000394527 0)
(0.011323 0.000699656 0)
(0.00823151 0.000932826 0)
(0.00418488 0.00104628 0)
(-0.000427251 0.00109324 0)
(-0.00483906 0.000736743 0)
(-0.00736019 1.22262e-05 0)
(-0.00759798 -0.000446253 0)
(-0.00657918 -0.000335953 0)
(-0.00604639 0.000154481 0)
(-0.00685307 0.000436653 0)
(-0.00803474 0.000176772 0)
(-0.00968843 0.000715856 0)
(-0.015054 0.00232461 0)
(-0.0224918 0.0022593 0)
(-0.0176227 -0.00482286 0)
(0.00272163 -0.0136379 0)
(0.0318841 0.00971744 0)
(0.0232075 1.28122e-05 0)
(0.0230177 0.000239356 0)
(0.0221186 0.000687761 0)
(0.0200048 0.00125805 0)
(0.0163248 0.00176706 0)
(0.01115 0.00207045 0)
(0.00495795 0.00216058 0)
(-0.00134246 0.001641 0)
(-0.00590672 0.000466123 0)
(-0.00779649 -0.000452443 0)
(-0.00751948 -0.000487388 0)
(-0.00693194 0.000179792 0)
(-0.00751596 0.000680648 0)
(-0.00908921 0.000544004 0)
(-0.0115552 0.00148539 0)
(-0.0159722 0.00319051 0)
(-0.01995 0.00243493 0)
(-0.0130956 -0.00679485 0)
(0.00149627 -0.0193596 0)
(0.0316811 0.013823 0)
(0.0323965 2.97245e-05 0)
(0.0321846 0.00035334 0)
(0.0312611 0.000996454 0)
(0.0290907 0.00185976 0)
(0.0252117 0.00271469 0)
(0.0194521 0.00331592 0)
(0.0121396 0.00353908 0)
(0.00419841 0.00294692 0)
(-0.00261857 0.00135705 0)
(-0.00673298 -0.000153918 0)
(-0.00776478 -0.000538233 0)
(-0.00737745 0.000181976 0)
(-0.00770856 0.000927137 0)
(-0.00940496 0.000969957 0)
(-0.0118396 0.0021192 0)
(-0.0142082 0.00352932 0)
(-0.0152456 0.00219403 0)
(-0.00739393 -0.00826405 0)
(0.0013343 -0.0241885 0)
(0.0305088 0.0176171 0)
(0.0411291 4.63356e-05 0)
(0.0409188 0.000466059 0)
(0.0400285 0.00130123 0)
(0.0379255 0.0024617 0)
(0.0341063 0.00369412 0)
(0.0282269 0.00467544 0)
(0.0203565 0.00514466 0)
(0.0112192 0.00460005 0)
(0.00237311 0.00273886 0)
(-0.00432334 0.000560857 0)
(-0.00726005 -0.000395633 0)
(-0.00746223 0.000188439 0)
(-0.00755412 0.00114002 0)
(-0.00902459 0.00134707 0)
(-0.0109323 0.00251199 0)
(-0.0111658 0.0033943 0)
(-0.0105958 0.00164311 0)
(-0.00197996 -0.00934175 0)
(0.00151094 -0.0280848 0)
(0.0289999 0.0210993 0)
(0.0491325 6.1508e-05 0)
(0.0489384 0.000571973 0)
(0.0481163 0.00159015 0)
(0.0461502 0.00303839 0)
(0.0425358 0.00465086 0)
(0.0368481 0.00605609 0)
(0.0289232 0.00687506 0)
(0.0191505 0.00651653 0)
(0.00874792 0.00455085 0)
(-0.000433349 0.00178936 0)
(-0.00584237 4.91176e-05 0)
(-0.0071588 0.000245882 0)
(-0.00712359 0.00129066 0)
(-0.00808148 0.00161244 0)
(-0.00935996 0.00267115 0)
(-0.00788052 0.0029753 0)
(-0.00728671 0.000886038 0)
(0.00229135 -0.0103722 0)
(0.00169165 -0.0311447 0)
(0.0274075 0.0243406 0)
(0.0562753 7.45829e-05 0)
(0.0561066 0.000667405 0)
(0.0553742 0.00185573 0)
(0.0535846 0.00357524 0)
(0.0502494 0.00555278 0)
(0.0449271 0.00739135 0)
(0.0373075 0.00863073 0)
(0.0274396 0.00859019 0)
(0.0160873 0.00670536 0)
(0.00488629 0.00353238 0)
(-0.00329195 0.000909846 0)
(-0.00635599 0.000429371 0)
(-0.00648596 0.00137449 0)
(-0.00676913 0.00174701 0)
(-0.00755582 0.00265146 0)
(-0.00484249 0.0024888 0)
(-0.00554746 3.74321e-05 0)
(0.00539795 -0.0111511 0)
(0.00164046 -0.0336231 0)
(0.0258419 0.0273581 0)
(0.062494 8.50596e-05 0)
(0.0623572 0.000749721 0)
(0.0617293 0.00209314 0)
(0.0601411 0.00406395 0)
(0.0571252 0.00638294 0)
(0.052254 0.00864112 0)
(0.0451534 0.0103333 0)
(0.0356159 0.0107129 0)
(0.0239316 0.00908503 0)
(0.0113367 0.00571426 0)
(0.000588765 0.00228002 0)
(-0.00486461 0.000846956 0)
(-0.00568672 0.00142262 0)
(-0.00529441 0.00176273 0)
(-0.00581259 0.00250348 0)
(-0.00212271 0.0020918 0)
(-0.00463652 -0.000807926 0)
(0.00759455 -0.0118384 0)
(0.00132989 -0.0355977 0)
(0.0243448 0.0301441 0)
(0.0677518 9.23721e-05 0)
(0.067653 0.000816662 0)
(0.0671423 0.00229884 0)
(0.0657746 0.00449922 0)
(0.0631043 0.00713247 0)
(0.0587268 0.0097844 0)
(0.0522548 0.0119309 0)
(0.0433308 0.0127925 0)
(0.0318456 0.011566 0)
(0.0185355 0.00823098 0)
(0.00576827 0.00416342 0)
(-0.00243621 0.00162547 0)
(-0.00468825 0.00150936 0)
(-0.0038385 0.00169289 0)
(-0.00429689 0.00224519 0)
(0.000330712 0.00184367 0)
(-0.0039485 -0.00156027 0)
(0.00918295 -0.012506 0)
(0.000806712 -0.0371376 0)
(0.0229209 0.0326887 0)
(0.0720194 9.58962e-05 0)
(0.0719645 0.00086608 0)
(0.0715841 0.00246971 0)
(0.0704551 0.00487682 0)
(0.0681535 0.00779574 0)
(0.0642979 0.0108107 0)
(0.058507 0.0133938 0)
(0.0503588 0.0147611 0)
(0.0394691 0.0140377 0)
(0.0260759 0.0109481 0)
(0.0119842 0.00649353 0)
(0.0011698 0.00287796 0)
(-0.00331574 0.0017513 0)
(-0.00251235 0.00159095 0)
(-0.00304779 0.0018654 0)
(0.00246265 0.00173415 0)
(-0.00299252 -0.00223171 0)
(0.0103474 -0.0131001 0)
(0.00013096 -0.0383159 0)
(0.021555 0.0349879 0)
(0.0752666 9.49268e-05 0)
(0.0752625 0.000895723 0)
(0.0750268 0.00260259 0)
(0.074156 0.00519256 0)
(0.0722473 0.00836771 0)
(0.0689405 0.0117138 0)
(0.063862 0.0147062 0)
(0.0565723 0.0165748 0)
(0.0465384 0.0164117 0)
(0.0335844 0.0137343 0)
(0.0188837 0.00915905 0)
(0.00598753 0.00464513 0)
(-0.00125162 0.0022832 0)
(-0.00130406 0.00153706 0)
(-0.00190582 0.00141223 0)
(0.00396506 0.00163966 0)
(-0.00155173 -0.00276694 0)
(0.0112043 -0.013539 0)
(-0.000624426 -0.039184 0)
(0.0202206 0.0370385 0)
(0.0774614 8.85851e-05 0)
(0.0775162 0.000903106 0)
(0.0774415 0.00269409 0)
(0.0768506 0.00544193 0)
(0.0753614 0.00884294 0)
(0.072634 0.012488 0)
(0.068297 0.0158591 0)
(0.0619087 0.0182076 0)
(0.0528821 0.0186239 0)
(0.040755 0.016476 0)
(0.0260962 0.0120238 0)
(0.0118094 0.00687365 0)
(0.00187782 0.00324595 0)
(-5.40283e-05 0.00163903 0)
(-0.00089655 0.000956894 0)
(0.00494941 0.00143175 0)
(-8.65568e-05 -0.00319531 0)
(0.0118242 -0.0137927 0)
(-0.00138328 -0.0397799 0)
(0.0188852 0.0388411 0)
(0.0785735 7.57583e-05 0)
(0.0786965 0.000885415 0)
(0.0788009 0.00274058 0)
(0.0785131 0.00562 0)
(0.0774721 0.0092153 0)
(0.0753583 0.0131271 0)
(0.0717969 0.0168459 0)
(0.0663406 0.0196449 0)
(0.0584016 0.0206325 0)
(0.0473607 0.0190831 0)
(0.0332814 0.0149533 0)
(0.018326 0.00945599 0)
(0.00621505 0.00471001 0)
(0.00160961 0.00201724 0)
(2.33255e-05 0.000573723 0)
(0.00555057 0.00113048 0)
(0.00113252 -0.00357195 0)
(0.0122563 -0.0138777 0)
(-0.0020658 -0.0401355 0)
(0.0175124 0.0404015 0)
(0.0785786 5.51845e-05 0)
(0.0787811 0.00083946 0)
(0.0790846 0.00273808 0)
(0.0791234 0.00572156 0)
(0.0785596 0.0094783 0)
(0.0770952 0.0136237 0)
(0.0743485 0.0176595 0)
(0.0698562 0.0208778 0)
(0.0630475 0.022412 0)
(0.0532486 0.0214894 0)
(0.0401553 0.0178295 0)
(0.0251997 0.012258 0)
(0.0115965 0.00664789 0)
(0.0041894 0.00278723 0)
(0.00109969 0.000372134 0)
(0.00589255 0.000796713 0)
(0.00203626 -0.00393244 0)
(0.01256 -0.0138394 0)
(-0.00258493 -0.0402758 0)
(0.0160615 0.0417263 0)
(0.0774644 2.59755e-05 0)
(0.0777598 0.00076307 0)
(0.0782843 0.00268314 0)
(0.078673 0.00574149 0)
(0.0786133 0.00962548 0)
(0.0778321 0.0139704 0)
(0.0759402 0.0182925 0)
(0.0724491 0.0218992 0)
(0.0667994 0.023948 0)
(0.0583266 0.0236507 0)
(0.0464998 0.0205573 0)
(0.0321093 0.0151431 0)
(0.0177357 0.00896415 0)
(0.00792526 0.00401301 0)
(0.00276316 0.000478515 0)
(0.00616694 0.000502545 0)
(0.00273097 -0.00429334 0)
(0.0128239 -0.0137203 0)
(-0.00284589 -0.0401958 0)
(0.014488 0.0428392 0)
(0.0752378 -1.70538e-05 0)
(0.0756421 0.000651053 0)
(0.0764115 0.00257186 0)
(0.0771713 0.00567515 0)
(0.0776378 0.00965112 0)
(0.0775674 0.0141601 0)
(0.0765662 0.0187368 0)
(0.074115 0.0227021 0)
(0.0696512 0.0252317 0)
(0.0625457 0.0255383 0)
(0.0521607 0.0230634 0)
(0.0387767 0.0179873 0)
(0.0243072 0.0115271 0)
(0.0127546 0.00568016 0)
(0.00540895 0.000999546 0)
(0.00667907 0.0003396 0)
(0.00347501 -0.00463571 0)
(0.0131765 -0.0135217 0)
(-0.00275072 -0.0398375 0)
(0.0127585 0.0437163 0)
(0.0719302 -7.76155e-05 0)
(0.0724654 0.000499004 0)
(0.0735067 0.00240079 0)
(0.0746551 0.00551882 0)
(0.0756606 0.00955114 0)
(0.0763168 0.0141876 0)
(0.076231 0.0189857 0)
(0.0748541 0.0232811 0)
(0.0716043 0.0262605 0)
(0.0658869 0.027142 0)
(0.0570408 0.0253036 0)
(0.0449814 0.020695 0)
(0.0309951 0.0142036 0)
(0.0184295 0.00770725 0)
(0.00920092 0.00198235 0)
(0.00783635 0.000402433 0)
(0.00464516 -0.00491462 0)
(0.0137945 -0.0132301 0)
(-0.00220494 -0.0391415 0)
(0.0108019 0.044568 0)
(0.0676099 -0.000157545 0)
(0.0683051 0.000302358 0)
(0.0696499 0.00216582 0)
(0.0711997 0.00526974 0)
(0.072742 0.00932346 0)
(0.0741211 0.0140501 0)
(0.0749559 0.0190325 0)
(0.0746712 0.0236228 0)
(0.072654 0.0270151 0)
(0.0683299 0.0284326 0)
(0.0610637 0.0272217 0)
(0.0505402 0.0231641 0)
(0.0375081 0.016852 0)
(0.0246274 0.00996936 0)
(0.0140609 0.00338593 0)
(0.0100747 0.000745156 0)
(0.006647 -0.00515545 0)
(0.0148778 -0.0129536 0)
(-0.00111835 -0.0381903 0)
(0.0088681 0.0447368 0)
(0.0623846 -0.000258938 0)
(0.0632804 5.6962e-05 0)
(0.0649739 0.00186205 0)
(0.0669292 0.00492845 0)
(0.0689774 0.00897136 0)
(0.0710454 0.0137546 0)
(0.0728008 0.0188994 0)
(0.0736533 0.023777 0)
(0.0729306 0.0275761 0)
(0.0700336 0.0295112 0)
(0.0643635 0.0289133 0)
(0.0554819 0.0254449 0)
(0.0437044 0.0194337 0)
(0.0310496 0.0123336 0)
(0.0197844 0.00506749 0)
(0.0137569 0.0013008 0)
(0.00975676 -0.00543238 0)
(0.01658 -0.0128873 0)
(0.000586837 -0.0371476 0)
(0.00504552 0.0472431 0)
(0.0473211 -0.000598674 0)
(0.0489435 -0.000633582 0)
(0.0517046 0.000945434 0)
(0.0545364 0.0038587 0)
(0.0573529 0.00777215 0)
(0.0603498 0.0124781 0)
(0.0634878 0.0177127 0)
(0.0664231 0.0229938 0)
(0.0685549 0.0275883 0)
(0.0691766 0.0306851 0)
(0.0675972 0.0315556 0)
(0.0632408 0.0297066 0)
(0.0559002 0.0250562 0)
(0.0463625 0.0184389 0)
(0.03611 0.0106012 0)
(0.0273067 0.00388214 0)
(0.0205942 -0.00441552 0)
(0.0227541 -0.0118693 0)
(0.0068267 -0.0330918 0)
(0.0230482 0.0322679 0)
(0.0210101 -0.00192621 0)
(0.0265827 -0.00273026 0)
(0.0328145 -0.00135422 0)
(0.0375436 0.0014888 0)
(0.0410588 0.00540296 0)
(0.0441543 0.0100215 0)
(0.0473544 0.0150551 0)
(0.0510014 0.0202466 0)
(0.0551362 0.0251827 0)
(0.0593034 0.0292374 0)
(0.0626809 0.0316916 0)
(0.0643762 0.0319088 0)
(0.0636516 0.0294787 0)
(0.0602811 0.0246185 0)
(0.0546864 0.0178825 0)
(0.0478351 0.010554 0)
(0.0404567 0.00195492 0)
(0.0344356 -0.00685386 0)
(0.0178453 -0.0225913 0)
(0.0111335 0.00442801 0)
(0.00346267 -0.00723347 0)
(0.0158797 -0.00939356 0)
(0.024571 -0.00680232 0)
(0.0299545 -0.00247322 0)
(0.0332717 0.00258047 0)
(0.0353316 0.0078496 0)
(0.0366525 0.0129218 0)
(0.038027 0.0175272 0)
(0.0405422 0.021637 0)
(0.0447354 0.0252252 0)
(0.0501058 0.0279719 0)
(0.0555131 0.0293065 0)
(0.0597369 0.0286508 0)
(0.0618962 0.0258212 0)
(0.0615862 0.021054 0)
(0.0588709 0.0150715 0)
(0.0538077 0.00804288 0)
(0.0465731 0.0012102 0)
(0.0335054 -0.00757994 0)
(0.0181561 0.00372325 0)
(0.000812718 -0.0149132 0)
(0.0140599 -0.0178766 0)
(0.021754 -0.0127199 0)
(0.0262126 -0.00598754 0)
(0.0292393 0.000523439 0)
(0.0312571 0.00683509 0)
(0.0318285 0.0126939 0)
(0.0308648 0.0171976 0)
(0.0298817 0.0199607 0)
(0.0310441 0.0216618 0)
(0.0351393 0.0230448 0)
(0.0412825 0.0240849 0)
(0.04793 0.0242028 0)
(0.0537072 0.0229192 0)
(0.057628 0.020144 0)
(0.059153 0.0162659 0)
(0.057851 0.0116795 0)
(0.0537911 0.00746129 0)
(0.0459306 0.00382317 0)
(0.0376761 0.00851039 0)
(0.000884455 -0.0210041 0)
(0.0133119 -0.0245352 0)
(0.0196179 -0.0170904 0)
(0.0234728 -0.00864451 0)
(0.0264244 -0.00130827 0)
(0.0286517 0.00583322 0)
(0.0294849 0.0131665 0)
(0.0277422 0.0189894 0)
(0.0239744 0.0213835 0)
(0.0212153 0.0208482 0)
(0.0220721 0.0195694 0)
(0.0265663 0.0188347 0)
(0.0331624 0.0184284 0)
(0.0402499 0.0177221 0)
(0.0465474 0.0163573 0)
(0.0511796 0.0144369 0)
(0.0534627 0.0122334 0)
(0.0532996 0.0104432 0)
(0.0503411 0.00928409 0)
(0.047 0.0113624 0)
(0.002247 -0.0267668 0)
(0.0127864 -0.0302169 0)
(0.0177633 -0.0211375 0)
(0.021622 -0.0116206 0)
(0.0250177 -0.00351804 0)
(0.0271424 0.00460378 0)
(0.0276461 0.0136109 0)
(0.025653 0.0216663 0)
(0.020535 0.0250721 0)
(0.0148045 0.0229663 0)
(0.0123702 0.0185754 0)
(0.0143954 0.0150977 0)
(0.0195195 0.0130958 0)
(0.0261444 0.011972 0)
(0.0329919 0.0111808 0)
(0.0391049 0.010563 0)
(0.0437222 0.0101474 0)
(0.0465448 0.010204 0)
(0.0473705 0.0106475 0)
(0.0471487 0.0120034 0)
(0.00204076 -0.0312888 0)
(0.011523 -0.0351305 0)
(0.0156299 -0.0249611 0)
(0.0199087 -0.0150551 0)
(0.0238919 -0.00595596 0)
(0.0258729 0.00377121 0)
(0.0254418 0.0145166 0)
(0.0228305 0.0248019 0)
(0.0172302 0.0299096 0)
(0.0100011 0.0269992 0)
(0.00544551 0.0195913 0)
(0.00563815 0.0130449 0)
(0.00926005 0.00890684 0)
(0.0147633 0.00674501 0)
(0.0209987 0.00585465 0)
(0.0271224 0.00584406 0)
(0.0324767 0.00650548 0)
(0.0367128 0.00777809 0)
(0.0396976 0.00934864 0)
(0.041512 0.0109671 0)
(0.00120684 -0.0362423 0)
(0.00976312 -0.0391438 0)
(0.0131123 -0.0286768 0)
(0.0177977 -0.0189491 0)
(0.0219108 -0.00847092 0)
(0.0234043 0.00353638 0)
(0.0219406 0.0162434 0)
(0.0185268 0.0283853 0)
(0.0128989 0.0351448 0)
(0.00545066 0.031765 0)
(0.000337754 0.0216178 0)
(7.55172e-05 0.0119128 0)
(0.00310277 0.00560442 0)
(0.00767455 0.00235613 0)
(0.0127501 0.00120743 0)
(0.0178376 0.00145453 0)
(0.0225761 0.00268506 0)
(0.0267633 0.0046617 0)
(0.0303346 0.00696556 0)
(0.0329609 0.00908928 0)
(0.00274311 -0.0401937 0)
(0.00787423 -0.0418556 0)
(0.0104597 -0.0323179 0)
(0.0148879 -0.0228834 0)
(0.018216 -0.0104854 0)
(0.0186631 0.00406779 0)
(0.0163786 0.0186851 0)
(0.0125478 0.0322448 0)
(0.00736888 0.0401801 0)
(0.000753906 0.0362558 0)
(-0.00346931 0.0234669 0)
(-0.00285556 0.0107716 0)
(0.000382845 0.00266682 0)
(0.00397161 -0.00099191 0)
(0.00773548 -0.00215376 0)
(0.0116395 -0.00180781 0)
(0.0154598 -0.000383196 0)
(0.0190023 0.00189798 0)
(0.0221633 0.00459765 0)
(0.0245204 0.00716384 0)
(-0.000262259 -0.0444118 0)
(0.00548532 -0.043733 0)
(0.00758727 -0.0354985 0)
(0.0104784 -0.0258387 0)
(0.0122287 -0.0111989 0)
(0.0114115 0.00549257 0)
(0.00881642 0.0214652 0)
(0.00524933 0.0358733 0)
(0.00109074 0.0444569 0)
(-0.00383483 0.0395828 0)
(-0.00598155 0.0242932 0)
(-0.00374577 0.00907192 0)
(-0.000528729 0.000194891 0)
(0.00243343 -0.00347799 0)
(0.00590317 -0.0049042 0)
(0.00950224 -0.00460567 0)
(0.0128673 -0.00304222 0)
(0.0156307 -0.000496528 0)
(0.0176623 0.0027207 0)
(0.018785 0.00590512 0)
(0.00528417 -0.0457983 0)
(0.00356517 -0.0441088 0)
(0.00410388 -0.0373835 0)
(0.004145 -0.0268566 0)
(0.00424161 -0.0102766 0)
(0.00254567 0.0075515 0)
(0.000239958 0.0239306 0)
(-0.00257251 0.0388878 0)
(-0.00521054 0.0473576 0)
(-0.00767921 0.0410399 0)
(-0.00702806 0.0234669 0)
(-0.0029803 0.0066893 0)
(0.000222897 -0.00211336 0)
(0.00405841 -0.00620393 0)
(0.00848061 -0.00775465 0)
(0.0127387 -0.00718631 0)
(0.0162667 -0.00500901 0)
(0.0183292 -0.00166387 0)
(0.0190647 0.00222449 0)
(0.0185111 0.00604921 0)
(0.00100587 -0.0457411 0)
(-0.000408959 -0.0432671 0)
(-0.000478606 -0.0372889 0)
(-0.00354797 -0.0258011 0)
(-0.00454589 -0.00848928 0)
(-0.00646054 0.00924697 0)
(-0.00831867 0.0259304 0)
(-0.0100817 0.0409092 0)
(-0.0107119 0.0483016 0)
(-0.010105 0.040123 0)
(-0.00629599 0.0207518 0)
(-0.000430392 0.00355091 0)
(0.00386733 -0.00530747 0)
(0.0100798 -0.0101106 0)
(0.0168391 -0.0118326 0)
(0.0227727 -0.0107023 0)
(0.0269857 -0.00726701 0)
(0.0288492 -0.00237455 0)
(0.0285502 0.00284184 0)
(0.0262182 0.0075741 0)
(0.00674464 -0.0427153 0)
(-0.00314057 -0.0403219 0)
(-0.00580868 -0.0350417 0)
(-0.0114578 -0.0233398 0)
(-0.0132002 -0.00663954 0)
(-0.0150993 0.0106789 0)
(-0.0163549 0.0273159 0)
(-0.0165841 0.0414542 0)
(-0.0146381 0.0468375 0)
(-0.0105331 0.0366307 0)
(-0.00342614 0.0161498 0)
(0.00425177 -0.000928076 0)
(0.0114886 -0.010738 0)
(0.0204658 -0.0164946 0)
(0.0289129 -0.0181466 0)
(0.03543 -0.0158225 0)
(0.0396326 -0.0104443 0)
(0.0413984 -0.00339698 0)
(0.0409521 0.00382459 0)
(0.0378589 0.009996 0)
(-0.00146396 -0.0389197 0)
(-0.00817006 -0.035948 0)
(-0.0117488 -0.0310099 0)
(-0.0190428 -0.0199256 0)
(-0.0214981 -0.0044183 0)
(-0.0232373 0.0119719 0)
(-0.0233791 0.0277206 0)
(-0.0214002 0.0399778 0)
(-0.0163768 0.0426664 0)
(-0.00863712 0.0306134 0)
(0.0015595 0.00971009 0)
(0.0111681 -0.00728118 0)
(0.0213598 -0.0186812 0)
(0.0301522 -0.0244415 0)
(0.036302 -0.024687 0)
(0.0403536 -0.0205155 0)
(0.0430915 -0.01325 0)
(0.0446511 -0.00435009 0)
(0.0449496 0.00458653 0)
(0.0430767 0.0121608 0)
(-0.000494511 -0.0376129 0)
(-0.0118553 -0.0309201 0)
(-0.0170088 -0.0256675 0)
(-0.0256592 -0.015814 0)
(-0.0287491 -0.00215893 0)
(-0.0300038 0.0126895 0)
(-0.0284942 0.0265434 0)
(-0.0238182 0.0360431 0)
(-0.0155811 0.0357762 0)
(-0.00449372 0.022265 0)
(0.00812221 0.00111165 0)
(0.0193862 -0.015811 0)
(0.0266826 -0.0258791 0)
(0.0289146 -0.0288528 0)
(0.0286127 -0.0268364 0)
(0.0286036 -0.021891 0)
(0.029825 -0.0144436 0)
(0.0316179 -0.00514331 0)
(0.0332694 0.00484288 0)
(0.0339599 0.0133795 0)
(-0.00131585 -0.0289111 0)
(-0.0164607 -0.0247753 0)
(-0.0209175 -0.0195935 0)
(-0.0302821 -0.0113015 0)
(-0.0336845 -4.00204e-05 0)
(-0.0339968 0.0122725 0)
(-0.0306418 0.0232604 0)
(-0.0233428 0.0294765 0)
(-0.0124724 0.0264065 0)
(0.000767668 0.0118513 0)
(0.0144322 -0.00800942 0)
(0.0207744 -0.0213291 0)
(0.0173 -0.0258679 0)
(0.00949417 -0.0252963 0)
(0.0032312 -0.0235571 0)
(0.000512459 -0.0208155 0)
(0.000821723 -0.0149889 0)
(0.00306082 -0.00658102 0)
(0.00624011 0.00266637 0)
(0.00929577 0.0112121 0)
(-0.00575833 -0.0212283 0)
(-0.0221834 -0.0184448 0)
(-0.0238013 -0.0136161 0)
(-0.0319283 -0.0069711 0)
(-0.0351429 0.00134435 0)
(-0.0342645 0.0106732 0)
(-0.0291527 0.0182597 0)
(-0.0199684 0.0211754 0)
(-0.00785906 0.0158819 0)
(0.00567156 0.000694987 0)
(0.0124199 -0.0132971 0)
(0.00535385 -0.0176046 0)
(-0.00964031 -0.0164831 0)
(-0.0221492 -0.0170957 0)
(-0.030597 -0.0191372 0)
(-0.0360543 -0.018768 0)
(-0.0381049 -0.0141588 0)
(-0.0365837 -0.00662652 0)
(-0.0321555 0.00259947 0)
(-0.0272392 0.0107643 0)
(-0.00785683 -0.0159939 0)
(-0.0266813 -0.0127995 0)
(-0.0271712 -0.0087745 0)
(-0.0315133 -0.00249441 0)
(-0.0323241 0.00241412 0)
(-0.030255 0.00751678 0)
(-0.0240535 0.0111594 0)
(-0.014789 0.0106955 0)
(-0.00510417 0.00434963 0)
(0.00025134 -0.0062645 0)
(-0.0096431 -0.00708093 0)
(-0.0248796 -0.00499656 0)
(-0.0387098 -0.0053831 0)
(-0.0503115 -0.00942601 0)
(-0.0612084 -0.0130775 0)
(-0.0699148 -0.0155379 0)
(-0.074273 -0.014266 0)
(-0.0734883 -0.0104614 0)
(-0.0688082 -0.00367734 0)
(-0.062738 0.00323607 0)
(0.00173646 -0.00375185 0)
(-0.0272946 -0.0074298 0)
(-0.0320663 -0.00830108 0)
(-0.0370004 -0.00455016 0)
(-0.0358918 -0.000637668 0)
(-0.0321696 0.00329741 0)
(-0.0272907 0.0057763 0)
(-0.0238269 0.00669334 0)
(-0.026484 0.00712549 0)
(-0.0335589 0.00398486 0)
(-0.0388613 0.00489899 0)
(-0.0438643 0.00509125 0)
(-0.0516471 0.00595252 0)
(-0.0607578 -0.00232016 0)
(-0.0710304 -0.0062002 0)
(-0.0821236 -0.0118677 0)
(-0.0910329 -0.0122912 0)
(-0.0947974 -0.0114376 0)
(-0.0954519 -0.00530753 0)
(-0.092047 -0.00103764 0)
(-0.0142854 0.00850871 0)
(-0.0214947 0.00420766 0)
(-0.0270094 0.000941195 0)
(-0.0341366 0.00244286 0)
(-0.0360882 -0.000420131 0)
(-0.0350974 0.00227898 0)
(-0.034228 0.00517865 0)
(-0.0337893 0.00889584 0)
(-0.0384716 0.0121967 0)
(-0.0406497 0.000934928 0)
(-0.036499 0.00281199 0)
(-0.031774 0.00153673 0)
(-0.0319277 0.0111808 0)
(-0.0329542 0.00147146 0)
(-0.0380863 0.00863021 0)
(-0.0491066 -0.000678267 0)
(-0.0593116 0.00136294 0)
(-0.065348 -0.00593351 0)
(-0.071137 0.000194354 0)
(-0.0782552 -0.00574002 0)
(-0.0153577 0.00183901 0)
(-0.00720297 -0.00114318 0)
(0.00878498 -6.17409e-06 0)
(0.00417981 9.59164e-05 0)
(0.00323073 0.000130775 0)
(0.00215363 3.63401e-05 0)
(0.00169898 2.15227e-05 0)
(0.00135096 1.5047e-05 0)
(0.00106812 1.34297e-06 0)
(0.000934846 -7.79454e-06 0)
(0.000917344 -1.19467e-05 0)
(0.000986726 -1.36722e-05 0)
(0.00114579 -1.4754e-05 0)
(0.00143052 -1.7309e-05 0)
(0.00178864 -1.39536e-05 0)
(0.00229057 -2.05818e-05 0)
(0.00257006 -7.31491e-06 0)
(0.00385014 -8.68534e-05 0)
(0.00381486 -0.00012851 0)
(0.0127807 -0.000407876 0)
(-0.0244402 0.00496207 0)
(-0.00746529 -0.00597655 0)
(0.0129552 -0.00117955 0)
(0.00812685 0.000456155 0)
(0.00715396 0.00054013 0)
(0.00611487 0.000211082 0)
(0.00549178 0.000145288 0)
(0.00488079 0.000131169 0)
(0.00422716 8.44872e-05 0)
(0.0037163 3.64687e-05 0)
(0.0033887 -1.37136e-06 0)
(0.00326585 -3.68217e-05 0)
(0.00340618 -7.94836e-05 0)
(0.00390974 -0.000128107 0)
(0.00467702 -0.000157252 0)
(0.00582636 -0.000184588 0)
(0.00660297 -0.000207403 0)
(0.00913003 -0.000418533 0)
(0.00906035 -0.00112804 0)
(0.0234321 -0.0021407 0)
(-0.0262145 0.00870724 0)
(-0.00619784 -0.0109334 0)
(0.0112241 -0.00215244 0)
(0.00743218 0.000550448 0)
(0.00839805 0.000786157 0)
(0.008249 0.000280851 0)
(0.00796617 0.00024847 0)
(0.00747665 0.000271508 0)
(0.00675695 0.000223476 0)
(0.0060187 0.000151559 0)
(0.0053989 7.41213e-05 0)
(0.00501881 -1.8114e-05 0)
(0.00501322 -0.00013766 0)
(0.00553494 -0.000272403 0)
(0.006469 -0.000370966 0)
(0.00794269 -0.000438658 0)
(0.00901642 -0.00050545 0)
(0.0119474 -0.000843795 0)
(0.0119475 -0.00216158 0)
(0.0254298 -0.0039939 0)
(-0.0256472 0.0125274 0)
(-0.00602687 -0.0152057 0)
(0.00722976 -0.00272155 0)
(0.00480287 0.000349281 0)
(0.0080635 0.000702094 0)
(0.00865455 0.000194909 0)
(0.00883101 0.000282054 0)
(0.00868106 0.000378053 0)
(0.00813273 0.00036699 0)
(0.00736484 0.000302082 0)
(0.0065775 0.000197096 0)
(0.00599184 4.12272e-05 0)
(0.00582094 -0.000175439 0)
(0.00626283 -0.000421234 0)
(0.00720847 -0.000615088 0)
(0.00879182 -0.000735195 0)
(0.00997275 -0.000843421 0)
(0.0128594 -0.00128386 0)
(0.0127109 -0.0030109 0)
(0.023258 -0.00557843 0)
(-0.0243345 0.0161047 0)
(-0.00609471 -0.0186633 0)
(0.00307353 -0.00337385 0)
(0.00262388 -0.000180395 0)
(0.00712392 0.000363531 0)
(0.00782214 5.43725e-06 0)
(0.00838779 0.000239353 0)
(0.00864698 0.000419013 0)
(0.00837908 0.000478915 0)
(0.00770641 0.000456741 0)
(0.0068583 0.000346503 0)
(0.00613047 0.000133425 0)
(0.00580046 -0.000186406 0)
(0.0061081 -0.000554487 0)
(0.00696877 -0.000858204 0)
(0.00854355 -0.00103758 0)
(0.00969846 -0.00116903 0)
(0.0123462 -0.00166768 0)
(0.0116746 -0.00354455 0)
(0.0192663 -0.00679134 0)
(-0.0227962 0.0193782 0)
(-0.00584441 -0.0215361 0)
(1.33823e-05 -0.00395505 0)
(0.00161398 -0.000888648 0)
(0.00590632 -1.94646e-05 0)
(0.00617195 -0.000200958 0)
(0.0070684 0.000129904 0)
(0.0077102 0.000387379 0)
(0.00771777 0.000547329 0)
(0.00717288 0.000600333 0)
(0.00631257 0.000509242 0)
(0.00547591 0.000252433 0)
(0.00498394 -0.000166854 0)
(0.00511965 -0.000660398 0)
(0.00584375 -0.00108469 0)
(0.00736859 -0.00132803 0)
(0.00843115 -0.00145972 0)
(0.0107828 -0.00194713 0)
(0.00928681 -0.00377833 0)
(0.0148188 -0.00770629 0)
(-0.0212077 0.0223573 0)
(-0.00525357 -0.0239584 0)
(-0.00175315 -0.00446592 0)
(0.00150607 -0.00164425 0)
(0.00448103 -0.000266828 0)
(0.00404351 -0.000373978 0)
(0.00524817 -4.17561e-05 0)
(0.00617311 0.000294248 0)
(0.00638003 0.000578655 0)
(0.00593306 0.000732111 0)
(0.00505961 0.000682091 0)
(0.00411545 0.000397786 0)
(0.00344765 -0.000113341 0)
(0.00339232 -0.000733209 0)
(0.00398215 -0.00129152 0)
(0.00548105 -0.00160324 0)
(0.00644503 -0.00171035 0)
(0.00850071 -0.00209904 0)
(0.00607939 -0.00380417 0)
(0.0107391 -0.00844753 0)
(-0.0196155 0.0250392 0)
(-0.00451403 -0.026008 0)
(-0.00249122 -0.00497539 0)
(0.00198714 -0.00234124 0)
(0.00295803 -0.000278525 0)
(0.00172515 -0.000492717 0)
(0.00318042 -0.000261954 0)
(0.00423823 0.000163906 0)
(0.00454484 0.000588329 0)
(0.00414098 0.000859343 0)
(0.00322666 0.000868435 0)
(0.00215805 0.000572615 0)
(0.00130372 -2.09867e-05 0)
(0.00107633 -0.000775477 0)
(0.00160957 -0.00148895 0)
(0.00315649 -0.00187031 0)
(0.00405888 -0.00192533 0)
(0.00581784 -0.00212213 0)
(0.00262764 -0.00374386 0)
(0.00736924 -0.00912801 0)
(-0.0180125 0.0274198 0)
(-0.00388266 -0.0277369 0)
(-0.00260645 -0.00556071 0)
(0.00274771 -0.00287487 0)
(0.00145731 -1.86065e-05 0)
(-0.000568556 -0.000536752 0)
(0.00098567 -0.00050718 0)
(0.00202469 2.45634e-05 0)
(0.00234366 0.000592595 0)
(0.00192639 0.000991683 0)
(0.000935241 0.00107418 0)
(-0.0002767 0.000779618 0)
(-0.0013018 0.000106607 0)
(-0.00161567 -0.000804494 0)
(-0.00097294 -0.00169869 0)
(0.000711178 -0.00214096 0)
(0.00161093 -0.00211755 0)
(0.00302471 -0.00202927 0)
(-0.000507226 -0.00371775 0)
(0.00469886 -0.00979196 0)
(-0.0163696 0.0295116 0)
(-0.00359772 -0.0291606 0)
(-0.00255215 -0.00628269 0)
(0.0033073 -0.00319976 0)
(1.42387e-05 0.000509986 0)
(-0.00270738 -0.000495977 0)
(-0.00131815 -0.000743309 0)
(-0.000383624 -0.000105224 0)
(-0.000119685 0.000605564 0)
(-0.000600898 0.00113942 0)
(-0.00170185 0.00130505 0)
(-0.00306011 0.00101592 0)
(-0.00418177 0.00024946 0)
(-0.00440731 -0.000855478 0)
(-0.00343197 -0.00194784 0)
(-0.00154883 -0.00242899 0)
(-0.000590665 -0.00229478 0)
(0.00035166 -0.00185482 0)
(-0.0028684 -0.00380617 0)
(0.00263674 -0.0104227 0)
(-0.0146504 0.0313501 0)
(-0.00381752 -0.0302835 0)
(-0.00280883 -0.0071105 0)
(0.00315193 -0.00336021 0)
(-0.00139236 0.00126268 0)
(-0.00471286 -0.000380658 0)
(-0.00368675 -0.000930617 0)
(-0.00291011 -0.000213313 0)
(-0.002758 0.000637106 0)
(-0.0033442 0.00130877 0)
(-0.00456989 0.00156219 0)
(-0.00603788 0.00127088 0)
(-0.00711055 0.000375003 0)
(-0.00700475 -0.000970808 0)
(-0.00551046 -0.00226751 0)
(-0.00335555 -0.00274841 0)
(-0.00233012 -0.00241237 0)
(-0.00196292 -0.00169633 0)
(-0.00431601 -0.00401771 0)
(0.00118783 -0.011035 0)
(-0.0128348 0.0329934 0)
(-0.0045962 -0.0310657 0)
(-0.00374794 -0.00797361 0)
(0.00194444 -0.00342153 0)
(-0.00280048 0.00214353 0)
(-0.0066164 -0.000181839 0)
(-0.00604691 -0.00105526 0)
(-0.00548077 -0.000284388 0)
(-0.00548896 0.000694401 0)
(-0.00620711 0.0015034 0)
(-0.00754774 0.00184015 0)
(-0.00902833 0.00151982 0)
(-0.00984132 0.000439905 0)
(-0.00917361 -0.00119036 0)
(-0.00705846 -0.00267912 0)
(-0.0045831 -0.00310158 0)
(-0.00354715 -0.00247134 0)
(-0.00362743 -0.00159814 0)
(-0.00520281 -0.00426296 0)
(0.000357956 -0.0116596 0)
(-0.0109291 0.0345053 0)
(-0.00588707 -0.0314335 0)
(-0.00549628 -0.00882461 0)
(-0.000277697 -0.00339363 0)
(-0.0041792 0.003005 0)
(-0.00840627 0.000107564 0)
(-0.00834183 -0.00110818 0)
(-0.00802957 -0.000311378 0)
(-0.00823376 0.000784574 0)
(-0.00909109 0.00172301 0)
(-0.0104936 0.00212306 0)
(-0.0118284 0.00172616 0)
(-0.0121652 0.000402227 0)
(-0.0108109 -0.00153748 0)
(-0.00808817 -0.0031891 0)
(-0.00527218 -0.00348538 0)
(-0.00422024 -0.00249434 0)
(-0.00464024 -0.00153137 0)
(-0.00572467 -0.00457509 0)
(3.03118e-05 -0.0122986 0)
(-0.00896714 0.0359392 0)
(-0.00757687 -0.0313247 0)
(-0.00791709 -0.00961399 0)
(-0.0030487 -0.00337362 0)
(-0.00551497 0.003755 0)
(-0.010051 0.000488063 0)
(-0.0105258 -0.00108315 0)
(-0.0104948 -0.000288312 0)
(-0.010912 0.000909767 0)
(-0.011884 0.00195897 0)
(-0.0132441 0.00238444 0)
(-0.0142504 0.00185195 0)
(-0.0139729 0.000238191 0)
(-0.0119653 -0.00201044 0)
(-0.00874498 -0.00379225 0)
(-0.00557973 -0.0039068 0)
(-0.00441759 -0.00249516 0)
(-0.00510901 -0.00146725 0)
(-0.00599851 -0.00497976 0)
(0.000295208 -0.0129836 0)
(-0.00700219 0.0373383 0)
(-0.00952284 -0.0307099 0)
(-0.0107117 -0.010325 0)
(-0.00591103 -0.00344272 0)
(-0.0067593 0.00434472 0)
(-0.0115193 0.000958302 0)
(-0.0125576 -0.000977591 0)
(-0.0128135 -0.000213581 0)
(-0.0134335 0.00106563 0)
(-0.0144562 0.00219351 0)
(-0.0156375 0.00259321 0)
(-0.016171 0.00187171 0)
(-0.0152726 -4.91133e-05 0)
(-0.0127707 -0.00258577 0)
(-0.0092036 -0.00447674 0)
(-0.00570561 -0.00438204 0)
(-0.00428466 -0.00249328 0)
(-0.00515648 -0.00138155 0)
(-0.00612505 -0.00537037 0)
(-8.41641e-05 -0.0137397 0)
(-0.00509496 0.0387315 0)
(-0.0115926 -0.0296032 0)
(-0.0136273 -0.0109686 0)
(-0.00862782 -0.00366205 0)
(-0.00788542 0.00475883 0)
(-0.0127913 0.00151736 0)
(-0.0143962 -0.000793347 0)
(-0.0149168 -9.03314e-05 0)
(-0.015697 0.0012406 0)
(-0.0166759 0.0024034 0)
(-0.0175508 0.00272423 0)
(-0.0175556 0.00178077 0)
(-0.0161454 -0.000435174 0)
(-0.0133388 -0.00322984 0)
(-0.00956519 -0.00522413 0)
(-0.00580904 -0.00492426 0)
(-0.00400901 -0.00251648 0)
(-0.00489719 -0.00126211 0)
(-0.0061302 -0.0057421 0)
(-0.000326229 -0.0143561 0)
(-0.00330937 0.0401319 0)
(-0.0136841 -0.0280223 0)
(-0.0165595 -0.0115703 0)
(-0.0112236 -0.0040795 0)
(-0.00894287 0.00499234 0)
(-0.0138625 0.00215748 0)
(-0.0159974 -0.000537491 0)
(-0.0167311 7.19171e-05 0)
(-0.0176016 0.00141774 0)
(-0.0184363 0.00256683 0)
(-0.0189265 0.00276602 0)
(-0.0184408 0.00159349 0)
(-0.0166744 -0.000886317 0)
(-0.0137021 -0.00390847 0)
(-0.00983063 -0.00600467 0)
(-0.00595821 -0.00552309 0)
(-0.00377763 -0.00258955 0)
(-0.00444663 -0.0011161 0)
(-0.00604337 -0.00607237 0)
(-0.000362941 -0.014936 0)
(-0.00167177 0.0416026 0)
(-0.0157371 -0.0259519 0)
(-0.0195082 -0.0121448 0)
(-0.0138555 -0.00472614 0)
(-0.0100802 0.00503115 0)
(-0.0147389 0.00285419 0)
(-0.0173131 -0.000222458 0)
(-0.018182 0.000257129 0)
(-0.0190633 0.00157953 0)
(-0.0196767 0.00266997 0)
(-0.0197705 0.00272239 0)
(-0.0188925 0.00133507 0)
(-0.0169055 -0.0013707 0)
(-0.0138426 -0.00459495 0)
(-0.00995459 -0.00678332 0)
(-0.00614529 -0.00614211 0)
(-0.0037302 -0.0027222 0)
(-0.00393152 -0.000962455 0)
(-0.00590698 -0.00640346 0)
(0.000138248 -0.0155646 0)
(-0.000413946 0.0429586 0)
(-0.0177192 -0.0233624 0)
(-0.0224889 -0.012613 0)
(-0.0166347 -0.00551075 0)
(-0.0114812 0.0048643 0)
(-0.0154208 0.00355964 0)
(-0.0182881 0.000134499 0)
(-0.019199 0.000449542 0)
(-0.0200228 0.00171499 0)
(-0.020382 0.00271188 0)
(-0.0201259 0.00261004 0)
(-0.0189733 0.00103227 0)
(-0.0168647 -0.00187345 0)
(-0.013757 -0.00529077 0)
(-0.00992163 -0.00755507 0)
(-0.00635009 -0.00676485 0)
(-0.00393097 -0.00292337 0)
(-0.00351237 -0.000823973 0)
(-0.00580334 -0.00666362 0)
(0.000147986 -0.0163059 0)
(0.00151564 0.0449587 0)
(-0.0195938 -0.0203598 0)
(-0.0254809 -0.0127827 0)
(-0.0195577 -0.0061731 0)
(-0.0132247 0.00449221 0)
(-0.0158843 0.00419143 0)
(-0.0188569 0.000499042 0)
(-0.0197059 0.000630906 0)
(-0.0204279 0.0018176 0)
(-0.0205539 0.00270122 0)
(-0.0200417 0.00244839 0)
(-0.018737 0.000696414 0)
(-0.0165947 -0.00241926 0)
(-0.0134992 -0.00602542 0)
(-0.00980182 -0.00834843 0)
(-0.00661368 -0.00742055 0)
(-0.00438913 -0.00323405 0)
(-0.00336968 -0.000722536 0)
(-0.0057782 -0.00684635 0)
(0.000254011 -0.0170191 0)
(-0.00966488 0.0453437 0)
(-0.0235318 -0.0127879 0)
(-0.0326811 -0.0123234 0)
(-0.0273182 -0.00817877 0)
(-0.0183283 0.00283868 0)
(-0.0163588 0.0050971 0)
(-0.0191744 0.00123088 0)
(-0.0195495 0.000918404 0)
(-0.0198767 0.00183283 0)
(-0.0195688 0.00241056 0)
(-0.0187998 0.00183301 0)
(-0.0174979 -0.000266157 0)
(-0.0155306 -0.00376164 0)
(-0.0127974 -0.00766457 0)
(-0.00990469 -0.00998058 0)
(-0.0079942 -0.00871985 0)
(-0.00645045 -0.00412597 0)
(-0.00428039 -0.000764808 0)
(-0.00610129 -0.00736921 0)
(0.000408681 -0.0188282 0)
(-0.00445139 0.0485599 0)
(-0.0280645 0.000206934 0)
(-0.0434974 -0.0110245 0)
(-0.0403336 -0.0136176 0)
(-0.0282524 -0.00447454 0)
(-0.0166 0.00377101 0)
(-0.0163206 0.00209699 0)
(-0.0157439 0.000969117 0)
(-0.0157625 0.00165877 0)
(-0.0155712 0.00199493 0)
(-0.0152888 0.00117523 0)
(-0.0148006 -0.00125897 0)
(-0.0137562 -0.00524913 0)
(-0.0121509 -0.00950149 0)
(-0.0112396 -0.0115076 0)
(-0.0116558 -0.00956598 0)
(-0.0113486 -0.00474884 0)
(-0.00888204 -0.00186504 0)
(-0.00700561 -0.009412 0)
(0.000643002 -0.022106 0)
(0.00648978 0.0651976 0)
(-0.0246763 0.0177098 0)
(-0.0442998 -0.00582797 0)
(-0.0475089 -0.0193469 0)
(-0.0390401 -0.0170734 0)
(-0.0224153 -0.00570325 0)
(-0.0128262 0.00088401 0)
(-0.0110739 0.000534528 0)
(-0.0105619 0.0017236 0)
(-0.0109802 0.00230424 0)
(-0.0117148 0.0014749 0)
(-0.0125021 -0.00121709 0)
(-0.0128235 -0.00553507 0)
(-0.0132183 -0.0096631 0)
(-0.0150486 -0.010782 0)
(-0.0172817 -0.00830756 0)
(-0.0172099 -0.00467733 0)
(-0.0135888 -0.00506126 0)
(-0.0076266 -0.0144401 0)
(0.000195553 -0.0255428 0)
(0.0232482 0.0895217 0)
(-0.0103992 0.0391951 0)
(-0.0296216 0.00653849 0)
(-0.0400683 -0.01873 0)
(-0.0408883 -0.0275836 0)
(-0.0289879 -0.0203915 0)
(-0.0129242 -0.00570562 0)
(-0.00788967 -0.000962927 0)
(-0.0068353 0.00180294 0)
(-0.00780852 0.00321138 0)
(-0.00951481 0.00260474 0)
(-0.0113895 -0.000147102 0)
(-0.0131226 -0.00444842 0)
(-0.0159478 -0.00794375 0)
(-0.019777 -0.00847197 0)
(-0.0219747 -0.00698901 0)
(-0.0202824 -0.00653677 0)
(-0.0146014 -0.01074 0)
(-0.0072109 -0.0205619 0)
(8.50761e-05 -0.0282912 0)
(0.0436392 0.113723 0)
(0.00818997 0.0584006 0)
(-0.00726533 0.0208181 0)
(-0.0161658 -0.00932965 0)
(-0.0260465 -0.0272548 0)
(-0.0270277 -0.0304017 0)
(-0.0158044 -0.016184 0)
(-0.00679727 -0.00390729 0)
(-0.00550048 0.00164056 0)
(-0.00638197 0.00439125 0)
(-0.00855214 0.00433393 0)
(-0.0111645 0.00189472 0)
(-0.0144406 -0.00194679 0)
(-0.019192 -0.00482775 0)
(-0.0233243 -0.00606315 0)
(-0.0240869 -0.00716628 0)
(-0.0206077 -0.0102497 0)
(-0.0140437 -0.0168376 0)
(-0.00672397 -0.0262561 0)
(0.00258616 -0.0320701 0)
(0.0618106 0.130006 0)
(0.0290568 0.0786971 0)
(0.011604 0.0279551 0)
(0.00930631 -0.00376173 0)
(0.00116238 -0.0171963 0)
(-0.0125621 -0.0281837 0)
(-0.0145304 -0.0237462 0)
(-0.00598012 -0.00736326 0)
(-0.00495494 0.00136727 0)
(-0.00563022 0.00563066 0)
(-0.00805558 0.0064799 0)
(-0.0114722 0.00478852 0)
(-0.0163772 0.00167734 0)
(-0.0223245 -0.00126121 0)
(-0.0262625 -0.00416551 0)
(-0.0263071 -0.00814398 0)
(-0.0224698 -0.0141461 0)
(-0.0159908 -0.022459 0)
(-0.00875623 -0.0317722 0)
(0.000269709 -0.0357374 0)
(0.0704799 0.135371 0)
(0.048054 0.100334 0)
(0.0343552 0.0383885 0)
(0.0321891 -0.00259904 0)
(0.0268803 -0.0113568 0)
(0.0106928 -0.0147594 0)
(-0.00592531 -0.023009 0)
(-0.0033953 -0.00977885 0)
(-0.00328075 0.00142329 0)
(-0.00445327 0.00710378 0)
(-0.00752139 0.00921994 0)
(-0.0122051 0.00867189 0)
(-0.0188744 0.00637389 0)
(-0.025758 0.00293305 0)
(-0.0300558 -0.0021213 0)
(-0.03049 -0.00916266 0)
(-0.0268692 -0.0183275 0)
(-0.0201421 -0.0289726 0)
(-0.0115929 -0.0391069 0)
(0.00172691 -0.0404868 0)
(0.063122 0.133605 0)
(0.0585586 0.113169 0)
(0.0574164 0.0480944 0)
(0.0562825 0.0018331 0)
(0.047863 -0.00539581 0)
(0.0308954 -0.000299361 0)
(0.00808144 -0.0119734 0)
(0.000862145 -0.0093979 0)
(-6.28066e-05 0.00240193 0)
(-0.00252211 0.00928846 0)
(-0.00669464 0.0128479 0)
(-0.0128692 0.0136193 0)
(-0.0209424 0.0120116 0)
(-0.0285044 0.00766519 0)
(-0.0328488 -5.32776e-05 0)
(-0.0329324 -0.0106638 0)
(-0.0289857 -0.0232455 0)
(-0.0222911 -0.0365053 0)
(-0.0143117 -0.0478281 0)
(-0.00171866 -0.0469604 0)
(0.0426976 0.121369 0)
(0.0591605 0.106857 0)
(0.071553 0.0477035 0)
(0.0712112 0.00661614 0)
(0.0604688 0.00402663 0)
(0.0431146 0.0146004 0)
(0.020552 0.00371396 0)
(0.0065222 -0.00511443 0)
(0.00364588 0.00435567 0)
(0.000177432 0.0124707 0)
(-0.00508111 0.0173775 0)
(-0.0121775 0.0193395 0)
(-0.0204485 0.0179299 0)
(-0.0272337 0.0120378 0)
(-0.0302364 0.00141521 0)
(-0.0290885 -0.0125758 0)
(-0.0246774 -0.0278876 0)
(-0.0188753 -0.0429517 0)
(-0.0127657 -0.055923 0)
(0.0009809 -0.0536398 0)
(0.0218274 0.0912063 0)
(0.0529203 0.0831183 0)
(0.0711479 0.0401635 0)
(0.0704781 0.0117871 0)
(0.0611234 0.0146223 0)
(0.0469855 0.028203 0)
(0.0279013 0.0188818 0)
(0.0132643 0.00286332 0)
(0.00759972 0.00735252 0)
(0.00369765 0.0163088 0)
(-0.00186576 0.0223037 0)
(-0.00863009 0.0249728 0)
(-0.0155441 0.0231265 0)
(-0.0202399 0.0153345 0)
(-0.0212895 0.00198256 0)
(-0.0193808 -0.014581 0)
(-0.0150993 -0.0315721 0)
(-0.0108848 -0.0469308 0)
(-0.00828489 -0.0600451 0)
(-0.00396963 -0.0586588 0)
(0.0126546 0.0588598 0)
(0.0433517 0.0586687 0)
(0.0596511 0.0334509 0)
(0.0597257 0.0160745 0)
(0.0541288 0.0229696 0)
(0.0445926 0.0386183 0)
(0.0303195 0.0308673 0)
(0.018795 0.011398 0)
(0.0122511 0.0111563 0)
(0.00817486 0.0201456 0)
(0.00337889 0.0268194 0)
(-0.00187126 0.0295322 0)
(-0.00646208 0.0267715 0)
(-0.00872194 0.017115 0)
(-0.00840208 0.00167611 0)
(-0.00678389 -0.0164529 0)
(-0.00337328 -0.0344563 0)
(-0.00111847 -0.049126 0)
(0.000593099 -0.0607966 0)
(0.0018521 -0.0607432 0)
(0.0163502 0.0412496 0)
(0.0365106 0.0430593 0)
(0.0485618 0.0284796 0)
(0.0492845 0.0183572 0)
(0.0453649 0.0285586 0)
(0.0384444 0.0456259 0)
(0.0288425 0.0387026 0)
(0.0226443 0.0184441 0)
(0.0173487 0.0151236 0)
(0.0135213 0.0233801 0)
(0.0102421 0.0301719 0)
(0.00725245 0.0323815 0)
(0.00534198 0.0286035 0)
(0.00528782 0.0177534 0)
(0.00630088 0.00148097 0)
(0.00728768 -0.0174858 0)
(0.00922208 -0.0360026 0)
(0.00871466 -0.0500521 0)
(0.00850118 -0.059132 0)
(-0.000125977 -0.0603044 0)
(0.0252038 0.0330388 0)
(0.0358817 0.0333584 0)
(0.043685 0.0245706 0)
(0.0424976 0.0204492 0)
(0.0362736 0.0339057 0)
(0.0289349 0.0506322 0)
(0.0247498 0.0421369 0)
(0.0251925 0.022406 0)
(0.0222187 0.0182779 0)
(0.0191406 0.025575 0)
(0.0178124 0.0318352 0)
(0.0174151 0.0332888 0)
(0.0181052 0.0286655 0)
(0.0197772 0.017412 0)
(0.0213413 0.00121542 0)
(0.0220897 -0.0175394 0)
(0.0223797 -0.0356561 0)
(0.0189995 -0.0486359 0)
(0.0170481 -0.0548227 0)
(0.00581032 -0.0564659 0)
(0.031458 0.0287141 0)
(0.0369851 0.0276384 0)
(0.0401459 0.0228944 0)
(0.0335659 0.0253889 0)
(0.0227298 0.0421532 0)
(0.0161298 0.0537978 0)
(0.0202912 0.0402577 0)
(0.0260045 0.0228177 0)
(0.025403 0.0202103 0)
(0.0241094 0.0264797 0)
(0.0250678 0.0315506 0)
(0.0272592 0.0320726 0)
(0.0302159 0.0269379 0)
(0.0332546 0.0159616 0)
(0.0354458 0.00057803 0)
(0.036136 -0.0170195 0)
(0.0350417 -0.0336048 0)
(0.0288044 -0.0444857 0)
(0.0226786 -0.0472617 0)
(-0.00351314 -0.047093 0)
(0.0300124 0.0268952 0)
(0.0320819 0.0249303 0)
(0.0277172 0.0261922 0)
(0.0148466 0.0359054 0)
(0.00389694 0.0511298 0)
(0.00458503 0.0507917 0)
(0.01525 0.0332625 0)
(0.022179 0.0208788 0)
(0.0249631 0.0204917 0)
(0.0275979 0.0255541 0)
(0.0315182 0.0292862 0)
(0.0360954 0.0290137 0)
(0.040829 0.0237965 0)
(0.0449344 0.0136195 0)
(0.0476701 -0.000358066 0)
(0.0480911 -0.016054 0)
(0.0454863 -0.0301105 0)
(0.0370535 -0.0381859 0)
(0.0300668 -0.0381781 0)
(0.0133008 -0.0370218 0)
(0.0160711 0.0250546 0)
(0.0124815 0.0282529 0)
(0.00211174 0.0360449 0)
(-0.00851166 0.046416 0)
(-0.0112776 0.0521303 0)
(-0.00263834 0.0417747 0)
(0.00770184 0.0254068 0)
(0.0153313 0.0165564 0)
(0.0225907 0.0166375 0)
(0.0297686 0.0212059 0)
(0.0367538 0.0247013 0)
(0.0433515 0.0244473 0)
(0.0493353 0.0197507 0)
(0.0540567 0.0107922 0)
(0.0567644 -0.00127237 0)
(0.0562144 -0.0143557 0)
(0.0517378 -0.0251752 0)
(0.0411369 -0.0301182 0)
(0.0313046 -0.0283894 0)
(0.00753 -0.029628 0)
(-0.0127745 0.0296457 0)
(-0.0173998 0.036467 0)
(-0.0225571 0.0435454 0)
(-0.0228082 0.0481075 0)
(-0.0160888 0.0454211 0)
(-0.00472285 0.0327204 0)
(0.00525294 0.0175911 0)
(0.0152303 0.00847317 0)
(0.0245531 0.00846293 0)
(0.0329682 0.0137408 0)
(0.0406825 0.0180715 0)
(0.047897 0.018684 0)
(0.0542341 0.015215 0)
(0.0588161 0.00804463 0)
(0.0607035 -0.00161822 0)
(0.0586201 -0.0115051 0)
(0.0524396 -0.0187834 0)
(0.0406377 -0.0205118 0)
(0.0304184 -0.0171499 0)
(0.00603839 -0.0166219 0)
(-0.041383 0.0310419 0)
(-0.0376499 0.0367201 0)
(-0.0315747 0.0401475 0)
(-0.0213682 0.0404879 0)
(-0.00820624 0.0358598 0)
(0.00446065 0.0251755 0)
(0.0154838 0.00993854 0)
(0.0238189 0.000321014 0)
(0.030107 0.00247522 0)
(0.0358666 0.00792973 0)
(0.0415886 0.0118055 0)
(0.0477462 0.0126527 0)
(0.0534205 0.0104529 0)
(0.0570552 0.00543175 0)
(0.0576581 -0.000990395 0)
(0.054533 -0.00743753 0)
(0.0477406 -0.0116264 0)
(0.0361322 -0.0105189 0)
(0.0275783 -0.00620182 0)
(0.0065143 -0.00533728 0)
(-0.0481107 0.0282067 0)
(-0.0349718 0.0334741 0)
(-0.0196205 0.0332841 0)
(-0.00261738 0.0306979 0)
(0.0153278 0.0268258 0)
(0.0293231 0.0179414 0)
(0.0365891 0.000764838 0)
(0.0355721 -0.00769535 0)
(0.0305012 -0.00103651 0)
(0.0288453 0.00524028 0)
(0.0327321 0.0086348 0)
(0.0394098 0.00909995 0)
(0.0456296 0.00783375 0)
(0.0494947 0.00458267 0)
(0.0501187 -0.000154942 0)
(0.0462878 -0.00457411 0)
(0.039268 -0.00649387 0)
(0.0286174 -0.00319972 0)
(0.0219674 0.00079625 0)
(0.0103511 0.00115955 0)
(-0.0308592 0.000598696 0)
(-0.010098 0.00786522 0)
(0.00682087 0.00672056 0)
(0.0287878 0.00249555 0)
(0.0488108 0.00898909 0)
(0.0533304 0.0175474 0)
(0.0457942 0.00832775 0)
(0.039423 0.00229813 0)
(0.0276736 0.0136039 0)
(0.0179254 0.00906533 0)
(0.0190728 0.00273044 0)
(0.0269064 -0.000115908 0)
(0.0336842 0.00179951 0)
(0.0360705 0.00317048 0)
(0.0344966 0.00342014 0)
(0.0292353 0.00368545 0)
(0.0235233 0.00141595 0)
(0.0140736 0.0105035 0)
(0.00771792 0.00483821 0)
(0.00655717 0.00458936 0)
)
;

boundaryField
{
    left_open
    {
        type            pressureInletOutletVelocity;
        value           nonuniform List<vector> 
40
(
(0.000485892 0 0)
(0.00602005 0 0)
(0.0140969 0 0)
(0.0232075 0 0)
(0.0323965 0 0)
(0.0411291 0 0)
(0.0491325 0 0)
(0.0562753 0 0)
(0.062494 0 0)
(0.0677518 0 0)
(0.0720194 0 0)
(0.0752666 0 0)
(0.0774614 0 0)
(0.0785735 0 0)
(0.0785786 0 0)
(0.0774644 0 0)
(0.0752378 0 0)
(0.0719302 0 0)
(0.0676099 0 0)
(0.0623846 0 0)
(0.0473211 0 0)
(0.0210101 0 0)
(0.00346267 0 0)
(0.000812718 0 0)
(0.000884455 0 0)
(0.002247 0 0)
(0.00204076 0 0)
(0.00120684 0 0)
(0.00274311 0 0)
(-0.000262259 -0.0444118 0)
(0.00528417 0 0)
(0.00100587 -0.0457411 0)
(0.00674464 0 0)
(-0.00146396 -0.0389197 0)
(-0.000494511 0 0)
(-0.00131585 0 0)
(-0.00575833 -0.0212283 0)
(-0.00785683 -0.0159939 0)
(0.00173646 0 0)
(-0.0142854 0.00850871 0)
)
;
    }
    right_open
    {
        type            pressureInletOutletVelocity;
        value           nonuniform List<vector> 
40
(
(0.0127807 -0.000407876 0)
(0.0234321 -0.0021407 0)
(0.0254298 -0.0039939 0)
(0.023258 -0.00557843 0)
(0.0192663 -0.00679134 0)
(0.0148188 -0.00770629 0)
(0.0107391 -0.00844753 0)
(0.00736924 -0.00912801 0)
(0.00469886 -0.00979196 0)
(0.00263674 -0.0104227 0)
(0.00118783 -0.011035 0)
(0.000357956 -0.0116596 0)
(3.03118e-05 0 0)
(0.000295208 -0.0129836 0)
(-8.41641e-05 0 0)
(-0.000326229 0 0)
(-0.000362941 0 0)
(0.000138248 -0.0155646 0)
(0.000147986 -0.0163059 0)
(0.000254011 -0.0170191 0)
(0.000408681 -0.0188282 0)
(0.000643002 -0.022106 0)
(0.000195553 0 0)
(8.50761e-05 0 0)
(0.00258616 -0.0320701 0)
(0.000269709 0 0)
(0.00172691 -0.0404868 0)
(-0.00171866 0 0)
(0.0009809 -0.0536398 0)
(-0.00396963 0 0)
(0.0018521 -0.0607432 0)
(-0.000125977 0 0)
(0.00581032 -0.0564659 0)
(-0.00351314 0 0)
(0.0133008 -0.0370218 0)
(0.00753 -0.029628 0)
(0.00603839 -0.0166219 0)
(0.0065143 -0.00533728 0)
(0.0103511 0.00115955 0)
(0.00655717 0.00458936 0)
)
;
    }
    base_side
    {
        type            noSlip;
    }
    top
    {
        type            pressureInletOutletVelocity;
        value           nonuniform List<vector> 
65
(
(-0.0142854 0.00850871 0)
(-0.0214947 0.00420766 0)
(-0.0270094 0.000941195 0)
(-0.0341366 0.00244286 0)
(0 -0.000420131 0)
(-0.0350974 0.00227898 0)
(-0.034228 0.00517865 0)
(-0.0337893 0.00889584 0)
(-0.0384716 0.0121967 0)
(0 0.000934928 0)
(-0.036499 0.00281199 0)
(0 0.00153673 0)
(-0.0319277 0.0111808 0)
(0 0.00147146 0)
(-0.0380863 0.00863021 0)
(0 -0.000678267 0)
(-0.0593116 0.00136294 0)
(0 -0.00593351 0)
(-0.071137 0.000194354 0)
(0 -0.00574002 0)
(0 -0.00432944 0)
(0 -0.00765467 0)
(0 -0.00610358 0)
(-0.0662114 0.00406358 0)
(-0.0689681 0.00815957 0)
(-0.0717165 0.0074323 0)
(0 -0.00342127 0)
(0 -0.00223256 0)
(0 -0.000803465 0)
(0 -0.00109526 0)
(0 -0.00072672 0)
(0 -0.000552767 0)
(0 -0.0045859 0)
(0 0.00116051 0)
(-0.0578325 0.0118602 0)
(-0.0596803 0.0117448 0)
(0 0.00151177 0)
(0 -0.000947237 0)
(0 0.00181416 0)
(-0.0475484 0.0132047 0)
(-0.0489269 0.014591 0)
(-0.0493356 0.00967404 0)
(0 -0.00152993 0)
(-0.042175 0.0138522 0)
(-0.0429189 0.0149945 0)
(0 0.000598696 0)
(-0.010098 0.00786522 0)
(0.00682087 0.00672056 0)
(0 0.00249555 0)
(0.0488108 0.00898909 0)
(0.0533304 0.0175474 0)
(0.0457942 0.00832775 0)
(0 0.00229813 0)
(0.0276736 0.0136039 0)
(0.0179254 0.00906533 0)
(0.0190728 0.00273044 0)
(0 -0.000115908 0)
(0.0336842 0.00179951 0)
(0.0360705 0.00317048 0)
(0.0344966 0.00342014 0)
(0.0292353 0.00368545 0)
(0.0235233 0.00141595 0)
(0.0140736 0.0105035 0)
(0.00771792 0.00483821 0)
(0.00655717 0.00458936 0)
)
;
    }
    front
    {
        type            empty;
    }
    back
    {
        type            empty;
    }
    air_to_aluminum
    {
        type            noSlip;
    }
}


// ************************************************************************* //
