/*--------------------------------*- C++ -*----------------------------------*\
| =========                 |                                                 |
| \\      /  F ield         | OpenFOAM: The Open Source CFD Toolbox           |
|  \\    /   O peration     | Version:                                        |
|   \\  /    A nd           | Website:  www.openfoam.com                      |
|    \\/     M anipulation  |                                                 |
\*---------------------------------------------------------------------------*/
FoamFile
{
    version     2.0;
    format      ascii;
    class       volScalarField;
    location    "380/aluminum";
    object      T;
}
// * * * * * * * * * * * * * * * * * * * * * * * * * * * * * * * * * * * * * //

dimensions      [0 0 0 1 0 0 0];


internalField   nonuniform List<scalar> 
372
(
296.078
296.088
296.107
296.136
296.071
296.081
296.1
296.129
296.057
296.066
296.084
296.114
296.036
296.043
296.059
296.088
296.175
296.221
296.277
296.345
296.169
296.215
296.266
296.323
296.158
296.205
296.251
296.296
296.147
296.197
296.241
296.277
296.418
296.486
296.579
296.374
296.411
296.446
296.327
296.347
296.362
296.292
296.301
296.307
296.671
296.686
296.671
296.46
296.462
296.46
296.366
296.367
296.366
296.309
296.309
296.309
296.579
296.486
296.418
296.446
296.411
296.374
296.362
296.347
296.327
296.307
296.301
296.292
296.345
296.277
296.221
296.175
296.323
296.266
296.215
296.169
296.296
296.251
296.205
296.158
296.277
296.241
296.197
296.147
296.136
296.107
296.088
296.078
296.129
296.1
296.081
296.071
296.114
296.084
296.066
296.057
296.088
296.059
296.043
296.036
296.01
296.015
296.024
296.034
295.981
295.984
295.989
295.993
295.953
295.954
295.956
295.958
295.925
295.925
295.927
295.927
295.898
295.899
295.899
295.9
295.874
295.874
295.874
295.875
295.851
295.852
295.852
295.852
295.831
295.831
295.831
295.832
295.813
295.813
295.813
295.813
295.797
295.798
295.798
295.798
295.784
295.784
295.784
295.784
295.773
295.773
295.773
295.773
295.764
295.764
295.764
295.764
295.757
295.757
295.757
295.757
295.752
295.752
295.752
295.752
295.75
295.75
295.75
295.75
296.263
296.265
296.267
296.232
296.232
296.232
296.201
296.201
296.201
296.172
296.172
296.172
296.145
296.145
296.145
296.12
296.12
296.12
296.098
296.098
296.098
296.078
296.078
296.078
296.06
296.06
296.06
296.044
296.044
296.044
296.031
296.031
296.031
296.02
296.02
296.02
296.011
296.011
296.011
296.004
296.004
296.004
295.999
295.999
295.999
295.997
295.997
295.997
296.267
296.268
296.267
296.233
296.233
296.233
296.201
296.201
296.201
296.172
296.172
296.172
296.145
296.145
296.145
296.12
296.12
296.12
296.098
296.098
296.098
296.078
296.078
296.078
296.06
296.06
296.06
296.044
296.044
296.044
296.031
296.031
296.031
296.02
296.02
296.02
296.011
296.011
296.011
296.004
296.004
296.004
295.999
295.999
295.999
295.997
295.997
295.997
296.267
296.265
296.263
296.232
296.232
296.232
296.201
296.201
296.201
296.172
296.172
296.172
296.145
296.145
296.145
296.12
296.12
296.12
296.098
296.098
296.098
296.078
296.078
296.078
296.06
296.06
296.06
296.044
296.044
296.044
296.031
296.031
296.031
296.02
296.02
296.02
296.011
296.011
296.011
296.004
296.004
296.004
295.999
295.999
295.999
295.997
295.997
295.997
296.034
296.024
296.015
296.01
295.993
295.989
295.984
295.981
295.958
295.956
295.954
295.953
295.927
295.927
295.925
295.925
295.9
295.899
295.899
295.898
295.875
295.874
295.874
295.874
295.852
295.852
295.852
295.851
295.831
295.831
295.831
295.831
295.813
295.813
295.813
295.813
295.798
295.797
295.797
295.797
295.784
295.784
295.784
295.784
295.773
295.773
295.772
295.772
295.763
295.763
295.763
295.763
295.757
295.757
295.757
295.756
295.752
295.752
295.752
295.752
295.75
295.75
295.75
295.749
)
;

boundaryField
{
    base_hotspot
    {
        type            fixedGradient;
        gradient        uniform 203.252;
    }
    base_adiabatic
    {
        type            zeroGradient;
    }
    front
    {
        type            empty;
    }
    back
    {
        type            empty;
    }
    aluminum_to_air
    {
        type            compressible::turbulentTemperatureCoupledBaffleMixed;
        refValue        nonuniform List<scalar> 
129
(
293.696
293.662
293.641
293.632
296.086
296.149
296.202
296.246
296.246
296.202
296.149
296.086
293.635
293.615
293.612
293.618
293.631
296.086
293.633
296.023
293.637
295.981
293.642
295.948
293.648
295.92
293.654
295.895
293.66
295.873
293.667
295.853
293.673
295.835
293.68
295.819
293.686
295.804
293.692
295.791
293.698
295.776
293.704
295.758
293.709
295.729
294.475
293.719
294.961
295.279
295.668
295.332
296.246
296.204
296.169
296.139
296.112
296.088
296.065
296.044
296.026
296.009
295.995
295.981
295.967
295.951
295.922
295.847
295.133
295.106
295.076
295.054
295.043
295.031
296.246
296.204
296.169
296.139
296.112
296.088
296.065
296.044
296.026
296.009
295.994
295.979
295.963
295.941
295.897
295.007
294.97
295.783
294.93
296.086
296.023
295.981
295.948
295.92
295.895
295.873
295.853
295.835
295.819
295.804
295.788
295.771
295.744
295.695
295.581
293.627
293.638
293.649
293.661
293.672
293.685
293.697
293.709
293.721
293.733
293.745
293.757
293.769
293.78
293.79
294.551
294.369
294.167
293.968
293.807
)
;
        refGradient     uniform 0;
        valueFraction   nonuniform List<scalar> 
129
(
2.89995e-05
2.89995e-05
2.89995e-05
2.89995e-05
0.000144981
0.000144981
0.000144981
0.000144981
0.000144981
0.000144981
0.000144981
0.000144981
2.89995e-05
2.89995e-05
2.89995e-05
2.89995e-05
2.89995e-05
0.000144981
2.89995e-05
0.000144981
2.89995e-05
0.000144981
2.89995e-05
0.000144981
2.89995e-05
0.000144981
2.89995e-05
0.000144981
2.89995e-05
0.000144981
2.89995e-05
0.000144981
2.89995e-05
0.000144981
2.89995e-05
0.000144981
2.89995e-05
0.000144981
2.89995e-05
0.000144981
2.89995e-05
0.000144981
2.89995e-05
0.000144981
2.89995e-05
0.000144981
3.62491e-05
2.89995e-05
3.62491e-05
3.62491e-05
0.000144981
3.62491e-05
8.21599e-05
8.21599e-05
8.21599e-05
8.21599e-05
8.21599e-05
8.21599e-05
8.21599e-05
8.21599e-05
8.21599e-05
8.21599e-05
8.21599e-05
8.21599e-05
8.21599e-05
8.21599e-05
8.21599e-05
8.21599e-05
3.62491e-05
3.62491e-05
3.62491e-05
3.62491e-05
3.62491e-05
3.62491e-05
8.21599e-05
8.21599e-05
8.21599e-05
8.21599e-05
8.21599e-05
8.21599e-05
8.21599e-05
8.21599e-05
8.21599e-05
8.21599e-05
8.21599e-05
8.21599e-05
8.21599e-05
8.21599e-05
8.21599e-05
3.62491e-05
3.62491e-05
8.21599e-05
3.62491e-05
0.000144981
0.000144981
0.000144981
0.000144981
0.000144981
0.000144981
0.000144981
0.000144981
0.000144981
0.000144981
0.000144981
0.000144981
0.000144981
0.000144981
0.000144981
0.000144981
2.89995e-05
2.89995e-05
2.89995e-05
2.89995e-05
2.89995e-05
2.89995e-05
2.89995e-05
2.89995e-05
2.89995e-05
2.89995e-05
2.89995e-05
2.89995e-05
2.89995e-05
2.89995e-05
2.89995e-05
3.62491e-05
3.62491e-05
3.62491e-05
3.62491e-05
2.89995e-05
)
;
        value           nonuniform List<scalar> 
129
(
296.078
296.071
296.056
296.035
296.147
296.196
296.241
296.277
296.277
296.241
296.196
296.147
296.078
296.071
296.056
296.035
296.009
296.034
295.981
295.993
295.952
295.958
295.924
295.927
295.898
295.899
295.873
295.874
295.851
295.852
295.831
295.831
295.813
295.813
295.797
295.797
295.783
295.784
295.772
295.772
295.763
295.763
295.756
295.757
295.752
295.752
295.749
295.749
295.75
295.75
295.75
295.75
296.263
296.231
296.2
296.171
296.145
296.12
296.098
296.078
296.06
296.044
296.031
296.019
296.01
296.004
295.999
295.997
295.997
295.997
295.997
295.997
295.997
295.997
296.263
296.231
296.2
296.171
296.145
296.12
296.098
296.078
296.06
296.044
296.031
296.019
296.01
296.004
295.999
295.997
295.997
295.997
295.997
296.034
295.993
295.958
295.927
295.899
295.874
295.851
295.831
295.813
295.797
295.784
295.772
295.763
295.756
295.752
295.749
296.01
295.981
295.952
295.924
295.898
295.873
295.851
295.831
295.813
295.797
295.783
295.772
295.763
295.756
295.751
295.749
295.749
295.749
295.749
295.749
)
;
        Tnbr            T;
        thicknessLayers 0();
        kappaLayers     0();
        kappaMethod     solidThermo;
        kappa           none;
        alphaAni        none;
        alpha           none;
    }
}


// ************************************************************************* //
