/*--------------------------------*- C++ -*----------------------------------*\
| =========                 |                                                 |
| \\      /  F ield         | OpenFOAM: The Open Source CFD Toolbox           |
|  \\    /   O peration     | Version:                                        |
|   \\  /    A nd           | Website:  www.openfoam.com                      |
|    \\/     M anipulation  |                                                 |
\*---------------------------------------------------------------------------*/
FoamFile
{
    version     2.0;
    format      ascii;
    class       surfaceScalarField;
    location    "60/air";
    object      phi;
}
// * * * * * * * * * * * * * * * * * * * * * * * * * * * * * * * * * * * * * //

dimensions      [1 0 -1 0 0 0 0];
oriented        oriented;


internalField   nonuniform List<scalar> 
4299
(
6.48313e-08
-6.48158e-08
9.77767e-08
-3.29295e-08
6.36843e-08
3.41085e-08
6.37006e-08
5.53603e-08
-1.20161e-07
9.46357e-08
-7.21893e-08
6.06747e-08
6.80855e-08
1.24392e-07
3.04221e-08
-1.50568e-07
5.42882e-08
-9.60397e-08
3.44217e-08
8.79681e-08
1.5883e-07
1.29997e-08
-1.63552e-07
2.35945e-08
-1.06619e-07
1.45269e-08
9.70518e-08
1.73374e-07
3.2422e-09
-1.6678e-07
6.09171e-09
-1.09453e-07
3.46044e-09
9.96993e-08
1.76851e-07
-1.60148e-09
-1.65163e-07
-2.5125e-09
-1.08527e-07
-1.80532e-09
9.90083e-08
1.75062e-07
-3.71391e-09
-1.61435e-07
-6.11712e-09
-1.06108e-07
-3.8853e-09
9.67926e-08
1.71194e-07
-4.43168e-09
-1.56988e-07
-7.16803e-09
-1.03356e-07
-4.33108e-09
9.39718e-08
1.6688e-07
-4.51232e-09
-1.52462e-07
-7.04767e-09
-1.00806e-07
-4.05461e-09
9.09949e-08
1.62842e-07
-4.36707e-09
-1.4808e-07
-6.44173e-09
-9.8716e-08
-3.44482e-09
8.80141e-08
1.59414e-07
-4.25904e-09
-1.43807e-07
-5.75757e-09
-9.72023e-08
-2.71443e-09
8.49871e-08
1.56717e-07
-4.50879e-09
-1.39284e-07
-5.53348e-09
-9.61627e-08
-2.182e-09
8.16516e-08
1.54552e-07
-5.62984e-09
-1.3364e-07
-6.91358e-09
-9.48642e-08
-2.64656e-09
7.74004e-08
1.51922e-07
-7.88465e-09
-1.25742e-07
-1.21042e-08
-9.06303e-08
-5.99074e-09
7.13025e-08
1.45949e-07
-1.20098e-08
-1.13719e-07
-2.55441e-08
-7.70822e-08
-1.67732e-08
6.25466e-08
1.29192e-07
-3.57361e-08
-7.797e-08
-5.81617e-08
-5.46444e-08
-4.17544e-08
4.61531e-08
8.74535e-08
-6.36844e-08
6.37007e-08
-9.77766e-08
3.41082e-08
-6.48311e-08
-3.29297e-08
-6.48156e-08
-6.06748e-08
1.24392e-07
-9.46355e-08
6.8085e-08
-5.53599e-08
-7.21896e-08
-1.2016e-07
-3.44218e-08
1.5883e-07
-5.42878e-08
8.79671e-08
-3.04216e-08
-9.60403e-08
-1.50566e-07
-1.45272e-08
1.73374e-07
-2.35942e-08
9.70501e-08
-1.29989e-08
-1.0662e-07
-1.6355e-07
-3.46142e-09
1.76852e-07
-6.09237e-09
9.96973e-08
-3.24175e-09
-1.09455e-07
-1.66777e-07
1.80161e-09
1.75068e-07
2.5073e-09
9.90078e-08
1.59935e-09
-1.08532e-07
-1.65163e-07
3.87372e-09
1.71211e-07
6.09721e-09
9.68004e-08
3.70222e-09
-1.06121e-07
-1.61446e-07
4.29829e-09
1.6693e-07
7.10593e-09
9.40089e-08
4.39058e-09
-1.03391e-07
-1.57041e-07
3.96946e-09
1.62977e-07
6.87758e-09
9.11169e-08
4.39239e-09
-1.0089e-07
-1.52634e-07
3.24091e-09
1.59753e-07
6.01949e-09
8.83545e-08
4.05509e-09
-9.89108e-08
-1.48565e-07
2.27322e-09
1.57497e-07
4.81484e-09
8.5829e-08
3.52992e-09
-9.76107e-08
-1.4502e-07
1.37667e-09
1.56137e-07
3.72124e-09
8.35003e-08
3.04389e-09
-9.69183e-08
-1.41962e-07
1.53017e-09
1.54624e-07
4.19887e-09
8.08475e-08
3.29553e-09
-9.6e-08
-1.38653e-07
5.37773e-09
1.49263e-07
1.01824e-08
7.60585e-08
5.37626e-09
-9.11793e-08
-1.33263e-07
2.11154e-08
1.28165e-07
3.32808e-08
6.39084e-08
1.51686e-08
-7.3053e-08
-1.1808e-07
8.13386e-08
4.68423e-08
1.11052e-07
3.42088e-08
7.36538e-08
-3.56412e-08
-4.44137e-08
-2.88764e-06
-4.14021e-07
3.30169e-06
-2.46268e-06
-4.24932e-07
-2.02836e-06
-4.34289e-07
-4.40124e-07
-1.58821e-06
-3.46444e-06
-8.22664e-07
3.87309e-06
-3.04253e-06
-8.4684e-07
-2.61074e-06
-8.66077e-07
-8.81217e-07
-2.16964e-06
-2.863e-06
-1.13601e-06
3.17634e-06
-2.53463e-06
-1.17521e-06
-2.19165e-06
-1.20905e-06
-1.23783e-06
-1.83504e-06
-2.24577e-06
-1.36561e-06
2.47538e-06
-1.99911e-06
-1.42187e-06
-1.73647e-06
-1.47169e-06
-1.51506e-06
-1.45924e-06
-1.67928e-06
-1.52544e-06
1.83911e-06
-1.50507e-06
-1.59608e-06
-1.31665e-06
-1.66011e-06
-1.71667e-06
-1.11505e-06
-1.22971e-06
-1.63508e-06
1.33935e-06
-1.10887e-06
-1.71691e-06
-9.76897e-07
-1.79209e-06
-1.85914e-06
-8.34424e-07
-8.88891e-07
-1.70931e-06
9.63114e-07
-8.06568e-07
-1.79924e-06
-7.15983e-07
-1.88267e-06
-1.95765e-06
-6.17467e-07
-6.40794e-07
-1.75944e-06
6.90923e-07
-5.85006e-07
-1.85503e-06
-5.2337e-07
-1.94431e-06
-2.02501e-06
-4.56015e-07
-4.62314e-07
-1.79334e-06
4.96221e-07
-4.24587e-07
-1.89275e-06
-3.82825e-07
-1.98607e-06
-2.0708e-06
-3.37038e-07
-3.34473e-07
-1.8164e-06
3.57526e-07
-3.08892e-07
-1.91833e-06
-2.80582e-07
-2.01438e-06
-2.10189e-06
-2.49489e-07
-2.42203e-07
-1.83216e-06
2.57971e-07
-2.24793e-07
-1.93574e-06
-2.05558e-07
-2.03361e-06
-2.12303e-06
-1.84417e-07
-1.74838e-07
-1.84299e-06
1.85664e-07
-1.62956e-07
-1.94763e-06
-1.49863e-07
-2.04671e-06
-2.13742e-06
-1.35473e-07
-1.24975e-07
-1.85041e-06
1.324e-07
-1.16878e-07
-1.95572e-06
-1.07981e-07
-2.0556e-06
-2.14719e-06
-9.82088e-08
-8.76507e-08
-1.85546e-06
9.26969e-08
-8.21806e-08
-1.96119e-06
-7.61882e-08
-2.0616e-06
-2.15377e-06
-6.96105e-08
-5.95573e-08
-1.85882e-06
6.29143e-08
-5.59379e-08
-1.96481e-06
-5.19843e-08
-2.06555e-06
-2.1581e-06
-4.76492e-08
-3.84684e-08
-1.86096e-06
4.06139e-08
-3.61672e-08
-1.96711e-06
-3.36619e-08
-2.06806e-06
-2.16085e-06
-3.09191e-08
-2.28719e-08
-1.86224e-06
2.41497e-08
-2.15093e-08
-1.96848e-06
-2.00308e-08
-2.06953e-06
-2.16246e-06
-1.84158e-08
-1.17824e-08
-1.86291e-06
1.24494e-08
-1.10757e-08
-1.96918e-06
-1.03119e-08
-2.0703e-06
-2.16329e-06
-9.47971e-09
-4.55181e-09
-1.86317e-06
4.81403e-09
-4.27467e-09
-1.96946e-06
-3.97732e-09
-2.0706e-06
-2.16362e-06
-3.65449e-09
-6.55825e-10
6.93775e-10
-6.1334e-10
-5.70869e-10
-5.27105e-10
-1.22025e-06
-4.45903e-07
-8.45054e-07
-4.29811e-07
-3.99145e-07
-3.9972e-07
-3.81239e-07
6.95872e-08
-1.72493e-06
-8.90613e-07
-1.26172e-06
-8.93011e-07
-7.71491e-07
-8.89946e-07
-8.85227e-07
-2.67498e-07
-1.46472e-06
-1.26093e-06
-1.07988e-06
-1.27785e-06
-6.81422e-07
-1.2884e-06
-1.29277e-06
-2.73883e-07
-1.169e-06
-1.55117e-06
-8.67666e-07
-1.57918e-06
-5.5769e-07
-1.59838e-06
-1.60842e-06
-2.42033e-07
-9.01668e-07
-1.76455e-06
-6.78289e-07
-1.80256e-06
-4.4705e-07
-1.82962e-06
-1.84488e-06
-2.10597e-07
-6.82504e-07
-1.91647e-06
-5.22544e-07
-1.96252e-06
-3.56271e-07
-1.99589e-06
-2.01543e-06
-1.85719e-07
-5.11702e-07
-2.02224e-06
-3.99685e-07
-2.07454e-06
-2.8269e-07
-2.11289e-06
-2.13586e-06
-1.62257e-07
-3.83353e-07
-2.0949e-06
-3.06046e-07
-2.15185e-06
-2.24989e-07
-2.19394e-06
-2.21959e-06
-1.41258e-07
-2.87449e-07
-2.14449e-06
-2.34475e-07
-2.20482e-06
-1.78711e-07
-2.24971e-06
-2.27741e-06
-1.20894e-07
-2.15717e-07
-2.17826e-06
-1.79515e-07
-2.24102e-06
-1.41261e-07
-2.28796e-06
-2.31723e-06
-1.01442e-07
-1.61402e-07
-2.20128e-06
-1.36653e-07
-2.26577e-06
-1.10405e-07
-2.31421e-06
-2.34466e-06
-8.29696e-08
-1.19782e-07
-2.21697e-06
-1.02862e-07
-2.28269e-06
-8.48549e-08
-2.33222e-06
-2.36356e-06
-6.59555e-08
-8.75396e-08
-2.22764e-06
-7.60077e-08
-2.29422e-06
-6.36957e-08
-2.34453e-06
-2.37653e-06
-5.07245e-08
-6.2424e-08
-2.23482e-06
-5.46423e-08
-2.30201e-06
-4.63126e-08
-2.35286e-06
-2.38534e-06
-3.7509e-08
-4.29115e-08
-2.23956e-06
-3.7775e-08
-2.30714e-06
-3.22657e-08
-2.35837e-06
-2.39118e-06
-2.64267e-08
-2.79237e-08
-2.24256e-06
-2.46755e-08
-2.31039e-06
-2.11886e-08
-2.36185e-06
-2.39488e-06
-1.74877e-08
-1.66536e-08
-2.24432e-06
-1.47433e-08
-2.3123e-06
-1.26915e-08
-2.36391e-06
-2.39706e-06
-1.05114e-08
-8.573e-09
-2.24522e-06
-7.5907e-09
-2.31328e-06
-6.53595e-09
-2.36496e-06
-2.39818e-06
-5.415e-09
-3.30341e-09
-2.24558e-06
-2.92244e-09
-2.31366e-06
-2.51183e-09
-2.36537e-06
-2.39862e-06
-2.07313e-09
-4.81377e-10
-4.33268e-10
-3.83358e-10
-3.29724e-10
2.85909e-07
-2.16299e-07
5.06328e-07
-2.20394e-07
-2.22187e-07
7.2854e-07
1.80497e-08
-5.01843e-07
2.97609e-07
-4.9995e-07
-4.97619e-07
5.73045e-07
-4.35913e-08
-7.32135e-07
1.86861e-07
-7.30403e-07
-7.2741e-07
4.16652e-07
-6.1829e-08
-9.12339e-07
1.18594e-07
-9.10826e-07
-9.0751e-07
2.98694e-07
-7.61513e-08
-1.04679e-06
5.85473e-08
-1.04552e-06
-1.04189e-06
1.92931e-07
-8.82047e-08
-1.1443e-06
9.57649e-09
-1.14331e-06
-1.13952e-06
1.072e-07
-9.33279e-08
-1.21323e-06
-2.41617e-08
-1.21247e-06
-1.20858e-06
4.49043e-08
-9.31524e-08
-1.26133e-06
-4.48185e-08
-1.26081e-06
-1.25691e-06
3.50275e-09
-8.75892e-08
-1.29464e-06
-5.40734e-08
-1.29432e-06
-1.29046e-06
-2.05197e-08
-7.84226e-08
-1.31766e-06
-5.52079e-08
-1.31754e-06
-1.31375e-06
-3.19178e-08
-6.7056e-08
-1.33357e-06
-5.09705e-08
-1.33362e-06
-1.32993e-06
-3.47943e-08
-5.49561e-08
-1.34457e-06
-4.3811e-08
-1.34477e-06
-1.34116e-06
-3.25743e-08
-4.31513e-08
-1.35214e-06
-3.54598e-08
-1.35246e-06
-1.34894e-06
-2.76852e-08
-3.23564e-08
-1.3573e-06
-2.71125e-08
-1.3577e-06
-1.35425e-06
-2.18008e-08
-2.30028e-08
-1.36072e-06
-1.95128e-08
-1.36119e-06
-1.35779e-06
-1.59716e-08
-1.53143e-08
-1.36289e-06
-1.3096e-08
-1.36341e-06
-1.36004e-06
-1.08422e-08
-9.23004e-09
-1.36418e-06
-7.92128e-09
-1.36472e-06
-1.36137e-06
-6.59047e-09
-4.75766e-09
-1.36483e-06
-4.08735e-09
-1.36539e-06
-1.36206e-06
-3.40582e-09
-1.81686e-09
-1.36509e-06
-1.55647e-09
-1.36565e-06
-1.36232e-06
-1.29358e-09
-2.90574e-10
-2.50233e-10
-2.09065e-10
8.06977e-07
-7.84283e-08
8.85417e-07
-7.84312e-08
-7.83996e-08
9.63825e-07
6.70042e-07
-1.75423e-07
7.66603e-07
-1.74991e-07
-1.74463e-07
8.62668e-07
4.97033e-07
-2.55805e-07
5.77259e-07
-2.55218e-07
-2.54564e-07
6.5736e-07
3.62133e-07
-3.19244e-07
4.25442e-07
-3.18527e-07
-3.17708e-07
4.88586e-07
2.40013e-07
-3.66326e-07
2.86978e-07
-3.65491e-07
-3.64558e-07
3.33828e-07
1.41511e-07
-4.00637e-07
1.75736e-07
-3.99715e-07
-3.98679e-07
2.09856e-07
6.91538e-08
-4.24887e-07
9.33375e-08
-4.23899e-07
-4.22787e-07
1.17445e-07
2.05029e-08
-4.41887e-07
3.74619e-08
-4.40858e-07
-4.39693e-07
5.43682e-08
-8.70306e-09
-4.53703e-07
3.0894e-09
-4.52651e-07
-4.51454e-07
1.48501e-08
-2.37004e-08
-4.61921e-07
-1.54934e-08
-4.60858e-07
-4.59643e-07
-7.30401e-09
-2.90773e-08
-4.67638e-07
-2.33629e-08
-4.66572e-07
-4.65351e-07
-1.76555e-08
-2.85952e-08
-4.71617e-07
-2.46143e-08
-4.70553e-07
-4.6933e-07
-2.06346e-08
-2.49278e-08
-4.74374e-07
-2.21666e-08
-4.73314e-07
-4.72093e-07
-1.94043e-08
-1.99141e-08
-4.76261e-07
-1.80227e-08
-4.75205e-07
-4.73987e-07
-1.61289e-08
-1.47127e-08
-4.7752e-07
-1.34506e-08
-4.76467e-07
-4.75252e-07
-1.21858e-08
-1.00391e-08
-4.78323e-07
-9.23341e-09
-4.77273e-07
-4.7606e-07
-8.42579e-09
-6.11702e-09
-4.78796e-07
-5.64161e-09
-4.77748e-07
-4.76536e-07
-5.16548e-09
-3.16275e-09
-4.79039e-07
-2.91888e-09
-4.77992e-07
-4.7678e-07
-2.67476e-09
-1.20055e-09
-4.79132e-07
-1.10735e-09
-4.78085e-07
-4.76874e-07
-1.01314e-09
-1.92074e-10
-1.74516e-10
-1.56515e-10
1.18572e-06
-2.21868e-07
1.40615e-06
-2.20404e-07
-2.18018e-07
1.62419e-06
1.13073e-06
-4.89927e-07
1.39532e-06
-4.84987e-07
-4.79549e-07
1.65685e-06
8.84601e-07
-7.17168e-07
1.1099e-06
-7.10291e-07
-7.02167e-07
1.33252e-06
6.66289e-07
-8.94871e-07
8.4203e-07
-8.86032e-07
-8.75488e-07
1.01535e-06
4.66265e-07
-1.02731e-06
5.97132e-07
-1.0169e-06
-1.00427e-06
7.25917e-07
3.05903e-07
-1.12336e-06
4.00576e-07
-1.11157e-06
-1.09718e-06
4.93488e-07
1.85335e-07
-1.19124e-06
2.52187e-07
-1.17842e-06
-1.16269e-06
3.17695e-07
1.01912e-07
-1.23879e-06
1.48707e-07
-1.22522e-06
-1.20852e-06
1.94534e-07
4.79418e-08
-1.27188e-06
8.05436e-08
-1.25782e-06
-1.24047e-06
1.12496e-07
1.57544e-08
-1.29494e-06
3.85125e-08
-1.28058e-06
-1.26282e-06
6.08599e-08
-1.56287e-09
-1.31103e-06
1.43613e-08
-1.2965e-06
-1.2785e-06
3.00413e-08
-9.39123e-09
-1.32228e-06
1.76802e-09
-1.30766e-06
-1.28952e-06
1.27902e-08
-1.15851e-08
-1.33009e-06
-3.80137e-09
-1.31545e-06
-1.29723e-06
3.91165e-09
-1.07583e-08
-1.33546e-06
-5.39862e-09
-1.32081e-06
-1.30256e-06
-7.40938e-11
-8.59515e-09
-1.33906e-06
-5.00474e-09
-1.3244e-06
-1.30613e-06
-1.42949e-09
-6.12986e-09
-1.34135e-06
-3.83022e-09
-1.3267e-06
-1.30843e-06
-1.53722e-09
-3.81147e-09
-1.3427e-06
-2.45554e-09
-1.32805e-06
-1.30978e-06
-1.10173e-09
-1.9815e-09
-1.3434e-06
-1.28667e-09
-1.32875e-06
-1.31047e-06
-5.93253e-10
-7.46243e-10
-1.34367e-06
-4.77092e-10
-1.32902e-06
-1.31074e-06
-2.07709e-10
-1.09149e-10
-6.08808e-11
-1.37023e-11
2.05087e-06
-3.79793e-07
2.4533e-06
-3.68174e-07
2.77749e-06
-3.59796e-07
-3.40686e-07
3.0738e-06
2.10533e-06
-8.28263e-07
2.54442e-06
-8.07263e-07
2.96897e-06
-7.84336e-07
-7.57887e-07
3.38618e-06
1.72004e-06
-1.21579e-06
2.09439e-06
-1.18161e-06
2.45238e-06
-1.14233e-06
-1.09834e-06
2.79283e-06
1.31398e-06
-1.51441e-06
1.60142e-06
-1.46904e-06
1.87563e-06
-1.41654e-06
-1.35774e-06
2.13503e-06
9.48051e-07
-1.73655e-06
1.15994e-06
-1.68094e-06
1.35952e-06
-1.61612e-06
-1.54354e-06
1.54532e-06
6.52404e-07
-1.89546e-06
8.02824e-07
-1.83136e-06
9.4321e-07
-1.75651e-06
-1.67277e-06
1.07244e-06
4.2949e-07
-2.00726e-06
5.34719e-07
-1.93659e-06
6.32236e-07
-1.85403e-06
-1.76177e-06
7.21238e-07
2.72506e-07
-2.08523e-06
3.45727e-07
-2.00981e-06
4.13412e-07
-1.92171e-06
-1.82337e-06
4.75008e-07
1.66905e-07
-2.13964e-06
2.18058e-07
-2.06096e-06
2.65413e-07
-1.96907e-06
-1.86655e-06
3.08598e-07
9.89921e-08
-2.17777e-06
1.34989e-07
-2.09696e-06
1.68483e-07
-2.00256e-06
-1.89729e-06
1.99224e-07
5.69039e-08
-2.20463e-06
8.2419e-08
-2.12247e-06
1.06334e-07
-2.02647e-06
-1.91944e-06
1.2848e-07
3.17578e-08
-2.2236e-06
4.99009e-08
-2.14061e-06
6.70464e-08
-2.04362e-06
-1.93547e-06
8.30784e-08
1.7247e-08
-2.23694e-06
3.00918e-08
-2.15346e-06
4.23269e-08
-2.05586e-06
-1.94702e-06
5.38728e-08
9.16889e-09
-2.24618e-06
1.81261e-08
-2.16242e-06
2.67162e-08
-2.06445e-06
-1.95519e-06
3.48853e-08
4.79776e-09
-2.25241e-06
1.08624e-08
-2.16848e-06
1.671e-08
-2.07029e-06
-1.96078e-06
2.23046e-08
2.4663e-09
-2.25641e-06
6.37731e-09
-2.17239e-06
1.01616e-08
-2.07408e-06
-1.96442e-06
1.37961e-08
1.26427e-09
-2.25878e-06
3.58116e-09
-2.17471e-06
5.82866e-09
-2.07632e-06
-1.96658e-06
7.99264e-09
6.21778e-10
-2.25999e-06
1.81298e-09
-2.1759e-06
2.96927e-09
-2.07748e-06
-1.96769e-06
4.08316e-09
2.64082e-10
-2.26046e-06
7.25537e-10
-2.17636e-06
1.17288e-09
-2.07793e-06
-1.96812e-06
1.60343e-09
5.48716e-11
1.20193e-10
1.8429e-10
2.46784e-10
3.38812e-06
-3.14287e-07
3.68729e-06
-2.99135e-07
3.968e-06
-2.80678e-07
-2.59265e-07
4.2273e-06
3.79931e-06
-7.27413e-07
4.19414e-06
-6.93965e-07
4.57175e-06
-6.58274e-07
-6.19511e-07
4.932e-06
3.11578e-06
-1.05037e-06
3.42113e-06
-9.99313e-07
3.70896e-06
-9.461e-07
-8.90993e-07
3.98044e-06
2.37845e-06
-1.29379e-06
2.60504e-06
-1.22591e-06
2.81423e-06
-1.15529e-06
-1.08258e-06
3.00582e-06
1.71631e-06
-1.46478e-06
1.87188e-06
-1.38147e-06
2.0118e-06
-1.29521e-06
-1.20743e-06
2.13665e-06
1.18979e-06
-1.58212e-06
1.29489e-06
-1.48657e-06
1.38775e-06
-1.38807e-06
-1.28852e-06
1.46884e-06
8.01241e-07
-1.66212e-06
8.72084e-07
-1.55742e-06
9.3392e-07
-1.44991e-06
-1.34186e-06
9.87268e-07
5.30217e-07
-1.71733e-06
5.78994e-07
-1.60619e-06
6.21549e-07
-1.49246e-06
-1.37861e-06
6.58296e-07
3.4743e-07
-1.75617e-06
3.81926e-07
-1.64069e-06
4.12295e-07
-1.52283e-06
-1.40521e-06
4.38892e-07
2.27101e-07
-1.78404e-06
2.52155e-07
-1.66574e-06
2.74569e-07
-1.54525e-06
-1.42527e-06
2.94631e-07
1.48789e-07
-1.80435e-06
1.67306e-07
-1.68426e-06
1.84182e-07
-1.56212e-06
-1.44074e-06
1.99649e-07
9.79557e-08
-1.81923e-06
1.11717e-07
-1.69802e-06
1.24482e-07
-1.57489e-06
-1.45269e-06
1.36434e-07
6.47027e-08
-1.83006e-06
7.48475e-08
-1.70817e-06
8.43984e-08
-1.58444e-06
-1.46179e-06
9.34961e-08
4.2616e-08
-1.83779e-06
4.99309e-08
-1.71548e-06
5.6896e-08
-1.5914e-06
-1.46851e-06
6.36158e-08
2.7634e-08
-1.84312e-06
3.2714e-08
-1.72056e-06
3.75902e-08
-1.59628e-06
-1.47325e-06
4.2336e-08
1.72736e-08
-1.8466e-06
2.0604e-08
-1.72389e-06
2.38167e-08
-1.59949e-06
-1.4764e-06
2.69602e-08
1.00685e-08
-1.84867e-06
1.20617e-08
-1.72588e-06
1.39898e-08
-1.60142e-06
-1.47829e-06
1.58817e-08
5.15223e-09
-1.84974e-06
6.1793e-09
-1.72691e-06
7.17329e-09
-1.60242e-06
-1.47926e-06
8.14931e-09
2.01669e-09
-1.85016e-06
2.41374e-09
-1.72731e-06
2.79857e-09
-1.6028e-06
-1.47964e-06
3.17511e-09
3.07815e-10
3.68227e-10
4.2975e-10
4.86796e-10
-5.30047e-07
-1.18696e-07
-4.75361e-07
-5.46794e-08
-3.95545e-07
-7.9811e-08
-3.41915e-07
-5.36245e-08
-2.97711e-07
-4.41984e-08
-2.70245e-07
-2.74607e-08
-2.5458e-07
-1.56604e-08
-2.46596e-07
-7.97761e-09
-2.36404e-07
-1.01857e-08
-2.08241e-07
-2.81564e-08
-1.40382e-07
-6.78525e-08
-1.31176e-08
-1.27256e-07
1.64928e-07
-1.78037e-07
3.51502e-07
-1.86565e-07
4.57794e-07
-1.06282e-07
4.28366e-07
2.94391e-08
3.04551e-07
1.23828e-07
2.1537e-07
8.91957e-08
2.59782e-07
-4.43987e-08
2.59815e-07
-1.35428e-06
-3.30522e-07
-1.20088e-06
-2.08073e-07
-1.03971e-06
-2.4098e-07
-9.14372e-07
-1.78957e-07
-8.16084e-07
-1.42481e-07
-7.49967e-07
-9.3573e-08
-7.08915e-07
-5.67069e-08
-6.80806e-07
-3.60808e-08
-6.42447e-07
-4.85384e-08
-5.60062e-07
-1.10535e-07
-3.94153e-07
-2.33755e-07
-1.15578e-07
-4.05824e-07
2.64503e-07
-5.5811e-07
6.69029e-07
-5.91082e-07
9.50651e-07
-3.87893e-07
9.8558e-07
-5.47947e-09
7.90942e-07
3.18479e-07
5.7981e-07
3.00342e-07
5.14364e-07
2.10608e-08
7.74211e-07
-1.94599e-06
-5.83491e-07
-1.73101e-06
-4.23047e-07
-1.52926e-06
-4.42718e-07
-1.3659e-06
-3.42319e-07
-1.23897e-06
-2.69401e-07
-1.15015e-06
-1.82391e-07
-1.09062e-06
-1.16236e-07
-1.04262e-06
-8.40748e-08
-9.75886e-07
-1.15263e-07
-8.50197e-07
-2.36218e-07
-6.23769e-07
-4.60176e-07
-2.69684e-07
-7.59902e-07
2.01925e-07
-1.02971e-06
7.14589e-07
-1.10374e-06
1.12052e-06
-7.93819e-07
1.26651e-06
-1.51455e-07
1.11563e-06
4.69373e-07
8.52269e-07
5.63717e-07
6.48708e-07
2.24635e-07
1.42295e-06
-2.34369e-06
-8.57221e-07
-2.09813e-06
-6.68611e-07
-1.87942e-06
-6.61422e-07
-1.70153e-06
-5.20207e-07
-1.5633e-06
-4.07625e-07
-1.4639e-06
-2.81786e-07
-1.39248e-06
-1.87649e-07
-1.32864e-06
-1.47913e-07
-1.24053e-06
-2.03369e-07
-1.089e-06
-3.87743e-07
-8.36071e-07
-7.13096e-07
-4.58146e-07
-1.13782e-06
3.89203e-08
-1.52677e-06
5.92119e-07
-1.65693e-06
1.07348e-06
-1.27517e-06
1.32671e-06
-4.04679e-07
1.27104e-06
5.25059e-07
1.02109e-06
8.13681e-07
7.1462e-07
5.3112e-07
2.1376e-06
-2.58963e-06
-1.14209e-06
-2.33215e-06
-9.2609e-07
-2.1113e-06
-8.82266e-07
-1.93294e-06
-6.98561e-07
-1.79475e-06
-5.4582e-07
-1.69343e-06
-3.83099e-07
-1.61668e-06
-2.64389e-07
-1.54396e-06
-2.20628e-07
-1.44554e-06
-3.0179e-07
-1.28658e-06
-5.46697e-07
-1.03353e-06
-9.66143e-07
-6.6351e-07
-1.50783e-06
-1.77012e-07
-2.01326e-06
3.78527e-07
-2.21246e-06
8.97942e-07
-1.79457e-06
1.23372e-06
-7.40447e-07
1.28184e-06
4.76949e-07
1.08911e-06
1.00643e-06
7.30552e-07
8.8969e-07
2.86818e-06
-2.71976e-06
-1.43381e-06
-2.46056e-06
-1.1853e-06
-2.24568e-06
-1.09714e-06
-2.07456e-06
-8.69676e-07
-1.94339e-06
-6.76991e-07
-1.84644e-06
-4.80037e-07
-1.77074e-06
-3.40092e-07
-1.69718e-06
-2.94186e-07
-1.59979e-06
-3.99173e-07
-1.44862e-06
-6.97857e-07
-1.21344e-06
-1.20132e-06
-8.70243e-07
-1.85103e-06
-4.13167e-07
-2.47033e-06
1.22544e-07
-2.74816e-06
6.5523e-07
-2.32725e-06
1.04677e-06
-1.13198e-06
1.18625e-06
3.37485e-07
1.07179e-06
1.1209e-06
7.09086e-07
1.25241e-06
3.57729e-06
-2.76478e-06
-1.73123e-06
-2.50795e-06
-1.44213e-06
-2.30213e-06
-1.30296e-06
-2.14149e-06
-1.03031e-06
-2.0211e-06
-7.97378e-07
-1.93287e-06
-5.68262e-07
-1.8636e-06
-4.09358e-07
-1.79625e-06
-3.61533e-07
-1.70891e-06
-4.86509e-07
-1.57613e-06
-8.30636e-07
-1.37026e-06
-1.40719e-06
-1.06574e-06
-2.15554e-06
-6.49906e-07
-2.88616e-06
-1.44973e-07
-3.25308e-06
3.80952e-07
-2.85316e-06
8.08059e-07
-1.55907e-06
1.02152e-06
1.24038e-07
9.90378e-07
1.15206e-06
6.5593e-07
1.58687e-06
4.23325e-06
-2.75086e-06
-2.03484e-06
-2.49639e-06
-1.69659e-06
-2.29899e-06
-1.50036e-06
-2.14862e-06
-1.18067e-06
-2.04e-06
-9.05997e-07
-1.96276e-06
-6.45504e-07
-1.90357e-06
-4.68544e-07
-1.84731e-06
-4.17782e-07
-1.77586e-06
-5.57955e-07
-1.66794e-06
-9.38562e-07
-1.49855e-06
-1.57657e-06
-1.24113e-06
-2.41295e-06
-8.7619e-07
-3.25109e-06
-4.12079e-07
-3.71718e-06
9.21599e-08
-3.35739e-06
5.435e-07
-2.0104e-06
8.1749e-07
-1.49939e-07
8.64595e-07
1.10497e-06
5.76717e-07
1.87476e-06
4.80999e-06
-2.69947e-06
-2.34526e-06
-2.44539e-06
-1.95067e-06
-2.25329e-06
-1.69247e-06
-2.11029e-06
-1.32367e-06
-2.01186e-06
-1.00443e-06
-1.94565e-06
-7.11712e-07
-1.89807e-06
-5.16117e-07
-1.85541e-06
-4.60435e-07
-1.80285e-06
-6.10513e-07
-1.72316e-06
-1.01825e-06
-1.59458e-06
-1.70515e-06
-1.39046e-06
-2.61706e-06
-1.08502e-06
-3.55653e-06
-6.72176e-07
-4.13001e-06
-1.91844e-07
-3.8377e-06
2.67409e-07
-2.46964e-06
5.94982e-07
-4.77501e-07
7.09739e-07
9.90221e-07
4.76464e-07
2.10804e-06
5.28648e-06
-2.62652e-06
-2.66194e-06
-2.3712e-06
-2.20599e-06
-2.18038e-06
-1.88328e-06
-2.04015e-06
-1.46389e-06
-1.94816e-06
-1.09642e-06
-1.89087e-06
-7.69e-07
-1.85438e-06
-5.526e-07
-1.82574e-06
-4.89075e-07
-1.79286e-06
-6.43387e-07
-1.74247e-06
-1.06864e-06
-1.6566e-06
-1.79101e-06
-1.50976e-06
-2.7639e-06
-1.27093e-06
-3.79535e-06
-9.19161e-07
-4.48176e-06
-4.72811e-07
-4.28404e-06
-1.46463e-08
-2.92778e-06
3.64882e-07
-8.57017e-07
5.34164e-07
8.2095e-07
3.58445e-07
2.28377e-06
5.64495e-06
-2.54189e-06
-2.98239e-06
-2.28584e-06
-2.46204e-06
-2.09318e-06
-2.07595e-06
-1.95082e-06
-1.60625e-06
-1.86014e-06
-1.18709e-06
-1.80786e-06
-8.21284e-07
-1.78016e-06
-5.80293e-07
-1.76429e-06
-5.04943e-07
-1.75025e-06
-6.57431e-07
-1.72836e-06
-1.09052e-06
-1.68485e-06
-1.83452e-06
-1.59664e-06
-2.8521e-06
-1.42933e-06
-3.96265e-06
-1.14788e-06
-4.7632e-06
-7.47232e-07
-4.68466e-06
-2.88289e-07
-3.38671e-06
1.29966e-07
-1.27526e-06
3.38083e-07
6.12842e-07
2.24604e-07
2.39726e-06
5.86957e-06
-2.45003e-06
-3.30255e-06
-2.19655e-06
-2.71551e-06
-2.00126e-06
-2.27123e-06
-1.85311e-06
-1.75439e-06
-1.75848e-06
-1.28172e-06
-1.70616e-06
-8.73607e-07
-1.68357e-06
-6.0288e-07
-1.67794e-06
-5.10568e-07
-1.68063e-06
-6.54738e-07
-1.68498e-06
-1.08617e-06
-1.68137e-06
-1.83813e-06
-1.65034e-06
-2.88313e-06
-1.55651e-06
-4.05647e-06
-1.3531e-06
-4.96659e-06
-1.01049e-06
-5.02725e-06
-5.64734e-07
-3.83245e-06
-1.21095e-07
-1.71889e-06
1.1283e-07
3.78923e-07
7.93989e-08
2.43069e-06
5.94899e-06
-2.3518e-06
-3.61795e-06
-2.1061e-06
-2.96122e-06
-1.91033e-06
-2.467e-06
-1.75521e-06
-1.90952e-06
-1.65255e-06
-1.38437e-06
-1.59497e-06
-9.31185e-07
-1.57292e-06
-6.24923e-07
-1.57404e-06
-5.09454e-07
-1.59044e-06
-6.38331e-07
-1.61763e-06
-1.05898e-06
-1.64977e-06
-1.80599e-06
-1.67176e-06
-2.86113e-06
-1.64999e-06
-4.07824e-06
-1.52968e-06
-5.08689e-06
-1.25786e-06
-5.29904e-06
-8.42178e-07
-4.24811e-06
-3.96214e-07
-2.16484e-06
-1.31026e-07
1.13737e-07
-8.59497e-08
2.38561e-06
5.86306e-06
-2.24693e-06
-3.92539e-06
-2.01424e-06
-3.19391e-06
-1.82254e-06
-2.6587e-06
-1.66206e-06
-2.06999e-06
-1.54963e-06
-1.4968e-06
-1.4825e-06
-9.9832e-07
-1.45621e-06
-6.51208e-07
-1.4599e-06
-5.05762e-07
-1.48632e-06
-6.11906e-07
-1.53223e-06
-1.01307e-06
-1.59477e-06
-1.74344e-06
-1.66347e-06
-2.79243e-06
-1.70883e-06
-4.03287e-06
-1.67295e-06
-5.12275e-06
-1.48357e-06
-5.4884e-06
-1.11866e-06
-4.61299e-06
-6.86781e-07
-2.59671e-06
-3.84392e-07
-1.88656e-07
-2.63431e-07
2.26464e-06
5.59965e-06
-2.13608e-06
-4.22419e-06
-1.91955e-06
-3.41044e-06
-1.73748e-06
-2.84077e-06
-1.57555e-06
-2.23192e-06
-1.45436e-06
-1.61799e-06
-1.37523e-06
-1.07745e-06
-1.34046e-06
-6.85972e-07
-1.34231e-06
-5.03906e-07
-1.37461e-06
-5.79606e-07
-1.43471e-06
-9.52971e-07
-1.52175e-06
-1.6564e-06
-1.6294e-06
-2.68478e-06
-1.7339e-06
-3.92838e-06
-1.77931e-06
-5.07732e-06
-1.68049e-06
-5.5872e-06
-1.38556e-06
-4.90789e-06
-9.79877e-07
-3.00238e-06
-6.42409e-07
-5.26129e-07
-4.27758e-07
2.04998e-06
5.17191e-06
-2.02189e-06
-4.51663e-06
-1.82112e-06
-3.61121e-06
-1.6536e-06
-3.00829e-06
-1.49518e-06
-2.39034e-06
-1.36866e-06
-1.74451e-06
-1.27746e-06
-1.16864e-06
-1.23129e-06
-7.32144e-07
-1.22714e-06
-5.08056e-07
-1.26096e-06
-5.45783e-07
-1.33055e-06
-8.83382e-07
-1.43611e-06
-1.55084e-06
-1.57445e-06
-2.54644e-06
-1.7279e-06
-3.77492e-06
-1.84675e-06
-4.95846e-06
-1.84099e-06
-5.59294e-06
-1.63095e-06
-5.1179e-06
-1.26119e-06
-3.37211e-06
-8.88709e-07
-8.98614e-07
-5.74807e-07
1.73606e-06
4.59712e-06
-1.90877e-06
-4.80737e-06
-1.71955e-06
-3.80043e-06
-1.56945e-06
-3.1584e-06
-1.41927e-06
-2.54052e-06
-1.29225e-06
-1.87153e-06
-1.19122e-06
-1.26967e-06
-1.13254e-06
-7.90821e-07
-1.11902e-06
-5.21577e-07
-1.1501e-06
-5.14703e-07
-1.22446e-06
-8.0902e-07
-1.34281e-06
-1.43249e-06
-1.50385e-06
-2.3854e-06
-1.69513e-06
-3.58364e-06
-1.87555e-06
-4.77803e-06
-1.9584e-06
-5.51006e-06
-1.84273e-06
-5.23353e-06
-1.52056e-06
-3.69425e-06
-1.1151e-06
-1.30406e-06
-7.01256e-07
1.32221e-06
3.89589e-06
-1.802e-06
-5.10212e-06
-1.61721e-06
-3.98522e-06
-1.48439e-06
-3.29121e-06
-1.34602e-06
-2.67889e-06
-1.22351e-06
-1.99404e-06
-1.11654e-06
-1.37664e-06
-1.04622e-06
-8.61141e-07
-1.02125e-06
-5.46545e-07
-1.04577e-06
-4.90185e-07
-1.1203e-06
-7.3448e-07
-1.24607e-06
-1.30672e-06
-1.42259e-06
-2.20888e-06
-1.64093e-06
-3.3653e-06
-1.86858e-06
-4.55038e-06
-2.02856e-06
-5.35006e-06
-2.00981e-06
-5.25224e-06
-1.75094e-06
-3.95308e-06
-1.32208e-06
-1.73289e-06
-8.09586e-07
8.09725e-07
3.08634e-06
-1.70672e-06
-5.40558e-06
-1.51772e-06
-4.17422e-06
-1.39906e-06
-3.40987e-06
-1.27417e-06
-2.80379e-06
-1.1604e-06
-2.10781e-06
-1.0521e-06
-1.48494e-06
-9.72644e-07
-9.40592e-07
-9.35726e-07
-5.83462e-07
-9.50698e-07
-4.75212e-07
-1.02113e-06
-6.64045e-07
-1.14935e-06
-1.17851e-06
-1.33508e-06
-2.02315e-06
-1.57095e-06
-3.12943e-06
-1.83109e-06
-4.29023e-06
-2.05094e-06
-5.13019e-06
-2.12221e-06
-5.18094e-06
-1.94348e-06
-4.13177e-06
-1.51575e-06
-2.16057e-06
-9.14668e-07
2.08673e-07
2.17171e-06
-1.62442e-06
-5.72294e-06
-1.42851e-06
-4.37013e-06
-1.31521e-06
-3.52317e-06
-1.20415e-06
-2.91485e-06
-1.101e-06
-2.21095e-06
-9.96018e-07
-1.58992e-06
-9.10873e-07
-1.02574e-06
-8.63096e-07
-6.31238e-07
-8.66744e-07
-4.71563e-07
-9.29586e-07
-6.01202e-07
-1.05595e-06
-1.05214e-06
-1.24547e-06
-1.83362e-06
-1.49066e-06
-2.88424e-06
-1.76935e-06
-4.01153e-06
-2.02788e-06
-4.87166e-06
-2.16981e-06
-5.03897e-06
-2.07846e-06
-4.22307e-06
-1.69439e-06
-2.54459e-06
-1.05514e-06
-4.30518e-07
1.11662e-06
-5.85857e-06
-7.16444e-06
-5.0879e-06
-5.1408e-06
-4.5266e-06
-4.08446e-06
-4.18001e-06
-3.26144e-06
-3.85365e-06
-2.53731e-06
-3.50646e-06
-1.93711e-06
-3.15843e-06
-1.37377e-06
-2.8914e-06
-8.98268e-07
-2.79751e-06
-5.65443e-07
-2.95555e-06
-4.43169e-07
-3.40191e-06
-6.05782e-07
-4.13029e-06
-1.10524e-06
-5.10238e-06
-1.91214e-06
-6.24045e-06
-2.87345e-06
-7.38772e-06
-3.72437e-06
-8.26056e-06
-4.16608e-06
-8.48184e-06
-4.00167e-06
-7.77315e-06
-3.25308e-06
-6.00364e-06
-2.1998e-06
-1.5851e-06
-5.35619e-06
-8.56421e-06
-4.34874e-06
-6.14825e-06
-3.65912e-06
-4.77408e-06
-3.28714e-06
-3.63342e-06
-3.07702e-06
-2.74742e-06
-2.88004e-06
-2.1341e-06
-2.64671e-06
-1.6071e-06
-2.40676e-06
-1.13822e-06
-2.22417e-06
-7.48029e-07
-2.18895e-06
-4.78387e-07
-2.39769e-06
-3.97038e-07
-2.91017e-06
-5.9275e-07
-3.71559e-06
-1.10673e-06
-4.73282e-06
-1.85621e-06
-5.81419e-06
-2.643e-06
-6.73282e-06
-3.24745e-06
-7.21269e-06
-3.52179e-06
-6.99528e-06
-3.47047e-06
-5.86421e-06
-3.33084e-06
-3.5762e-06
-5.15159e-06
-9.78246e-06
-4.0655e-06
-7.23434e-06
-3.21594e-06
-5.62364e-06
-2.70241e-06
-4.14695e-06
-2.47291e-06
-2.97692e-06
-2.36333e-06
-2.24368e-06
-2.24442e-06
-1.72601e-06
-2.09576e-06
-1.28688e-06
-1.94272e-06
-9.01069e-07
-1.83697e-06
-5.84131e-07
-1.86236e-06
-3.71643e-07
-2.11346e-06
-3.41649e-07
-2.63647e-06
-5.83712e-07
-3.38055e-06
-1.11214e-06
-4.20959e-06
-1.81395e-06
-4.94043e-06
-2.51661e-06
-5.36968e-06
-3.09254e-06
-5.29315e-06
-3.547e-06
-4.5492e-06
-4.0748e-06
-4.94906e-06
-4.9081e-06
-1.07725e-05
-3.90202e-06
-8.24041e-06
-3.01234e-06
-6.51332e-06
-2.3665e-06
-4.79279e-06
-2.03736e-06
-3.30606e-06
-1.94278e-06
-2.33826e-06
-1.89992e-06
-1.76887e-06
-1.83349e-06
-1.35332e-06
-1.74559e-06
-9.88968e-07
-1.65854e-06
-6.71175e-07
-1.6189e-06
-4.11289e-07
-1.70281e-06
-2.57733e-07
-1.98129e-06
-3.05226e-07
-2.45531e-06
-6.38115e-07
-3.02752e-06
-1.24174e-06
-3.54728e-06
-1.99685e-06
-3.86429e-06
-2.77553e-06
-3.84602e-06
-3.56527e-06
-3.38919e-06
-4.53162e-06
-5.86287e-06
-4.57243e-06
-1.15636e-05
-3.70276e-06
-9.11008e-06
-2.87379e-06
-7.34229e-06
-2.16774e-06
-5.49884e-06
-1.72503e-06
-3.74877e-06
-1.59044e-06
-2.47285e-06
-1.59102e-06
-1.76829e-06
-1.58924e-06
-1.35509e-06
-1.56249e-06
-1.01572e-06
-1.52087e-06
-7.12799e-07
-1.48637e-06
-4.45781e-07
-1.50289e-06
-2.41211e-07
-1.62815e-06
-1.79967e-07
-1.88907e-06
-3.77199e-07
-2.23553e-06
-8.95272e-07
-2.557e-06
-1.67538e-06
-2.74492e-06
-2.58761e-06
-2.72538e-06
-3.58481e-06
-2.44132e-06
-4.81568e-06
-6.46508e-06
-4.17748e-06
-1.21976e-05
-3.44411e-06
-9.84345e-06
-2.72134e-06
-8.06506e-06
-2.03057e-06
-6.18961e-06
-1.50372e-06
-4.27562e-06
-1.29102e-06
-2.68556e-06
-1.30236e-06
-1.75695e-06
-1.35149e-06
-1.30596e-06
-1.37805e-06
-9.89155e-07
-1.38387e-06
-7.06985e-07
-1.3811e-06
-4.48547e-07
-1.39175e-06
-2.30562e-07
-1.44885e-06
-1.22869e-07
-1.57519e-06
-2.50848e-07
-1.74862e-06
-7.21844e-07
-1.90069e-06
-1.52331e-06
-1.96687e-06
-2.52142e-06
-1.92058e-06
-3.63111e-06
-1.73406e-06
-5.0022e-06
-6.85979e-06
-3.75417e-06
-1.27091e-05
-3.13937e-06
-1.04582e-05
-2.53116e-06
-8.67327e-06
-1.90876e-06
-6.81202e-06
-1.3515e-06
-4.83287e-06
-1.04974e-06
-2.98732e-06
-1.03678e-06
-1.7699e-06
-1.12099e-06
-1.22175e-06
-1.19407e-06
-9.1608e-07
-1.24394e-06
-6.57115e-07
-1.27912e-06
-4.13363e-07
-1.31055e-06
-1.99129e-07
-1.35051e-06
-8.29128e-08
-1.4044e-06
-1.96956e-07
-1.45689e-06
-6.69348e-07
-1.47435e-06
-1.50585e-06
-1.43825e-06
-2.55752e-06
-1.35918e-06
-3.71017e-06
-1.22416e-06
-5.13723e-06
-7.12083e-06
-3.32341e-06
-1.31232e-05
-2.8075e-06
-1.09742e-05
-2.30305e-06
-9.17772e-06
-1.77304e-06
-7.34202e-06
-1.23945e-06
-5.36646e-06
-8.68744e-07
-3.35803e-06
-8.04112e-07
-1.83453e-06
-9.04339e-07
-1.12152e-06
-1.01651e-06
-8.0391e-07
-1.10662e-06
-5.67e-07
-1.1796e-06
-3.40383e-07
-1.2405e-06
-1.3823e-07
-1.28592e-06
-3.74953e-08
-1.30206e-06
-1.80818e-07
-1.27089e-06
-7.00508e-07
-1.18722e-06
-1.58952e-06
-1.07623e-06
-2.66851e-06
-9.72796e-07
-3.8136e-06
-8.65987e-07
-5.24404e-06
-7.2959e-06
-2.8978e-06
-1.34582e-05
-2.46482e-06
-1.14071e-05
-2.04776e-06
-9.59478e-06
-1.61183e-06
-7.77795e-06
-1.13812e-06
-5.84017e-06
-7.36179e-07
-3.75998e-06
-6.09586e-07
-1.96113e-06
-7.07468e-07
-1.02364e-06
-8.50241e-07
-6.61137e-07
-9.76723e-07
-4.40517e-07
-1.08552e-06
-2.31582e-07
-1.17662e-06
-4.71361e-08
-1.23312e-06
1.90036e-08
-1.22454e-06
-1.8939e-07
-1.13144e-06
-7.93604e-07
-9.75923e-07
-1.74504e-06
-8.19677e-07
-2.82476e-06
-7.05279e-07
-3.928e-06
-6.16007e-07
-5.33331e-06
-7.41568e-06
-2.48486e-06
-1.37279e-05
-2.12309e-06
-1.17689e-05
-1.77855e-06
-9.93932e-06
-1.427e-06
-8.1295e-06
-1.02913e-06
-6.23805e-06
-6.34024e-07
-4.15508e-06
-4.52002e-07
-2.14315e-06
-5.33236e-07
-9.42407e-07
-6.97822e-07
-4.96551e-07
-8.5658e-07
-2.81759e-07
-9.9828e-07
-8.98814e-08
-1.1161e-06
7.06886e-08
-1.17989e-06
8.27849e-08
-1.14718e-06
-2.2209e-07
-1.00475e-06
-9.36038e-07
-8.03809e-07
-1.94598e-06
-6.29891e-07
-2.99867e-06
-5.16874e-07
-4.04101e-06
-4.41088e-07
-5.4091e-06
-7.49925e-06
-2.0898e-06
-1.39432e-05
-1.79052e-06
-1.20682e-05
-1.50716e-06
-1.02227e-05
-1.227e-06
-8.40966e-06
-9.06589e-07
-6.55846e-06
-5.46899e-07
-4.51477e-06
-3.25974e-07
-2.36407e-06
-3.81573e-07
-8.86808e-07
-5.59994e-07
-3.1813e-07
-7.46912e-07
-9.48413e-08
-9.17895e-07
8.1102e-08
-1.05604e-06
2.08835e-07
-1.11845e-06
1.45196e-07
-1.05721e-06
-2.83335e-07
-8.75223e-07
-1.11802e-06
-6.53366e-07
-2.16784e-06
-4.83879e-07
-3.16816e-06
-3.80798e-07
-4.1441e-06
-3.17195e-07
-5.4727e-06
-7.55847e-06
-1.717e-06
-1.41132e-05
-1.47321e-06
-1.2312e-05
-1.24279e-06
-1.04531e-05
-1.02177e-06
-8.63068e-06
-7.72287e-07
-6.80794e-06
-4.64897e-07
-4.82216e-06
-2.24043e-07
-2.60493e-06
-2.49847e-07
-8.61005e-07
-4.36201e-07
-1.31775e-07
-6.47952e-07
1.16909e-07
-8.4385e-07
2.77e-07
-9.94889e-07
3.59874e-07
-1.0455e-06
1.95805e-07
-9.50905e-07
-3.77926e-07
-7.39586e-07
-1.32934e-06
-5.18531e-07
-2.38889e-06
-3.68232e-07
-3.31846e-06
-2.79893e-07
-4.23243e-06
-2.27966e-07
-5.52463e-06
-7.60077e-06
-1.3706e-06
-1.42455e-05
-1.1762e-06
-1.25064e-05
-9.92403e-07
-1.06369e-05
-8.20302e-07
-8.80278e-06
-6.31226e-07
-6.99702e-06
-3.82718e-07
-5.07067e-06
-1.38932e-07
-2.84871e-06
-1.33186e-07
-8.66751e-07
-3.2521e-07
6.02488e-08
-5.59247e-07
3.50946e-07
-7.77376e-07
4.95129e-07
-9.3376e-07
5.16258e-07
-9.62492e-07
2.24538e-07
-8.31187e-07
-5.09231e-07
-6.01778e-07
-1.55874e-06
-3.99034e-07
-2.59163e-06
-2.75106e-07
-3.44239e-06
-2.03436e-07
-4.3041e-06
-1.62554e-07
-5.56551e-06
-7.63093e-06
-1.05469e-06
-1.43464e-05
-9.04056e-07
-1.2657e-05
-7.61495e-07
-1.07795e-05
-6.30007e-07
-8.93427e-06
-4.89465e-07
-7.13756e-06
-2.97364e-07
-5.26277e-06
-6.40552e-08
-3.08202e-06
-2.72078e-08
-9.03598e-07
-2.24065e-07
2.57106e-07
-4.81976e-07
6.08858e-07
-7.21399e-07
7.34552e-07
-8.76947e-07
6.71806e-07
-8.74563e-07
2.22155e-07
-7.04432e-07
-6.79361e-07
-4.69326e-07
-1.79385e-06
-2.96413e-07
-2.76455e-06
-1.99952e-07
-3.53885e-06
-1.44766e-07
-4.35929e-06
-1.13901e-07
-5.59637e-06
-7.65213e-06
-7.73363e-07
-1.4421e-05
-6.6115e-07
-1.27692e-05
-5.54798e-07
-1.08858e-05
-4.571e-07
-9.03197e-06
-3.53789e-07
-7.24087e-06
-2.0898e-07
-5.40758e-06
5.59618e-09
-3.2966e-06
7.25472e-08
-9.70548e-07
-1.30936e-07
4.60589e-07
-4.17743e-07
8.95665e-07
-6.80837e-07
9.97646e-07
-8.30739e-07
8.21709e-07
-7.87886e-07
1.79302e-07
-5.77521e-07
-8.89724e-07
-3.49796e-07
-2.02158e-06
-2.11612e-07
-2.90273e-06
-1.40021e-07
-3.61044e-06
-9.96669e-08
-4.39964e-06
-7.74361e-08
-5.61861e-06
-7.66665e-06
-5.30595e-07
-1.44739e-05
-4.51616e-07
-1.28482e-05
-3.76579e-07
-1.09608e-05
-3.07023e-07
-9.10152e-06
-2.31857e-07
-7.31604e-06
-1.22342e-07
-5.51709e-06
7.48177e-08
-3.49376e-06
1.68661e-07
-1.06439e-06
-4.27222e-08
6.71972e-07
-3.69191e-07
1.22213e-06
-6.61963e-07
1.29042e-06
-8.01478e-07
9.61224e-07
-7.05761e-07
8.35864e-08
-4.55762e-07
-1.13972e-06
-2.48668e-07
-2.22867e-06
-1.44162e-07
-3.00724e-06
-9.33183e-08
-3.66128e-06
-6.53181e-08
-4.42764e-06
-5.01519e-08
-5.63377e-06
-7.67619e-06
-3.30132e-07
-1.45089e-05
-2.79165e-07
-1.28992e-05
-2.30528e-07
-1.10095e-05
-1.84307e-07
-9.14774e-06
-1.31443e-07
-7.3689e-06
-4.84872e-08
-5.60005e-06
1.28524e-07
-3.67077e-06
2.59608e-07
-1.19547e-06
4.07429e-08
8.90838e-07
-3.41072e-07
1.60395e-06
-6.72348e-07
1.62169e-06
-7.93201e-07
1.08208e-06
-6.23938e-07
-8.56756e-08
-3.42167e-07
-1.42149e-06
-1.68012e-07
-2.40282e-06
-9.24781e-08
-3.08277e-06
-5.79707e-08
-3.69579e-06
-3.96468e-08
-4.44597e-06
-3.00016e-08
-5.64342e-06
-7.68204e-06
-1.75212e-07
-1.45294e-05
-1.46803e-07
-1.29276e-05
-1.19511e-07
-1.10368e-05
-9.22329e-08
-9.17502e-06
-5.75956e-08
-7.40354e-06
2.71719e-09
-5.66036e-06
1.59035e-07
-3.82709e-06
3.33173e-07
-1.36961e-06
1.16193e-07
1.10782e-06
-3.32534e-07
2.05268e-06
-7.10778e-07
1.99994e-06
-8.01076e-07
1.17238e-06
-5.3162e-07
-3.55131e-07
-2.39981e-07
-1.71313e-06
-1.06461e-07
-2.53634e-06
-5.41477e-08
-3.13508e-06
-3.19612e-08
-3.71798e-06
-2.1022e-08
-4.45691e-06
-1.55882e-08
-5.64885e-06
-7.68518e-06
-6.81448e-08
-1.45388e-05
-5.63602e-08
-1.29394e-05
-4.50205e-08
-1.10481e-05
-3.26411e-08
-9.1874e-06
-1.35295e-08
-7.42265e-06
3.05461e-08
-5.70444e-06
1.5131e-07
-3.94785e-06
3.72858e-07
-1.59116e-06
1.91737e-07
1.28894e-06
-3.66384e-07
2.6108e-06
-7.93359e-07
2.42691e-06
-7.84678e-07
1.1637e-06
-4.00123e-07
-7.39685e-07
-1.5238e-07
-1.96088e-06
-5.84952e-08
-2.63023e-06
-2.55546e-08
-3.16802e-06
-1.35047e-08
-3.73003e-06
-8.35684e-09
-4.46206e-06
-6.03673e-09
-5.65117e-06
-7.68641e-06
-9.11524e-09
-7.36233e-09
-5.73129e-09
-3.65608e-09
1.18972e-09
1.84597e-08
8.43663e-08
3.06701e-07
2.05674e-07
-3.60846e-07
-7.49483e-07
-5.77248e-07
-2.06168e-07
-5.98079e-08
-1.62183e-08
-5.25657e-09
-2.20884e-09
-1.20672e-09
-8.32376e-10
-2.59903e-07
2.59934e-07
-1.81786e-07
-7.81047e-08
-2.38871e-07
5.70977e-08
-3.63928e-07
1.2507e-07
-4.47198e-07
8.3281e-08
-4.22262e-07
-2.49254e-08
-2.88611e-07
-1.33642e-07
-1.12479e-07
-1.76123e-07
3.71569e-08
-1.49628e-07
1.36175e-07
-9.90102e-08
1.88338e-07
-5.21555e-08
2.13706e-07
-2.53608e-08
2.30313e-07
-1.66006e-08
2.50235e-07
-1.99158e-08
2.78669e-07
-2.84286e-08
3.21009e-07
-4.23345e-08
3.70258e-07
-4.92435e-08
4.42734e-07
-7.24707e-08
4.90305e-07
-4.7565e-08
-1.06716e-07
-4.99433e-07
7.59398e-07
-4.95357e-07
-8.21691e-08
-6.66338e-07
2.28093e-07
-9.04136e-07
3.6288e-07
-9.97341e-07
1.76497e-07
-8.6442e-07
-1.57836e-07
-5.44771e-07
-4.53281e-07
-1.65887e-07
-5.54998e-07
1.58747e-07
-4.74253e-07
3.8335e-07
-3.23605e-07
5.15056e-07
-1.83854e-07
5.87765e-07
-9.80635e-08
6.37103e-07
-6.59327e-08
6.89547e-07
-7.23544e-08
7.59452e-07
-9.83272e-08
8.55235e-07
-1.38112e-07
9.72217e-07
-1.66221e-07
1.12007e-06
-2.20316e-07
1.25629e-06
-1.83783e-07
-2.97955e-07
-6.18478e-07
1.37791e-06
-7.45717e-07
4.5082e-08
-9.94441e-07
4.7683e-07
-1.23445e-06
6.029e-07
-1.2532e-06
1.95255e-07
-1.00816e-06
-4.02863e-07
-5.77116e-07
-8.84315e-07
-1.01844e-07
-1.03026e-06
3.06242e-07
-8.82331e-07
5.99169e-07
-6.16525e-07
7.84067e-07
-3.68745e-07
8.95122e-07
-2.09112e-07
9.72629e-07
-1.43433e-07
1.04951e-06
-1.49232e-07
1.14595e-06
-1.94758e-07
1.2725e-06
-2.6466e-07
1.4281e-06
-3.21811e-07
1.61624e-06
-4.08456e-07
1.81071e-06
-3.7825e-07
-5.28006e-07
-6.77651e-07
2.05559e-06
-9.22449e-07
2.89891e-07
-1.19364e-06
7.48038e-07
-1.36972e-06
7.78992e-07
-1.29007e-06
1.1561e-07
-9.58696e-07
-7.34224e-07
-4.72632e-07
-1.37037e-06
3.42902e-08
-1.53718e-06
4.67533e-07
-1.31557e-06
7.86395e-07
-9.3538e-07
9.98248e-07
-5.8059e-07
1.13381e-06
-3.44673e-07
1.23138e-06
-2.40988e-07
1.3245e-06
-2.42352e-07
1.43563e-06
-3.05881e-07
1.57736e-06
-4.06389e-07
1.75106e-06
-4.95503e-07
1.95954e-06
-6.16933e-07
2.18661e-06
-6.05315e-07
-7.7976e-07
-6.96677e-07
2.75229e-06
-1.02026e-06
6.13483e-07
-1.26562e-06
9.93419e-07
-1.35192e-06
8.65299e-07
-1.18399e-06
-5.23049e-08
-7.98187e-07
-1.12002e-06
-2.93925e-07
-1.87462e-06
2.09498e-07
-2.04059e-06
6.33644e-07
-1.7397e-06
9.49425e-07
-1.25115e-06
1.1656e-06
-7.96756e-07
1.31024e-06
-4.89311e-07
1.41758e-06
-3.48318e-07
1.51859e-06
-3.43358e-07
1.63536e-06
-4.22646e-07
1.78166e-06
-5.52684e-07
1.96092e-06
-6.7476e-07
2.17683e-06
-8.32837e-07
2.42083e-06
-8.49321e-07
-1.04541e-06
-6.85178e-07
3.4375e-06
-1.04301e-06
9.71331e-07
-1.2321e-06
1.18252e-06
-1.22907e-06
8.62276e-07
-9.94954e-07
-2.8641e-07
-5.80398e-07
-1.53457e-06
-7.95815e-08
-2.37543e-06
3.99973e-07
-2.52013e-06
7.96865e-07
-2.13659e-06
1.09081e-06
-1.54509e-06
1.29412e-06
-1.00006e-06
1.43391e-06
-6.29098e-07
1.54063e-06
-4.55025e-07
1.64157e-06
-4.44292e-07
1.75701e-06
-5.38089e-07
1.90094e-06
-6.96611e-07
2.07854e-06
-8.52353e-07
2.29424e-06
-1.04853e-06
2.54579e-06
-1.10087e-06
-1.32115e-06
-6.47894e-07
4.08542e-06
-1.0027e-06
1.32615e-06
-1.12151e-06
1.30134e-06
-1.04163e-06
7.82417e-07
-7.62149e-07
-5.65883e-07
-3.35316e-07
-1.96139e-06
1.46075e-07
-2.8568e-06
5.9186e-07
-2.96591e-06
9.50228e-07
-2.49494e-06
1.21037e-06
-1.80522e-06
1.38906e-06
-1.17875e-06
1.51344e-06
-7.53467e-07
1.61094e-06
-5.52525e-07
1.70528e-06
-5.38625e-07
1.81448e-06
-6.47282e-07
1.95202e-06
-8.34158e-07
2.12445e-06
-1.02477e-06
2.33617e-06
-1.26025e-06
2.58997e-06
-1.35467e-06
-1.60503e-06
-5.8717e-07
4.67261e-06
-9.13969e-07
1.65296e-06
-9.60422e-07
1.34781e-06
-8.17806e-07
6.39813e-07
-5.07862e-07
-8.75815e-07
-7.70339e-08
-2.3922e-06
3.73878e-07
-3.3077e-06
7.76792e-07
-3.36881e-06
1.08817e-06
-2.80631e-06
1.30653e-06
-2.02357e-06
1.45313e-06
-1.32535e-06
1.55525e-06
-8.55575e-07
1.63779e-06
-6.35061e-07
1.72127e-06
-6.22106e-07
1.82159e-06
-7.47592e-07
1.95132e-06
-9.63886e-07
2.11782e-06
-1.19127e-06
2.32453e-06
-1.46695e-06
2.57794e-06
-1.60809e-06
-1.89583e-06
-5.06345e-07
5.17898e-06
-7.91445e-07
1.93808e-06
-7.70243e-07
1.32662e-06
-5.7558e-07
4.45162e-07
-2.43391e-07
-1.20799e-06
1.78066e-07
-2.81365e-06
5.96981e-07
-3.7266e-06
9.49131e-07
-3.72094e-06
1.20654e-06
-3.06371e-06
1.37771e-06
-2.19473e-06
1.48797e-06
-1.43561e-06
1.56426e-06
-9.31867e-07
1.62905e-06
-6.99838e-07
1.70002e-06
-6.93078e-07
1.7912e-06
-8.38767e-07
1.9139e-06
-1.08658e-06
2.07564e-06
-1.35301e-06
2.27788e-06
-1.66919e-06
2.5295e-06
-1.85971e-06
-2.19229e-06
-4.08179e-07
5.58719e-06
-6.4591e-07
2.17582e-06
-5.66438e-07
1.24716e-06
-3.25499e-07
2.04235e-07
2.6678e-08
-1.56016e-06
4.31509e-07
-3.21846e-06
8.10384e-07
-4.10546e-06
1.10445e-06
-4.01499e-06
1.3024e-06
-3.26166e-06
1.42314e-06
-2.31545e-06
1.49536e-06
-1.50782e-06
1.54498e-06
-9.81482e-07
1.59183e-06
-7.46681e-07
1.65104e-06
-7.52283e-07
1.73489e-06
-9.22619e-07
1.8529e-06
-1.20458e-06
2.01192e-06
-1.51203e-06
2.21063e-06
-1.86791e-06
2.45905e-06
-2.10813e-06
-2.49245e-06
-2.94161e-07
5.88137e-06
-4.82467e-07
2.36413e-06
-3.58389e-07
1.12309e-06
-7.29217e-08
-8.12211e-08
2.89892e-07
-1.92296e-06
6.79521e-07
-3.60808e-06
1.00971e-06
-4.43563e-06
1.239e-06
-4.24427e-06
1.37385e-06
-3.39649e-06
1.44316e-06
-2.38476e-06
1.4779e-06
-1.54256e-06
1.50219e-06
-1.00576e-06
1.53304e-06
-7.77534e-07
1.58312e-06
-8.02354e-07
1.66284e-06
-1.00234e-06
1.77908e-06
-1.32082e-06
1.9372e-06
-1.67015e-06
2.13266e-06
-2.06336e-06
2.37569e-06
-2.35116e-06
-2.79363e-06
-1.6515e-07
6.04655e-06
-2.98996e-07
2.49799e-06
-1.48675e-07
9.72784e-07
1.79654e-07
-4.09541e-07
5.54669e-07
-2.29796e-06
9.18132e-07
-3.97152e-06
1.1906e-06
-4.70808e-06
1.34966e-06
-4.40331e-06
1.42003e-06
-3.46685e-06
1.43925e-06
-2.40397e-06
1.43911e-06
-1.54241e-06
1.44117e-06
-1.00782e-06
1.45955e-06
-7.95908e-07
1.5043e-06
-8.47104e-07
1.58353e-06
-1.08156e-06
1.70048e-06
-1.43776e-06
1.85843e-06
-1.82811e-06
2.04966e-06
-2.25459e-06
2.28436e-06
-2.58586e-06
-3.09282e-06
-2.7663e-08
6.07423e-06
-8.37257e-08
2.55405e-06
7.45918e-08
8.14474e-07
4.34418e-07
-7.6936e-07
8.16271e-07
-2.6798e-06
1.14303e-06
-4.29826e-06
1.34877e-06
-4.91379e-06
1.43413e-06
-4.48865e-06
1.44123e-06
-3.47393e-06
1.41395e-06
-2.37669e-06
1.38324e-06
-1.51169e-06
1.36752e-06
-9.92097e-07
1.3779e-06
-8.0628e-07
1.42152e-06
-8.90721e-07
1.5034e-06
-1.16344e-06
1.62227e-06
-1.55664e-06
1.77938e-06
-1.98522e-06
1.96423e-06
-2.43943e-06
2.18756e-06
-2.80919e-06
-3.38753e-06
1.49103e-07
5.92515e-06
1.48513e-07
2.55465e-06
3.31999e-07
6.30992e-07
6.96767e-07
-1.13412e-06
1.07217e-06
-3.05519e-06
1.3492e-06
-4.57528e-06
1.48019e-06
-5.04475e-06
1.4911e-06
-4.49955e-06
1.43886e-06
-3.42169e-06
1.37066e-06
-2.30847e-06
1.31499e-06
-1.45602e-06
1.28677e-06
-9.63874e-07
1.29394e-06
-8.1345e-07
1.34019e-06
-9.36968e-07
1.42665e-06
-1.24989e-06
1.5471e-06
-1.67709e-06
1.70153e-06
-2.13964e-06
1.8772e-06
-2.6151e-06
2.08708e-06
-3.01906e-06
-3.67654e-06
3.2461e-07
5.60056e-06
4.00793e-07
2.47846e-06
6.14557e-07
4.17227e-07
9.70402e-07
-1.48996e-06
1.31848e-06
-3.40326e-06
1.53101e-06
-4.78778e-06
1.58154e-06
-5.09526e-06
1.52053e-06
-4.43853e-06
1.41541e-06
-3.31656e-06
1.31332e-06
-2.20637e-06
1.2391e-06
-1.38181e-06
1.20396e-06
-9.28722e-07
1.21242e-06
-8.21908e-07
1.264e-06
-9.8855e-07
1.35541e-06
-1.3413e-06
1.47575e-06
-1.79742e-06
1.62512e-06
-2.28902e-06
1.78892e-06
-2.77891e-06
1.98512e-06
-3.21526e-06
-3.96048e-06
4.91345e-07
5.10924e-06
6.66191e-07
2.30361e-06
9.12512e-07
1.70902e-07
1.24946e-06
-1.8269e-06
1.54835e-06
-3.70212e-06
1.68257e-06
-4.92197e-06
1.65066e-06
-5.06333e-06
1.52372e-06
-4.31157e-06
1.37417e-06
-3.16699e-06
1.2461e-06
-2.0783e-06
1.16001e-06
-1.29571e-06
1.12328e-06
-8.91996e-07
1.13667e-06
-8.3529e-07
1.19488e-06
-1.04676e-06
1.29018e-06
-1.4366e-06
1.40794e-06
-1.91519e-06
1.55001e-06
-2.43108e-06
1.70004e-06
-2.92894e-06
1.88468e-06
-3.39989e-06
-4.24179e-06
6.43564e-07
4.4657e-06
9.25652e-07
2.02151e-06
1.20823e-06
-1.11683e-07
1.52094e-06
-2.1396e-06
1.75209e-06
-3.93325e-06
1.79836e-06
-4.9682e-06
1.68694e-06
-4.95189e-06
1.50324e-06
-4.12786e-06
1.31894e-06
-2.98268e-06
1.17304e-06
-1.93239e-06
1.08152e-06
-1.20419e-06
1.0479e-06
-8.58373e-07
1.06862e-06
-8.56008e-07
1.13331e-06
-1.11145e-06
1.23045e-06
-1.53374e-06
1.34312e-06
-2.02786e-06
1.47622e-06
-2.56418e-06
1.61186e-06
-3.06459e-06
1.78918e-06
-3.5772e-06
-4.52417e-06
7.78059e-07
3.68767e-06
1.16738e-06
1.63219e-06
1.48748e-06
-4.31778e-07
1.76964e-06
-2.42175e-06
1.91886e-06
-4.08244e-06
1.87416e-06
-4.92347e-06
1.6916e-06
-4.76931e-06
1.46269e-06
-3.89894e-06
1.25369e-06
-2.77368e-06
1.09779e-06
-1.77648e-06
1.00668e-06
-1.11308e-06
9.79829e-07
-8.31521e-07
1.00894e-06
-8.85118e-07
1.07884e-06
-1.18135e-06
1.17533e-06
-1.63024e-06
1.28087e-06
-2.13339e-06
1.40404e-06
-2.68735e-06
1.52628e-06
-3.18682e-06
1.70192e-06
-3.75284e-06
-4.81168e-06
9.02331e-07
2.78537e-06
1.39071e-06
1.14382e-06
1.74168e-06
-7.82731e-07
1.97995e-06
-2.65999e-06
2.03815e-06
-4.1406e-06
1.90801e-06
-4.79331e-06
1.66766e-06
-4.52894e-06
1.40626e-06
-3.63753e-06
1.18228e-06
-2.5497e-06
1.0235e-06
-1.6177e-06
9.37734e-07
-1.02731e-06
9.20095e-07
-8.13881e-07
9.57383e-07
-9.22405e-07
1.03049e-06
-1.25446e-06
1.12397e-06
-1.72371e-06
1.22107e-06
-2.23049e-06
1.33418e-06
-2.80046e-06
1.44545e-06
-3.2981e-06
1.62576e-06
-3.93315e-06
-5.10741e-06
1.05589e-06
1.72954e-06
1.59972e-06
6.00009e-07
1.95537e-06
-1.13835e-06
2.12971e-06
-2.83428e-06
2.09828e-06
-4.10914e-06
1.89926e-06
-4.59426e-06
1.61912e-06
-4.24878e-06
1.33867e-06
-3.35708e-06
1.10876e-06
-2.31978e-06
9.5312e-07
-1.46205e-06
8.76307e-07
-9.50498e-07
8.68974e-07
-8.06547e-07
9.13158e-07
-9.66588e-07
9.8735e-07
-1.32865e-06
1.07571e-06
-1.81208e-06
1.16461e-06
-2.31939e-06
1.26732e-06
-2.90316e-06
1.37447e-06
-3.40525e-06
1.55986e-06
-4.11854e-06
-5.41578e-06
6.52449e-06
-5.6743e-07
8.03282e-06
-9.08086e-07
8.79561e-06
-1.90093e-06
8.79233e-06
-2.83084e-06
8.10323e-06
-3.41992e-06
6.98689e-06
-3.47784e-06
5.74383e-06
-3.0057e-06
4.61301e-06
-2.22624e-06
3.74636e-06
-1.45313e-06
3.21584e-06
-9.31529e-07
3.01775e-06
-7.52398e-07
3.08013e-06
-8.68922e-07
3.29679e-06
-1.18325e-06
3.578e-06
-1.60986e-06
3.86713e-06
-2.10121e-06
4.16358e-06
-2.61584e-06
4.48521e-06
-3.22479e-06
5.00188e-06
-3.92192e-06
5.7092e-06
-4.82585e-06
-6.81237e-06
6.73122e-06
-2.36661e-06
7.75409e-06
-1.9309e-06
7.97734e-06
-2.12412e-06
7.55882e-06
-2.41228e-06
6.65083e-06
-2.51192e-06
5.48801e-06
-2.31501e-06
4.33546e-06
-1.85315e-06
3.40419e-06
-1.29496e-06
2.80699e-06
-8.55922e-07
2.55082e-06
-6.75356e-07
2.55197e-06
-7.53543e-07
2.69491e-06
-1.01187e-06
2.88894e-06
-1.37727e-06
3.08689e-06
-1.80781e-06
3.2724e-06
-2.28671e-06
3.47372e-06
-2.81716e-06
3.78807e-06
-3.53914e-06
4.37894e-06
-4.51279e-06
5.29817e-06
-5.74508e-06
-8.1812e-06
5.1707e-06
-3.55688e-06
5.82464e-06
-2.58484e-06
5.86511e-06
-2.16458e-06
5.4261e-06
-1.97327e-06
4.68021e-06
-1.76603e-06
3.82547e-06
-1.46026e-06
3.06146e-06
-1.08913e-06
2.52877e-06
-7.62264e-07
2.27021e-06
-5.97356e-07
2.2304e-06
-6.35545e-07
2.31295e-06
-8.36097e-07
2.43959e-06
-1.1385e-06
2.56885e-06
-1.50653e-06
2.68641e-06
-1.92538e-06
2.79611e-06
-2.39641e-06
2.96991e-06
-2.99097e-06
3.35795e-06
-3.92718e-06
4.08324e-06
-5.23807e-06
5.11091e-06
-6.77275e-06
-9.40701e-06
3.73768e-06
-4.28874e-06
4.07161e-06
-2.91877e-06
4.02348e-06
-2.11646e-06
3.69901e-06
-1.64878e-06
3.22717e-06
-1.29419e-06
2.7369e-06
-9.6999e-07
2.34369e-06
-6.95922e-07
2.11476e-06
-5.33325e-07
2.04325e-06
-5.2585e-07
2.07172e-06
-6.64016e-07
2.14081e-06
-9.0518e-07
2.21516e-06
-1.21286e-06
2.27989e-06
-1.57126e-06
2.32944e-06
-1.97493e-06
2.38954e-06
-2.4565e-06
2.59245e-06
-3.19388e-06
3.09022e-06
-4.42495e-06
3.89884e-06
-6.04669e-06
4.90305e-06
-7.77696e-06
-1.04327e-05
2.56137e-06
-4.71345e-06
2.72306e-06
-3.08046e-06
2.69971e-06
-2.09311e-06
2.55622e-06
-1.50529e-06
2.35603e-06
-1.094e-06
2.15893e-06
-7.72881e-07
2.01445e-06
-5.5144e-07
1.94348e-06
-4.62356e-07
1.9319e-06
-5.14269e-07
1.95029e-06
-6.82409e-07
1.97528e-06
-9.30165e-07
1.99405e-06
-1.23163e-06
1.99871e-06
-1.57592e-06
1.98878e-06
-1.96501e-06
2.03251e-06
-2.50023e-06
2.31119e-06
-3.47255e-06
2.90526e-06
-5.01902e-06
3.71375e-06
-6.85518e-06
4.61548e-06
-8.6787e-06
-1.12653e-05
1.71282e-06
-4.95743e-06
1.81272e-06
-3.18036e-06
1.86079e-06
-2.14118e-06
1.88773e-06
-1.53223e-06
1.89831e-06
-1.10457e-06
1.89538e-06
-7.69943e-07
1.88483e-06
-5.40888e-07
1.8709e-06
-4.48423e-07
1.85388e-06
-4.97253e-07
1.83294e-06
-6.61472e-07
1.80683e-06
-9.04053e-07
1.77126e-06
-1.19605e-06
1.71928e-06
-1.52394e-06
1.66522e-06
-1.91094e-06
1.7355e-06
-2.57051e-06
2.10827e-06
-3.84533e-06
2.74409e-06
-5.65484e-06
3.48437e-06
-7.59546e-06
4.25714e-06
-9.45147e-06
-1.19365e-05
1.13785e-06
-5.10801e-06
1.23014e-06
-3.27265e-06
1.34946e-06
-2.2605e-06
1.50263e-06
-1.68539e-06
1.65785e-06
-1.2598e-06
1.7769e-06
-8.88994e-07
1.83567e-06
-5.99647e-07
1.83314e-06
-4.45892e-07
1.78644e-06
-4.50552e-07
1.71731e-06
-5.92349e-07
1.63892e-06
-8.25654e-07
1.55083e-06
-1.10796e-06
1.44852e-06
-1.42163e-06
1.37465e-06
-1.83707e-06
1.50687e-06
-2.70273e-06
1.95215e-06
-4.29061e-06
2.56559e-06
-6.26829e-06
3.20414e-06
-8.23402e-06
3.8541e-06
-1.01014e-05
-1.24799e-05
7.6396e-07
-5.21368e-06
8.63476e-07
-3.37217e-06
1.02754e-06
-2.42456e-06
1.25436e-06
-1.91222e-06
1.49965e-06
-1.50508e-06
1.6995e-06
-1.08884e-06
1.80366e-06
-7.03811e-07
1.80198e-06
-4.44201e-07
1.72212e-06
-3.70697e-07
1.6043e-06
-4.74524e-07
1.47472e-06
-6.96077e-07
1.33733e-06
-9.70568e-07
1.19499e-06
-1.27929e-06
1.12873e-06
-1.77081e-06
1.33477e-06
-2.90877e-06
1.80651e-06
-4.76235e-06
2.35247e-06
-6.81425e-06
2.88578e-06
-8.76732e-06
3.43086e-06
-1.06465e-05
-1.29217e-05
5.22786e-07
-5.29757e-06
6.27774e-07
-3.47716e-06
8.08635e-07
-2.60542e-06
1.06385e-06
-2.16743e-06
1.35375e-06
-1.79498e-06
1.60667e-06
-1.34177e-06
1.74976e-06
-8.46898e-07
1.75502e-06
-4.49455e-07
1.65048e-06
-2.66153e-07
1.49013e-06
-3.14178e-07
1.31392e-06
-5.19863e-07
1.13284e-06
-7.8949e-07
9.63606e-07
-1.11006e-06
9.27939e-07
-1.73514e-06
1.19516e-06
-3.17599e-06
1.6472e-06
-5.21439e-06
2.10675e-06
-7.27379e-06
2.54657e-06
-9.20714e-06
3.0042e-06
-1.11041e-05
-1.32807e-05
3.65811e-07
-5.36875e-06
4.69924e-07
-3.58127e-06
6.47675e-07
-2.78317e-06
8.98674e-07
-2.41843e-06
1.19538e-06
-2.09169e-06
1.47472e-06
-1.62111e-06
1.65105e-06
-1.02323e-06
1.67355e-06
-4.71953e-07
1.55923e-06
-1.51829e-07
1.36852e-06
-1.23467e-07
1.15419e-06
-3.05535e-07
9.37497e-07
-5.72795e-07
7.55046e-07
-9.27607e-07
7.63632e-07
-1.74373e-06
1.06531e-06
-3.47766e-06
1.46611e-06
-5.6152e-06
1.83955e-06
-7.64723e-06
2.20131e-06
-9.5689e-06
2.58471e-06
-1.14875e-05
-1.35708e-05
2.60852e-07
-5.42995e-06
3.57998e-07
-3.67842e-06
5.20735e-07
-2.94591e-06
7.48041e-07
-2.64574e-06
1.02385e-06
-2.3675e-06
1.30413e-06
-1.90139e-06
1.50372e-06
-1.22282e-06
1.55034e-06
-5.18562e-07
1.44169e-06
-4.3183e-08
1.23531e-06
8.29163e-08
9.93839e-07
-6.4066e-08
7.5111e-07
-3.30066e-07
5.6797e-07
-7.44467e-07
6.24675e-07
-1.80043e-06
9.31734e-07
-3.78472e-06
1.26673e-06
-5.95019e-06
1.56405e-06
-7.94456e-06
1.86106e-06
-9.8659e-06
2.17958e-06
-1.18061e-05
-1.38028e-05
1.87988e-07
-5.48151e-06
2.73572e-07
-3.764e-06
4.1465e-07
-3.08699e-06
6.08703e-07
-2.83979e-06
8.47307e-07
-2.6061e-06
1.10857e-06
-2.16265e-06
1.32017e-06
-1.43442e-06
1.39289e-06
-5.91282e-07
1.30095e-06
4.87644e-08
1.0918e-06
2.92065e-07
8.33652e-07
1.94084e-07
5.74566e-07
-7.09804e-08
4.01879e-07
-5.7178e-07
5.02414e-07
-1.90097e-06
7.90714e-07
-4.07302e-06
1.05816e-06
-6.21764e-06
1.29195e-06
-8.17835e-06
1.53394e-06
-1.01079e-05
1.79456e-06
-1.20667e-05
-1.39859e-05
1.35292e-07
-5.5233e-06
2.0657e-07
-3.83528e-06
3.22823e-07
-3.20324e-06
4.80378e-07
-2.99734e-06
6.75216e-07
-2.80094e-06
9.04916e-07
-2.39235e-06
1.11956e-06
-1.64906e-06
1.21846e-06
-6.90186e-07
1.14916e-06
1.18061e-07
9.45108e-07
4.96122e-07
6.77024e-07
4.62168e-07
4.08625e-07
1.97419e-07
2.56997e-07
-4.20151e-07
3.92042e-07
-2.03601e-06
6.44986e-07
-4.32597e-06
8.50793e-07
-6.42344e-06
1.03247e-06
-8.36003e-06
1.22632e-06
-1.03017e-05
1.4349e-06
-1.22753e-05
-1.41281e-05
9.5867e-08
-5.55555e-06
1.51889e-07
-3.8913e-06
2.42783e-07
-3.29413e-06
3.64531e-07
-3.11909e-06
5.15949e-07
-2.95236e-06
7.08121e-07
-2.58453e-06
9.19734e-07
-1.86067e-06
1.04589e-06
-8.16339e-07
1.0033e-06
1.60654e-07
8.06286e-07
6.93133e-07
5.29276e-07
7.39178e-07
2.54451e-07
4.72244e-07
1.33601e-07
-2.99301e-07
2.92557e-07
-2.19497e-06
5.00364e-07
-4.53377e-06
6.53948e-07
-6.57703e-06
7.92652e-07
-8.49873e-06
9.43634e-07
-1.04527e-05
1.10562e-06
-1.24373e-05
-1.42361e-05
6.5781e-08
-5.579e-06
1.07114e-07
-3.93263e-06
1.74164e-07
-3.36118e-06
2.63382e-07
-3.20831e-06
3.75792e-07
-3.06477e-06
5.29587e-07
-2.73832e-06
7.33792e-07
-2.06488e-06
8.91507e-07
-9.74054e-07
8.79213e-07
1.72948e-07
6.87052e-07
8.85295e-07
3.96759e-07
1.02947e-06
1.12889e-07
7.56114e-07
3.09551e-08
-2.17367e-07
2.01158e-07
-2.36517e-06
3.63169e-07
-4.69578e-06
4.75077e-07
-6.68894e-06
5.77915e-07
-8.60157e-06
6.90802e-07
-1.05656e-05
8.11557e-07
-1.2558e-05
-1.43158e-05
4.27809e-08
-5.59482e-06
7.10807e-08
-3.96093e-06
1.17246e-07
-3.40735e-06
1.78785e-07
-3.26985e-06
2.583e-07
-3.14428e-06
3.76507e-07
-2.85653e-06
5.6828e-07
-2.25665e-06
7.64169e-07
-1.16994e-06
7.89367e-07
1.4775e-07
5.97742e-07
1.07692e-06
2.84117e-07
1.3431e-06
-1.48381e-08
1.05507e-06
-5.85687e-08
-1.73636e-07
1.17801e-07
-2.54154e-06
2.39722e-07
-4.81771e-06
3.19762e-07
-6.76898e-06
3.92634e-07
-8.67444e-06
4.72293e-07
-1.06453e-05
5.57248e-07
-1.2643e-05
-1.43719e-05
2.5515e-08
-5.60445e-06
4.30547e-08
-3.97847e-06
7.20906e-08
-3.43638e-06
1.11434e-07
-3.30919e-06
1.64463e-07
-3.19731e-06
2.51677e-07
-2.94374e-06
4.21888e-07
-2.42686e-06
6.59389e-07
-1.40744e-06
7.41924e-07
6.52149e-08
5.47765e-07
1.27108e-06
1.94013e-07
1.69685e-06
-1.30218e-07
1.3793e-06
-1.32411e-07
-1.71443e-07
4.5966e-08
-2.71992e-06
1.36065e-07
-4.90781e-06
1.92212e-07
-6.82512e-06
2.40505e-07
-8.72273e-06
2.92123e-07
-1.06969e-05
3.46909e-07
-1.26977e-05
-1.44088e-05
1.31169e-08
-5.60942e-06
2.24051e-08
-3.98776e-06
3.8247e-08
-3.45223e-06
6.06562e-08
-3.3316e-06
9.32854e-08
-3.22994e-06
1.54396e-07
-3.00485e-06
2.90204e-07
-2.56267e-06
5.65579e-07
-1.68282e-06
7.28723e-07
-9.79291e-08
5.34358e-07
1.46545e-06
1.22904e-07
2.1083e-06
-2.34901e-07
1.73711e-06
-1.81616e-07
-2.24727e-07
-7.97839e-09
-2.89356e-06
5.82741e-08
-4.97406e-06
9.59835e-08
-6.86283e-06
1.24627e-07
-8.75138e-06
1.53638e-07
-1.07259e-05
1.84179e-07
-1.27283e-05
-1.44304e-05
4.99975e-09
-5.61125e-06
8.61233e-09
-3.99137e-06
1.51047e-08
-3.45872e-06
2.49741e-08
-3.34147e-06
4.17767e-08
-3.24674e-06
7.99663e-08
-3.04304e-06
1.76483e-07
-2.65919e-06
4.34497e-07
-1.94083e-06
7.55293e-07
-4.18725e-07
5.89329e-07
1.63141e-06
7.17546e-08
2.62588e-06
-3.28332e-07
2.13719e-06
-1.99817e-07
-3.53242e-07
-3.56729e-08
-3.0577e-06
1.13505e-08
-5.02108e-06
3.3534e-08
-6.88502e-06
4.68372e-08
-8.76468e-06
5.89638e-08
-1.0738e-05
7.1655e-08
-1.2741e-05
-1.44402e-05
6.80267e-10
1.18378e-09
2.19759e-09
3.95311e-09
7.81281e-09
2.07004e-08
6.6121e-08
2.35179e-07
5.71096e-07
5.67815e-07
5.55434e-08
-2.85988e-07
-1.26246e-07
-2.47852e-08
-2.8615e-09
3.48391e-09
5.92827e-09
7.69809e-09
9.59856e-09
)
;

boundaryField
{
    left_open
    {
        type            calculated;
        value           nonuniform List<scalar> 
40
(
6.48749e-07
1.56611e-06
2.19896e-06
2.61743e-06
2.8745e-06
3.01149e-06
3.0622e-06
3.05447e-06
3.00989e-06
2.9432e-06
2.86234e-06
2.77018e-06
2.6672e-06
2.55438e-06
2.43489e-06
2.31432e-06
2.19952e-06
2.09675e-06
2.01019e-06
1.94178e-06
7.30007e-06
6.75596e-06
6.36985e-06
5.89813e-06
5.36354e-06
4.81152e-06
4.26564e-06
3.73753e-06
3.2328e-06
2.75452e-06
2.30511e-06
1.88702e-06
1.50288e-06
1.15554e-06
8.48032e-07
5.83509e-07
3.65109e-07
1.95718e-07
7.75632e-08
1.10805e-08
)
;
    }
    right_open
    {
        type            calculated;
        value           nonuniform List<scalar> 
40
(
5.97026e-07
1.44754e-06
2.04077e-06
2.43836e-06
2.68649e-06
2.82153e-06
2.87385e-06
2.86875e-06
2.82596e-06
2.75921e-06
2.67687e-06
2.58356e-06
2.48226e-06
2.37608e-06
2.26906e-06
2.16599e-06
2.07156e-06
1.98943e-06
1.92149e-06
1.86823e-06
7.1058e-06
6.667e-06
6.33672e-06
5.92876e-06
5.44802e-06
4.92834e-06
4.39751e-06
3.8727e-06
3.36325e-06
2.87477e-06
2.41158e-06
1.97769e-06
1.57708e-06
1.21365e-06
8.91187e-07
6.13398e-07
3.83838e-07
2.05721e-07
8.14972e-08
1.1636e-08
)
;
    }
    base_side
    {
        type            calculated;
        value           uniform 0;
    }
    top
    {
        type            calculated;
        value           nonuniform List<scalar> 
65
(
-1.45408e-05
-1.29411e-05
-1.10497e-05
-9.18947e-06
-7.4275e-06
-5.72171e-06
-4.01376e-06
-1.8135e-06
1.38997e-06
3.17732e-06
2.81555e-06
9.9146e-07
-1.11077e-06
-2.10724e-06
-2.67382e-06
-3.17899e-06
-3.73307e-06
-4.46306e-06
-5.65155e-06
-7.68654e-06
-1.86321e-06
-1.9695e-06
-2.07064e-06
-2.16366e-06
-2.24562e-06
-2.31371e-06
-2.36542e-06
-2.39867e-06
-1.36513e-06
-1.36569e-06
-1.36236e-06
-4.79149e-07
-4.78103e-07
-4.76892e-07
-1.34371e-06
-1.32906e-06
-1.31079e-06
-2.26053e-06
-2.17643e-06
-2.07799e-06
-1.96819e-06
-1.85022e-06
-1.72737e-06
-1.60286e-06
-1.4797e-06
-5.61144e-06
-3.99188e-06
-3.45973e-06
-3.34323e-06
-3.2506e-06
-3.05593e-06
-2.70461e-06
-2.10989e-06
-7.54641e-07
1.63469e-06
3.13815e-06
2.47872e-06
-5.12984e-07
-3.15916e-06
-5.043e-06
-6.89136e-06
-8.76712e-06
-1.07398e-05
-1.27429e-05
-1.44423e-05
)
;
    }
    front
    {
        type            empty;
        value           nonuniform 0();
    }
    back
    {
        type            empty;
        value           nonuniform 0();
    }
    air_to_aluminum
    {
        type            calculated;
        value           nonuniform List<scalar> 
129
(
0
0
0
-1.32349e-23
0
0
0
0
0
0
0
0
1.65436e-24
0
0
0
0
0
0
0
0
0
0
0
0
0
0
0
0
0
0
-6.61744e-24
0
0
0
0
0
0
0
0
0
0
0
0
0
0
0
0
0
0
0
0
0
0
0
0
0
0
1.32349e-23
0
0
0
0
0
0
0
0
0
0
0
0
0
0
0
0
0
0
0
0
0
0
0
0
0
0
0
0
0
0
0
0
0
-2.64698e-23
0
0
0
0
0
0
0
0
0
0
0
0
0
0
0
-1.32349e-23
0
0
0
0
0
0
0
0
0
0
0
0
0
0
0
-2.64698e-23
0
0
0
0
)
;
    }
}


// ************************************************************************* //
