/*--------------------------------*- C++ -*----------------------------------*\
| =========                 |                                                 |
| \\      /  F ield         | OpenFOAM: The Open Source CFD Toolbox           |
|  \\    /   O peration     | Version:                                        |
|   \\  /    A nd           | Website:  www.openfoam.com                      |
|    \\/     M anipulation  |                                                 |
\*---------------------------------------------------------------------------*/
FoamFile
{
    version     2.0;
    format      ascii;
    class       volScalarField;
    location    "1948.0/aluminum";
    object      T;
}
// * * * * * * * * * * * * * * * * * * * * * * * * * * * * * * * * * * * * * //

dimensions      [0 0 0 1 0 0 0];


internalField   nonuniform List<scalar> 
372
(
307.501
307.511
307.531
307.561
307.493
307.504
307.524
307.554
307.479
307.488
307.507
307.539
307.457
307.465
307.482
307.512
307.601
307.648
307.705
307.774
307.594
307.641
307.694
307.752
307.584
307.631
307.679
307.725
307.572
307.624
307.669
307.706
307.847
307.915
308.008
307.803
307.841
307.876
307.757
307.777
307.792
307.722
307.731
307.738
308.1
308.116
308.1
307.889
307.892
307.889
307.796
307.797
307.796
307.739
307.74
307.739
308.008
307.915
307.847
307.876
307.841
307.803
307.792
307.777
307.757
307.738
307.731
307.722
307.774
307.705
307.648
307.6
307.752
307.694
307.641
307.594
307.725
307.679
307.631
307.584
307.706
307.669
307.623
307.572
307.561
307.531
307.511
307.501
307.554
307.523
307.503
307.493
307.539
307.507
307.488
307.478
307.511
307.482
307.465
307.457
307.43
307.435
307.445
307.456
307.401
307.404
307.409
307.413
307.371
307.373
307.375
307.377
307.342
307.343
307.344
307.345
307.314
307.315
307.316
307.317
307.289
307.29
307.29
307.29
307.265
307.266
307.266
307.267
307.244
307.245
307.245
307.245
307.225
307.226
307.226
307.226
307.208
307.209
307.209
307.21
307.194
307.195
307.195
307.195
307.182
307.182
307.183
307.183
307.172
307.172
307.173
307.173
307.164
307.165
307.165
307.165
307.159
307.159
307.16
307.16
307.156
307.156
307.157
307.157
307.695
307.697
307.699
307.664
307.665
307.665
307.634
307.634
307.634
307.606
307.606
307.606
307.58
307.58
307.58
307.556
307.556
307.556
307.534
307.534
307.534
307.514
307.514
307.514
307.496
307.496
307.496
307.481
307.481
307.481
307.467
307.467
307.467
307.456
307.456
307.456
307.446
307.446
307.446
307.439
307.439
307.439
307.434
307.434
307.434
307.432
307.432
307.432
307.699
307.699
307.699
307.665
307.665
307.665
307.634
307.634
307.634
307.606
307.606
307.606
307.58
307.58
307.58
307.556
307.556
307.556
307.534
307.534
307.534
307.514
307.514
307.514
307.496
307.496
307.496
307.481
307.481
307.481
307.467
307.467
307.467
307.456
307.456
307.456
307.446
307.446
307.446
307.439
307.439
307.439
307.434
307.434
307.434
307.432
307.432
307.432
307.699
307.697
307.695
307.665
307.665
307.664
307.634
307.634
307.634
307.606
307.606
307.606
307.58
307.58
307.58
307.556
307.556
307.556
307.534
307.534
307.534
307.514
307.514
307.514
307.496
307.496
307.496
307.481
307.481
307.481
307.467
307.467
307.467
307.456
307.456
307.456
307.446
307.446
307.446
307.439
307.439
307.439
307.434
307.434
307.434
307.432
307.432
307.431
307.456
307.445
307.435
307.43
307.413
307.409
307.404
307.4
307.377
307.375
307.372
307.37
307.345
307.344
307.343
307.341
307.316
307.316
307.315
307.314
307.29
307.29
307.289
307.288
307.266
307.266
307.266
307.265
307.245
307.245
307.244
307.244
307.226
307.226
307.225
307.225
307.209
307.209
307.208
307.208
307.194
307.194
307.194
307.193
307.182
307.182
307.182
307.181
307.172
307.172
307.172
307.171
307.165
307.165
307.164
307.164
307.16
307.16
307.159
307.159
307.157
307.157
307.156
307.156
)
;

boundaryField
{
    base_hotspot
    {
        type            fixedGradient;
        gradient        uniform 203.252;
    }
    base_adiabatic
    {
        type            zeroGradient;
    }
    front
    {
        type            empty;
    }
    back
    {
        type            empty;
    }
    aluminum_to_air
    {
        type            compressible::turbulentTemperatureCoupledBaffleMixed;
        refValue        nonuniform List<scalar> 
129
(
294.467
294.472
294.531
294.605
307.51
307.576
307.63
307.677
307.676
307.628
307.574
307.509
294.264
294.2
294.211
294.259
294.68
307.51
294.755
307.446
294.83
307.402
294.907
307.368
294.986
307.338
295.066
307.31
295.148
307.283
295.229
307.254
295.308
307.221
295.382
307.178
295.448
307.116
295.502
307.022
295.539
306.882
295.554
306.687
295.532
306.446
296.044
295.553
297.068
298.128
305.994
299.106
307.677
307.635
307.601
307.571
307.543
307.518
307.492
307.466
307.437
307.401
307.352
307.281
307.18
307.045
306.827
306.256
300.666
300.671
300.634
300.6
300.579
300.557
307.676
307.632
307.595
307.559
307.521
307.478
307.43
307.376
307.31
307.218
307.089
306.942
306.811
306.707
306.614
300.512
300.459
306.145
300.423
307.509
307.443
307.395
307.352
307.308
307.26
307.207
307.146
307.069
306.958
306.803
306.632
306.512
306.475
306.454
306.244
294.32
294.382
294.443
294.498
294.547
294.59
294.627
294.658
294.684
294.706
294.726
294.744
294.761
294.78
294.793
304.352
304.664
302.912
299.458
294.848
)
;
        refGradient     uniform 0;
        valueFraction   nonuniform List<scalar> 
129
(
2.89995e-05
2.89995e-05
2.89995e-05
2.89995e-05
0.000144981
0.000144981
0.000144981
0.000144981
0.000144981
0.000144981
0.000144981
0.000144981
2.89995e-05
2.89995e-05
2.89995e-05
2.89995e-05
2.89995e-05
0.000144981
2.89995e-05
0.000144981
2.89995e-05
0.000144981
2.89995e-05
0.000144981
2.89995e-05
0.000144981
2.89995e-05
0.000144981
2.89995e-05
0.000144981
2.89995e-05
0.000144981
2.89995e-05
0.000144981
2.89995e-05
0.000144981
2.89995e-05
0.000144981
2.89995e-05
0.000144981
2.89995e-05
0.000144981
2.89995e-05
0.000144981
2.89995e-05
0.000144981
3.62491e-05
2.89995e-05
3.62491e-05
3.62491e-05
0.000144981
3.62491e-05
8.21599e-05
8.21599e-05
8.21599e-05
8.21599e-05
8.21599e-05
8.21599e-05
8.21599e-05
8.21599e-05
8.21599e-05
8.21599e-05
8.21599e-05
8.21599e-05
8.21599e-05
8.21599e-05
8.21599e-05
8.21599e-05
3.62491e-05
3.62491e-05
3.62491e-05
3.62491e-05
3.62491e-05
3.62491e-05
8.21599e-05
8.21599e-05
8.21599e-05
8.21599e-05
8.21599e-05
8.21599e-05
8.21599e-05
8.21599e-05
8.21599e-05
8.21599e-05
8.21599e-05
8.21599e-05
8.21599e-05
8.21599e-05
8.21599e-05
3.62491e-05
3.62491e-05
8.21599e-05
3.62491e-05
0.000144981
0.000144981
0.000144981
0.000144981
0.000144981
0.000144981
0.000144981
0.000144981
0.000144981
0.000144981
0.000144981
0.000144981
0.000144981
0.000144981
0.000144981
0.000144981
2.89995e-05
2.89995e-05
2.89995e-05
2.89995e-05
2.89995e-05
2.89995e-05
2.89995e-05
2.89995e-05
2.89995e-05
2.89995e-05
2.89995e-05
2.89995e-05
2.89995e-05
2.89995e-05
2.89995e-05
3.62491e-05
3.62491e-05
3.62491e-05
3.62491e-05
2.89995e-05
)
;
        value           nonuniform List<scalar> 
129
(
307.5
307.493
307.478
307.456
307.572
307.623
307.669
307.706
307.706
307.669
307.623
307.572
307.5
307.492
307.478
307.456
307.429
307.456
307.4
307.413
307.37
307.377
307.341
307.345
307.314
307.316
307.288
307.29
307.265
307.266
307.243
307.245
307.225
307.226
307.208
307.209
307.193
307.195
307.181
307.182
307.171
307.172
307.164
307.165
307.158
307.159
307.155
307.155
307.156
307.156
307.156
307.156
307.695
307.664
307.634
307.606
307.58
307.556
307.534
307.514
307.496
307.48
307.467
307.455
307.446
307.439
307.434
307.431
307.431
307.431
307.431
307.431
307.431
307.431
307.695
307.664
307.634
307.606
307.58
307.556
307.534
307.514
307.496
307.48
307.467
307.455
307.446
307.439
307.434
307.431
307.431
307.431
307.431
307.455
307.413
307.377
307.345
307.316
307.29
307.266
307.244
307.225
307.208
307.194
307.182
307.172
307.164
307.159
307.156
307.429
307.4
307.37
307.341
307.313
307.288
307.264
307.243
307.224
307.207
307.193
307.181
307.171
307.163
307.158
307.156
307.156
307.156
307.155
307.155
)
;
        Tnbr            T;
        thicknessLayers 0();
        kappaLayers     0();
        kappaMethod     solidThermo;
        kappa           none;
        alphaAni        none;
        alpha           none;
    }
}


// ************************************************************************* //
