/*--------------------------------*- C++ -*----------------------------------*\
| =========                 |                                                 |
| \\      /  F ield         | OpenFOAM: The Open Source CFD Toolbox           |
|  \\    /   O peration     | Version:                                        |
|   \\  /    A nd           | Website:  www.openfoam.com                      |
|    \\/     M anipulation  |                                                 |
\*---------------------------------------------------------------------------*/
FoamFile
{
    version     2.0;
    format      ascii;
    class       volScalarField;
    location    "1887.0/air";
    object      T;
}
// * * * * * * * * * * * * * * * * * * * * * * * * * * * * * * * * * * * * * //

dimensions      [0 0 0 1 0 0 0];


internalField   nonuniform List<scalar> 
2228
(
307.078
307.144
307.198
307.245
307.014
307.077
307.142
307.203
306.971
307.031
307.1
307.169
306.937
306.996
307.067
307.139
306.907
306.966
307.038
307.112
306.88
306.938
307.011
307.087
306.854
306.908
306.982
307.063
306.828
306.874
306.95
307.038
306.798
306.829
306.909
307.012
306.76
306.76
306.848
306.98
306.705
306.642
306.747
306.936
306.617
306.431
306.571
306.871
306.478
306.076
306.263
306.772
306.276
305.545
305.768
306.631
306.028
304.839
304.996
306.381
305.586
303.888
303.778
305.699
307.245
307.198
307.144
307.078
307.203
307.14
307.076
307.014
307.168
307.097
307.028
306.97
307.136
307.059
306.987
306.933
307.105
307.018
306.943
306.898
307.07
306.962
306.881
306.858
307.022
306.858
306.758
306.798
306.934
306.614
306.454
306.683
306.757
306.049
305.79
306.46
306.454
305.106
304.787
306.114
306.103
304.161
303.846
305.737
305.837
303.607
303.33
305.437
305.704
303.401
303.272
305.294
305.666
303.383
303.505
305.337
305.691
303.503
303.715
305.521
305.736
303.636
303.594
305.455
296.097
296.971
297.85
298.64
293.159
292.968
292.952
293.058
293.173
293.061
292.934
292.822
293.157
293.155
293.142
293.118
293.143
293.145
293.148
293.152
293.145
293.145
293.145
293.145
293.149
293.148
293.147
293.147
293.154
293.153
293.152
293.15
293.162
293.16
293.158
293.157
293.184
293.18
293.176
293.173
293.237
293.231
293.225
293.219
293.314
293.308
293.302
293.296
293.401
293.395
293.391
293.387
293.497
293.491
293.487
293.483
293.602
293.595
293.589
293.585
293.701
293.694
293.689
293.685
293.784
293.778
293.774
293.771
293.84
293.836
293.832
293.829
293.896
293.891
293.886
293.881
293.751
293.748
293.743
293.739
299.376
299.673
299.686
299.736
293.307
293.575
293.768
293.864
292.743
292.7
292.687
292.689
293.086
293.052
293.021
292.999
293.154
293.153
293.151
293.148
293.147
293.149
293.152
293.154
293.146
293.146
293.146
293.147
293.149
293.148
293.147
293.147
293.155
293.153
293.152
293.15
293.169
293.166
293.164
293.161
293.213
293.208
293.203
293.199
293.291
293.287
293.283
293.279
293.384
293.381
293.38
293.38
293.481
293.48
293.48
293.482
293.583
293.582
293.583
293.585
293.683
293.682
293.683
293.685
293.769
293.768
293.767
293.766
293.827
293.824
293.821
293.818
293.874
293.867
293.859
293.85
293.738
293.736
293.739
293.741
299.707
299.635
299.539
293.886
293.866
293.817
292.697
292.706
292.716
292.989
292.986
292.986
293.144
293.142
293.139
293.155
293.155
293.155
293.148
293.149
293.15
293.147
293.147
293.148
293.149
293.149
293.149
293.159
293.158
293.156
293.196
293.193
293.191
293.277
293.276
293.275
293.381
293.382
293.383
293.484
293.486
293.489
293.587
293.59
293.592
293.686
293.688
293.69
293.766
293.766
293.766
293.815
293.812
293.809
293.842
293.835
293.829
293.736
293.732
293.73
299.483
299.458
299.439
293.773
293.747
293.719
292.723
292.726
292.729
292.986
292.987
292.987
293.137
293.135
293.134
293.155
293.154
293.154
293.15
293.151
293.151
293.148
293.149
293.149
293.149
293.149
293.149
293.156
293.155
293.155
293.189
293.189
293.188
293.274
293.273
293.273
293.384
293.385
293.386
293.491
293.492
293.493
293.594
293.596
293.597
293.691
293.692
293.693
293.766
293.765
293.765
293.807
293.805
293.804
293.825
293.822
293.82
293.728
293.726
293.724
299.414
299.492
299.802
293.663
293.589
293.546
292.732
292.734
292.733
292.987
292.985
292.977
293.131
293.125
293.116
293.153
293.15
293.146
293.152
293.152
293.151
293.15
293.151
293.152
293.149
293.15
293.151
293.154
293.154
293.153
293.187
293.185
293.183
293.272
293.271
293.27
293.387
293.389
293.391
293.496
293.499
293.503
293.599
293.603
293.607
293.695
293.697
293.7
293.765
293.765
293.764
293.801
293.795
293.789
293.816
293.809
293.803
293.72
293.717
293.713
301.064
302.444
302.256
301.369
293.758
295.136
296.818
298.055
292.715
292.786
293.484
294.939
292.961
292.907
292.817
293.095
293.098
293.071
293.047
292.999
293.134
293.112
293.121
293.218
293.146
293.135
293.162
293.352
293.153
293.148
293.154
293.254
293.153
293.153
293.147
293.148
293.153
293.154
293.152
293.143
293.18
293.178
293.176
293.173
293.269
293.268
293.267
293.267
293.395
293.4
293.405
293.411
293.509
293.518
293.527
293.536
293.613
293.621
293.629
293.637
293.703
293.707
293.71
293.712
293.762
293.758
293.75
293.742
293.779
293.766
293.758
293.759
293.796
293.789
293.785
293.784
293.709
293.709
293.712
293.718
300.724
301.495
302.124
299.168
298.385
298.221
298.398
295.733
296.389
296.966
296.924
295.515
294.106
295.308
295.984
295.65
293.171
293.908
294.877
295.357
293.39
293.783
294.514
295.209
293.768
294.31
294.957
295.607
293.605
294.213
294.903
295.549
293.215
293.436
293.819
294.267
293.127
293.124
293.16
293.246
293.165
293.152
293.134
293.118
293.267
293.266
293.264
293.26
293.418
293.425
293.433
293.44
293.546
293.556
293.566
293.574
293.645
293.652
293.66
293.671
293.712
293.716
293.732
293.776
293.743
293.766
293.822
293.902
293.773
293.802
293.844
293.892
293.788
293.796
293.809
293.824
293.722
293.727
293.728
293.736
293.15
293.15
293.15
293.15
293.15
293.139
293.079
292.989
292.941
292.935
292.936
292.919
292.873
292.814
292.77
292.736
292.684
292.621
292.589
294.281
293.15
293.15
293.15
293.15
293.15
293.14
293.08
292.989
292.944
292.939
292.937
292.913
292.863
292.809
292.772
292.744
292.712
292.688
292.718
294.247
293.15
293.15
293.15
293.15
293.15
293.143
293.089
292.999
292.952
292.945
292.937
292.906
292.854
292.808
292.783
292.774
292.783
292.809
292.834
294.264
293.15
293.15
293.15
293.15
293.15
293.146
293.106
293.019
292.965
292.953
292.939
292.902
292.85
292.813
292.805
292.822
292.87
292.917
292.893
294.3
293.15
293.15
293.15
293.15
293.15
293.149
293.124
293.046
292.984
292.963
292.944
292.902
292.853
292.826
292.833
292.875
292.944
292.993
292.928
294.344
293.15
293.15
293.15
293.15
293.15
293.15
293.137
293.078
293.009
292.977
292.951
292.908
292.861
292.844
292.864
292.92
292.994
293.035
292.956
294.391
293.15
293.15
293.15
293.15
293.15
293.15
293.146
293.106
293.039
292.994
292.963
292.918
292.874
292.862
292.89
292.953
293.022
293.054
292.981
294.441
293.15
293.15
293.15
293.15
293.15
293.15
293.149
293.127
293.07
293.016
292.978
292.933
292.89
292.88
292.911
292.976
293.036
293.059
293.004
294.494
293.15
293.15
293.15
293.15
293.15
293.15
293.151
293.14
293.099
293.042
292.997
292.951
292.909
292.898
292.927
292.989
293.041
293.062
293.023
294.549
293.15
293.15
293.15
293.15
293.15
293.15
293.151
293.147
293.121
293.069
293.018
292.972
292.93
292.915
292.938
292.995
293.042
293.064
293.039
294.607
293.15
293.15
293.15
293.15
293.15
293.15
293.15
293.15
293.136
293.095
293.043
292.994
292.952
292.934
292.948
292.998
293.042
293.067
293.051
294.668
293.15
293.15
293.15
293.15
293.15
293.15
293.15
293.151
293.144
293.116
293.068
293.018
292.975
292.953
292.96
293
293.041
293.071
293.062
294.731
293.15
293.15
293.15
293.15
293.15
293.15
293.15
293.151
293.149
293.131
293.092
293.042
292.997
292.973
292.974
293.004
293.043
293.074
293.069
294.796
293.15
293.15
293.15
293.15
293.15
293.15
293.15
293.15
293.15
293.141
293.111
293.066
293.02
292.992
292.989
293.009
293.045
293.078
293.075
294.864
293.15
293.15
293.15
293.15
293.15
293.15
293.15
293.15
293.151
293.147
293.127
293.088
293.043
293.011
293.004
293.016
293.049
293.082
293.078
294.933
293.15
293.15
293.15
293.15
293.15
293.15
293.15
293.15
293.15
293.15
293.138
293.107
293.066
293.031
293.019
293.024
293.053
293.086
293.079
295.005
293.15
293.15
293.15
293.15
293.15
293.15
293.15
293.15
293.15
293.15
293.144
293.123
293.087
293.05
293.034
293.033
293.057
293.09
293.078
295.077
293.15
293.15
293.15
293.15
293.15
293.15
293.15
293.15
293.15
293.151
293.148
293.134
293.105
293.07
293.049
293.043
293.062
293.095
293.076
295.152
293.15
293.15
293.15
293.15
293.15
293.15
293.15
293.15
293.15
293.15
293.15
293.142
293.12
293.089
293.065
293.054
293.069
293.099
293.072
295.22
293.15
293.15
293.15
293.15
293.15
293.15
293.15
293.15
293.15
293.15
293.15
293.146
293.131
293.105
293.081
293.067
293.077
293.104
293.067
295.351
293.15
293.15
293.151
293.152
293.151
293.15
293.149
293.149
293.149
293.15
293.15
293.15
293.145
293.133
293.117
293.103
293.1
293.118
293.067
294.423
293.151
293.176
293.206
293.215
293.205
293.185
293.166
293.154
293.149
293.147
293.148
293.149
293.15
293.149
293.144
293.138
293.133
293.138
293.107
293.678
293.179
293.304
293.402
293.438
293.412
293.346
293.271
293.211
293.174
293.155
293.148
293.146
293.147
293.149
293.149
293.149
293.146
293.148
293.132
293.254
293.227
293.445
293.588
293.64
293.618
293.544
293.438
293.332
293.249
293.197
293.168
293.155
293.149
293.148
293.148
293.149
293.149
293.149
293.146
293.151
293.293
293.567
293.721
293.772
293.751
293.685
293.587
293.469
293.356
293.272
293.218
293.187
293.169
293.159
293.154
293.152
293.15
293.149
293.15
293.144
293.352
293.651
293.795
293.838
293.822
293.768
293.691
293.586
293.464
293.357
293.283
293.235
293.205
293.185
293.172
293.164
293.158
293.154
293.152
293.148
293.401
293.713
293.835
293.861
293.849
293.811
293.755
293.673
293.555
293.431
293.336
293.275
293.236
293.21
293.193
293.18
293.17
293.162
293.157
293.152
293.454
293.768
293.86
293.869
293.855
293.828
293.79
293.732
293.625
293.485
293.366
293.291
293.251
293.228
293.212
293.199
293.187
293.176
293.166
293.158
293.507
293.812
293.874
293.877
293.862
293.837
293.808
293.769
293.674
293.519
293.379
293.298
293.267
293.25
293.238
293.227
293.213
293.198
293.183
293.17
293.55
293.838
293.877
293.886
293.876
293.847
293.818
293.789
293.705
293.541
293.388
293.314
293.293
293.291
293.289
293.279
293.263
293.243
293.22
293.197
293.594
293.854
293.876
293.893
293.89
293.858
293.824
293.8
293.72
293.553
293.403
293.348
293.355
293.379
293.387
293.373
293.345
293.315
293.285
293.255
293.63
293.859
293.875
293.892
293.889
293.862
293.829
293.803
293.721
293.558
293.434
293.423
293.481
293.538
293.554
293.526
293.47
293.413
293.367
293.333
293.649
293.859
293.87
293.883
293.88
293.861
293.832
293.796
293.705
293.56
293.494
293.57
293.688
293.764
293.776
293.728
293.642
293.548
293.472
293.423
293.674
293.857
293.861
293.871
293.868
293.853
293.823
293.771
293.673
293.562
293.625
293.791
293.927
293.982
293.971
293.908
293.809
293.695
293.595
293.528
293.719
293.851
293.848
293.856
293.852
293.834
293.794
293.727
293.642
293.626
293.823
294.002
294.083
294.087
294.052
293.998
293.917
293.813
293.711
293.637
293.738
293.842
293.83
293.833
293.823
293.795
293.745
293.681
293.654
293.802
293.994
294.082
294.107
294.096
294.059
294.016
293.961
293.883
293.799
293.733
293.757
293.833
293.809
293.801
293.782
293.749
293.705
293.684
293.762
293.937
294.018
294.046
294.063
294.071
294.047
294.009
293.97
293.917
293.858
293.808
293.742
293.825
293.794
293.774
293.752
293.728
293.721
293.767
293.875
293.94
293.942
293.925
293.949
294.002
294.021
293.994
293.961
293.928
293.891
293.856
293.72
293.809
293.804
293.794
293.79
293.801
293.831
293.87
293.892
293.874
293.809
293.74
293.738
293.812
293.907
293.962
293.969
293.951
293.931
293.909
293.618
293.656
293.669
293.673
293.677
293.682
293.717
293.713
293.744
293.711
293.657
293.569
293.498
293.466
293.521
293.6
293.676
293.72
293.754
293.776
294.361
292.476
292.493
292.7
292.854
292.89
292.898
292.904
292.911
292.92
292.931
292.944
292.956
292.968
292.978
292.986
292.993
293
293.008
293.046
294.332
292.613
292.53
292.695
292.853
292.899
292.906
292.91
292.915
292.924
292.934
292.947
292.959
292.971
292.982
292.991
292.998
293.006
293.017
293.064
294.351
292.744
292.645
292.734
292.866
292.916
292.923
292.923
292.925
292.931
292.941
292.953
292.966
292.979
292.991
293
293.008
293.017
293.036
293.1
294.385
292.813
292.793
292.808
292.896
292.94
292.946
292.942
292.94
292.943
292.95
292.963
292.977
292.991
293.004
293.014
293.023
293.034
293.066
293.145
294.42
292.854
292.929
292.888
292.936
292.971
292.973
292.966
292.959
292.958
292.964
292.976
292.991
293.008
293.022
293.033
293.043
293.057
293.106
293.186
294.456
292.889
293.009
292.954
292.98
293.005
293.003
292.99
292.98
292.975
292.98
292.992
293.009
293.028
293.044
293.056
293.066
293.085
293.151
293.212
294.493
292.918
293.038
293.005
293.02
293.037
293.031
293.015
293.001
292.994
292.997
293.011
293.031
293.052
293.069
293.081
293.092
293.118
293.195
293.224
294.53
292.939
293.048
293.043
293.055
293.065
293.055
293.037
293.021
293.013
293.017
293.032
293.055
293.079
293.097
293.107
293.12
293.156
293.234
293.231
294.566
292.956
293.052
293.067
293.082
293.087
293.074
293.056
293.039
293.032
293.037
293.056
293.082
293.108
293.125
293.134
293.149
293.195
293.266
293.236
294.6
292.971
293.059
293.082
293.103
293.102
293.089
293.071
293.056
293.05
293.059
293.082
293.112
293.139
293.154
293.161
293.18
293.232
293.293
293.242
294.631
292.985
293.069
293.092
293.117
293.113
293.101
293.084
293.071
293.069
293.082
293.11
293.143
293.169
293.182
293.188
293.211
293.267
293.314
293.249
294.66
292.997
293.082
293.101
293.128
293.121
293.11
293.096
293.086
293.088
293.107
293.139
293.175
293.199
293.209
293.214
293.24
293.297
293.333
293.259
294.685
293.007
293.096
293.112
293.136
293.127
293.118
293.106
293.101
293.109
293.134
293.17
293.205
293.227
293.233
293.238
293.267
293.322
293.348
293.27
294.707
293.015
293.109
293.122
293.142
293.133
293.125
293.118
293.118
293.131
293.161
293.2
293.234
293.251
293.254
293.259
293.291
293.343
293.362
293.28
294.724
293.023
293.121
293.132
293.146
293.138
293.134
293.13
293.136
293.155
293.19
293.229
293.259
293.271
293.271
293.278
293.311
293.361
293.374
293.291
294.737
293.03
293.129
293.139
293.15
293.144
293.143
293.144
293.155
293.18
293.218
293.256
293.281
293.287
293.286
293.294
293.329
293.375
293.387
293.303
294.745
293.039
293.134
293.145
293.155
293.151
293.154
293.16
293.176
293.206
293.244
293.28
293.299
293.3
293.297
293.308
293.343
293.388
293.401
293.316
294.749
293.05
293.137
293.15
293.16
293.16
293.166
293.177
293.198
293.23
293.269
293.301
293.314
293.311
293.307
293.319
293.356
293.401
293.418
293.328
294.743
293.067
293.136
293.155
293.165
293.169
293.179
293.194
293.219
293.254
293.292
293.319
293.327
293.319
293.314
293.33
293.368
293.414
293.437
293.34
294.779
293.095
293.134
293.159
293.172
293.179
293.193
293.212
293.239
293.276
293.312
293.336
293.339
293.327
293.322
293.339
293.38
293.431
293.458
293.35
294.121
293.223
293.148
293.169
293.188
293.205
293.227
293.255
293.288
293.327
293.359
293.373
293.362
293.343
293.34
293.366
293.421
293.491
293.508
293.368
293.846
293.491
293.215
293.192
293.213
293.242
293.276
293.315
293.356
293.395
293.419
293.415
293.39
293.372
293.385
293.442
293.539
293.623
293.587
293.389
293.992
293.976
293.386
293.261
293.256
293.285
293.323
293.368
293.414
293.449
293.461
293.445
293.421
293.423
293.477
293.589
293.718
293.765
293.663
293.411
294.298
294.214
293.603
293.392
293.366
293.373
293.394
293.428
293.466
293.491
293.494
293.477
293.469
293.508
293.615
293.769
293.885
293.875
293.734
293.444
294.673
294.437
293.784
293.522
293.508
293.498
293.492
293.499
293.517
293.529
293.527
293.517
293.532
293.611
293.761
293.919
293.986
293.938
293.796
293.488
295.246
294.834
293.98
293.611
293.617
293.604
293.584
293.57
293.566
293.567
293.563
293.563
293.602
293.714
293.879
294.006
294.022
293.967
293.841
293.527
295.938
295.163
294.134
293.686
293.686
293.676
293.655
293.633
293.617
293.606
293.602
293.612
293.67
293.798
293.955
294.041
294.031
293.988
293.883
293.578
295.791
294.848
294.069
293.76
293.731
293.731
293.709
293.684
293.664
293.647
293.641
293.658
293.726
293.857
293.997
294.058
294.046
294.012
293.92
293.64
294.422
293.94
293.789
293.791
293.775
293.799
293.783
293.74
293.7
293.686
293.677
293.694
293.765
293.891
294.019
294.075
294.075
294.037
293.947
293.701
293.3
293.259
293.506
293.765
293.819
293.857
293.919
293.859
293.76
293.709
293.705
293.715
293.781
293.903
294.027
294.09
294.104
294.06
293.965
293.758
293.101
293.086
293.311
293.671
293.839
293.9
294.013
294.056
293.897
293.747
293.719
293.728
293.779
293.89
294.013
294.09
294.114
294.071
293.973
293.791
293.277
293.231
293.239
293.516
293.781
293.911
294.039
294.145
294.066
293.84
293.728
293.732
293.77
293.859
293.974
294.062
294.098
294.061
293.972
293.824
293.487
293.525
293.392
293.421
293.652
293.852
294.009
294.147
294.146
293.939
293.758
293.733
293.765
293.827
293.921
294.009
294.055
294.032
293.96
293.839
293.634
293.784
293.693
293.51
293.564
293.748
293.928
294.094
294.148
293.978
293.782
293.738
293.767
293.808
293.872
293.947
293.997
293.99
293.939
293.841
293.813
294.131
294.056
293.724
293.58
293.665
293.827
294.024
294.114
293.96
293.78
293.745
293.773
293.799
293.837
293.894
293.941
293.944
293.916
293.839
294.023
294.379
294.178
293.813
293.603
293.613
293.769
294.007
294.067
293.894
293.762
293.758
293.781
293.791
293.812
293.853
293.892
293.904
293.895
293.839
294.097
294.28
294.1
293.809
293.65
293.675
293.867
294.042
293.971
293.809
293.766
293.798
293.816
293.812
293.814
293.834
293.86
293.879
293.882
293.824
294.013
294.152
294.092
293.93
293.852
293.896
293.997
293.969
293.836
293.783
293.821
293.864
293.877
293.869
293.857
293.853
293.863
293.877
293.873
293.831
293.876
293.965
294.01
293.987
293.962
293.96
293.92
293.837
293.808
293.842
293.879
293.882
293.867
293.863
293.87
293.878
293.886
293.876
293.846
293.811
293.761
293.784
293.808
293.842
293.842
293.839
293.819
293.817
293.837
293.837
293.82
293.785
293.741
293.734
293.744
293.765
293.77
293.754
293.743
293.746
)
;

boundaryField
{
    left_open
    {
        type            inletOutlet;
        inletValue      uniform 293.15;
        value           nonuniform List<scalar> 
40
(
293.15
293.15
293.15
293.15
293.15
293.15
293.15
293.15
293.15
293.15
293.15
293.15
293.15
293.15
293.15
293.15
293.15
293.15
293.15
293.15
293.15
293.15
293.15
293.15
293.292
293.15
293.15
293.15
293.505
293.15
293.15
293.628
293.15
293.15
293.715
293.15
293.755
293.74
293.718
293.616
)
;
    }
    right_open
    {
        type            inletOutlet;
        inletValue      uniform 293.15;
        value           nonuniform List<scalar> 
40
(
293.045
293.063
293.099
293.145
293.187
293.15
293.15
293.15
293.15
293.15
293.15
293.15
293.15
293.28
293.291
293.302
293.15
293.15
293.15
293.35
293.15
293.39
293.41
293.15
293.488
293.15
293.15
293.15
293.15
293.753
293.15
293.15
293.837
293.839
293.837
293.838
293.15
293.83
293.81
293.15
)
;
    }
    base_side
    {
        type            zeroGradient;
    }
    top
    {
        type            inletOutlet;
        inletValue      uniform 293.15;
        value           nonuniform List<scalar> 
65
(
293.616
293.654
293.667
293.671
293.675
293.15
293.715
293.15
293.74
293.15
293.15
293.568
293.5
293.465
293.515
293.15
293.667
293.15
293.15
293.775
293.15
293.748
293.743
293.15
293.15
293.733
293.15
293.743
293.738
293.733
293.73
293.731
293.73
293.728
293.15
293.15
293.15
293.15
293.707
293.709
293.715
293.719
293.727
293.15
293.15
293.758
293.78
293.15
293.15
293.838
293.834
293.815
293.818
293.839
293.836
293.816
293.779
293.736
293.733
293.744
293.15
293.769
293.753
293.742
293.75
)
;
    }
    front
    {
        type            empty;
    }
    back
    {
        type            empty;
    }
    air_to_aluminum
    {
        type            compressible::turbulentTemperatureCoupledBaffleMixed;
        refValue        nonuniform List<scalar> 
129
(
307.069
307.061
307.046
307.025
307.14
307.191
307.237
307.274
307.274
307.237
307.191
307.14
307.069
307.061
307.046
307.025
306.998
307.024
306.969
306.981
306.939
306.945
306.91
306.913
306.882
306.885
306.857
306.858
306.833
306.835
306.812
306.813
306.793
306.794
306.777
306.778
306.762
306.763
306.75
306.751
306.74
306.741
306.733
306.733
306.727
306.728
306.724
306.724
306.725
306.725
306.725
306.725
307.263
307.232
307.202
307.174
307.148
307.124
307.102
307.082
307.064
307.048
307.035
307.023
307.014
307.007
307.002
306.999
306.999
306.999
306.999
306.999
306.999
306.999
307.263
307.232
307.202
307.174
307.148
307.124
307.102
307.082
307.064
307.048
307.035
307.023
307.014
307.007
307.002
306.999
306.999
306.999
306.999
307.024
306.981
306.945
306.914
306.885
306.859
306.835
306.814
306.794
306.778
306.763
306.751
306.741
306.733
306.728
306.725
306.998
306.969
306.939
306.91
306.882
306.857
306.834
306.812
306.793
306.777
306.762
306.75
306.74
306.733
306.727
306.725
306.725
306.725
306.725
306.725
)
;
        refGradient     uniform 0;
        valueFraction   nonuniform List<scalar> 
129
(
0.999971
0.999971
0.999971
0.999971
0.999855
0.999855
0.999855
0.999855
0.999855
0.999855
0.999855
0.999855
0.999971
0.999971
0.999971
0.999971
0.999971
0.999855
0.999971
0.999855
0.999971
0.999855
0.999971
0.999855
0.999971
0.999855
0.999971
0.999855
0.999971
0.999855
0.999971
0.999855
0.999971
0.999855
0.999971
0.999855
0.999971
0.999855
0.999971
0.999855
0.999971
0.999855
0.999971
0.999855
0.999971
0.999855
0.999964
0.999971
0.999964
0.999964
0.999855
0.999964
0.999918
0.999918
0.999918
0.999918
0.999918
0.999918
0.999918
0.999918
0.999918
0.999918
0.999918
0.999918
0.999918
0.999918
0.999918
0.999918
0.999964
0.999964
0.999964
0.999964
0.999964
0.999964
0.999918
0.999918
0.999918
0.999918
0.999918
0.999918
0.999918
0.999918
0.999918
0.999918
0.999918
0.999918
0.999918
0.999918
0.999918
0.999964
0.999964
0.999918
0.999964
0.999855
0.999855
0.999855
0.999855
0.999855
0.999855
0.999855
0.999855
0.999855
0.999855
0.999855
0.999855
0.999855
0.999855
0.999855
0.999855
0.999971
0.999971
0.999971
0.999971
0.999971
0.999971
0.999971
0.999971
0.999971
0.999971
0.999971
0.999971
0.999971
0.999971
0.999971
0.999964
0.999964
0.999964
0.999964
0.999971
)
;
        value           nonuniform List<scalar> 
129
(
307.068
307.061
307.046
307.024
307.14
307.191
307.237
307.274
307.274
307.237
307.191
307.14
307.068
307.061
307.046
307.025
306.998
307.024
306.968
306.981
306.938
306.945
306.909
306.913
306.882
306.885
306.856
306.858
306.833
306.835
306.812
306.813
306.793
306.794
306.776
306.778
306.762
306.763
306.75
306.751
306.74
306.741
306.732
306.733
306.727
306.728
306.724
306.724
306.724
306.725
306.725
306.725
307.263
307.232
307.202
307.174
307.148
307.124
307.102
307.082
307.064
307.048
307.035
307.023
307.014
307.007
307.002
306.999
306.999
306.999
306.999
306.999
306.999
306.999
307.263
307.232
307.202
307.174
307.148
307.124
307.102
307.082
307.064
307.048
307.034
307.023
307.014
307.006
307.002
306.999
306.999
306.999
306.999
307.024
306.981
306.945
306.914
306.885
306.859
306.835
306.814
306.794
306.777
306.763
306.75
306.74
306.733
306.728
306.725
306.998
306.968
306.938
306.91
306.882
306.857
306.833
306.812
306.793
306.776
306.762
306.75
306.74
306.732
306.727
306.725
306.725
306.725
306.724
306.724
)
;
        Tnbr            T;
        thicknessLayers 0();
        kappaLayers     0();
        kappaMethod     fluidThermo;
        kappa           none;
        alphaAni        none;
        alpha           none;
    }
}


// ************************************************************************* //
