/*--------------------------------*- C++ -*----------------------------------*\
| =========                 |                                                 |
| \\      /  F ield         | OpenFOAM: The Open Source CFD Toolbox           |
|  \\    /   O peration     | Version:                                        |
|   \\  /    A nd           | Website:  www.openfoam.com                      |
|    \\/     M anipulation  |                                                 |
\*---------------------------------------------------------------------------*/
FoamFile
{
    version     2.0;
    format      ascii;
    class       volScalarField;
    location    "1831.0/air";
    object      T;
}
// * * * * * * * * * * * * * * * * * * * * * * * * * * * * * * * * * * * * * //

dimensions      [0 0 0 1 0 0 0];


internalField   nonuniform List<scalar> 
2228
(
306.681
306.746
306.801
306.847
306.617
306.68
306.744
306.805
306.574
306.634
306.702
306.771
306.539
306.599
306.669
306.741
306.51
306.568
306.64
306.714
306.483
306.54
306.613
306.689
306.457
306.51
306.584
306.664
306.43
306.476
306.552
306.64
306.4
306.43
306.51
306.613
306.362
306.36
306.448
306.581
306.309
306.246
306.351
306.539
306.229
306.059
306.194
306.478
306.111
305.76
305.939
306.391
305.941
305.305
305.526
306.267
305.705
304.635
304.828
306.066
305.211
303.639
303.67
305.552
306.847
306.8
306.746
306.681
306.805
306.744
306.68
306.617
306.771
306.703
306.634
306.574
306.742
306.67
306.599
306.54
306.715
306.641
306.569
306.51
306.689
306.614
306.542
306.483
306.665
306.587
306.513
306.458
306.641
306.556
306.481
306.432
306.615
306.514
306.435
306.403
306.58
306.443
306.351
306.36
306.524
306.296
306.171
306.287
306.418
305.977
305.795
306.156
306.217
305.355
305.151
305.959
305.886
304.436
304.301
305.704
305.503
303.495
303.356
305.229
305.308
302.971
302.478
304.041
296.251
297.122
297.985
298.759
293.313
293.249
293.313
293.473
293.15
293.081
292.999
292.927
293.139
293.13
293.109
293.073
293.146
293.144
293.142
293.137
293.167
293.163
293.16
293.159
293.194
293.19
293.185
293.181
293.208
293.207
293.205
293.201
293.199
293.202
293.205
293.206
293.188
293.191
293.195
293.199
293.188
293.189
293.192
293.195
293.204
293.198
293.196
293.196
293.263
293.241
293.224
293.213
293.38
293.343
293.307
293.275
293.511
293.481
293.443
293.401
293.555
293.555
293.551
293.539
293.562
293.564
293.569
293.573
293.571
293.569
293.569
293.572
293.603
293.599
293.597
293.595
293.565
293.562
293.555
293.553
299.393
299.626
299.681
300.115
293.737
294.009
294.235
294.458
292.881
292.872
292.897
292.951
293.023
292.964
292.905
292.852
293.125
293.102
293.067
293.019
293.157
293.153
293.144
293.126
293.177
293.175
293.173
293.168
293.198
293.194
293.191
293.189
293.206
293.205
293.204
293.202
293.202
293.204
293.205
293.206
293.198
293.2
293.203
293.205
293.198
293.2
293.202
293.204
293.207
293.204
293.205
293.206
293.25
293.232
293.221
293.215
293.36
293.321
293.288
293.26
293.516
293.482
293.441
293.397
293.575
293.571
293.561
293.544
293.576
293.581
293.585
293.587
293.595
293.596
293.598
293.601
293.55
293.547
293.547
293.548
300.409
300.634
300.908
294.65
294.806
294.996
293.013
293.072
293.149
292.817
292.798
292.785
292.975
292.94
292.903
293.106
293.087
293.062
293.163
293.157
293.149
293.187
293.185
293.183
293.2
293.2
293.199
293.206
293.206
293.206
293.206
293.206
293.207
293.205
293.206
293.207
293.207
293.208
293.209
293.214
293.214
293.214
293.244
293.236
293.23
293.363
293.341
293.32
293.526
293.511
293.493
293.586
293.584
293.581
293.603
293.605
293.607
293.548
293.547
293.546
301.14
301.277
301.428
295.154
295.249
295.357
293.213
293.252
293.297
292.781
292.781
292.783
292.877
292.864
292.85
293.044
293.033
293.022
293.141
293.137
293.132
293.181
293.18
293.179
293.198
293.198
293.198
293.206
293.205
293.205
293.207
293.207
293.208
293.207
293.207
293.208
293.209
293.209
293.209
293.214
293.214
293.214
293.227
293.225
293.224
293.307
293.301
293.295
293.481
293.474
293.468
293.577
293.575
293.573
293.608
293.608
293.608
293.546
293.546
293.546
301.748
302.316
302.984
295.599
296.096
296.799
293.396
293.606
293.93
292.79
292.821
292.887
292.824
292.786
292.752
292.999
292.96
292.917
293.121
293.101
293.076
293.176
293.169
293.16
293.197
293.195
293.193
293.205
293.205
293.205
293.208
293.208
293.208
293.208
293.209
293.209
293.21
293.21
293.211
293.215
293.215
293.215
293.222
293.22
293.219
293.285
293.271
293.259
293.455
293.436
293.417
293.568
293.56
293.551
293.609
293.609
293.608
293.545
293.546
293.547
304.011
303.947
302.145
301.203
298.38
300.629
301.285
300.414
294.73
296.538
298.348
299.05
293.093
293.774
294.981
296.181
292.723
292.785
293.103
293.712
292.848
292.757
292.707
292.773
293.032
292.957
292.866
292.781
293.142
293.107
293.055
292.986
293.188
293.177
293.157
293.125
293.204
293.202
293.197
293.186
293.209
293.209
293.208
293.206
293.21
293.211
293.211
293.211
293.212
293.212
293.213
293.213
293.215
293.215
293.214
293.213
293.217
293.214
293.211
293.206
293.246
293.233
293.222
293.212
293.393
293.364
293.338
293.315
293.536
293.515
293.492
293.469
293.607
293.603
293.596
293.588
293.548
293.545
293.546
293.545
302.102
300.908
298.64
296.774
299.338
297.304
294.374
293.258
298.652
297.628
295.713
294.093
296.793
296.891
296.513
295.778
294.365
294.856
295.166
295.313
292.982
293.257
293.533
293.804
292.737
292.753
292.814
292.886
292.91
292.842
292.795
292.744
293.079
293.024
292.966
292.897
293.166
293.138
293.101
293.053
293.2
293.188
293.17
293.144
293.209
293.205
293.197
293.184
293.212
293.21
293.205
293.193
293.209
293.203
293.193
293.172
293.199
293.188
293.173
293.154
293.201
293.188
293.174
293.159
293.294
293.275
293.257
293.239
293.446
293.425
293.405
293.386
293.578
293.567
293.554
293.54
293.55
293.55
293.548
293.542
293.154
293.152
293.132
293.084
293.006
292.918
292.845
292.799
292.772
292.757
292.746
292.739
292.733
292.731
292.744
292.759
292.766
292.778
292.867
294.437
293.154
293.148
293.12
293.062
292.979
292.894
292.83
292.791
292.768
292.754
292.744
292.738
292.734
292.737
292.754
292.771
292.783
292.814
292.976
294.422
293.155
293.145
293.111
293.046
292.961
292.88
292.822
292.788
292.768
292.753
292.743
292.737
292.737
292.747
292.771
292.796
292.817
292.854
293.044
294.453
293.154
293.145
293.113
293.05
292.966
292.887
292.831
292.796
292.773
292.756
292.743
292.739
292.743
292.762
292.797
292.833
292.859
292.883
293.056
294.501
293.153
293.148
293.124
293.072
292.995
292.916
292.856
292.816
292.787
292.764
292.748
292.744
292.754
292.781
292.828
292.875
292.903
292.915
293.053
294.553
293.152
293.15
293.137
293.101
293.038
292.963
292.896
292.848
292.811
292.779
292.756
292.752
292.767
292.803
292.859
292.913
292.942
292.949
293.049
294.606
293.151
293.151
293.146
293.126
293.083
293.019
292.95
292.893
292.846
292.803
292.769
292.762
292.782
292.824
292.885
292.936
292.963
292.981
293.047
294.662
293.15
293.151
293.149
293.141
293.118
293.072
293.01
292.947
292.892
292.838
292.788
292.772
292.796
292.842
292.9
292.94
292.967
293.007
293.047
294.719
293.15
293.15
293.15
293.148
293.138
293.112
293.065
293.006
292.947
292.884
292.816
292.783
292.808
292.854
292.905
292.93
292.957
293.025
293.05
294.778
293.15
293.15
293.15
293.15
293.147
293.135
293.108
293.061
293.005
292.94
292.856
292.796
292.814
292.86
292.902
292.914
292.941
293.033
293.054
294.841
293.15
293.15
293.15
293.15
293.149
293.146
293.133
293.104
293.058
292.999
292.911
292.819
292.816
292.86
292.894
292.898
292.926
293.034
293.06
294.906
293.15
293.15
293.15
293.15
293.15
293.149
293.145
293.13
293.1
293.052
292.975
292.858
292.816
292.855
292.884
292.885
292.917
293.033
293.065
294.975
293.15
293.15
293.15
293.15
293.15
293.15
293.149
293.143
293.127
293.094
293.035
292.919
292.826
292.848
292.872
292.875
292.913
293.034
293.068
295.045
293.15
293.15
293.15
293.15
293.15
293.15
293.15
293.148
293.141
293.123
293.082
292.987
292.86
292.844
292.861
292.868
292.914
293.039
293.07
295.118
293.15
293.15
293.15
293.15
293.15
293.15
293.15
293.15
293.148
293.139
293.115
293.049
292.92
292.857
292.856
292.867
292.921
293.046
293.069
295.193
293.15
293.15
293.15
293.15
293.15
293.15
293.15
293.15
293.15
293.147
293.135
293.096
292.99
292.896
292.869
292.876
292.936
293.057
293.067
295.269
293.15
293.15
293.15
293.15
293.15
293.15
293.15
293.15
293.15
293.149
293.145
293.126
293.054
292.955
292.904
292.902
292.959
293.071
293.063
295.346
293.15
293.15
293.15
293.15
293.15
293.15
293.15
293.15
293.15
293.15
293.149
293.142
293.101
293.02
292.959
292.944
292.989
293.087
293.057
295.424
293.15
293.15
293.15
293.15
293.15
293.15
293.15
293.15
293.15
293.15
293.15
293.148
293.129
293.075
293.019
292.995
293.025
293.104
293.048
295.49
293.15
293.15
293.15
293.15
293.15
293.15
293.15
293.15
293.15
293.15
293.15
293.15
293.144
293.113
293.069
293.042
293.059
293.121
293.038
295.624
293.15
293.15
293.15
293.15
293.15
293.15
293.15
293.15
293.15
293.15
293.15
293.15
293.15
293.145
293.132
293.122
293.118
293.146
293.033
294.515
293.15
293.15
293.15
293.15
293.15
293.15
293.15
293.15
293.15
293.15
293.15
293.15
293.15
293.151
293.152
293.152
293.148
293.159
293.099
293.522
293.15
293.149
293.15
293.15
293.15
293.15
293.15
293.15
293.15
293.15
293.15
293.149
293.149
293.149
293.149
293.151
293.15
293.154
293.139
293.2
293.15
293.154
293.155
293.156
293.157
293.16
293.165
293.171
293.176
293.179
293.177
293.172
293.167
293.162
293.158
293.156
293.155
293.154
293.153
293.145
293.177
293.238
293.238
293.221
293.213
293.218
293.235
293.258
293.277
293.279
293.267
293.249
293.229
293.211
293.197
293.186
293.179
293.171
293.167
293.153
293.249
293.411
293.434
293.371
293.319
293.309
293.334
293.36
293.349
293.321
293.299
293.281
293.263
293.246
293.232
293.221
293.212
293.204
293.194
293.178
293.332
293.571
293.618
293.522
293.422
293.393
293.398
293.367
293.31
293.277
293.264
293.257
293.25
293.242
293.233
293.225
293.219
293.217
293.215
293.203
293.424
293.704
293.742
293.619
293.492
293.44
293.391
293.303
293.242
293.226
293.222
293.22
293.215
293.208
293.201
293.193
293.187
293.185
293.194
293.206
293.5
293.791
293.789
293.658
293.523
293.436
293.333
293.24
293.216
293.221
293.226
293.227
293.226
293.224
293.223
293.217
293.205
293.188
293.178
293.188
293.544
293.822
293.789
293.657
293.514
293.391
293.275
293.223
293.23
293.247
293.259
293.267
293.275
293.285
293.291
293.288
293.269
293.235
293.198
293.179
293.568
293.826
293.767
293.63
293.474
293.338
293.252
293.241
293.253
293.273
293.297
293.319
293.342
293.365
293.382
293.383
293.363
293.321
293.259
293.2
293.585
293.82
293.736
293.588
293.426
293.31
293.279
293.288
293.284
293.298
293.331
293.369
293.411
293.453
293.483
293.482
293.458
293.423
293.357
293.257
293.601
293.81
293.703
293.545
293.391
293.319
293.343
293.357
293.34
293.344
293.381
293.441
293.509
293.559
293.564
293.555
293.531
293.504
293.458
293.355
293.63
293.799
293.675
293.512
293.376
293.349
293.4
293.43
293.427
293.433
293.469
293.523
293.564
293.557
293.531
293.528
293.554
293.555
293.52
293.465
293.63
293.791
293.659
293.497
293.375
293.364
293.418
293.471
293.503
293.519
293.54
293.558
293.55
293.525
293.507
293.501
293.519
293.554
293.548
293.533
293.614
293.789
293.66
293.505
293.386
293.357
293.385
293.428
293.47
293.5
293.513
293.511
293.508
293.517
293.505
293.503
293.523
293.552
293.563
293.552
293.612
293.793
293.68
293.542
293.432
293.385
293.379
293.391
293.413
293.439
293.463
293.487
293.512
293.529
293.503
293.511
293.558
293.577
293.58
293.565
293.587
293.794
293.714
293.606
293.521
293.477
293.462
293.463
293.471
293.485
293.507
293.53
293.543
293.535
293.486
293.529
293.626
293.626
293.604
293.582
293.632
293.81
293.761
293.692
293.639
293.611
293.598
293.591
293.584
293.578
293.571
293.559
293.537
293.498
293.45
293.554
293.698
293.672
293.641
293.616
293.577
293.731
293.711
293.68
293.648
293.601
293.54
293.516
293.508
293.496
293.475
293.454
293.433
293.41
293.415
293.496
293.556
293.57
293.584
293.577
294.303
292.461
292.878
292.929
292.93
292.926
292.925
292.931
292.95
292.985
293.037
293.093
293.133
293.148
293.15
293.15
293.15
293.15
293.15
293.15
294.237
292.557
292.901
292.936
292.937
292.931
292.93
292.936
292.955
292.991
293.044
293.1
293.137
293.149
293.15
293.15
293.15
293.15
293.15
293.15
294.238
292.697
292.942
292.946
292.95
292.942
292.939
292.946
292.968
293.008
293.062
293.114
293.142
293.15
293.15
293.15
293.15
293.15
293.15
293.15
294.273
292.803
292.983
292.963
292.968
292.956
292.952
292.962
292.989
293.033
293.087
293.129
293.147
293.15
293.15
293.15
293.15
293.15
293.15
293.15
294.32
292.873
293.02
292.988
292.989
292.972
292.969
292.983
293.017
293.064
293.111
293.14
293.149
293.15
293.15
293.15
293.15
293.15
293.15
293.15
294.37
292.921
293.053
293.015
293.008
292.988
292.988
293.009
293.049
293.093
293.129
293.146
293.15
293.15
293.15
293.15
293.15
293.15
293.15
293.15
294.419
292.957
293.083
293.041
293.026
293.005
293.009
293.038
293.079
293.117
293.141
293.149
293.15
293.15
293.15
293.15
293.15
293.15
293.15
293.15
294.467
292.985
293.108
293.062
293.04
293.022
293.034
293.068
293.106
293.133
293.147
293.15
293.15
293.15
293.15
293.15
293.15
293.15
293.15
293.15
294.513
293.008
293.128
293.077
293.051
293.039
293.059
293.094
293.125
293.143
293.149
293.15
293.15
293.15
293.15
293.15
293.15
293.15
293.15
293.15
294.556
293.025
293.143
293.087
293.062
293.058
293.083
293.115
293.137
293.147
293.15
293.15
293.15
293.15
293.15
293.15
293.15
293.15
293.15
293.15
294.598
293.039
293.153
293.094
293.073
293.077
293.104
293.13
293.145
293.149
293.15
293.15
293.15
293.15
293.15
293.15
293.15
293.15
293.15
293.15
294.638
293.05
293.158
293.099
293.084
293.094
293.12
293.14
293.148
293.15
293.15
293.15
293.15
293.15
293.15
293.15
293.15
293.15
293.15
293.15
294.676
293.058
293.161
293.103
293.095
293.11
293.132
293.146
293.15
293.15
293.15
293.15
293.15
293.15
293.15
293.15
293.15
293.15
293.15
293.15
294.711
293.063
293.163
293.108
293.106
293.122
293.14
293.149
293.15
293.15
293.15
293.15
293.15
293.15
293.15
293.15
293.15
293.15
293.15
293.15
294.744
293.066
293.163
293.112
293.116
293.132
293.146
293.15
293.15
293.15
293.15
293.15
293.15
293.15
293.15
293.15
293.15
293.15
293.15
293.15
294.773
293.067
293.164
293.117
293.124
293.139
293.148
293.15
293.15
293.15
293.15
293.15
293.15
293.15
293.15
293.15
293.15
293.15
293.15
293.15
294.799
293.065
293.164
293.121
293.131
293.143
293.15
293.15
293.15
293.15
293.15
293.15
293.15
293.15
293.15
293.15
293.15
293.15
293.15
293.15
294.821
293.063
293.165
293.125
293.136
293.147
293.15
293.15
293.15
293.15
293.15
293.15
293.15
293.15
293.15
293.15
293.15
293.15
293.15
293.15
294.83
293.061
293.165
293.129
293.14
293.148
293.151
293.15
293.15
293.15
293.15
293.15
293.15
293.15
293.15
293.15
293.15
293.15
293.15
293.15
294.887
293.063
293.165
293.131
293.143
293.149
293.15
293.15
293.15
293.15
293.15
293.15
293.15
293.15
293.15
293.15
293.15
293.15
293.15
293.15
294.113
293.092
293.164
293.137
293.147
293.15
293.15
293.149
293.15
293.15
293.15
293.15
293.15
293.15
293.149
293.149
293.149
293.148
293.149
293.15
293.652
293.17
293.16
293.141
293.149
293.15
293.15
293.149
293.15
293.15
293.15
293.149
293.148
293.148
293.151
293.157
293.163
293.165
293.158
293.151
293.644
293.257
293.163
293.146
293.151
293.152
293.15
293.149
293.149
293.148
293.146
293.146
293.157
293.19
293.246
293.309
293.35
293.337
293.275
293.184
294.452
293.432
293.18
293.152
293.156
293.157
293.153
293.148
293.144
293.143
293.148
293.177
293.262
293.408
293.561
293.65
293.656
293.601
293.464
293.247
294.865
293.894
293.225
293.164
293.165
293.165
293.156
293.145
293.14
293.147
293.184
293.296
293.5
293.719
293.839
293.864
293.862
293.801
293.61
293.283
294.439
294.223
293.343
293.182
293.178
293.175
293.161
293.147
293.147
293.175
293.272
293.479
293.743
293.908
293.948
293.983
294.035
294.009
293.788
293.331
293.766
294.275
293.5
293.203
293.196
293.19
293.174
293.163
293.175
293.234
293.392
293.659
293.894
293.967
293.981
294.057
294.142
294.166
293.98
293.429
293.297
294.161
293.651
293.224
293.215
293.21
293.197
293.198
293.228
293.314
293.514
293.792
293.962
293.968
293.977
294.042
294.12
294.194
294.123
293.565
293.088
293.996
293.797
293.285
293.238
293.234
293.23
293.242
293.293
293.401
293.614
293.876
293.994
293.971
293.974
294.01
294.049
294.126
294.177
293.69
293.031
293.817
293.925
293.445
293.295
293.27
293.265
293.283
293.349
293.474
293.681
293.925
294.025
294.011
294.028
294.047
294.032
294.053
294.164
293.769
293.033
293.623
293.985
293.699
293.451
293.369
293.308
293.312
293.378
293.516
293.712
293.946
294.057
294.069
294.105
294.106
294.052
294.02
294.132
293.825
293.054
293.41
293.915
293.928
293.721
293.595
293.43
293.339
293.385
293.515
293.709
293.931
294.067
294.114
294.137
294.112
294.047
294.006
294.1
293.839
293.075
293.201
293.7
293.997
293.987
293.91
293.711
293.422
293.393
293.49
293.673
293.882
294.036
294.109
294.12
294.068
294.003
293.983
294.077
293.824
293.084
293.047
293.414
293.87
294.108
294.186
294.063
293.624
293.422
293.485
293.618
293.804
293.959
294.039
294.037
293.979
293.943
293.96
294.056
293.845
293.091
292.992
293.189
293.647
294.068
294.34
294.355
293.897
293.49
293.506
293.584
293.719
293.847
293.91
293.901
293.88
293.898
293.949
294.037
293.87
293.109
293.028
293.072
293.46
293.963
294.395
294.553
294.127
293.606
293.546
293.604
293.669
293.742
293.784
293.803
293.84
293.897
293.964
294.028
293.884
293.182
293.088
293.024
293.366
293.898
294.426
294.676
294.29
293.742
293.612
293.682
293.725
293.756
293.791
293.837
293.898
293.965
294.03
294.05
293.91
293.326
293.209
293.085
293.323
293.901
294.477
294.735
294.381
293.889
293.709
293.764
293.855
293.927
293.994
294.058
294.106
294.147
294.171
294.11
293.928
293.49
293.386
293.225
293.251
293.966
294.541
294.732
294.407
294.017
293.833
293.828
293.901
293.988
294.068
294.143
294.217
294.276
294.26
294.124
293.92
293.53
293.497
293.447
293.357
294.041
294.435
294.458
294.221
293.995
293.88
293.849
293.871
293.877
293.852
293.829
293.835
293.869
293.876
293.85
293.784
)
;

boundaryField
{
    left_open
    {
        type            inletOutlet;
        inletValue      uniform 293.15;
        value           nonuniform List<scalar> 
40
(
293.154
293.154
293.155
293.154
293.153
293.152
293.151
293.15
293.15
293.15
293.15
293.15
293.15
293.15
293.15
293.15
293.15
293.15
293.15
293.15
293.15
293.15
293.15
293.15
293.176
293.15
293.329
293.42
293.496
293.15
293.15
293.15
293.597
293.15
293.628
293.15
293.612
293.15
293.631
293.15
)
;
    }
    right_open
    {
        type            inletOutlet;
        inletValue      uniform 293.15;
        value           nonuniform List<scalar> 
40
(
293.15
293.15
293.15
293.15
293.15
293.15
293.15
293.15
293.15
293.15
293.15
293.15
293.15
293.15
293.15
293.15
293.15
293.15
293.15
293.15
293.15
293.15
293.183
293.15
293.15
293.15
293.15
293.15
293.683
293.15
293.15
293.841
293.15
293.15
293.15
293.879
293.15
293.92
293.914
293.781
)
;
    }
    base_side
    {
        type            zeroGradient;
    }
    top
    {
        type            inletOutlet;
        inletValue      uniform 293.15;
        value           nonuniform List<scalar> 
65
(
293.583
293.728
293.15
293.677
293.15
293.596
293.15
293.515
293.508
293.494
293.15
293.452
293.432
293.41
293.415
293.495
293.554
293.568
293.583
293.15
293.564
293.561
293.553
293.552
293.549
293.545
293.546
293.547
293.547
293.545
293.544
293.544
293.544
293.544
293.543
293.545
293.546
293.546
293.543
293.544
293.15
293.549
293.549
293.547
293.541
293.529
293.497
293.448
293.327
294
294.414
294.417
294.174
293.966
293.87
293.849
293.874
293.875
293.15
293.823
293.835
293.869
293.15
293.848
293.781
)
;
    }
    front
    {
        type            empty;
    }
    back
    {
        type            empty;
    }
    air_to_aluminum
    {
        type            compressible::turbulentTemperatureCoupledBaffleMixed;
        refValue        nonuniform List<scalar> 
129
(
306.671
306.664
306.649
306.628
306.742
306.794
306.839
306.876
306.876
306.839
306.794
306.742
306.671
306.664
306.649
306.627
306.601
306.627
306.571
306.584
306.542
306.548
306.513
306.516
306.485
306.488
306.46
306.461
306.437
306.438
306.415
306.417
306.397
306.398
306.38
306.381
306.366
306.366
306.353
306.354
306.344
306.344
306.336
306.337
306.331
306.331
306.328
306.328
306.328
306.328
306.329
306.329
306.865
306.834
306.804
306.776
306.75
306.726
306.704
306.684
306.666
306.651
306.637
306.626
306.617
306.61
306.605
306.602
306.602
306.602
306.602
306.602
306.602
306.602
306.865
306.834
306.804
306.776
306.75
306.726
306.704
306.684
306.666
306.651
306.637
306.626
306.617
306.61
306.605
306.602
306.602
306.602
306.602
306.626
306.584
306.548
306.516
306.488
306.461
306.438
306.417
306.398
306.381
306.367
306.355
306.345
306.338
306.332
306.329
306.601
306.571
306.541
306.513
306.485
306.46
306.437
306.416
306.397
306.38
306.366
306.354
306.344
306.337
306.332
306.329
306.33
306.329
306.329
306.329
)
;
        refGradient     uniform 0;
        valueFraction   nonuniform List<scalar> 
129
(
0.999971
0.999971
0.999971
0.999971
0.999855
0.999855
0.999855
0.999855
0.999855
0.999855
0.999855
0.999855
0.999971
0.999971
0.999971
0.999971
0.999971
0.999855
0.999971
0.999855
0.999971
0.999855
0.999971
0.999855
0.999971
0.999855
0.999971
0.999855
0.999971
0.999855
0.999971
0.999855
0.999971
0.999855
0.999971
0.999855
0.999971
0.999855
0.999971
0.999855
0.999971
0.999855
0.999971
0.999855
0.999971
0.999855
0.999964
0.999971
0.999964
0.999964
0.999855
0.999964
0.999918
0.999918
0.999918
0.999918
0.999918
0.999918
0.999918
0.999918
0.999918
0.999918
0.999918
0.999918
0.999918
0.999918
0.999918
0.999918
0.999964
0.999964
0.999964
0.999964
0.999964
0.999964
0.999918
0.999918
0.999918
0.999918
0.999918
0.999918
0.999918
0.999918
0.999918
0.999918
0.999918
0.999918
0.999918
0.999918
0.999918
0.999964
0.999964
0.999918
0.999964
0.999855
0.999855
0.999855
0.999855
0.999855
0.999855
0.999855
0.999855
0.999855
0.999855
0.999855
0.999855
0.999855
0.999855
0.999855
0.999855
0.999971
0.999971
0.999971
0.999971
0.999971
0.999971
0.999971
0.999971
0.999971
0.999971
0.999971
0.999971
0.999971
0.999971
0.999971
0.999964
0.999964
0.999964
0.999964
0.999971
)
;
        value           nonuniform List<scalar> 
129
(
306.671
306.663
306.649
306.627
306.742
306.794
306.839
306.876
306.876
306.839
306.794
306.742
306.671
306.663
306.648
306.627
306.6
306.627
306.571
306.584
306.541
306.548
306.512
306.516
306.485
306.488
306.46
306.461
306.436
306.438
306.415
306.417
306.396
306.398
306.38
306.381
306.365
306.366
306.353
306.354
306.343
306.344
306.336
306.337
306.33
306.331
306.327
306.327
306.328
306.328
306.328
306.328
306.865
306.834
306.804
306.776
306.75
306.726
306.704
306.684
306.666
306.651
306.637
306.626
306.617
306.61
306.605
306.602
306.602
306.602
306.602
306.602
306.602
306.602
306.865
306.834
306.804
306.776
306.75
306.726
306.704
306.684
306.666
306.651
306.637
306.626
306.617
306.609
306.605
306.602
306.602
306.602
306.602
306.626
306.584
306.548
306.516
306.488
306.461
306.438
306.417
306.398
306.381
306.367
306.355
306.345
306.337
306.332
306.329
306.6
306.571
306.541
306.512
306.485
306.46
306.436
306.415
306.396
306.38
306.366
306.354
306.344
306.337
306.331
306.329
306.329
306.329
306.328
306.329
)
;
        Tnbr            T;
        thicknessLayers 0();
        kappaLayers     0();
        kappaMethod     fluidThermo;
        kappa           none;
        alphaAni        none;
        alpha           none;
    }
}


// ************************************************************************* //
