/*--------------------------------*- C++ -*----------------------------------*\
| =========                 |                                                 |
| \\      /  F ield         | OpenFOAM: The Open Source CFD Toolbox           |
|  \\    /   O peration     | Version:                                        |
|   \\  /    A nd           | Website:  www.openfoam.com                      |
|    \\/     M anipulation  |                                                 |
\*---------------------------------------------------------------------------*/
FoamFile
{
    version     2.0;
    format      ascii;
    class       volScalarField;
    location    "1837.0/air";
    object      T;
}
// * * * * * * * * * * * * * * * * * * * * * * * * * * * * * * * * * * * * * //

dimensions      [0 0 0 1 0 0 0];


internalField   nonuniform List<scalar> 
2228
(
306.723
306.789
306.843
306.889
306.659
306.722
306.787
306.848
306.616
306.677
306.745
306.814
306.582
306.641
306.712
306.784
306.553
306.611
306.683
306.757
306.526
306.583
306.656
306.732
306.5
306.554
306.628
306.707
306.474
306.522
306.597
306.683
306.445
306.479
306.558
306.658
306.41
306.416
306.502
306.628
306.36
306.311
306.413
306.588
306.285
306.136
306.267
306.531
306.172
305.858
306.035
306.451
306.011
305.455
305.688
306.343
305.792
304.911
305.175
306.167
305.375
304.167
304.367
305.705
306.889
306.843
306.789
306.723
306.848
306.786
306.722
306.659
306.814
306.744
306.676
306.616
306.784
306.71
306.639
306.581
306.756
306.679
306.606
306.551
306.728
306.645
306.571
306.521
306.699
306.603
306.523
306.487
306.664
306.539
306.449
306.445
306.617
306.437
306.328
306.386
306.554
306.284
306.153
306.308
306.477
306.095
305.951
306.219
306.402
305.917
305.771
306.136
306.346
305.789
305.621
306.061
306.293
305.626
305.401
305.957
306.066
304.978
304.849
305.742
304.951
303.28
303.695
305.353
296.108
297.306
298.586
299.794
293.096
293.037
293.221
293.59
293.099
292.937
292.767
292.643
293.163
293.124
293.043
292.927
293.17
293.168
293.155
293.121
293.176
293.174
293.174
293.172
293.182
293.179
293.177
293.177
293.186
293.182
293.178
293.176
293.185
293.182
293.178
293.176
293.183
293.181
293.178
293.175
293.181
293.179
293.177
293.175
293.176
293.176
293.175
293.174
293.174
293.172
293.169
293.167
293.278
293.271
293.262
293.251
293.491
293.498
293.502
293.501
293.639
293.66
293.673
293.678
293.754
293.766
293.759
293.736
293.778
293.748
293.706
293.657
293.679
293.65
293.628
293.609
293.499
293.487
293.481
293.485
300.759
301.19
301.288
301.4
294.139
294.72
295.219
295.595
292.605
292.664
292.806
292.993
292.791
292.662
292.566
292.517
293.056
292.962
292.849
292.735
293.157
293.123
293.065
292.983
293.177
293.172
293.154
293.117
293.177
293.178
293.175
293.164
293.174
293.174
293.174
293.17
293.173
293.17
293.167
293.16
293.171
293.167
293.16
293.149
293.171
293.167
293.16
293.151
293.165
293.163
293.16
293.157
293.237
293.222
293.206
293.189
293.495
293.484
293.467
293.445
293.674
293.662
293.646
293.625
293.704
293.664
293.623
293.584
293.602
293.545
293.487
293.431
293.587
293.561
293.53
293.491
293.496
293.509
293.52
293.526
301.35
301.205
300.987
295.795
295.888
295.942
293.146
293.257
293.362
292.508
292.521
292.546
292.653
292.603
292.563
292.911
292.854
292.798
293.077
293.04
292.998
293.148
293.13
293.107
293.163
293.154
293.142
293.151
293.142
293.131
293.137
293.126
293.113
293.142
293.134
293.126
293.154
293.151
293.148
293.176
293.167
293.158
293.423
293.405
293.386
293.606
293.591
293.575
293.556
293.539
293.523
293.39
293.363
293.338
293.464
293.441
293.419
293.53
293.531
293.531
300.817
300.724
300.632
295.963
295.967
295.965
293.427
293.46
293.491
292.568
292.581
292.596
292.54
292.531
292.523
292.762
292.743
292.725
292.968
292.951
292.935
293.089
293.079
293.069
293.132
293.126
293.12
293.121
293.116
293.11
293.103
293.097
293.091
293.119
293.116
293.112
293.146
293.144
293.143
293.152
293.149
293.146
293.371
293.363
293.355
293.564
293.558
293.551
293.514
293.509
293.505
293.322
293.315
293.307
293.403
293.394
293.386
293.531
293.533
293.535
300.457
300.202
299.913
295.945
295.874
295.752
293.547
293.612
293.66
292.628
292.677
292.73
292.512
292.504
292.506
292.693
292.65
292.615
292.903
292.856
292.812
293.047
293.013
292.977
293.106
293.084
293.059
293.098
293.078
293.055
293.08
293.061
293.04
293.105
293.094
293.083
293.14
293.136
293.131
293.141
293.135
293.128
293.338
293.313
293.287
293.538
293.517
293.493
293.496
293.485
293.472
293.294
293.277
293.263
293.371
293.348
293.327
293.538
293.54
293.538
299.308
299.076
300.809
303.638
295.49
295.585
297.957
301.48
293.692
293.871
295.453
299.051
292.807
292.942
293.674
296.312
292.525
292.572
292.801
294.116
292.579
292.55
292.563
292.962
292.754
292.69
292.628
292.638
292.927
292.863
292.797
292.72
293.022
292.972
292.921
292.867
293.021
292.975
292.931
292.898
293.011
292.976
292.95
292.944
293.068
293.049
293.031
293.02
293.124
293.115
293.106
293.101
293.121
293.114
293.11
293.116
293.251
293.209
293.171
293.142
293.455
293.4
293.341
293.282
293.45
293.414
293.37
293.32
293.245
293.223
293.198
293.171
293.297
293.267
293.244
293.229
293.534
293.529
293.524
293.521
303.786
301.322
298.969
297.023
299.818
296.167
294.103
293.354
298.9
295.161
293.074
292.821
298.075
296.371
293.774
292.748
296.314
296.91
295.477
293.757
294.371
295.931
296.267
295.362
293.108
294.254
295.39
295.821
292.702
292.979
293.652
294.557
292.803
292.75
292.769
293.069
292.885
292.896
292.909
292.911
292.972
293.058
293.201
293.335
293.032
293.113
293.336
293.678
293.113
293.192
293.444
293.889
293.147
293.241
293.461
293.829
293.138
293.191
293.335
293.571
293.231
293.21
293.246
293.353
293.266
293.217
293.193
293.22
293.145
293.127
293.13
293.164
293.222
293.226
293.241
293.267
293.516
293.509
293.506
293.506
292.921
292.853
292.827
292.802
292.786
292.774
292.767
292.762
292.76
292.759
292.758
292.758
292.766
292.781
292.773
292.739
292.706
292.696
292.811
294.489
292.898
292.839
292.82
292.799
292.786
292.777
292.771
292.768
292.766
292.765
292.764
292.765
292.773
292.784
292.769
292.736
292.709
292.716
292.9
294.472
292.889
292.839
292.824
292.807
292.796
292.788
292.783
292.781
292.78
292.778
292.776
292.776
292.783
292.788
292.773
292.753
292.738
292.749
292.946
294.5
292.907
292.861
292.846
292.829
292.818
292.81
292.805
292.802
292.799
292.796
292.792
292.79
292.794
292.797
292.792
292.792
292.79
292.787
292.943
294.544
292.948
292.904
292.886
292.867
292.853
292.842
292.835
292.83
292.823
292.816
292.808
292.805
292.806
292.812
292.823
292.842
292.851
292.838
292.932
294.592
293.001
292.959
292.938
292.918
292.899
292.885
292.874
292.865
292.854
292.839
292.825
292.819
292.821
292.833
292.856
292.885
292.901
292.894
292.926
294.641
293.053
293.018
292.997
292.975
292.954
292.936
292.921
292.909
292.892
292.868
292.843
292.835
292.839
292.855
292.883
292.909
292.924
292.943
292.926
294.691
293.094
293.07
293.052
293.033
293.011
292.99
292.973
292.958
292.939
292.906
292.867
292.849
292.856
292.874
292.9
292.913
292.924
292.972
292.933
294.744
293.122
293.108
293.096
293.081
293.062
293.042
293.023
293.008
292.99
292.954
292.899
292.864
292.87
292.888
292.908
292.909
292.915
292.981
292.944
294.798
293.138
293.131
293.124
293.115
293.102
293.086
293.069
293.053
293.038
293.008
292.945
292.883
292.88
292.897
292.911
292.905
292.908
292.984
292.955
294.852
293.146
293.142
293.139
293.135
293.128
293.117
293.104
293.091
293.078
293.057
293.001
292.916
292.889
292.902
292.911
292.904
292.909
292.989
292.963
294.905
293.149
293.147
293.146
293.144
293.141
293.136
293.128
293.118
293.108
293.094
293.056
292.966
292.904
292.905
292.911
292.906
292.916
293
292.971
294.955
293.15
293.149
293.149
293.148
293.147
293.145
293.141
293.135
293.128
293.119
293.097
293.028
292.939
292.914
292.913
292.912
292.929
293.016
292.977
295.002
293.15
293.15
293.15
293.15
293.149
293.148
293.147
293.144
293.14
293.134
293.123
293.081
292.995
292.941
292.927
292.927
292.95
293.036
292.983
295.043
293.15
293.15
293.15
293.15
293.15
293.149
293.149
293.148
293.146
293.143
293.138
293.117
293.054
292.989
292.959
292.956
292.98
293.06
292.987
295.076
293.15
293.15
293.15
293.15
293.15
293.15
293.15
293.149
293.149
293.147
293.145
293.137
293.101
293.045
293.008
293
293.017
293.087
292.991
295.101
293.15
293.15
293.149
293.149
293.149
293.149
293.15
293.15
293.149
293.149
293.148
293.145
293.129
293.094
293.061
293.049
293.056
293.112
292.993
295.116
293.15
293.149
293.149
293.149
293.149
293.149
293.149
293.149
293.15
293.15
293.149
293.149
293.143
293.125
293.103
293.092
293.091
293.135
292.994
295.12
293.15
293.148
293.148
293.149
293.149
293.148
293.149
293.149
293.149
293.149
293.149
293.149
293.148
293.141
293.129
293.122
293.116
293.152
292.994
295.102
293.151
293.15
293.151
293.151
293.149
293.148
293.148
293.148
293.149
293.149
293.149
293.15
293.15
293.147
293.142
293.138
293.13
293.163
292.996
295.14
293.181
293.18
293.173
293.164
293.157
293.152
293.15
293.149
293.148
293.149
293.149
293.149
293.15
293.15
293.149
293.15
293.145
293.173
293.013
294.128
293.268
293.265
293.222
293.192
293.179
293.174
293.171
293.168
293.165
293.162
293.159
293.156
293.155
293.154
293.154
293.156
293.153
293.168
293.088
293.478
293.343
293.361
293.272
293.233
293.226
293.227
293.226
293.223
293.219
293.212
293.204
293.196
293.19
293.186
293.184
293.183
293.18
293.18
293.144
293.247
293.396
293.429
293.313
293.277
293.276
293.272
293.268
293.265
293.261
293.255
293.247
293.236
293.225
293.216
293.21
293.206
293.203
293.199
293.184
293.181
293.434
293.47
293.339
293.3
293.284
293.265
293.256
293.254
293.253
293.248
293.239
293.229
293.222
293.222
293.224
293.221
293.21
293.202
293.2
293.178
293.457
293.491
293.346
293.291
293.257
293.235
293.229
293.229
293.228
293.226
293.227
293.237
293.258
293.277
293.28
293.26
293.228
293.204
293.2
293.186
293.468
293.497
293.337
293.27
293.239
293.229
293.225
293.223
293.226
293.24
293.27
293.313
293.355
293.374
293.359
293.31
293.248
293.207
293.197
293.19
293.471
293.498
293.325
293.26
293.243
293.24
293.235
293.236
293.255
293.296
293.354
293.414
293.456
293.464
293.431
293.353
293.259
293.205
293.195
293.194
293.477
293.498
293.32
293.265
293.259
293.257
293.255
293.266
293.303
293.363
293.433
293.489
293.516
293.515
293.478
293.381
293.258
293.198
293.195
293.193
293.489
293.499
293.325
293.284
293.284
293.275
293.277
293.299
293.347
293.416
293.483
293.522
293.531
293.528
293.496
293.39
293.247
293.187
293.192
293.191
293.473
293.505
293.339
293.315
293.317
293.296
293.296
293.325
293.38
293.451
293.508
293.529
293.53
293.529
293.501
293.391
293.233
293.172
293.185
293.188
293.464
293.515
293.358
293.349
293.355
293.322
293.313
293.344
293.403
293.473
293.52
293.531
293.53
293.534
293.509
293.398
293.227
293.157
293.169
293.177
293.458
293.525
293.378
293.379
293.392
293.356
293.335
293.363
293.422
293.489
293.527
293.53
293.529
293.536
293.519
293.42
293.24
293.161
293.17
293.179
293.445
293.536
293.396
293.402
293.424
293.399
293.376
293.393
293.445
293.501
293.529
293.524
293.526
293.532
293.528
293.456
293.283
293.207
293.238
293.277
293.443
293.546
293.408
293.414
293.451
293.452
293.439
293.444
293.475
293.514
293.527
293.513
293.526
293.526
293.534
293.496
293.351
293.296
293.362
293.452
293.451
293.559
293.417
293.406
293.446
293.475
293.485
293.493
293.506
293.521
293.518
293.506
293.526
293.517
293.543
293.531
293.426
293.396
293.47
293.567
293.467
293.573
293.45
293.396
293.403
293.423
293.447
293.472
293.49
293.498
293.492
293.512
293.523
293.506
293.557
293.557
293.49
293.478
293.534
293.644
293.47
293.584
293.515
293.451
293.427
293.426
293.435
293.447
293.462
293.478
293.502
293.522
293.508
293.493
293.573
293.577
293.534
293.53
293.559
293.693
293.495
293.6
293.589
293.56
293.546
293.539
293.537
293.534
293.532
293.531
293.525
293.506
293.468
293.473
293.569
293.591
293.563
293.542
293.54
293.649
293.482
293.588
293.587
293.56
293.523
293.506
293.482
293.468
293.456
293.451
293.431
293.414
293.399
293.424
293.474
293.494
293.487
293.467
293.455
293.493
294.446
292.604
292.613
292.762
292.903
292.965
292.972
292.963
292.957
292.961
292.984
293.031
293.094
293.138
293.15
293.15
293.15
293.15
293.15
293.15
294.416
292.713
292.651
292.767
292.896
292.964
292.978
292.971
292.962
292.963
292.981
293.025
293.089
293.137
293.15
293.15
293.15
293.15
293.15
293.15
294.434
292.807
292.754
292.825
292.915
292.972
292.987
292.982
292.972
292.969
292.981
293.023
293.088
293.138
293.15
293.15
293.15
293.15
293.15
293.15
294.468
292.849
292.884
292.917
292.958
292.99
293
292.995
292.984
292.978
292.988
293.028
293.093
293.141
293.15
293.15
293.15
293.15
293.15
293.15
294.504
292.877
293.006
293
293.003
293.014
293.017
293.009
292.998
292.991
293
293.04
293.104
293.144
293.15
293.15
293.15
293.15
293.15
293.15
294.541
292.907
293.084
293.05
293.038
293.037
293.034
293.025
293.014
293.007
293.017
293.058
293.117
293.147
293.15
293.15
293.15
293.15
293.15
293.15
294.58
292.934
293.117
293.076
293.063
293.057
293.051
293.041
293.03
293.025
293.038
293.08
293.13
293.149
293.15
293.15
293.15
293.15
293.15
293.15
294.617
292.952
293.133
293.091
293.081
293.075
293.068
293.058
293.048
293.045
293.061
293.102
293.139
293.15
293.15
293.15
293.15
293.15
293.15
293.15
294.654
292.965
293.142
293.103
293.097
293.091
293.084
293.075
293.067
293.067
293.085
293.12
293.145
293.15
293.15
293.15
293.15
293.15
293.15
293.15
294.687
292.975
293.15
293.114
293.11
293.105
293.1
293.092
293.086
293.089
293.107
293.133
293.148
293.15
293.15
293.15
293.15
293.15
293.15
293.15
294.718
292.983
293.157
293.123
293.122
293.118
293.113
293.108
293.104
293.109
293.124
293.142
293.149
293.15
293.15
293.15
293.15
293.15
293.15
293.15
294.747
292.989
293.163
293.131
293.132
293.129
293.125
293.121
293.12
293.125
293.136
293.146
293.15
293.15
293.15
293.15
293.15
293.15
293.15
293.15
294.773
292.993
293.167
293.136
293.139
293.137
293.134
293.132
293.132
293.136
293.143
293.149
293.15
293.15
293.15
293.15
293.15
293.15
293.15
293.15
294.797
292.996
293.17
293.14
293.144
293.142
293.141
293.14
293.14
293.143
293.147
293.15
293.15
293.15
293.15
293.15
293.15
293.15
293.15
293.15
294.818
292.998
293.172
293.142
293.147
293.146
293.145
293.145
293.145
293.147
293.149
293.15
293.15
293.15
293.15
293.15
293.15
293.15
293.15
293.15
294.839
293
293.173
293.144
293.149
293.148
293.147
293.147
293.148
293.149
293.149
293.15
293.15
293.15
293.15
293.15
293.15
293.15
293.15
293.15
294.857
293.002
293.174
293.144
293.15
293.149
293.149
293.149
293.149
293.149
293.15
293.15
293.15
293.15
293.15
293.151
293.152
293.151
293.15
293.15
294.875
293.003
293.174
293.145
293.15
293.149
293.149
293.149
293.149
293.15
293.15
293.15
293.15
293.15
293.151
293.153
293.155
293.155
293.151
293.15
294.882
293.005
293.174
293.145
293.15
293.149
293.15
293.149
293.15
293.15
293.15
293.15
293.15
293.15
293.153
293.159
293.166
293.164
293.154
293.149
294.942
293.01
293.174
293.145
293.15
293.149
293.15
293.15
293.15
293.149
293.149
293.149
293.15
293.152
293.159
293.174
293.19
293.185
293.161
293.148
294.167
293.03
293.17
293.146
293.15
293.15
293.15
293.15
293.149
293.149
293.148
293.147
293.15
293.164
293.203
293.264
293.307
293.281
293.204
293.148
293.663
293.092
293.16
293.148
293.15
293.149
293.149
293.149
293.148
293.146
293.145
293.15
293.176
293.253
293.393
293.54
293.586
293.496
293.334
293.172
293.461
293.123
293.154
293.148
293.148
293.148
293.148
293.147
293.145
293.143
293.145
293.166
293.241
293.409
293.644
293.811
293.818
293.71
293.521
293.254
293.346
293.137
293.149
293.149
293.146
293.144
293.145
293.144
293.143
293.143
293.154
293.2
293.338
293.594
293.862
293.972
293.933
293.846
293.663
293.34
293.205
293.155
293.153
293.158
293.155
293.146
293.142
293.142
293.143
293.149
293.171
293.25
293.456
293.769
293.997
294.022
293.974
293.916
293.757
293.406
293.544
293.199
293.204
293.18
293.197
293.18
293.153
293.143
293.146
293.158
293.194
293.313
293.583
293.905
294.051
294.018
293.991
293.952
293.826
293.459
294.293
293.323
293.355
293.229
293.275
293.26
293.207
293.164
293.153
293.169
293.223
293.391
293.707
293.994
294.057
294.01
294.001
293.966
293.88
293.511
294.609
293.752
293.656
293.318
293.368
293.355
293.292
293.22
293.178
293.187
293.262
293.481
293.817
294.045
294.055
294.028
294.01
293.963
293.927
293.571
294.24
294.211
294.074
293.434
293.457
293.441
293.372
293.288
293.221
293.22
293.321
293.583
293.906
294.073
294.066
294.064
294.018
293.95
293.957
293.625
293.911
294.521
294.417
293.538
293.532
293.507
293.432
293.343
293.273
293.278
293.411
293.69
293.977
294.09
294.08
294.081
294.014
293.933
293.972
293.669
294.055
294.869
294.559
293.57
293.596
293.563
293.483
293.399
293.351
293.38
293.534
293.798
294.03
294.099
294.081
294.067
293.991
293.915
293.973
293.686
294.521
295.261
294.42
293.577
293.652
293.625
293.56
293.497
293.478
293.528
293.678
293.898
294.066
294.099
294.067
294.039
293.954
293.9
293.977
293.718
294.859
295.464
294.069
293.618
293.707
293.702
293.672
293.64
293.643
293.698
293.819
293.977
294.084
294.087
294.044
294.001
293.909
293.89
293.99
293.772
294.706
295.341
293.739
293.671
293.757
293.773
293.78
293.782
293.799
293.846
293.928
294.025
294.08
294.057
294.015
293.943
293.867
293.895
294.022
293.845
294.233
294.981
293.571
293.704
293.787
293.807
293.826
293.848
293.88
293.926
293.979
294.03
294.047
294.005
293.943
293.877
293.853
293.922
294.055
293.922
293.797
294.574
293.544
293.691
293.806
293.82
293.823
293.826
293.85
293.894
293.927
293.949
293.942
293.895
293.859
293.854
293.878
293.945
294.061
293.967
293.514
294.221
293.62
293.649
293.78
293.868
293.899
293.818
293.818
293.865
293.904
293.918
293.918
293.907
293.883
293.866
293.868
293.904
294.01
293.992
293.402
293.944
293.699
293.668
293.742
293.831
293.906
293.96
294.002
294.033
294.026
293.985
293.937
293.914
293.914
293.871
293.805
293.792
293.905
293.955
293.396
293.683
293.664
293.665
293.7
293.749
293.805
293.867
293.941
294.015
294.098
294.177
294.243
294.268
294.186
293.997
293.803
293.719
293.81
293.878
293.519
293.569
293.632
293.675
293.715
293.739
293.795
293.812
293.791
293.733
293.718
293.723
293.793
293.796
293.769
293.702
293.652
293.695
293.766
293.737
)
;

boundaryField
{
    left_open
    {
        type            inletOutlet;
        inletValue      uniform 293.15;
        value           nonuniform List<scalar> 
40
(
292.924
292.9
292.891
292.908
292.949
293.001
293.053
293.094
293.122
293.138
293.15
293.15
293.15
293.15
293.15
293.15
293.15
293.15
293.15
293.15
293.179
293.265
293.341
293.394
293.15
293.457
293.15
293.47
293.15
293.489
293.472
293.15
293.457
293.15
293.443
293.451
293.467
293.15
293.495
293.481
)
;
    }
    right_open
    {
        type            inletOutlet;
        inletValue      uniform 293.15;
        value           nonuniform List<scalar> 
40
(
293.15
293.15
293.15
293.15
293.15
293.15
293.15
293.15
293.15
293.15
293.15
293.15
293.15
293.15
293.15
293.15
293.15
293.15
293.15
293.15
293.15
293.15
293.15
293.15
293.15
293.459
293.15
293.15
293.15
293.669
293.15
293.715
293.15
293.15
293.914
293.15
293.991
293.958
293.15
293.732
)
;
    }
    base_side
    {
        type            zeroGradient;
    }
    top
    {
        type            inletOutlet;
        inletValue      uniform 293.15;
        value           nonuniform List<scalar> 
65
(
293.481
293.15
293.585
293.15
293.52
293.15
293.48
293.15
293.456
293.15
293.431
293.15
293.399
293.15
293.473
293.493
293.15
293.468
293.453
293.492
293.15
293.15
293.15
293.49
293.15
293.512
293.525
293.15
293.538
293.539
293.538
293.15
293.15
293.15
293.543
293.547
293.549
293.15
293.15
293.15
293.529
293.524
293.15
293.15
293.512
293.52
293.56
293.629
293.678
293.719
293.15
293.801
293.15
293.79
293.15
293.716
293.15
293.792
293.15
293.15
293.15
293.654
293.15
293.769
293.732
)
;
    }
    front
    {
        type            empty;
    }
    back
    {
        type            empty;
    }
    air_to_aluminum
    {
        type            compressible::turbulentTemperatureCoupledBaffleMixed;
        refValue        nonuniform List<scalar> 
129
(
306.714
306.706
306.692
306.67
306.785
306.836
306.882
306.919
306.919
306.882
306.836
306.785
306.714
306.706
306.692
306.67
306.643
306.669
306.614
306.627
306.584
306.591
306.555
306.559
306.528
306.53
306.502
306.504
306.479
306.48
306.458
306.459
306.439
306.44
306.422
306.423
306.408
306.409
306.396
306.397
306.386
306.387
306.379
306.379
306.373
306.374
306.37
306.37
306.371
306.371
306.371
306.371
306.907
306.877
306.847
306.818
306.792
306.768
306.746
306.727
306.709
306.693
306.68
306.668
306.659
306.652
306.647
306.645
306.645
306.645
306.645
306.645
306.645
306.645
306.907
306.877
306.847
306.818
306.792
306.768
306.746
306.727
306.709
306.693
306.68
306.668
306.659
306.652
306.647
306.645
306.645
306.644
306.644
306.669
306.627
306.591
306.559
306.53
306.504
306.481
306.459
306.44
306.424
306.409
306.397
306.388
306.38
306.375
306.372
306.643
306.614
306.584
306.555
306.528
306.503
306.479
306.458
306.439
306.423
306.408
306.396
306.387
306.379
306.374
306.372
306.372
306.372
306.371
306.371
)
;
        refGradient     uniform 0;
        valueFraction   nonuniform List<scalar> 
129
(
0.999971
0.999971
0.999971
0.999971
0.999855
0.999855
0.999855
0.999855
0.999855
0.999855
0.999855
0.999855
0.999971
0.999971
0.999971
0.999971
0.999971
0.999855
0.999971
0.999855
0.999971
0.999855
0.999971
0.999855
0.999971
0.999855
0.999971
0.999855
0.999971
0.999855
0.999971
0.999855
0.999971
0.999855
0.999971
0.999855
0.999971
0.999855
0.999971
0.999855
0.999971
0.999855
0.999971
0.999855
0.999971
0.999855
0.999964
0.999971
0.999964
0.999964
0.999855
0.999964
0.999918
0.999918
0.999918
0.999918
0.999918
0.999918
0.999918
0.999918
0.999918
0.999918
0.999918
0.999918
0.999918
0.999918
0.999918
0.999918
0.999964
0.999964
0.999964
0.999964
0.999964
0.999964
0.999918
0.999918
0.999918
0.999918
0.999918
0.999918
0.999918
0.999918
0.999918
0.999918
0.999918
0.999918
0.999918
0.999918
0.999918
0.999964
0.999964
0.999918
0.999964
0.999855
0.999855
0.999855
0.999855
0.999855
0.999855
0.999855
0.999855
0.999855
0.999855
0.999855
0.999855
0.999855
0.999855
0.999855
0.999855
0.999971
0.999971
0.999971
0.999971
0.999971
0.999971
0.999971
0.999971
0.999971
0.999971
0.999971
0.999971
0.999971
0.999971
0.999971
0.999964
0.999964
0.999964
0.999964
0.999971
)
;
        value           nonuniform List<scalar> 
129
(
306.714
306.706
306.691
306.67
306.785
306.836
306.882
306.919
306.919
306.882
306.836
306.785
306.713
306.706
306.691
306.67
306.643
306.669
306.614
306.627
306.584
306.591
306.555
306.559
306.528
306.53
306.502
306.504
306.479
306.48
306.458
306.459
306.439
306.44
306.422
306.423
306.408
306.409
306.396
306.397
306.386
306.387
306.378
306.379
306.373
306.374
306.37
306.37
306.37
306.371
306.371
306.371
306.907
306.877
306.847
306.818
306.792
306.768
306.746
306.727
306.709
306.693
306.68
306.668
306.659
306.652
306.647
306.645
306.644
306.645
306.645
306.645
306.645
306.645
306.907
306.877
306.847
306.818
306.792
306.768
306.746
306.726
306.709
306.693
306.68
306.668
306.659
306.652
306.647
306.644
306.644
306.644
306.644
306.669
306.627
306.591
306.559
306.53
306.504
306.481
306.459
306.44
306.424
306.409
306.397
306.388
306.38
306.375
306.372
306.643
306.614
306.584
306.555
306.528
306.502
306.479
306.458
306.439
306.422
306.408
306.396
306.386
306.379
306.374
306.372
306.372
306.372
306.371
306.371
)
;
        Tnbr            T;
        thicknessLayers 0();
        kappaLayers     0();
        kappaMethod     fluidThermo;
        kappa           none;
        alphaAni        none;
        alpha           none;
    }
}


// ************************************************************************* //
