/*--------------------------------*- C++ -*----------------------------------*\
| =========                 |                                                 |
| \\      /  F ield         | OpenFOAM: The Open Source CFD Toolbox           |
|  \\    /   O peration     | Version:                                        |
|   \\  /    A nd           | Website:  www.openfoam.com                      |
|    \\/     M anipulation  |                                                 |
\*---------------------------------------------------------------------------*/
FoamFile
{
    version     2.0;
    format      ascii;
    class       volScalarField;
    location    "640/air";
    object      rho;
}
// * * * * * * * * * * * * * * * * * * * * * * * * * * * * * * * * * * * * * //

dimensions      [1 -3 0 0 0 0 0];


internalField   nonuniform List<scalar> 
2228
(
1.18462
1.18436
1.18415
1.18398
1.18487
1.18463
1.18438
1.18414
1.18503
1.1848
1.18454
1.18428
1.18516
1.18494
1.18467
1.1844
1.18528
1.18505
1.18478
1.1845
1.18537
1.18515
1.18488
1.1846
1.18546
1.18524
1.18497
1.18469
1.18554
1.18532
1.18505
1.18477
1.18562
1.1854
1.18513
1.18485
1.18569
1.18547
1.1852
1.18491
1.18575
1.18556
1.18528
1.18498
1.18582
1.18566
1.18538
1.18504
1.18592
1.18583
1.18553
1.18512
1.18607
1.18613
1.18579
1.18524
1.18636
1.18667
1.18628
1.18547
1.18703
1.18765
1.18723
1.18606
1.18398
1.18415
1.18436
1.18462
1.18414
1.18438
1.18463
1.18487
1.18428
1.18454
1.1848
1.18503
1.1844
1.18467
1.18494
1.18516
1.1845
1.18478
1.18505
1.18528
1.1846
1.18488
1.18515
1.18537
1.18469
1.18496
1.18523
1.18546
1.18477
1.18504
1.18531
1.18554
1.18484
1.18512
1.18539
1.18561
1.18491
1.18519
1.18545
1.18568
1.18497
1.18525
1.18552
1.18573
1.18502
1.18533
1.18559
1.18579
1.18509
1.18544
1.18571
1.18586
1.18521
1.18568
1.18593
1.18597
1.18548
1.1862
1.18638
1.18615
1.18624
1.18727
1.18719
1.1865
1.19938
1.19754
1.19558
1.19379
1.20396
1.20395
1.2035
1.20278
1.20468
1.20499
1.20517
1.2052
1.20497
1.20509
1.20521
1.2053
1.20449
1.20452
1.20455
1.20458
1.20431
1.20431
1.20432
1.20432
1.20422
1.20422
1.20423
1.20423
1.20406
1.20406
1.20406
1.20406
1.20387
1.20386
1.20385
1.20385
1.20372
1.2037
1.20369
1.20367
1.20357
1.20357
1.20356
1.20355
1.20343
1.20343
1.20343
1.20343
1.20336
1.20336
1.20336
1.20336
1.20336
1.20335
1.20334
1.20334
1.20354
1.20353
1.20351
1.2035
1.20368
1.20369
1.20369
1.2037
1.20369
1.2037
1.20373
1.20375
1.20382
1.20386
1.20389
1.20391
1.20349
1.2035
1.20351
1.20352
1.2035
1.20347
1.20344
1.2034
1.19256
1.19189
1.19144
1.19097
1.20193
1.20117
1.20055
1.20003
1.2051
1.2049
1.20466
1.20438
1.20537
1.20541
1.20542
1.2054
1.20461
1.20464
1.20469
1.20474
1.20432
1.20433
1.20433
1.20434
1.20423
1.20423
1.20424
1.20424
1.20407
1.20408
1.20409
1.2041
1.20385
1.20386
1.20387
1.20389
1.20366
1.20366
1.20366
1.20367
1.20354
1.20353
1.20352
1.20352
1.20343
1.20343
1.20343
1.20343
1.20336
1.20336
1.20336
1.20337
1.20334
1.20334
1.20334
1.20335
1.2035
1.2035
1.2035
1.20351
1.2037
1.20371
1.20372
1.20373
1.20378
1.2038
1.20383
1.20386
1.20394
1.20397
1.204
1.20402
1.20353
1.20354
1.20356
1.20357
1.20338
1.20335
1.20332
1.20329
1.1907
1.19058
1.19054
1.19968
1.19944
1.19923
1.20415
1.20398
1.20379
1.20537
1.20533
1.20528
1.20479
1.20483
1.20488
1.20435
1.20436
1.20437
1.20424
1.20424
1.20424
1.20412
1.20413
1.20413
1.20391
1.20393
1.20396
1.20369
1.20371
1.20374
1.20352
1.20354
1.20356
1.20343
1.20344
1.20345
1.20337
1.20338
1.2034
1.20336
1.20338
1.20339
1.20352
1.20353
1.20355
1.20374
1.20375
1.20376
1.20388
1.2039
1.20392
1.20404
1.20406
1.20407
1.20357
1.20358
1.20359
1.20327
1.20325
1.20324
1.19054
1.19056
1.19058
1.19908
1.19901
1.19894
1.20366
1.20358
1.20351
1.20523
1.20521
1.20518
1.20491
1.20492
1.20494
1.20438
1.20438
1.20439
1.20424
1.20424
1.20424
1.20414
1.20414
1.20415
1.20397
1.20398
1.20399
1.20376
1.20377
1.20379
1.20357
1.20359
1.2036
1.20346
1.20347
1.20348
1.20341
1.20342
1.20343
1.20341
1.20342
1.20342
1.20356
1.20357
1.20357
1.20377
1.20378
1.20378
1.20393
1.20394
1.20394
1.20408
1.20408
1.20409
1.20359
1.20359
1.20359
1.20323
1.20322
1.20321
1.19063
1.19075
1.19091
1.19881
1.1986
1.19839
1.20336
1.20311
1.20284
1.20512
1.205
1.20486
1.20497
1.205
1.20503
1.2044
1.20442
1.20445
1.20424
1.20424
1.20424
1.20415
1.20416
1.20416
1.20401
1.20403
1.20405
1.20381
1.20386
1.2039
1.20363
1.20367
1.20373
1.2035
1.20355
1.2036
1.20345
1.20348
1.20353
1.20345
1.20348
1.20353
1.20359
1.20362
1.20365
1.20379
1.20381
1.20383
1.20395
1.20397
1.20399
1.2041
1.20411
1.20412
1.2036
1.2036
1.20361
1.2032
1.20318
1.20317
1.19125
1.19118
1.19008
1.18875
1.19806
1.19729
1.19542
1.19269
1.20238
1.20158
1.20009
1.19736
1.20459
1.20409
1.20324
1.20154
1.20504
1.20495
1.20468
1.20398
1.20451
1.2046
1.20467
1.20461
1.20425
1.20426
1.20429
1.20435
1.20416
1.20414
1.20413
1.20412
1.20407
1.20407
1.20403
1.20398
1.20396
1.204
1.20398
1.20388
1.20382
1.20392
1.20395
1.20385
1.2037
1.20383
1.20393
1.20389
1.20362
1.20376
1.20389
1.20395
1.20361
1.20373
1.20386
1.20397
1.20371
1.20379
1.20388
1.20397
1.20387
1.20392
1.20397
1.20403
1.20402
1.20405
1.20409
1.20412
1.20414
1.20416
1.20417
1.20417
1.20361
1.20361
1.2036
1.20358
1.20314
1.20311
1.20305
1.20301
1.18932
1.19183
1.1948
1.1976
1.19291
1.19713
1.20077
1.20251
1.19528
1.19677
1.20039
1.20285
1.19901
1.19751
1.19842
1.20056
1.20243
1.20028
1.19888
1.19909
1.20412
1.20279
1.20093
1.19961
1.20433
1.20388
1.20265
1.20099
1.20412
1.20401
1.2034
1.20211
1.20393
1.20384
1.20351
1.20265
1.20375
1.20362
1.20335
1.20276
1.20364
1.2034
1.20311
1.20267
1.20364
1.20327
1.20291
1.20253
1.20379
1.20337
1.20288
1.20247
1.20399
1.20379
1.20332
1.20278
1.20404
1.20405
1.2039
1.20349
1.20408
1.20412
1.20411
1.20392
1.20415
1.20416
1.20414
1.20398
1.20415
1.20409
1.20395
1.20371
1.20354
1.20348
1.2034
1.2033
1.20298
1.20295
1.2029
1.20286
1.2043
1.2043
1.20431
1.20433
1.20434
1.20436
1.2044
1.20444
1.20447
1.20447
1.20446
1.20445
1.20446
1.20448
1.20451
1.20457
1.20466
1.20484
1.20538
1.20161
1.2043
1.20431
1.20432
1.20434
1.20435
1.20437
1.20441
1.20445
1.20447
1.20446
1.20444
1.20444
1.20444
1.20446
1.20449
1.20454
1.20462
1.20478
1.20528
1.20175
1.2043
1.20432
1.20434
1.20436
1.20437
1.20439
1.20442
1.20445
1.20446
1.20443
1.20442
1.20441
1.20441
1.20443
1.20445
1.20449
1.20455
1.20465
1.20509
1.20179
1.20431
1.20433
1.20436
1.20438
1.20439
1.20441
1.20443
1.20445
1.20444
1.20441
1.20439
1.20438
1.20438
1.20439
1.2044
1.20443
1.20447
1.20451
1.20492
1.20177
1.20431
1.20435
1.20438
1.2044
1.20441
1.20442
1.20444
1.20444
1.20441
1.20438
1.20436
1.20435
1.20435
1.20435
1.20436
1.20438
1.2044
1.2044
1.2048
1.20172
1.20432
1.20436
1.20439
1.20442
1.20443
1.20443
1.20443
1.20442
1.20438
1.20435
1.20433
1.20433
1.20433
1.20433
1.20433
1.20434
1.20436
1.20433
1.20473
1.20166
1.20432
1.20436
1.2044
1.20442
1.20443
1.20443
1.20442
1.2044
1.20436
1.20433
1.20432
1.20432
1.20432
1.20432
1.20432
1.20432
1.20433
1.2043
1.20468
1.2016
1.20432
1.20436
1.2044
1.20443
1.20443
1.20443
1.20441
1.20438
1.20434
1.20432
1.20431
1.20431
1.20431
1.20431
1.20431
1.20431
1.20432
1.20428
1.20465
1.20155
1.20431
1.20435
1.20439
1.20442
1.20443
1.20442
1.2044
1.20436
1.20433
1.20431
1.20431
1.20431
1.20431
1.20431
1.20431
1.20431
1.20431
1.20427
1.20463
1.20149
1.20431
1.20434
1.20438
1.20442
1.20442
1.20441
1.20438
1.20434
1.20432
1.20431
1.20431
1.20431
1.20431
1.20431
1.20431
1.20431
1.20431
1.20427
1.20462
1.20144
1.20431
1.20433
1.20437
1.20441
1.20442
1.2044
1.20437
1.20433
1.20431
1.2043
1.20431
1.20431
1.20431
1.20431
1.20431
1.2043
1.20431
1.20426
1.20461
1.20139
1.2043
1.20432
1.20436
1.2044
1.20441
1.20439
1.20435
1.20432
1.20431
1.2043
1.2043
1.20431
1.20431
1.20431
1.2043
1.2043
1.2043
1.20426
1.2046
1.20135
1.2043
1.20431
1.20434
1.20438
1.2044
1.20438
1.20435
1.20432
1.2043
1.2043
1.2043
1.20431
1.20431
1.20431
1.2043
1.2043
1.2043
1.20426
1.20459
1.20131
1.2043
1.20431
1.20433
1.20437
1.20439
1.20437
1.20434
1.20431
1.2043
1.2043
1.2043
1.20431
1.20431
1.2043
1.2043
1.20429
1.2043
1.20425
1.20459
1.20127
1.2043
1.20431
1.20432
1.20435
1.20438
1.20437
1.20434
1.20431
1.2043
1.2043
1.2043
1.20431
1.20431
1.2043
1.2043
1.20429
1.20429
1.20425
1.20459
1.20124
1.2043
1.2043
1.20431
1.20434
1.20437
1.20437
1.20434
1.20432
1.20431
1.20431
1.20431
1.20431
1.20431
1.2043
1.20429
1.20428
1.20429
1.20425
1.20458
1.20122
1.2043
1.2043
1.20431
1.20432
1.20436
1.20437
1.20434
1.20432
1.20431
1.20431
1.20431
1.20431
1.20431
1.2043
1.20429
1.20428
1.20428
1.20425
1.20458
1.2012
1.2043
1.2043
1.2043
1.20431
1.20435
1.20437
1.20435
1.20432
1.20431
1.20431
1.20431
1.20431
1.20431
1.2043
1.20428
1.20428
1.20428
1.20425
1.20457
1.20119
1.2043
1.2043
1.2043
1.20431
1.20433
1.20436
1.20435
1.20433
1.20432
1.20431
1.20431
1.20431
1.2043
1.20429
1.20428
1.20427
1.20428
1.20425
1.20455
1.20119
1.2043
1.2043
1.2043
1.2043
1.20432
1.20435
1.20435
1.20433
1.20432
1.20431
1.20431
1.2043
1.2043
1.20429
1.20428
1.20427
1.20427
1.20426
1.20453
1.20113
1.2043
1.2043
1.2043
1.2043
1.2043
1.20432
1.20434
1.20434
1.20433
1.20431
1.20431
1.2043
1.2043
1.20428
1.20426
1.20426
1.20427
1.20427
1.20441
1.20248
1.2043
1.2043
1.2043
1.2043
1.2043
1.2043
1.20431
1.20431
1.20431
1.20431
1.2043
1.2043
1.20429
1.20426
1.20425
1.20426
1.20428
1.20428
1.20418
1.20331
1.2043
1.2043
1.2043
1.2043
1.2043
1.2043
1.2043
1.2043
1.2043
1.2043
1.2043
1.20429
1.20427
1.20424
1.20424
1.20426
1.20428
1.20427
1.20414
1.20398
1.20429
1.20429
1.20429
1.20429
1.20429
1.20429
1.20429
1.20429
1.20429
1.20429
1.20429
1.20427
1.20424
1.20422
1.20424
1.20426
1.20428
1.20429
1.20438
1.20466
1.20427
1.20424
1.20424
1.20425
1.20425
1.20426
1.20427
1.20428
1.20428
1.20428
1.20427
1.20423
1.2042
1.20421
1.20423
1.20425
1.20427
1.20429
1.20432
1.20441
1.20412
1.204
1.20404
1.20411
1.20415
1.20419
1.20422
1.20424
1.20425
1.20425
1.20421
1.20418
1.20417
1.20419
1.2042
1.20421
1.20423
1.20426
1.20428
1.2043
1.20388
1.20361
1.20375
1.20393
1.20404
1.20411
1.20416
1.20419
1.20419
1.20417
1.20413
1.2041
1.2041
1.20411
1.20414
1.20415
1.20416
1.20418
1.20421
1.20422
1.20369
1.20331
1.20357
1.20383
1.20397
1.20405
1.2041
1.20411
1.2041
1.20405
1.20397
1.20389
1.20386
1.20389
1.20396
1.20403
1.20406
1.20407
1.20407
1.20407
1.20355
1.20317
1.20351
1.20381
1.20394
1.20401
1.20403
1.204
1.20389
1.20371
1.20356
1.20348
1.20347
1.20349
1.20358
1.20374
1.20387
1.20393
1.20392
1.20389
1.20349
1.20314
1.20353
1.20381
1.20392
1.20394
1.20387
1.2037
1.20347
1.20333
1.20331
1.20333
1.20336
1.20338
1.20338
1.2034
1.2035
1.20365
1.20375
1.20374
1.20348
1.20315
1.20357
1.20382
1.20386
1.20378
1.2036
1.20338
1.20328
1.20331
1.20336
1.20343
1.20349
1.20352
1.20351
1.20346
1.20341
1.20343
1.2035
1.20355
1.2035
1.20316
1.2036
1.20379
1.20374
1.20358
1.20338
1.20327
1.2033
1.20335
1.20343
1.20354
1.20362
1.20366
1.20365
1.2036
1.20351
1.20343
1.20341
1.20342
1.20354
1.20316
1.2036
1.20373
1.20361
1.20342
1.20327
1.20324
1.20331
1.20337
1.20347
1.20358
1.20368
1.20373
1.20373
1.20369
1.20361
1.20351
1.20342
1.20338
1.20357
1.20315
1.20357
1.20367
1.20351
1.20332
1.2032
1.20321
1.20328
1.20335
1.20343
1.20353
1.20363
1.20371
1.20375
1.20372
1.20368
1.2036
1.20349
1.2034
1.20356
1.20311
1.20352
1.20363
1.20348
1.20328
1.20315
1.20313
1.20318
1.20325
1.20331
1.20338
1.20348
1.20363
1.20371
1.20365
1.20362
1.20363
1.20363
1.20358
1.20351
1.20306
1.20342
1.20359
1.20351
1.20335
1.2032
1.2031
1.20307
1.20308
1.20313
1.20317
1.20325
1.20348
1.20367
1.20356
1.20345
1.20346
1.20355
1.20364
1.20346
1.20302
1.20325
1.20346
1.20348
1.2034
1.20329
1.20318
1.20309
1.20302
1.20297
1.20297
1.20302
1.20328
1.20363
1.20354
1.20336
1.20338
1.20349
1.20363
1.2034
1.20299
1.20307
1.20323
1.20329
1.20326
1.2032
1.20313
1.20306
1.20299
1.20293
1.20287
1.20289
1.20314
1.20358
1.20359
1.20343
1.20344
1.20354
1.2037
1.20331
1.20289
1.20289
1.20296
1.20299
1.203
1.20299
1.20299
1.20298
1.20297
1.20295
1.20293
1.20297
1.2032
1.20357
1.20368
1.20357
1.20352
1.20349
1.20347
1.20344
1.2031
1.20312
1.20316
1.20325
1.20336
1.2034
1.20344
1.20345
1.20345
1.20346
1.20346
1.20348
1.20356
1.20368
1.20375
1.20373
1.20371
1.20366
1.20357
1.20184
1.20564
1.20514
1.2049
1.20473
1.20463
1.20459
1.20457
1.20457
1.20457
1.20458
1.20459
1.2046
1.20459
1.20459
1.20457
1.20456
1.20455
1.20454
1.20447
1.20197
1.2055
1.20509
1.20488
1.20472
1.20462
1.20458
1.20456
1.20456
1.20456
1.20457
1.20458
1.20458
1.20458
1.20457
1.20455
1.20454
1.20453
1.20452
1.20446
1.202
1.20524
1.20496
1.20484
1.2047
1.2046
1.20455
1.20454
1.20454
1.20454
1.20455
1.20455
1.20455
1.20454
1.20453
1.20451
1.2045
1.2045
1.20449
1.20443
1.20196
1.20501
1.2048
1.20477
1.20466
1.20457
1.20452
1.20451
1.20451
1.20451
1.20452
1.20452
1.20451
1.20449
1.20447
1.20445
1.20444
1.20445
1.20445
1.2044
1.20189
1.20483
1.20465
1.20469
1.20459
1.20452
1.20448
1.20447
1.20447
1.20447
1.20448
1.20447
1.20446
1.20443
1.20439
1.20436
1.20436
1.20438
1.2044
1.20437
1.20181
1.2047
1.20453
1.20459
1.20452
1.20447
1.20444
1.20443
1.20443
1.20443
1.20443
1.20442
1.20439
1.20435
1.2043
1.20427
1.20427
1.20431
1.20435
1.20434
1.20173
1.20459
1.20441
1.20448
1.20443
1.20441
1.20439
1.20438
1.20439
1.20439
1.20438
1.20436
1.20432
1.20426
1.2042
1.20416
1.20417
1.20423
1.2043
1.20432
1.20166
1.20451
1.20431
1.20437
1.20435
1.20434
1.20433
1.20433
1.20434
1.20435
1.20433
1.2043
1.20424
1.20417
1.2041
1.20407
1.20408
1.20416
1.20426
1.2043
1.20158
1.20444
1.20422
1.20427
1.20427
1.20428
1.20428
1.20429
1.2043
1.2043
1.20428
1.20424
1.20417
1.20409
1.20402
1.20398
1.204
1.20409
1.20422
1.2043
1.2015
1.20438
1.20414
1.20418
1.2042
1.20422
1.20423
1.20425
1.20426
1.20426
1.20423
1.20417
1.2041
1.20402
1.20396
1.20392
1.20394
1.20403
1.20419
1.20429
1.20143
1.20431
1.20407
1.2041
1.20413
1.20417
1.20419
1.20421
1.20423
1.20423
1.20419
1.20412
1.20403
1.20396
1.20391
1.20389
1.20389
1.20398
1.20416
1.20429
1.20135
1.20425
1.204
1.20403
1.20407
1.20412
1.20415
1.20417
1.20419
1.20419
1.20415
1.20407
1.20398
1.20393
1.20389
1.20388
1.20387
1.20393
1.20414
1.20428
1.20128
1.20419
1.20395
1.20396
1.20401
1.20407
1.20411
1.20414
1.20417
1.20416
1.20411
1.20403
1.20395
1.20391
1.20389
1.20388
1.20386
1.2039
1.20411
1.20428
1.2012
1.20413
1.20389
1.2039
1.20395
1.20403
1.20408
1.20412
1.20414
1.20414
1.20408
1.20399
1.20393
1.2039
1.2039
1.20389
1.20386
1.20387
1.20408
1.20427
1.20113
1.20408
1.20384
1.20384
1.2039
1.20398
1.20404
1.20409
1.20412
1.20411
1.20405
1.20397
1.20391
1.2039
1.20391
1.2039
1.20386
1.20385
1.20405
1.20426
1.20106
1.20403
1.20379
1.20379
1.20385
1.20393
1.20401
1.20407
1.2041
1.20409
1.20403
1.20395
1.20391
1.20391
1.20392
1.20391
1.20387
1.20383
1.20401
1.20424
1.20099
1.20398
1.20375
1.20374
1.2038
1.20389
1.20398
1.20405
1.20409
1.20407
1.20401
1.20394
1.20391
1.20391
1.20393
1.20392
1.20388
1.20383
1.20397
1.20422
1.20092
1.20395
1.2037
1.20369
1.20375
1.20385
1.20395
1.20403
1.20407
1.20406
1.204
1.20393
1.20391
1.20392
1.20393
1.20392
1.20389
1.20383
1.20393
1.20419
1.20086
1.20392
1.20367
1.20365
1.20371
1.20381
1.20392
1.20401
1.20406
1.20404
1.20399
1.20393
1.20391
1.20393
1.20393
1.20393
1.20389
1.20383
1.20389
1.20416
1.20075
1.20389
1.20364
1.20361
1.20368
1.20378
1.20389
1.20399
1.20404
1.20403
1.20398
1.20393
1.20392
1.20393
1.20393
1.20392
1.20389
1.20383
1.20385
1.20411
1.20191
1.20384
1.20358
1.20355
1.20361
1.20371
1.20383
1.20395
1.20402
1.20401
1.20396
1.20392
1.20392
1.20393
1.20393
1.20391
1.20388
1.20383
1.20379
1.204
1.20276
1.20376
1.20353
1.20351
1.20357
1.20367
1.20379
1.20391
1.20398
1.20397
1.20394
1.20392
1.20391
1.20391
1.2039
1.20389
1.20386
1.2038
1.20374
1.20391
1.20311
1.20376
1.20352
1.20353
1.2036
1.20368
1.2038
1.2039
1.20395
1.20394
1.20391
1.2039
1.20389
1.20388
1.20387
1.20386
1.20382
1.20377
1.20373
1.20388
1.20288
1.20376
1.20353
1.20356
1.20364
1.20372
1.20382
1.20389
1.20391
1.2039
1.20388
1.20386
1.20382
1.20379
1.2038
1.20381
1.2038
1.20376
1.20374
1.20388
1.20192
1.20372
1.20354
1.20359
1.20367
1.20375
1.20382
1.20387
1.20388
1.20386
1.20382
1.20374
1.20364
1.2036
1.20364
1.20372
1.20378
1.20376
1.20376
1.20387
1.20118
1.20353
1.20355
1.2036
1.20369
1.20376
1.20381
1.20384
1.20384
1.20378
1.20365
1.20348
1.20334
1.20331
1.20338
1.20353
1.2037
1.20377
1.20377
1.20385
1.20096
1.20331
1.20355
1.20361
1.2037
1.20376
1.2038
1.20381
1.20375
1.20359
1.20336
1.20316
1.20307
1.20306
1.2031
1.20324
1.20349
1.20371
1.20377
1.20382
1.20105
1.20319
1.20355
1.20361
1.2037
1.20374
1.20376
1.20372
1.20357
1.20332
1.2031
1.20303
1.20308
1.20309
1.20304
1.20302
1.20318
1.20352
1.20374
1.20379
1.2012
1.2032
1.20354
1.20359
1.20368
1.20371
1.20369
1.20356
1.20334
1.20312
1.20308
1.20325
1.20337
1.20335
1.20323
1.20305
1.20297
1.20322
1.20361
1.20376
1.20133
1.20328
1.20353
1.20355
1.20363
1.20364
1.20356
1.20338
1.20316
1.20309
1.20328
1.20355
1.20363
1.20358
1.20345
1.20323
1.20299
1.20298
1.2034
1.20372
1.20142
1.20334
1.20353
1.2035
1.20356
1.20353
1.20342
1.20323
1.20308
1.20317
1.20347
1.20368
1.20368
1.20365
1.20355
1.20336
1.20311
1.20291
1.20318
1.20365
1.20148
1.20334
1.20354
1.20345
1.20347
1.20342
1.2033
1.20313
1.20305
1.20322
1.20353
1.2036
1.20358
1.20361
1.20356
1.20338
1.20317
1.20295
1.20306
1.20356
1.20155
1.20321
1.20357
1.20339
1.20338
1.20333
1.2032
1.20307
1.20303
1.20319
1.2034
1.20343
1.20347
1.20356
1.20353
1.20336
1.20318
1.20298
1.20302
1.2035
1.20163
1.20295
1.2036
1.20337
1.20331
1.20326
1.20316
1.20305
1.20303
1.20313
1.20324
1.2033
1.20344
1.20356
1.20349
1.2033
1.20315
1.203
1.20302
1.20347
1.20184
1.20258
1.20351
1.20347
1.20329
1.20321
1.20314
1.20307
1.20305
1.2031
1.20317
1.20332
1.20353
1.20356
1.20339
1.20323
1.20314
1.20303
1.20306
1.20348
1.20219
1.20226
1.20321
1.2036
1.20348
1.20336
1.20327
1.2032
1.20318
1.20322
1.20335
1.20356
1.20362
1.20345
1.20325
1.20319
1.20317
1.20308
1.20315
1.20354
1.2026
1.20213
1.20278
1.20341
1.20365
1.20369
1.20365
1.20362
1.20362
1.20368
1.20374
1.20367
1.20344
1.20323
1.20318
1.20324
1.20323
1.20316
1.2033
1.20361
1.20295
1.2022
1.20243
1.20289
1.20325
1.20346
1.20358
1.20364
1.20364
1.20356
1.20341
1.20324
1.20312
1.20313
1.20328
1.20337
1.20332
1.2033
1.20349
1.20365
1.20295
1.20232
1.20228
1.20246
1.20263
1.20276
1.20285
1.20289
1.20291
1.20291
1.20294
1.20301
1.20316
1.20336
1.20351
1.20349
1.20343
1.2035
1.20361
1.20367
1.20272
1.20249
1.20242
1.20245
1.20259
1.20272
1.2029
1.20298
1.2031
1.20324
1.20339
1.20352
1.20364
1.20371
1.20365
1.20362
1.20362
1.20364
1.20366
1.20367
)
;

boundaryField
{
    left_open
    {
        type            calculated;
        value           nonuniform List<scalar> 
40
(
1.2043
1.2043
1.2043
1.20431
1.20431
1.20431
1.20432
1.20432
1.20431
1.20431
1.20431
1.2043
1.2043
1.2043
1.2043
1.2043
1.2043
1.2043
1.2043
1.2043
1.2043
1.2043
1.2043
1.20429
1.20429
1.20429
1.20389
1.20428
1.20428
1.20428
1.20427
1.20427
1.20354
1.20426
1.20426
1.20351
1.20426
1.2034
1.20425
1.20425
)
;
    }
    right_open
    {
        type            calculated;
        value           nonuniform List<scalar> 
40
(
1.20432
1.20432
1.20431
1.20431
1.20431
1.20431
1.20431
1.20431
1.20431
1.20431
1.20431
1.20431
1.20431
1.20431
1.20431
1.20431
1.2043
1.2043
1.2043
1.2043
1.2043
1.2043
1.2043
1.20429
1.20387
1.20385
1.20382
1.20428
1.20428
1.20428
1.20365
1.20357
1.20427
1.20348
1.20349
1.20354
1.20361
1.20365
1.20367
1.20367
)
;
    }
    base_side
    {
        type            calculated;
        value           nonuniform List<scalar> 
40
(
1.2043
1.2043
1.20431
1.20433
1.20434
1.20436
1.2044
1.20444
1.20448
1.20447
1.20446
1.20445
1.20446
1.20448
1.20451
1.20457
1.20466
1.20484
1.20538
1.20161
1.20184
1.20564
1.20514
1.2049
1.20473
1.20463
1.20459
1.20457
1.20457
1.20457
1.20458
1.20459
1.2046
1.20459
1.20459
1.20457
1.20456
1.20455
1.20454
1.20447
)
;
    }
    top
    {
        type            calculated;
        value           nonuniform List<scalar> 
65
(
1.20344
1.2031
1.20425
1.20316
1.20326
1.20425
1.2034
1.20425
1.20425
1.20345
1.20425
1.20346
1.20425
1.20356
1.20368
1.20375
1.20373
1.20371
1.20425
1.20357
1.20425
1.20425
1.20425
1.20341
1.20338
1.20335
1.20425
1.20329
1.20327
1.20425
1.20425
1.20425
1.20425
1.20425
1.20425
1.20319
1.20425
1.20425
1.20425
1.20307
1.20302
1.20425
1.20425
1.20291
1.20425
1.20425
1.2025
1.20243
1.20246
1.20425
1.20274
1.20425
1.20299
1.20425
1.20425
1.20425
1.20352
1.20364
1.20371
1.20365
1.20362
1.20362
1.20364
1.20366
1.20367
)
;
    }
    front
    {
        type            empty;
    }
    back
    {
        type            empty;
    }
    air_to_aluminum
    {
        type            calculated;
        value           nonuniform List<scalar> 
129
(
1.18465
1.18468
1.18474
1.18482
1.18438
1.18418
1.184
1.18386
1.18386
1.184
1.18418
1.18438
1.18465
1.18468
1.18474
1.18482
1.18492
1.18483
1.18504
1.18499
1.18515
1.18513
1.18526
1.18525
1.18537
1.18536
1.18547
1.18546
1.18555
1.18555
1.18563
1.18563
1.18571
1.1857
1.18577
1.18577
1.18582
1.18582
1.18587
1.18587
1.1859
1.1859
1.18593
1.18593
1.18595
1.18595
1.18596
1.18596
1.18596
1.18596
1.18596
1.18596
1.18391
1.18403
1.18415
1.18427
1.18437
1.18447
1.18456
1.18464
1.18471
1.18477
1.18482
1.18487
1.1849
1.18493
1.18494
1.18495
1.18495
1.18495
1.18495
1.18495
1.18495
1.18495
1.18391
1.18403
1.18415
1.18427
1.18437
1.18447
1.18456
1.18464
1.18471
1.18477
1.18482
1.18487
1.1849
1.18493
1.18494
1.18495
1.18495
1.18495
1.18495
1.18483
1.18499
1.18513
1.18525
1.18536
1.18546
1.18555
1.18563
1.1857
1.18577
1.18582
1.18587
1.1859
1.18593
1.18595
1.18596
1.18492
1.18504
1.18515
1.18526
1.18537
1.18547
1.18555
1.18563
1.18571
1.18577
1.18582
1.18587
1.1859
1.18593
1.18595
1.18595
1.18596
1.18596
1.18596
1.18596
)
;
    }
}


// ************************************************************************* //
