/*--------------------------------*- C++ -*----------------------------------*\
| =========                 |                                                 |
| \\      /  F ield         | OpenFOAM: The Open Source CFD Toolbox           |
|  \\    /   O peration     | Version:                                        |
|   \\  /    A nd           | Website:  www.openfoam.com                      |
|    \\/     M anipulation  |                                                 |
\*---------------------------------------------------------------------------*/
FoamFile
{
    version     2.0;
    format      ascii;
    class       volVectorField;
    location    "640/air";
    object      U;
}
// * * * * * * * * * * * * * * * * * * * * * * * * * * * * * * * * * * * * * //

dimensions      [0 1 -1 0 0 0 0];


internalField   nonuniform List<vector> 
2228
(
(0.00028513 -0.000278604 0)
(0.000871128 -0.000127988 0)
(0.000888295 0.000133453 0)
(0.000297384 0.000281017 0)
(0.00021889 -0.000926086 0)
(0.000870676 -0.00055769 0)
(0.000944562 0.000503775 0)
(0.000268779 0.000953458 0)
(0.000122144 -0.00136963 0)
(0.000540812 -0.000878003 0)
(0.00060394 0.000784004 0)
(0.000153885 0.00145046 0)
(6.23596e-05 -0.00161987 0)
(0.000286128 -0.001062 0)
(0.000319251 0.00095484 0)
(7.2764e-05 0.00173284 0)
(3.00506e-05 -0.00174413 0)
(0.000136992 -0.0011502 0)
(0.000149634 0.00104154 0)
(3.05972e-05 0.00186322 0)
(1.2595e-05 -0.00180054 0)
(5.85909e-05 -0.00118784 0)
(6.39246e-05 0.00108057 0)
(1.19337e-05 0.00191651 0)
(2.39761e-06 -0.00182163 0)
(1.94444e-05 -0.00120392 0)
(2.75768e-05 0.00109488 0)
(5.8474e-06 0.0019381 0)
(-5.40766e-06 -0.00182348 0)
(-8.251e-07 -0.0012155 0)
(1.86195e-05 0.00109517 0)
(6.80166e-06 0.00195109 0)
(-1.40566e-05 -0.00181195 0)
(-1.48656e-05 -0.00123365 0)
(2.60511e-05 0.00108488 0)
(1.29133e-05 0.00196849 0)
(-2.72499e-05 -0.0017847 0)
(-3.4191e-05 -0.00126777 0)
(4.42779e-05 0.0010614 0)
(2.43108e-05 0.00200012 0)
(-5.06111e-05 -0.00172822 0)
(-7.66818e-05 -0.0013279 0)
(6.53263e-05 0.00101399 0)
(4.20605e-05 0.00205485 0)
(-9.40283e-05 -0.00161429 0)
(-0.000175527 -0.00142719 0)
(6.61581e-05 0.00091843 0)
(6.52678e-05 0.00213532 0)
(-0.000166278 -0.00140324 0)
(-0.000376647 -0.00156774 0)
(-5.9914e-06 0.00073236 0)
(8.13744e-05 0.00221782 0)
(-0.000247997 -0.00100137 0)
(-0.000697875 -0.00166311 0)
(-0.000247903 0.000414598 0)
(4.50823e-05 0.00221988 0)
(-0.000345202 2.14766e-05 0)
(-0.00103691 -0.00154138 0)
(-0.000753473 4.00355e-06 0)
(-0.000119692 0.00201348 0)
(-0.000208336 -0.000384156 0)
(-0.000978459 -0.00179852 0)
(-0.00105922 -0.000529707 0)
(-0.000174753 0.00164374 0)
(-0.000297465 0.000281097 0)
(-0.000888569 0.00013351 0)
(-0.000871454 -0.000128015 0)
(-0.000285248 -0.000278713 0)
(-0.00026882 0.000953708 0)
(-0.000944816 0.000504011 0)
(-0.000871076 -0.000557804 0)
(-0.000219031 -0.000926491 0)
(-0.000153809 0.00145074 0)
(-0.000603939 0.000784482 0)
(-0.000541209 -0.000878052 0)
(-0.000122337 -0.00137037 0)
(-7.24859e-05 0.00173285 0)
(-0.000318798 0.000955679 0)
(-0.000286628 -0.00106169 0)
(-6.27161e-05 -0.00162108 0)
(-2.99416e-05 0.00186245 0)
(-0.000148339 0.00104299 0)
(-0.00013777 -0.00114897 0)
(-3.07739e-05 -0.00174615 0)
(-1.05531e-05 0.00191401 0)
(-6.09239e-05 0.00108307 0)
(-5.98341e-05 -0.00118455 0)
(-1.40653e-05 -0.00180409 0)
(-3.11813e-06 0.00193194 0)
(-2.1048e-05 0.00109916 0)
(-2.11439e-05 -0.00119627 0)
(-5.31046e-06 -0.00182801 0)
(-1.63997e-06 0.00193744 0)
(-4.71372e-06 0.00110232 0)
(-3.79774e-07 -0.00119915 0)
(1.42738e-08 -0.00183441 0)
(-3.3284e-06 0.00193949 0)
(2.69665e-06 0.00109575 0)
(1.82527e-05 -0.00120041 0)
(5.72884e-06 -0.00182908 0)
(-6.31677e-06 0.00194047 0)
(1.47721e-05 0.00107544 0)
(5.3653e-05 -0.0012033 0)
(1.64963e-05 -0.00180819 0)
(-8.61459e-06 0.00193636 0)
(5.34767e-05 0.0010238 0)
(0.000141126 -0.00120739 0)
(4.22641e-05 -0.00175021 0)
(-5.08999e-06 0.00190715 0)
(0.000166043 0.000896491 0)
(0.000351569 -0.00120281 0)
(0.000105674 -0.00159672 0)
(2.44968e-05 0.00179367 0)
(0.000454097 0.000600001 0)
(0.00081262 -0.00115906 0)
(0.000252321 -0.001227 0)
(0.000139859 0.00147961 0)
(0.00109506 -5.62234e-06 0)
(0.00168919 -0.000992941 0)
(0.000542137 -0.000444787 0)
(0.000418322 0.000873835 0)
(0.00222524 -0.000956025 0)
(0.00301372 -0.000438088 0)
(0.00104725 0.00125538 0)
(0.0013252 -0.0012544 0)
(0.00346943 -0.0032082 0)
(0.00440548 0.000166315 0)
(0.00201353 0.00374271 0)
(0.0346815 0.0415166 0)
(0.0296875 0.0335883 0)
(0.0208145 0.0240586 0)
(0.0146205 0.0154538 0)
(0.0288415 0.0265585 0)
(0.0316601 0.0270557 0)
(0.0324418 0.0252831 0)
(0.0325842 0.0223899 0)
(0.00525706 0.00801681 0)
(0.00947529 0.0101242 0)
(0.0130505 0.0115092 0)
(0.0160297 0.0120485 0)
(-0.00842814 -0.00273051 0)
(-0.00656821 -0.00184074 0)
(-0.00449797 -0.000809649 0)
(-0.00229742 0.000218469 0)
(-0.00854623 -0.00487448 0)
(-0.00807081 -0.00498532 0)
(-0.00744989 -0.00507307 0)
(-0.00667267 -0.00512638 0)
(-0.00788662 -0.00579606 0)
(-0.00745978 -0.00606593 0)
(-0.00695937 -0.00636832 0)
(-0.00636758 -0.00669485 0)
(-0.00901426 -0.00778708 0)
(-0.0087563 -0.0084396 0)
(-0.00840975 -0.00915908 0)
(-0.00795494 -0.00992995 0)
(-0.0059531 -0.00788569 0)
(-0.00610734 -0.00889833 0)
(-0.00619861 -0.010057 0)
(-0.00621322 -0.0113413 0)
(0.00187881 -0.00640202 0)
(0.00144274 -0.00751487 0)
(0.00101022 -0.00880941 0)
(0.000602774 -0.0102684 0)
(0.0114397 -0.00396811 0)
(0.0107196 -0.00511417 0)
(0.00998706 -0.00639122 0)
(0.00926378 -0.00777664 0)
(0.0202722 5.29826e-05 0)
(0.0191634 -0.00122285 0)
(0.0180526 -0.00262705 0)
(0.0169483 -0.00406332 0)
(0.0243561 0.00423025 0)
(0.0233609 0.00336898 0)
(0.0223073 0.00230849 0)
(0.0211816 0.00112902 0)
(0.0224757 0.00650275 0)
(0.0219171 0.00634435 0)
(0.0212686 0.00596477 0)
(0.0205112 0.00542393 0)
(0.0173463 0.00686941 0)
(0.0172328 0.00735812 0)
(0.0170275 0.00766141 0)
(0.0167305 0.0078032 0)
(0.0127262 0.0065463 0)
(0.0130078 0.00742808 0)
(0.0132203 0.0081511 0)
(0.0133526 0.00873704 0)
(0.00592613 0.0029867 0)
(0.00662712 0.00451419 0)
(0.00727066 0.00587166 0)
(0.00778958 0.00703471 0)
(-0.0103923 -0.000666348 0)
(-0.00937982 0.0013868 0)
(-0.00835213 0.00315891 0)
(-0.00737895 0.00467579 0)
(-0.0340243 -0.00482142 0)
(-0.0323487 -0.00284242 0)
(-0.0305337 -0.00108886 0)
(-0.0286174 0.000415708 0)
(-0.0551988 -0.0136897 0)
(-0.0551276 -0.0130281 0)
(-0.0548155 -0.0124308 0)
(-0.0541453 -0.0118496 0)
(-0.0478066 -0.000326431 0)
(-0.0503886 -0.000669774 0)
(-0.0526218 -0.00197542 0)
(-0.0545072 -0.00450751 0)
(0.0114108 0.00740928 0)
(0.00938684 0.00162496 0)
(0.00753289 -0.0017156 0)
(0.00637685 -0.00256009 0)
(0.0323342 0.0189471 0)
(0.0315402 0.0156659 0)
(0.0301235 0.0128498 0)
(0.0283498 0.0106472 0)
(0.0183967 0.0119451 0)
(0.02016 0.0115281 0)
(0.0213815 0.0111048 0)
(0.0221199 0.0108739 0)
(-5.54344e-05 0.00121425 0)
(0.00217137 0.00223659 0)
(0.00435235 0.00337738 0)
(0.00646986 0.00472128 0)
(-0.00574972 -0.00513403 0)
(-0.00468442 -0.00506855 0)
(-0.00346168 -0.00487581 0)
(-0.00205211 -0.00446312 0)
(-0.00567484 -0.00702979 0)
(-0.0048732 -0.00734835 0)
(-0.0039563 -0.00761658 0)
(-0.00291968 -0.00779122 0)
(-0.00737724 -0.0107307 0)
(-0.00666119 -0.0115295 0)
(-0.00579044 -0.0122815 0)
(-0.00474309 -0.0129262 0)
(-0.00613859 -0.012739 0)
(-0.00595731 -0.0142333 0)
(-0.00564458 -0.0157934 0)
(-0.00516344 -0.0173684 0)
(0.000213907 -0.0118913 0)
(-0.00015692 -0.0136921 0)
(-0.000499133 -0.0156828 0)
(-0.000794127 -0.0178626 0)
(0.00853706 -0.00927956 0)
(0.00778179 -0.0109323 0)
(0.00698293 -0.0127844 0)
(0.00613042 -0.0148932 0)
(0.0158218 -0.00551434 0)
(0.0146597 -0.00700028 0)
(0.0134562 -0.00856987 0)
(0.0121913 -0.010299 0)
(0.0199348 -0.000142253 0)
(0.0185764 -0.00149419 0)
(0.017127 -0.00291916 0)
(0.0155897 -0.00442105 0)
(0.0195812 0.00475105 0)
(0.0184778 0.00396383 0)
(0.0172285 0.00306593 0)
(0.0158432 0.00203615 0)
(0.0162835 0.00779313 0)
(0.0156794 0.00763607 0)
(0.0149377 0.00732821 0)
(0.0140673 0.00685195 0)
(0.0133638 0.00917422 0)
(0.0132551 0.00945292 0)
(0.0130433 0.00956345 0)
(0.0127335 0.00949284 0)
(0.00818642 0.00799146 0)
(0.00848579 0.00873825 0)
(0.00870236 0.00927516 0)
(0.00883836 0.00960919 0)
(-0.00643522 0.00593612 0)
(-0.00553065 0.00695635 0)
(-0.00466536 0.00776452 0)
(-0.00385259 0.00839458 0)
(-0.0266311 0.00167479 0)
(-0.0246054 0.00269805 0)
(-0.0225773 0.00347346 0)
(-0.0205666 0.00402568 0)
(-0.0533332 -0.011123 0)
(-0.0523411 -0.0102889 0)
(-0.0514297 -0.00930556 0)
(-0.0501063 -0.00847893 0)
(-0.0548218 -0.00507119 0)
(-0.0553791 -0.00422994 0)
(-0.0560808 -0.0021219 0)
(-0.0574493 -0.00613442 0)
(0.00594704 -0.00369201 0)
(0.00568728 -0.00450397 0)
(0.00546821 -0.00526173 0)
(0.026919 0.00923962 0)
(0.0258539 0.00842047 0)
(0.0247111 0.00774554 0)
(0.022452 0.0108829 0)
(0.0225561 0.0110369 0)
(0.0225453 0.0113308 0)
(0.00804166 0.00592776 0)
(0.00914211 0.00691453 0)
(0.0102185 0.00801606 0)
(-0.000798237 -0.00387157 0)
(0.000172537 -0.00329057 0)
(0.00120694 -0.0025281 0)
(-0.00201389 -0.007818 0)
(-0.00131502 -0.00776078 0)
(-0.000571663 -0.00760776 0)
(-0.00377089 -0.0132978 0)
(-0.0029946 -0.0134608 0)
(-0.00215764 -0.0134977 0)
(-0.00463052 -0.0185602 0)
(-0.00415627 -0.0193455 0)
(-0.00359239 -0.0200249 0)
(-0.000970062 -0.0196966 0)
(-0.00105927 -0.021056 0)
(-0.00109494 -0.0224151 0)
(0.00541042 -0.0167801 0)
(0.00486928 -0.0182788 0)
(0.00432139 -0.0198879 0)
(0.0111329 -0.0118359 0)
(0.0103308 -0.0130847 0)
(0.00948924 -0.0144755 0)
(0.0143239 -0.00568454 0)
(0.0133782 -0.00667694 0)
(0.0123954 -0.00776742 0)
(0.0146703 0.00111728 0)
(0.0137821 0.000362269 0)
(0.0128585 -0.000490097 0)
(0.0132978 0.00635239 0)
(0.012695 0.00589763 0)
(0.012058 0.00535022 0)
(0.012422 0.00931286 0)
(0.0121605 0.00910021 0)
(0.0118717 0.00881409 0)
(0.00888477 0.00974792 0)
(0.00889678 0.00977764 0)
(0.00888768 0.00975619 0)
(-0.00327103 0.00878067 0)
(-0.00285561 0.00902294 0)
(-0.00245213 0.00923292 0)
(-0.0190239 0.00430824 0)
(-0.0178848 0.00443248 0)
(-0.0167884 0.00447147 0)
(-0.0492046 -0.0076544 0)
(-0.0485403 -0.0070045 0)
(-0.0479202 -0.00640965 0)
(-0.0570705 -0.00542422 0)
(-0.0571704 -0.00231794 0)
(-0.0578747 -0.00185837 0)
(0.00538115 -0.00576762 0)
(0.00535108 -0.00602627 0)
(0.00532834 -0.00627144 0)
(0.0238903 0.00734942 0)
(0.023445 0.00717004 0)
(0.022992 0.00700469 0)
(0.0224812 0.0116115 0)
(0.02243 0.0117948 0)
(0.0223654 0.0119993 0)
(0.0109078 0.00884336 0)
(0.0112497 0.0093052 0)
(0.0115849 0.00979156 0)
(0.001968 -0.00186438 0)
(0.00237761 -0.00148419 0)
(0.00279399 -0.00107069 0)
(-2.52418e-05 -0.00742393 0)
(0.000267822 -0.00731063 0)
(0.000567842 -0.00717732 0)
(-0.00153979 -0.0134239 0)
(-0.00121115 -0.0133589 0)
(-0.000877683 -0.0132629 0)
(-0.00313348 -0.0203934 0)
(-0.00287922 -0.0205528 0)
(-0.00261526 -0.0206725 0)
(-0.00106568 -0.0233083 0)
(-0.00104209 -0.023757 0)
(-0.00100838 -0.0241815 0)
(0.00395485 -0.0210405 0)
(0.00376122 -0.0216505 0)
(0.00357523 -0.0222657 0)
(0.00890258 -0.0155191 0)
(0.00858311 -0.0160908 0)
(0.0082715 -0.016691 0)
(0.011711 -0.00858913 0)
(0.0113416 -0.00904584 0)
(0.0109794 -0.00953143 0)
(0.0122148 -0.00114337 0)
(0.0118676 -0.00151071 0)
(0.0115264 -0.00189721 0)
(0.0115969 0.00490546 0)
(0.0113455 0.00464907 0)
(0.011099 0.0043858 0)
(0.0116455 0.0085649 0)
(0.0115162 0.0084188 0)
(0.0113923 0.0082728 0)
(0.00884806 0.0097161 0)
(0.00882009 0.0096888 0)
(0.00880143 0.00965596 0)
(-0.00220232 0.00933106 0)
(-0.00207609 0.00937491 0)
(-0.0019306 0.00941646 0)
(-0.0160759 0.00442228 0)
(-0.0157193 0.00438976 0)
(-0.0153124 0.00437538 0)
(-0.0475891 -0.00594571 0)
(-0.0474722 -0.00565125 0)
(-0.0472634 -0.00534343 0)
(-0.0584298 -0.00124667 0)
(-0.0586793 -0.000801837 0)
(-0.058844 -0.000264319 0)
(0.00530494 -0.00671865 0)
(0.00538009 -0.00731294 0)
(0.00548832 -0.00783039 0)
(0.022094 0.00671714 0)
(0.0206647 0.00635137 0)
(0.0191031 0.00605607 0)
(0.0221966 0.0124397 0)
(0.0218176 0.01324 0)
(0.0212977 0.0142362 0)
(0.0122357 0.010773 0)
(0.0132027 0.0123956 0)
(0.0141308 0.014244 0)
(0.00360467 -0.000216794 0)
(0.00485938 0.00132148 0)
(0.00618838 0.00319835 0)
(0.00115421 -0.00688545 0)
(0.00207579 -0.00627947 0)
(0.0030618 -0.00545685 0)
(-0.000228921 -0.0130221 0)
(0.000783625 -0.012454 0)
(0.00183498 -0.0116488 0)
(-0.00208737 -0.0208213 0)
(-0.0012024 -0.0207943 0)
(-0.000214726 -0.0204516 0)
(-0.000918241 -0.024948 0)
(-0.000652213 -0.025905 0)
(-0.000257006 -0.0265852 0)
(0.00322692 -0.0234512 0)
(0.00278414 -0.0251973 0)
(0.00242652 -0.0268403 0)
(0.00766172 -0.0178909 0)
(0.00674834 -0.0198215 0)
(0.00583577 -0.0218615 0)
(0.0102652 -0.0105199 0)
(0.00916101 -0.0121954 0)
(0.0080065 -0.0140932 0)
(0.010851 -0.00268162 0)
(0.00979739 -0.00401946 0)
(0.00867578 -0.00556006 0)
(0.0106072 0.00385614 0)
(0.00982305 0.00294002 0)
(0.00897253 0.00187726 0)
(0.0111371 0.00797941 0)
(0.0107078 0.00745859 0)
(0.0102234 0.00685777 0)
(0.00874759 0.0095708 0)
(0.00861924 0.00937491 0)
(0.00845171 0.00913548 0)
(-0.00166577 0.00947176 0)
(-0.00127963 0.0095099 0)
(-0.000888301 0.00953627 0)
(-0.0146329 0.00428082 0)
(-0.0136693 0.00406992 0)
(-0.0127585 0.00380341 0)
(-0.0468849 -0.00481124 0)
(-0.0461041 -0.00406788 0)
(-0.0454747 -0.00310189 0)
(-0.0591933 -0.00299602 0)
(-0.0593365 -0.00646874 0)
(-0.0591447 -0.00342282 0)
(0.00571445 -0.00803043 0)
(0.00526531 -0.00674801 0)
(0.00422712 0.000908466 0)
(0.00231015 0.0114141 0)
(0.0167202 0.0057773 0)
(0.0133513 0.00667057 0)
(0.00975561 0.0128948 0)
(0.00610399 0.0271063 0)
(0.0203468 0.0159785 0)
(0.0187303 0.0191546 0)
(0.0168861 0.0252079 0)
(0.0153578 0.0381254 0)
(0.0153758 0.0172206 0)
(0.0168324 0.0219 0)
(0.0181053 0.0282631 0)
(0.0195572 0.0388807 0)
(0.00812856 0.00633749 0)
(0.0108227 0.0115079 0)
(0.0137228 0.0182665 0)
(0.0168849 0.0278634 0)
(0.0045204 -0.00394338 0)
(0.00659297 -0.000860688 0)
(0.00898338 0.00407141 0)
(0.0118262 0.0118866 0)
(0.00333179 -0.010173 0)
(0.00528572 -0.0074178 0)
(0.00721962 -0.00361382 0)
(0.0091309 0.00174569 0)
(0.00128298 -0.0194396 0)
(0.00343968 -0.0165961 0)
(0.00569497 -0.01191 0)
(0.00779496 -0.00536369 0)
(0.000496439 -0.0269731 0)
(0.00191566 -0.0256094 0)
(0.00375679 -0.0214734 0)
(0.00580561 -0.0139326 0)
(0.00211041 -0.0287782 0)
(0.00213517 -0.0297932 0)
(0.00272788 -0.0278364 0)
(0.00387353 -0.0211354 0)
(0.00464758 -0.0246923 0)
(0.00333593 -0.0276446 0)
(0.00245324 -0.0283325 0)
(0.00222302 -0.0240921 0)
(0.00638027 -0.0169855 0)
(0.00426363 -0.0207066 0)
(0.00226687 -0.0232742 0)
(0.00074156 -0.0221225 0)
(0.00703213 -0.00799715 0)
(0.0047302 -0.0114185 0)
(0.00225677 -0.014529 0)
(-0.00018833 -0.0157836 0)
(0.00769058 0.000187601 0)
(0.00581513 -0.00222293 0)
(0.00365381 -0.00463978 0)
(0.00127263 -0.00650443 0)
(0.0094605 0.00591645 0)
(0.00828023 0.00460965 0)
(0.00683484 0.0033234 0)
(0.00513203 0.00225337 0)
(0.00815797 0.00875446 0)
(0.00763978 0.00824188 0)
(0.00696138 0.00777723 0)
(0.00613734 0.00744477 0)
(-0.000343079 0.00955927 0)
(0.00034063 0.0095627 0)
(0.000994743 0.0095402 0)
(0.00159488 0.00947975 0)
(-0.0116328 0.00337592 0)
(-0.0104171 0.00280823 0)
(-0.00949923 0.00241422 0)
(-0.00890607 0.00257446 0)
(-0.0444243 -0.00169054 0)
(-0.0431607 0.00032461 0)
(-0.0419672 0.00274597 0)
(-0.0409674 0.00606731 0)
(-0.0595463 -0.00419843 0)
(-0.0602254 -0.00382727 0)
(-0.0594142 -0.00786208 0)
(-0.0567864 -0.00603411 0)
(-0.00180075 0.0121216 0)
(-0.00758884 0.0165573 0)
(-0.0165574 0.0265747 0)
(-0.0235655 0.0367401 0)
(0.0011623 0.035022 0)
(-0.00538832 0.0337988 0)
(-0.0117245 0.0361544 0)
(-0.0143303 0.0371718 0)
(0.0136315 0.0524676 0)
(0.0103112 0.0557839 0)
(0.005692 0.049887 0)
(0.0021022 0.0411905 0)
(0.0213355 0.0545203 0)
(0.0221677 0.066818 0)
(0.0206837 0.0679162 0)
(0.0166336 0.0588704 0)
(0.0205847 0.0424495 0)
(0.0243249 0.059937 0)
(0.0265651 0.0724358 0)
(0.0255553 0.0740319 0)
(0.0153676 0.0243345 0)
(0.0197063 0.0425018 0)
(0.0239033 0.0624466 0)
(0.0265147 0.0768343 0)
(0.0113258 0.0105533 0)
(0.014301 0.0255637 0)
(0.0179438 0.0469902 0)
(0.022111 0.0699171 0)
(0.00948885 0.00311123 0)
(0.0110587 0.0155341 0)
(0.0129312 0.0350084 0)
(0.0163469 0.0606849 0)
(0.00761693 -0.00321316 0)
(0.00878512 0.0104957 0)
(0.00939072 0.0293827 0)
(0.0111751 0.0546528 0)
(0.00526547 -0.00894579 0)
(0.00624222 0.00760359 0)
(0.00632841 0.0282516 0)
(0.00684063 0.0528678 0)
(0.00273072 -0.0122977 0)
(0.00346271 0.00639454 0)
(0.00351402 0.0292391 0)
(0.00350342 0.0534374 0)
(0.000150137 -0.0131866 0)
(0.000731072 0.00550952 0)
(0.00135115 0.0295949 0)
(0.00175042 0.0534111 0)
(-0.00195292 -0.0114493 0)
(-0.00192001 0.00287432 0)
(-0.00015756 0.025946 0)
(0.00187613 0.0497283 0)
(-0.00103109 -0.00649064 0)
(-0.00224436 -0.000906633 0)
(-0.000980258 0.0148948 0)
(0.00259314 0.037161 0)
(0.00329628 0.00173887 0)
(0.00168607 0.00258641 0)
(0.00115715 0.00726684 0)
(0.00306698 0.0201494 0)
(0.00521555 0.00733592 0)
(0.00428743 0.00761012 0)
(0.00351997 0.00894836 0)
(0.00282723 0.0145992 0)
(0.00207953 0.00938603 0)
(0.00234063 0.00941644 0)
(0.00238456 0.0103012 0)
(-0.000464315 0.0147537 0)
(-0.00867369 0.003895 0)
(-0.00910219 0.00722803 0)
(-0.010626 0.0134647 0)
(-0.0119793 0.0227835 0)
(-0.0400881 0.0102398 0)
(-0.0390179 0.0148491 0)
(-0.0375104 0.0198972 0)
(-0.0351489 0.0255663 0)
(-0.0553709 -8.04296e-05 0)
(-0.0549592 -0.000622835 0)
(-0.0523449 -0.00355623 0)
(-0.0499145 0.00286097 0)
(-0.00491495 -7.89062e-06 0)
(-0.00439155 -1.339e-05 0)
(-0.0036095 -4.80779e-05 0)
(-0.00234327 -6.11542e-05 0)
(-0.00117848 -3.62374e-05 0)
(-0.000653823 1.3566e-06 0)
(-0.00089873 1.90378e-05 0)
(-0.00176322 2.80936e-05 0)
(-0.00328591 5.98747e-05 0)
(-0.00521602 9.19687e-05 0)
(-0.00678437 8.27528e-05 0)
(-0.00732281 2.82811e-05 0)
(-0.0067065 -2.55197e-05 0)
(-0.005298 -6.54453e-05 0)
(-0.00370835 -6.52147e-05 0)
(-0.00246533 -3.23342e-05 0)
(-0.00148501 -2.3023e-06 0)
(-0.00354418 -7.16231e-05 0)
(0.00511966 -0.000520763 0)
(0.00908869 0.00105432 0)
(-0.0119929 -0.000104688 0)
(-0.0105947 -0.000225828 0)
(-0.00882193 -0.000404407 0)
(-0.00620985 -0.000482712 0)
(-0.00381705 -0.000332421 0)
(-0.00265755 -4.35928e-05 0)
(-0.00331352 0.000222725 0)
(-0.00585335 0.000468607 0)
(-0.00999081 0.000699678 0)
(-0.0143102 0.000714923 0)
(-0.0169228 0.000418522 0)
(-0.0170028 -3.01741e-05 0)
(-0.0149555 -0.000403677 0)
(-0.0117224 -0.000594394 0)
(-0.0083031 -0.000558154 0)
(-0.00544854 -0.000331621 0)
(-0.00355185 -4.14267e-05 0)
(-0.00577405 -0.000885587 0)
(0.00626764 -0.00301316 0)
(0.0154483 0.00304382 0)
(-0.0167294 -0.000282934 0)
(-0.0146976 -0.000595657 0)
(-0.0123715 -0.000931504 0)
(-0.00919133 -0.00107265 0)
(-0.00637521 -0.000744529 0)
(-0.0051116 -7.33463e-05 0)
(-0.00640705 0.000646112 0)
(-0.010563 0.00131138 0)
(-0.0164341 0.00171559 0)
(-0.0213631 0.00146625 0)
(-0.0232721 0.000618795 0)
(-0.0220662 -0.000357673 0)
(-0.0187817 -0.0010791 0)
(-0.0144919 -0.00139906 0)
(-0.0101354 -0.00129979 0)
(-0.00631479 -0.000831225 0)
(-0.00333715 -0.000273718 0)
(-0.00462484 -0.0016817 0)
(0.0053787 -0.00572017 0)
(0.017011 0.00553032 0)
(-0.0196038 -0.000515774 0)
(-0.0172554 -0.00105814 0)
(-0.0147515 -0.00153101 0)
(-0.0115236 -0.00171137 0)
(-0.00881384 -0.0011587 0)
(-0.0078851 -4.3211e-06 0)
(-0.0100281 0.001309 0)
(-0.0154024 0.00242806 0)
(-0.0217689 0.00282244 0)
(-0.0258397 0.00206264 0)
(-0.0262175 0.000550685 0)
(-0.0237342 -0.000933557 0)
(-0.0196411 -0.00193786 0)
(-0.0148236 -0.00235331 0)
(-0.0100546 -0.00219874 0)
(-0.00569201 -0.00155467 0)
(-0.00158778 -0.000680563 0)
(-0.00177392 -0.00227867 0)
(0.00524131 -0.00809714 0)
(0.0168049 0.0080786 0)
(-0.0210815 -0.00076377 0)
(-0.0187429 -0.00153481 0)
(-0.0163647 -0.00211233 0)
(-0.0134435 -0.00229963 0)
(-0.0111787 -0.00148601 0)
(-0.0108602 0.00020767 0)
(-0.0138211 0.00215707 0)
(-0.0197124 0.00362322 0)
(-0.0254421 0.00377767 0)
(-0.027889 0.00236092 0)
(-0.0267422 0.000222706 0)
(-0.0234075 -0.00167024 0)
(-0.0188939 -0.00288154 0)
(-0.0138581 -0.00335865 0)
(-0.00895878 -0.00315628 0)
(-0.00439593 -0.00243175 0)
(0.00041097 -0.00127752 0)
(0.00143148 -0.00268489 0)
(0.00578044 -0.0099972 0)
(0.0159792 0.0104841 0)
(-0.0215284 -0.000994285 0)
(-0.0194762 -0.00196743 0)
(-0.0174479 -0.00261921 0)
(-0.0150684 -0.00278078 0)
(-0.0134461 -0.00168081 0)
(-0.0138235 0.000563556 0)
(-0.0173288 0.00308897 0)
(-0.0229924 0.00472043 0)
(-0.0273721 0.00444824 0)
(-0.0280997 0.00234953 0)
(-0.0258673 -0.000304799 0)
(-0.0221195 -0.00249311 0)
(-0.0174323 -0.00386082 0)
(-0.0123388 -0.00437492 0)
(-0.00744459 -0.004117 0)
(-0.00289281 -0.00336728 0)
(0.00203061 -0.00202811 0)
(0.00418919 -0.00298832 0)
(0.00649732 -0.0114252 0)
(0.0149648 0.0127556 0)
(-0.0211928 -0.00118276 0)
(-0.0196229 -0.00231519 0)
(-0.0180928 -0.00301604 0)
(-0.0163913 -0.00312485 0)
(-0.0154877 -0.0017318 0)
(-0.0164863 0.00102781 0)
(-0.0201546 0.00399528 0)
(-0.0250244 0.00560445 0)
(-0.0278104 0.00480451 0)
(-0.0271398 0.00209554 0)
(-0.0243217 -0.000945463 0)
(-0.0204302 -0.00335069 0)
(-0.0157042 -0.00484934 0)
(-0.0106351 -0.00538609 0)
(-0.00581624 -0.00506083 0)
(-0.0013429 -0.00428371 0)
(0.00331199 -0.00287373 0)
(0.00625876 -0.00325267 0)
(0.0071541 -0.0124342 0)
(0.0139307 0.0149324 0)
(-0.0202381 -0.00131319 0)
(-0.0192557 -0.00255342 0)
(-0.0183048 -0.0032828 0)
(-0.0173353 -0.00332178 0)
(-0.0171297 -0.00165439 0)
(-0.0185803 0.00153895 0)
(-0.0220609 0.00479176 0)
(-0.0258373 0.00622893 0)
(-0.0271366 0.00488593 0)
(-0.0255237 0.00168786 0)
(-0.0224839 -0.00162357 0)
(-0.0185857 -0.00421439 0)
(-0.0138923 -0.00583198 0)
(-0.00889353 -0.00638202 0)
(-0.00420346 -0.00598271 0)
(0.000174457 -0.00514872 0)
(0.00441083 -0.00373078 0)
(0.00775691 -0.00350826 0)
(0.00770126 -0.0130914 0)
(0.0129434 0.0170283 0)
(-0.0187848 -0.00137862 0)
(-0.0184084 -0.00267263 0)
(-0.0180604 -0.00341284 0)
(-0.0178162 -0.00337656 0)
(-0.0182256 -0.00147697 0)
(-0.0199336 0.00204326 0)
(-0.0229828 0.00543209 0)
(-0.0256071 0.00660161 0)
(-0.0257106 0.00476158 0)
(-0.0235674 0.00120003 0)
(-0.0205145 -0.00230804 0)
(-0.0166789 -0.00506939 0)
(-0.0120654 -0.00679982 0)
(-0.00716817 -0.00735408 0)
(-0.00265317 -0.00687744 0)
(0.00160297 -0.00596431 0)
(0.00541412 -0.00454427 0)
(0.00884599 -0.00375842 0)
(0.0081573 -0.013463 0)
(0.0120257 0.019045 0)
(-0.0169386 -0.00138085 0)
(-0.0171117 -0.00267633 0)
(-0.0173437 -0.00340957 0)
(-0.0177802 -0.00330282 0)
(-0.0186977 -0.0012301 0)
(-0.0204912 0.00250344 0)
(-0.0229855 0.00590417 0)
(-0.0245616 0.00676134 0)
(-0.0238071 0.00450143 0)
(-0.0214344 0.000682364 0)
(-0.0184718 -0.00297991 0)
(-0.0147414 -0.00590615 0)
(-0.0102504 -0.00774605 0)
(-0.00548519 -0.00829531 0)
(-0.00118135 -0.00773734 0)
(0.00291511 -0.00673156 0)
(0.00633063 -0.00529104 0)
(0.00964307 -0.00399645 0)
(0.0085568 -0.0136093 0)
(0.0111845 0.0209926 0)
(-0.0148 -0.001329 0)
(-0.0154108 -0.00257821 0)
(-0.0161611 -0.00328329 0)
(-0.0172153 -0.00311702 0)
(-0.0185413 -0.000940013 0)
(-0.0202936 0.00289872 0)
(-0.0222068 0.00621912 0)
(-0.0229189 0.00675802 0)
(-0.0216107 0.00416292 0)
(-0.0192005 0.000166439 0)
(-0.0163777 -0.00362852 0)
(-0.0127835 -0.00671658 0)
(-0.00845739 -0.00866304 0)
(-0.00386214 -0.00919934 0)
(0.000200347 -0.00855501 0)
(0.00409709 -0.0074496 0)
(0.00714244 -0.00596121 0)
(0.01022 -0.00421637 0)
(0.00893459 -0.013578 0)
(0.0104207 0.022885 0)
(-0.0124617 -0.00123707 0)
(-0.0133691 -0.00239913 0)
(-0.0145436 -0.00304904 0)
(-0.0161434 -0.00283454 0)
(-0.0178058 -0.000625324 0)
(-0.0194411 0.00322164 0)
(-0.0208088 0.00639985 0)
(-0.0208599 0.00663973 0)
(-0.0192368 0.00378786 0)
(-0.0169034 -0.000331399 0)
(-0.0142463 -0.00424739 0)
(-0.0108107 -0.00749342 0)
(-0.00668966 -0.00954177 0)
(-0.00231059 -0.0100586 0)
(0.00147964 -0.00932427 0)
(0.00514279 -0.00811542 0)
(0.00783116 -0.00655192 0)
(0.0106232 -0.0044208 0)
(0.00932343 -0.0134065 0)
(0.00973399 0.0247352 0)
(-0.0100001 -0.00112057 0)
(-0.011063 -0.00216396 0)
(-0.0125428 -0.00272559 0)
(-0.0146074 -0.00246819 0)
(-0.0165688 -0.000296199 0)
(-0.0180602 0.0034741 0)
(-0.0189491 0.00647272 0)
(-0.0185239 0.00644679 0)
(-0.0167593 0.00340486 0)
(-0.0145681 -0.000801369 0)
(-0.0120927 -0.00483225 0)
(-0.00883077 -0.00823088 0)
(-0.00495006 -0.0103739 0)
(-0.00083776 -0.0108637 0)
(0.00264787 -0.0100394 0)
(0.00604683 -0.00872559 0)
(0.0083831 -0.00706494 0)
(0.010887 -0.00461919 0)
(0.00975451 -0.0131234 0)
(0.0091247 0.0265564 0)
(-0.00746909 -0.000993743 0)
(-0.00857172 -0.00189789 0)
(-0.0102272 -0.002335 0)
(-0.0126607 -0.00202871 0)
(-0.014913 4.59175e-05 0)
(-0.0162798 0.00366424 0)
(-0.0167663 0.00646241 0)
(-0.016016 0.00621015 0)
(-0.0142283 0.00303287 0)
(-0.0122172 -0.00123622 0)
(-0.00993194 -0.00538052 0)
(-0.00685501 -0.00892534 0)
(-0.00324387 -0.0111538 0)
(0.000552454 -0.0116064 0)
(0.00369731 -0.0106935 0)
(0.00680563 -0.0092771 0)
(0.00878911 -0.00750567 0)
(0.0110431 -0.00482688 0)
(0.0102568 -0.0127528 0)
(0.00859518 0.0283644 0)
(-0.00490244 -0.000868673 0)
(-0.00596538 -0.00162318 0)
(-0.00767682 -0.00190126 0)
(-0.0103619 -0.00152665 0)
(-0.0129115 0.000406824 0)
(-0.0142149 0.0038049 0)
(-0.0143777 0.00638999 0)
(-0.0134165 0.0059521 0)
(-0.0116834 0.00268384 0)
(-0.00987256 -0.00163335 0)
(-0.00777607 -0.0058912 0)
(-0.00489643 -0.00957458 0)
(-0.00157913 -0.011875 0)
(0.00185566 -0.0122794 0)
(0.00462162 -0.0112806 0)
(0.0074179 -0.00976761 0)
(0.00904369 -0.00788238 0)
(0.0111249 -0.00506508 0)
(0.0108547 -0.0123227 0)
(0.00815015 0.0301767 0)
(-0.00232291 -0.000754343 0)
(-0.00329496 -0.00135566 0)
(-0.00497517 -0.00144812 0)
(-0.0077765 -0.000975266 0)
(-0.0106196 0.000796145 0)
(-0.0119574 0.00391323 0)
(-0.0118798 0.0062729 0)
(-0.0107894 0.00568768 0)
(-0.00915845 0.00236467 0)
(-0.00755537 -0.00199204 0)
(-0.00563398 -0.00636324 0)
(-0.00296742 -0.0101741 0)
(3.32899e-05 -0.0125225 0)
(0.00306608 -0.0128754 0)
(0.00541644 -0.0117932 0)
(0.00788432 -0.0101929 0)
(0.0091443 -0.00820383 0)
(0.01117 -0.00535755 0)
(0.0115624 -0.0118648 0)
(0.00779615 0.0320185 0)
(0.000295925 -0.000642171 0)
(-0.000590887 -0.00109968 0)
(-0.00219972 -0.000997121 0)
(-0.00498014 -0.000391635 0)
(-0.00807673 0.00122377 0)
(-0.00956919 0.00401073 0)
(-0.00934821 0.0061266 0)
(-0.00818665 0.00542635 0)
(-0.00668335 0.00207865 0)
(-0.00528489 -0.00231263 0)
(-0.00351319 -0.00679394 0)
(-0.0010781 -0.0107133 0)
(0.00157812 -0.0130827 0)
(0.00417699 -0.0133796 0)
(0.00607838 -0.0122206 0)
(0.00820659 -0.0105448 0)
(0.00909096 -0.00847894 0)
(0.0112207 -0.00572073 0)
(0.0123746 -0.0113785 0)
(0.00754595 0.0338916 0)
(0.00293624 -0.00054204 0)
(0.00212508 -0.000860112 0)
(0.000588278 -0.000566766 0)
(-0.00205918 0.000207379 0)
(-0.00531604 0.00169672 0)
(-0.00707913 0.00412207 0)
(-0.00683524 0.00596694 0)
(-0.00564918 0.00517398 0)
(-0.00428202 0.00182647 0)
(-0.00307169 -0.00259666 0)
(-0.00142159 -0.00718459 0)
(0.000761131 -0.0111847 0)
(0.00304588 -0.0135577 0)
(0.00517872 -0.0137865 0)
(0.00660379 -0.0125618 0)
(0.00838663 -0.0108208 0)
(0.00888682 -0.00872701 0)
(0.0113318 -0.00616651 0)
(0.0132472 -0.0107865 0)
(0.00739276 0.0359065 0)
(0.00552587 -0.000449844 0)
(0.0048177 -0.00063783 0)
(0.00335456 -0.000162678 0)
(0.000894569 0.000796973 0)
(-0.00237743 0.00221387 0)
(-0.00448373 0.00427083 0)
(-0.00436274 0.00581204 0)
(-0.00320351 0.0049353 0)
(-0.0019712 0.00160464 0)
(-0.000912156 -0.00285756 0)
(0.000628019 -0.00755198 0)
(0.00253262 -0.0116091 0)
(0.00442051 -0.0139753 0)
(0.00605839 -0.014123 0)
(0.00698797 -0.0128423 0)
(0.00842494 -0.0110433 0)
(0.00853755 -0.00899252 0)
(0.0115698 -0.00674808 0)
(0.0140576 -0.0100635 0)
(0.00752012 0.0377281 0)
(0.00805654 -0.000365916 0)
(0.00745351 -0.000427616 0)
(0.00607596 0.000221898 0)
(0.00379699 0.00135374 0)
(0.000686275 0.00275629 0)
(-0.0017437 0.00446718 0)
(-0.00190676 0.00567986 0)
(-0.000858497 0.00471576 0)
(0.000233509 0.00139719 0)
(0.0011977 -0.00312544 0)
(0.00259629 -0.00790431 0)
(0.00419714 -0.0120023 0)
(0.00566262 -0.0143418 0)
(0.00678412 -0.0144043 0)
(0.00721355 -0.0130682 0)
(0.00830928 -0.0112374 0)
(0.00803775 -0.00931591 0)
(0.0119089 -0.00755448 0)
(0.0144488 -0.00965811 0)
(0.00672462 0.0408636 0)
(0.0139853 -0.000200209 0)
(0.0136495 4.1099e-05 0)
(0.0126633 0.00109543 0)
(0.010878 0.0026233 0)
(0.00839334 0.00413679 0)
(0.00577518 0.00521787 0)
(0.00448412 0.00549008 0)
(0.00473862 0.00413583 0)
(0.00541681 0.000849918 0)
(0.00615244 -0.00362236 0)
(0.00698259 -0.00842531 0)
(0.00772771 -0.0124783 0)
(0.00806646 -0.0146399 0)
(0.00788977 -0.0144884 0)
(0.00713151 -0.0130408 0)
(0.00740102 -0.0113462 0)
(0.00620612 -0.0100531 0)
(0.0115993 -0.0094931 0)
(0.0115531 -0.0114632 0)
(0.0245388 0.0357734 0)
(0.0197466 -0.000141061 0)
(0.0197293 0.000387125 0)
(0.0193488 0.0018463 0)
(0.0185166 0.00378259 0)
(0.0173628 0.00563912 0)
(0.0159315 0.00672937 0)
(0.0145633 0.00642962 0)
(0.0137924 0.00442916 0)
(0.0134855 0.000847177 0)
(0.0133545 -0.00372518 0)
(0.0131343 -0.00851259 0)
(0.0124498 -0.012358 0)
(0.010934 -0.0141093 0)
(0.00871621 -0.0135987 0)
(0.00617414 -0.0120804 0)
(0.0051462 -0.0108045 0)
(0.00255712 -0.010825 0)
(0.00793926 -0.0111822 0)
(-0.000109819 -0.0134587 0)
(0.0157781 0.0134386 0)
(0.0185121 -0.000315154 0)
(0.018933 0.000438231 0)
(0.0192231 0.00212517 0)
(0.0194049 0.00407497 0)
(0.0197789 0.00597073 0)
(0.0201775 0.00726249 0)
(0.0202237 0.007172 0)
(0.0198819 0.00524628 0)
(0.0192697 0.00167673 0)
(0.0183198 -0.00285838 0)
(0.0168626 -0.00739539 0)
(0.0145889 -0.010701 0)
(0.0112741 -0.0118093 0)
(0.00741116 -0.011004 0)
(0.00376006 -0.00977826 0)
(0.00175373 -0.00919705 0)
(-0.00116526 -0.010296 0)
(-0.000314416 -0.0100096 0)
(-0.00863117 -0.0116316 0)
(-0.00597325 0.000330796 0)
(0.0139349 -0.000875006 0)
(0.0153091 0.00021885 0)
(0.015827 0.00197425 0)
(0.0160007 0.00355949 0)
(0.0168711 0.00512736 0)
(0.0183507 0.00643173 0)
(0.0196954 0.00671299 0)
(0.0203246 0.00534036 0)
(0.0200813 0.00234511 0)
(0.0189699 -0.00162478 0)
(0.0168628 -0.00548853 0)
(0.0135719 -0.00800482 0)
(0.00925012 -0.00853889 0)
(0.00480647 -0.00781689 0)
(0.00110236 -0.00721626 0)
(-0.00136637 -0.00744373 0)
(-0.00375378 -0.00849584 0)
(-0.0054977 -0.00762259 0)
(-0.0104556 -0.00821483 0)
(-0.0123557 -0.00439952 0)
(0.00684354 -0.00227861 0)
(0.0107658 -0.000138879 0)
(0.0114366 0.0018696 0)
(0.0110065 0.00306399 0)
(0.0114574 0.00405063 0)
(0.0129432 0.00503334 0)
(0.0147124 0.00548617 0)
(0.0159607 0.00474344 0)
(0.0162147 0.00261303 0)
(0.0153508 -0.000415531 0)
(0.0132403 -0.00329878 0)
(0.00984491 -0.00491332 0)
(0.0057593 -0.00511551 0)
(0.00198981 -0.00482366 0)
(-0.000965976 -0.0048917 0)
(-0.00337656 -0.00571735 0)
(-0.00560969 -0.00667944 0)
(-0.00720086 -0.0062429 0)
(-0.00874499 -0.00598563 0)
(-0.00933448 -0.00454345 0)
(0.000963166 -0.00592722 0)
(0.00742152 -0.00138087 0)
(0.0069145 0.0018202 0)
(0.00552599 0.00303947 0)
(0.00532747 0.0034697 0)
(0.00637669 0.00393132 0)
(0.00794986 0.00426839 0)
(0.00929385 0.00392932 0)
(0.00983651 0.0025646 0)
(0.00925361 0.000536403 0)
(0.00754518 -0.00123806 0)
(0.00508331 -0.00216279 0)
(0.00248395 -0.00245372 0)
(0.000232264 -0.00265218 0)
(-0.00165934 -0.00306038 0)
(-0.00370392 -0.00400347 0)
(-0.00610859 -0.0050969 0)
(-0.00823572 -0.00542273 0)
(-0.00931166 -0.00533069 0)
(-0.00884156 -0.00509771 0)
(0.00158513 -0.00925774 0)
(0.0057977 -0.00190898 0)
(0.00236346 0.00283185 0)
(3.43572e-05 0.00391593 0)
(-0.000431897 0.00333054 0)
(0.000332958 0.00308209 0)
(0.00144531 0.0032996 0)
(0.00248593 0.00325445 0)
(0.00299102 0.00248684 0)
(0.00280525 0.00124287 0)
(0.00211717 0.000107879 0)
(0.00145115 -0.000709449 0)
(0.00101644 -0.00122726 0)
(0.000625705 -0.00157253 0)
(-2.99475e-05 -0.00182621 0)
(-0.00140254 -0.00231458 0)
(-0.00378071 -0.00319547 0)
(-0.00658664 -0.00401935 0)
(-0.00867212 -0.004796 0)
(-0.00935172 -0.00614343 0)
(0.00155251 -0.0107693 0)
(0.00316596 -0.000749503 0)
(-0.00302105 0.00546955 0)
(-0.00465239 0.00502579 0)
(-0.0049628 0.00321603 0)
(-0.00436466 0.00248987 0)
(-0.00372977 0.00271712 0)
(-0.00311803 0.00280365 0)
(-0.00267523 0.00226045 0)
(-0.00227714 0.00122717 0)
(-0.00148804 5.37636e-05 0)
(0.000242125 -0.0010334 0)
(0.00248473 -0.00162204 0)
(0.00438306 -0.00164879 0)
(0.00509972 -0.00136543 0)
(0.004398 -0.00103136 0)
(0.00237694 -0.00109508 0)
(-0.000671309 -0.00185494 0)
(-0.00357574 -0.00318307 0)
(-0.0053849 -0.0055343 0)
(0.000897346 -0.011066 0)
(-0.00111894 0.00303123 0)
(-0.00735582 0.00825911 0)
(-0.00798 0.00562809 0)
(-0.00771278 0.00290812 0)
(-0.00707282 0.0020828 0)
(-0.00692122 0.00240475 0)
(-0.00705772 0.00259419 0)
(-0.00698788 0.00200736 0)
(-0.00583717 0.000460688 0)
(-0.00323172 -0.00172985 0)
(0.000312996 -0.00359228 0)
(0.00471149 -0.00436545 0)
(0.00936459 -0.00356815 0)
(0.0129278 -0.00161509 0)
(0.0139794 0.000229662 0)
(0.0124528 0.00109869 0)
(0.00926597 0.000660386 0)
(0.00572424 -0.000978561 0)
(0.00310721 -0.00381134 0)
(0.000267182 -0.00949918 0)
(-0.00480656 0.00729159 0)
(-0.00957662 0.0101374 0)
(-0.00934453 0.00550779 0)
(-0.00844234 0.00232297 0)
(-0.00812298 0.00195772 0)
(-0.00924707 0.00294095 0)
(-0.0105285 0.00311738 0)
(-0.0103807 0.00135007 0)
(-0.00858154 -0.00177505 0)
(-0.00623292 -0.00471173 0)
(-0.00315625 -0.00724065 0)
(0.00154938 -0.00891254 0)
(0.00789108 -0.00851383 0)
(0.0148673 -0.00547664 0)
(0.0205749 -0.000883133 0)
(0.0227646 0.00277372 0)
(0.0212689 0.00386603 0)
(0.0175574 0.00225696 0)
(0.0136314 -0.00129499 0)
(0.00135103 -0.00708988 0)
(-0.00616452 0.0116149 0)
(-0.00977378 0.0112994 0)
(-0.00895847 0.00490059 0)
(-0.00807471 0.00187583 0)
(-0.00895363 0.00282263 0)
(-0.0114764 0.00446288 0)
(-0.0131271 0.0036539 0)
(-0.0130096 0.000358982 0)
(-0.0126485 -0.00306626 0)
(-0.0122227 -0.00617448 0)
(-0.0104829 -0.00997959 0)
(-0.00647699 -0.0133555 0)
(-2.69238e-05 -0.0144854 0)
(0.00826688 -0.0119025 0)
(0.0168288 -0.00623227 0)
(0.0238469 0.000228952 0)
(0.0271687 0.00456757 0)
(0.0264655 0.0053261 0)
(0.0229627 0.00262274 0)
(0.00214484 -0.0041819 0)
(-0.00555661 0.0158335 0)
(-0.0086607 0.0122254 0)
(-0.00786416 0.00437617 0)
(-0.00774007 0.00212981 0)
(-0.00963988 0.00455735 0)
(-0.0125351 0.00629484 0)
(-0.0141581 0.00443769 0)
(-0.0151182 0.000696523 0)
(-0.0166208 -0.00252542 0)
(-0.0175444 -0.00650855 0)
(-0.0169907 -0.0120526 0)
(-0.0142379 -0.0175144 0)
(-0.00889088 -0.0205241 0)
(-0.00106558 -0.0190452 0)
(0.0079471 -0.0131814 0)
(0.0165309 -0.00554884 0)
(0.0235386 0.00145554 0)
(0.0270572 0.00541543 0)
(0.0260665 0.00535229 0)
(0.00310769 -0.000635677 0)
(-0.00371089 0.0198187 0)
(-0.00706045 0.0132991 0)
(-0.00692196 0.00439361 0)
(-0.00756819 0.002966 0)
(-0.00923972 0.00637144 0)
(-0.0115331 0.00808202 0)
(-0.0130566 0.0057823 0)
(-0.0147999 0.00205499 0)
(-0.0169286 -0.00122831 0)
(-0.0184208 -0.00606902 0)
(-0.0190551 -0.0129863 0)
(-0.0181918 -0.0203695 0)
(-0.0149679 -0.0255438 0)
(-0.00900837 -0.0255778 0)
(-0.00109939 -0.0199501 0)
(0.007071 -0.0117861 0)
(0.0146756 -0.00374867 0)
(0.0208018 0.0026081 0)
(0.022636 0.00565008 0)
(0.0003923 0.0010318 0)
(-0.00195343 0.0230332 0)
(-0.00531222 0.014815 0)
(-0.0062566 0.00503642 0)
(-0.00735891 0.00366018 0)
(-0.00751553 0.00736587 0)
(-0.00814168 0.00933062 0)
(-0.00893161 0.00719015 0)
(-0.0103418 0.00355175 0)
(-0.012207 0.000223223 0)
(-0.0137691 -0.00487152 0)
(-0.0153604 -0.0123482 0)
(-0.0166009 -0.021138 0)
(-0.0162741 -0.0285671 0)
(-0.0133725 -0.0306742 0)
(-0.00792109 -0.025952 0)
(-0.00108097 -0.0176917 0)
(0.00605955 -0.00893631 0)
(0.0126247 -0.00103469 0)
(0.0162448 0.00439561 0)
(-0.00153276 0.00034075 0)
(0.000544411 0.0250868 0)
(-0.00290933 0.0167519 0)
(-0.00523181 0.006365 0)
(-0.00701708 0.00380296 0)
(-0.00563072 0.00673406 0)
(-0.0035471 0.00923186 0)
(-0.00227732 0.00817063 0)
(-0.00208349 0.00474347 0)
(-0.00336939 0.00134566 0)
(-0.00464163 -0.00326112 0)
(-0.0066691 -0.0101894 0)
(-0.00967832 -0.0193142 0)
(-0.0125505 -0.0285043 0)
(-0.0138827 -0.0330654 0)
(-0.0124026 -0.0300993 0)
(-0.00800685 -0.0233099 0)
(-0.00155992 -0.0151325 0)
(0.00585257 -0.00599984 0)
(0.0107223 0.00260056 0)
(-0.000595965 -0.000695263 0)
(0.0036064 0.025038 0)
(0.00145472 0.0196528 0)
(-0.00189959 0.0083062 0)
(-0.00473993 0.00363539 0)
(-0.00366702 0.00427865 0)
(-7.24544e-05 0.00641809 0)
(0.00361121 0.00675786 0)
(0.0062757 0.00504796 0)
(0.00706116 0.00236567 0)
(0.00630591 -0.00158827 0)
(0.00424922 -0.00720498 0)
(0.000341703 -0.0152175 0)
(-0.00514085 -0.0247415 0)
(-0.011182 -0.0312053 0)
(-0.0153442 -0.0303243 0)
(-0.0154432 -0.0262136 0)
(-0.0117943 -0.0207206 0)
(-0.00466019 -0.0125936 0)
(0.00292638 -0.00234725 0)
(-0.0024459 -0.00342003 0)
(0.00487419 0.0220805 0)
(0.00725907 0.0221304 0)
(0.00518491 0.0117084 0)
(0.00288373 0.00480892 0)
(0.00288753 0.00289137 0)
(0.00501914 0.002901 0)
(0.00848105 0.00287571 0)
(0.0119292 0.00214636 0)
(0.0143666 0.000961055 0)
(0.0152828 -0.000989375 0)
(0.0140712 -0.0046696 0)
(0.0103773 -0.0104714 0)
(0.00373555 -0.0183077 0)
(-0.00594183 -0.0249427 0)
(-0.0162059 -0.0256569 0)
(-0.0224256 -0.0245914 0)
(-0.0248301 -0.0228136 0)
(-0.0223923 -0.0174179 0)
(-0.0153571 -0.00795325 0)
(0.00177837 -0.00477971 0)
(0.00417255 0.0155938 0)
(0.0115648 0.0206484 0)
(0.013457 0.0126593 0)
(0.014336 0.00524241 0)
(0.0150636 0.00232396 0)
(0.0159337 0.00135706 0)
(0.0175271 0.00106285 0)
(0.019373 0.000389377 0)
(0.0210411 -0.000524894 0)
(0.0217856 -0.00141679 0)
(0.0209184 -0.00328798 0)
(0.0179107 -0.00645144 0)
(0.0114312 -0.0114764 0)
(0.000813427 -0.0160074 0)
(-0.0135346 -0.0173334 0)
(-0.0247339 -0.0187212 0)
(-0.0340955 -0.0206627 0)
(-0.0397885 -0.0188747 0)
(-0.0384986 -0.0117554 0)
(-0.00175475 -0.00441144 0)
(-0.00403298 0.0109565 0)
(0.0110431 0.018227 0)
(0.0180773 0.0114144 0)
(0.0238554 0.00519104 0)
(0.0270522 0.00275226 0)
(0.0283758 0.000132046 0)
(0.0289596 -0.000120792 0)
(0.028587 -0.000912856 0)
(0.0279887 -0.00178669 0)
(0.0265213 -0.00104923 0)
(0.0242366 -0.00221542 0)
(0.0209662 -0.00285307 0)
(0.0150344 -0.00562029 0)
(0.00644902 -0.00669552 0)
(-0.00730778 -0.00739688 0)
(-0.0189195 -0.00956646 0)
(-0.031383 -0.0129876 0)
(-0.0449163 -0.014566 0)
(-0.0535891 -0.0151316 0)
(-0.00630292 1.78995e-05 0)
(-0.00871325 -0.000511825 0)
(0.00715174 0.00354867 0)
(0.0141225 -0.00190981 0)
(0.0224133 -0.00248829 0)
(0.024093 0.00147345 0)
(0.0241436 -0.00105805 0)
(0.0237003 0.00157245 0)
(0.0215784 0.00119263 0)
(0.0207079 0.000390221 0)
(0.0181798 0.00315555 0)
(0.0156058 0.000816591 0)
(0.0135132 0.0016392 0)
(0.0107363 -0.00122986 0)
(0.00743728 0.00293184 0)
(-0.000933236 0.00411989 0)
(-0.00819357 0.0015249 0)
(-0.0157915 0.000803815 0)
(-0.0289193 0.00286343 0)
(-0.0425097 -0.000304648 0)
(-0.00933176 0.00108883 0)
(-0.00531772 -0.000545922 0)
(0.00407592 -7.22386e-05 0)
(0.00142902 6.02865e-05 0)
(0.000665433 6.25396e-05 0)
(-0.000438532 4.39722e-05 0)
(-0.00125877 2.86759e-05 0)
(-0.00189557 1.52306e-05 0)
(-0.00227701 3.71628e-06 0)
(-0.00237043 -7.89522e-06 0)
(-0.00221846 -1.11599e-05 0)
(-0.00198559 -8.14739e-06 0)
(-0.00175412 -8.11757e-06 0)
(-0.00147787 -1.11958e-05 0)
(-0.00113046 -1.1787e-05 0)
(-0.000862084 4.72332e-07 0)
(-0.000843388 1.88271e-05 0)
(-0.00118055 1.95841e-05 0)
(-0.00140781 -1.48602e-05 0)
(-0.000547222 -4.1935e-05 0)
(-0.0158538 0.00314994 0)
(-0.00659824 -0.00318134 0)
(0.00674981 -0.000901827 0)
(0.00334512 0.000403121 0)
(0.00179122 0.000428119 0)
(-0.000300793 0.000363357 0)
(-0.00214492 0.0002943 0)
(-0.00369673 0.000205713 0)
(-0.00472641 0.000101058 0)
(-0.00509808 -1.09424e-05 0)
(-0.0048678 -7.51434e-05 0)
(-0.004378 -8.68614e-05 0)
(-0.00383917 -9.76106e-05 0)
(-0.00318413 -0.000124181 0)
(-0.00235457 -0.000131757 0)
(-0.00162537 -6.51974e-05 0)
(-0.00131286 6.51071e-05 0)
(-0.0018489 0.000116738 0)
(-0.00234077 -8.9909e-05 0)
(-0.00109021 -0.000201175 0)
(-0.0175017 0.00573366 0)
(-0.00580283 -0.00608241 0)
(0.00588469 -0.00171939 0)
(0.00317545 0.000684766 0)
(0.0020934 0.000860621 0)
(-0.000163279 0.000788486 0)
(-0.00244235 0.000696114 0)
(-0.00448398 0.000517015 0)
(-0.00590639 0.000276622 0)
(-0.00647869 9.79444e-06 0)
(-0.00625399 -0.000157228 0)
(-0.0056638 -0.000203358 0)
(-0.00498419 -0.000236716 0)
(-0.00413656 -0.000301904 0)
(-0.00303414 -0.000329249 0)
(-0.00197827 -0.00020452 0)
(-0.00133557 8.07069e-05 0)
(-0.00182353 0.000235398 0)
(-0.00248447 -0.00013234 0)
(-0.00165899 -0.000346328 0)
(-0.017373 0.00839608 0)
(-0.00565823 -0.00867805 0)
(0.00322072 -0.00233536 0)
(0.00149614 0.000846368 0)
(0.00158958 0.00118602 0)
(-0.000418596 0.00122835 0)
(-0.00270919 0.00115046 0)
(-0.00489441 0.000887415 0)
(-0.0064785 0.000495645 0)
(-0.0071645 4.86741e-05 0)
(-0.00698861 -0.000241465 0)
(-0.00641392 -0.000331926 0)
(-0.00573524 -0.000395125 0)
(-0.00485002 -0.000511249 0)
(-0.00362616 -0.00057535 0)
(-0.00233341 -0.000406052 0)
(-0.00137145 5.10264e-05 0)
(-0.0016958 0.000358636 0)
(-0.00253803 -9.1715e-05 0)
(-0.0026401 -0.000414681 0)
(-0.0166303 0.0109234 0)
(-0.00601175 -0.0108059 0)
(8.40255e-05 -0.00278516 0)
(-0.00061863 0.000836142 0)
(0.000581884 0.00132589 0)
(-0.00108735 0.001627 0)
(-0.00314765 0.00159256 0)
(-0.00525491 0.0012662 0)
(-0.00685076 0.000730379 0)
(-0.00760844 0.000103014 0)
(-0.00753161 -0.000311778 0)
(-0.0070701 -0.000447058 0)
(-0.00650429 -0.000543863 0)
(-0.00568683 -0.000723717 0)
(-0.00441736 -0.000848864 0)
(-0.00290904 -0.000660238 0)
(-0.0016345 -2.97369e-05 0)
(-0.00175972 0.000483898 0)
(-0.00287188 8.03207e-05 0)
(-0.00404261 -0.000373285 0)
(-0.0157073 0.0133077 0)
(-0.00635109 -0.0124991 0)
(-0.00261257 -0.00306059 0)
(-0.0023602 0.00064391 0)
(-0.000667442 0.00134253 0)
(-0.00200135 0.00196263 0)
(-0.00375225 0.00198904 0)
(-0.00567824 0.0016255 0)
(-0.00721874 0.000967315 0)
(-0.00805161 0.000175884 0)
(-0.00813638 -0.000353467 0)
(-0.00787286 -0.000529433 0)
(-0.00749659 -0.000664999 0)
(-0.00678945 -0.000927662 0)
(-0.00546887 -0.00114709 0)
(-0.0037078 -0.000968065 0)
(-0.00211864 -0.000161308 0)
(-0.00206278 0.000623004 0)
(-0.00356439 0.000393426 0)
(-0.00564373 -0.000232466 0)
(-0.0147746 0.0155747 0)
(-0.00646228 -0.0138229 0)
(-0.00444261 -0.00323618 0)
(-0.0035555 0.000316736 0)
(-0.00188033 0.00131684 0)
(-0.00294445 0.0022342 0)
(-0.00442025 0.00233263 0)
(-0.00615481 0.00195719 0)
(-0.00763624 0.00120547 0)
(-0.00857734 0.000275807 0)
(-0.00888866 -0.000352387 0)
(-0.00888829 -0.00056566 0)
(-0.00873329 -0.000752232 0)
(-0.00811125 -0.00112743 0)
(-0.00666801 -0.00148132 0)
(-0.00459114 -0.00133724 0)
(-0.00268876 -0.000339838 0)
(-0.00251104 0.000793947 0)
(-0.00450415 0.000829671 0)
(-0.00721053 -1.80045e-05 0)
(-0.0138993 0.0177249 0)
(-0.0063386 -0.0148742 0)
(-0.00540743 -0.00335754 0)
(-0.0041564 -1.89184e-05 0)
(-0.00280368 0.00128842 0)
(-0.00372167 0.00246136 0)
(-0.00502857 0.00263386 0)
(-0.00662367 0.00226645 0)
(-0.00808198 0.00145166 0)
(-0.00917743 0.000413636 0)
(-0.00977139 -0.000296917 0)
(-0.010069 -0.000549829 0)
(-0.0101156 -0.000811039 0)
(-0.00949821 -0.00133908 0)
(-0.0078345 -0.00186821 0)
(-0.00539358 -0.00177479 0)
(-0.00319048 -0.000558244 0)
(-0.00296339 0.00101338 0)
(-0.00550777 0.00137163 0)
(-0.0085832 0.000240931 0)
(-0.0131033 0.0197495 0)
(-0.00605427 -0.0157488 0)
(-0.00562368 -0.00346887 0)
(-0.00413512 -0.000307502 0)
(-0.00326792 0.00128656 0)
(-0.00419919 0.00267291 0)
(-0.00547882 0.00291341 0)
(-0.0070201 0.00256591 0)
(-0.0085095 0.00171603 0)
(-0.0098055 0.000599554 0)
(-0.0107202 -0.000180246 0)
(-0.0113133 -0.000484897 0)
(-0.0114964 -0.00085641 0)
(-0.0107802 -0.00158272 0)
(-0.00882075 -0.00232047 0)
(-0.00601157 -0.00228201 0)
(-0.00352881 -0.000808488 0)
(-0.00329542 0.00128965 0)
(-0.00640509 0.00200008 0)
(-0.0096768 0.000520786 0)
(-0.0123877 0.0216467 0)
(-0.00569599 -0.0165286 0)
(-0.00526433 -0.00362028 0)
(-0.00353829 -0.000540822 0)
(-0.00322619 0.00133571 0)
(-0.00432153 0.00290121 0)
(-0.00571868 0.00319582 0)
(-0.0073014 0.00287092 0)
(-0.00887748 0.00200878 0)
(-0.0104101 0.0008409 0)
(-0.0116597 -1.48489e-06 0)
(-0.0125101 -0.000381629 0)
(-0.0127399 -0.000907323 0)
(-0.011837 -0.00187391 0)
(-0.00956086 -0.00284069 0)
(-0.00642873 -0.00285356 0)
(-0.00369026 -0.00108657 0)
(-0.00342894 0.00161975 0)
(-0.00707622 0.00270086 0)
(-0.0104596 0.000813029 0)
(-0.0117429 0.0234232 0)
(-0.00533102 -0.0172712 0)
(-0.00455143 -0.00385748 0)
(-0.00253708 -0.000718685 0)
(-0.0027629 0.0014513 0)
(-0.00411147 0.00317358 0)
(-0.00574532 0.00350428 0)
(-0.00745537 0.00319608 0)
(-0.00916328 0.00233786 0)
(-0.0109509 0.00114074 0)
(-0.0125236 0.000233984 0)
(-0.0135694 -0.000255022 0)
(-0.0137584 -0.000980401 0)
(-0.0126216 -0.00221862 0)
(-0.0100623 -0.00342075 0)
(-0.00668621 -0.0034792 0)
(-0.00371994 -0.00139539 0)
(-0.00333849 0.00198934 0)
(-0.00745595 0.00346439 0)
(-0.0109323 0.00111671 0)
(-0.0111549 0.0250895 0)
(-0.005 -0.0180056 0)
(-0.00373507 -0.00420504 0)
(-0.00139534 -0.00085925 0)
(-0.00205978 0.00163367 0)
(-0.00365611 0.0035047 0)
(-0.00559678 0.00385644 0)
(-0.00749693 0.00355274 0)
(-0.00936469 0.00270764 0)
(-0.0114041 0.00149756 0)
(-0.0132661 0.000516584 0)
(-0.0144377 -0.000120033 0)
(-0.0145211 -0.00108597 0)
(-0.0131469 -0.0026135 0)
(-0.0103695 -0.00404576 0)
(-0.00683785 -0.00414597 0)
(-0.00368243 -0.00174286 0)
(-0.00304478 0.00237478 0)
(-0.00752299 0.00428228 0)
(-0.0111116 0.00143457 0)
(-0.0106085 0.0266571 0)
(-0.0047262 -0.0187344 0)
(-0.00305843 -0.00465797 0)
(-0.0003832 -0.000989225 0)
(-0.00133487 0.00186805 0)
(-0.00308328 0.0038929 0)
(-0.0053378 0.00426125 0)
(-0.00745925 0.00394755 0)
(-0.00949558 0.00311835 0)
(-0.0117625 0.00190578 0)
(-0.0138647 0.000835423 0)
(-0.0150996 1.14844e-05 0)
(-0.0150434 -0.00122747 0)
(-0.0134589 -0.0030497 0)
(-0.0105331 -0.0046995 0)
(-0.0069225 -0.00484018 0)
(-0.00363096 -0.00213696 0)
(-0.00260267 0.00274622 0)
(-0.0072859 0.0051441 0)
(-0.0110198 0.00177106 0)
(-0.0100896 0.0281374 0)
(-0.00452767 -0.0194395 0)
(-0.0027127 -0.0051879 0)
(0.000301326 -0.00113364 0)
(-0.000781029 0.00213226 0)
(-0.00253335 0.00432212 0)
(-0.00504488 0.00471765 0)
(-0.00738382 0.00438184 0)
(-0.00957948 0.00356646 0)
(-0.0120327 0.00235673 0)
(-0.0143187 0.0011797 0)
(-0.0155697 0.000132063 0)
(-0.0153677 -0.00140315 0)
(-0.013614 -0.0035169 0)
(-0.0105954 -0.00536854 0)
(-0.00695978 -0.00554918 0)
(-0.00359501 -0.00258166 0)
(-0.00208749 0.00307233 0)
(-0.00677218 0.00603465 0)
(-0.0106781 0.00213064 0)
(-0.00958729 0.0295411 0)
(-0.00442214 -0.0200944 0)
(-0.00278974 -0.00576 0)
(0.000564737 -0.00130854 0)
(-0.000533649 0.00240139 0)
(-0.00213148 0.00476703 0)
(-0.00479281 0.00521508 0)
(-0.00731234 0.00485177 0)
(-0.00964366 0.00404547 0)
(-0.0122317 0.00283997 0)
(-0.0146447 0.00153992 0)
(-0.015882 0.000238368 0)
(-0.0155475 -0.00160813 0)
(-0.0136655 -0.00400597 0)
(-0.0105888 -0.00604415 0)
(-0.00695821 -0.00626286 0)
(-0.00358281 -0.0030752 0)
(-0.00158124 0.0033249 0)
(-0.00602174 0.00693231 0)
(-0.0101049 0.00251586 0)
(-0.00909439 0.0308836 0)
(-0.00442444 -0.0206637 0)
(-0.00326313 -0.00634008 0)
(0.000400499 -0.00151644 0)
(-0.000656816 0.0026469 0)
(-0.00196461 0.00519931 0)
(-0.00464385 0.00573599 0)
(-0.00728118 0.00534922 0)
(-0.00971468 0.0045471 0)
(-0.0123833 0.00334461 0)
(-0.0148705 0.00190837 0)
(-0.0160798 0.000330339 0)
(-0.0156359 -0.00183625 0)
(-0.0136579 -0.00451058 0)
(-0.0105375 -0.00672235 0)
(-0.00692423 -0.00697375 0)
(-0.00359061 -0.00360923 0)
(-0.00115884 0.00348199 0)
(-0.00508435 0.00780886 0)
(-0.00931601 0.00292572 0)
(-0.00861191 0.0321643 0)
(-0.00454209 -0.021085 0)
(-0.004031 -0.00689098 0)
(-0.000152981 -0.00174168 0)
(-0.00113708 0.0028469 0)
(-0.00207138 0.00559369 0)
(-0.00464051 0.00625968 0)
(-0.00731833 0.00586318 0)
(-0.00981575 0.00506245 0)
(-0.012515 0.00386036 0)
(-0.015031 0.00227929 0)
(-0.0162088 0.000409827 0)
(-0.01568 -0.00208279 0)
(-0.0136244 -0.00502881 0)
(-0.0104592 -0.00740213 0)
(-0.00686785 -0.00767598 0)
(-0.00361233 -0.00416888 0)
(-0.000875911 0.00352899 0)
(-0.00401928 0.00863097 0)
(-0.0083282 0.00335478 0)
(-0.00813972 0.0334633 0)
(-0.00477188 -0.0212858 0)
(-0.00499635 -0.00738247 0)
(-0.00102415 -0.0019745 0)
(-0.00190373 0.00299208 0)
(-0.0024472 0.00593277 0)
(-0.0048032 0.00676645 0)
(-0.00744253 0.0063817 0)
(-0.00996586 0.00558314 0)
(-0.0126552 0.00437854 0)
(-0.0151646 0.0026485 0)
(-0.0163133 0.000477953 0)
(-0.0157176 -0.00234774 0)
(-0.013587 -0.0055615 0)
(-0.0103688 -0.00808327 0)
(-0.00680559 -0.0083652 0)
(-0.00364667 -0.00473575 0)
(-0.000761168 0.00346019 0)
(-0.00289636 0.00936348 0)
(-0.00716287 0.00379205 0)
(-0.00777134 0.0345331 0)
(-0.00509614 -0.0213232 0)
(-0.00610656 -0.00782123 0)
(-0.00211076 -0.00222854 0)
(-0.00286514 0.00308122 0)
(-0.00305774 0.00620857 0)
(-0.00513277 0.0072406 0)
(-0.00766502 0.00689378 0)
(-0.0101813 0.00610238 0)
(-0.0128338 0.00489279 0)
(-0.015312 0.00301241 0)
(-0.0164347 0.000533669 0)
(-0.0157764 -0.00263024 0)
(-0.0135614 -0.00610597 0)
(-0.0102887 -0.00876694 0)
(-0.00676484 -0.00904203 0)
(-0.00370243 -0.00529716 0)
(-0.000817729 0.00327911 0)
(-0.00179782 0.00997224 0)
(-0.00585212 0.00422078 0)
(-0.00684697 0.0365904 0)
(-0.0054521 -0.0214967 0)
(-0.00727099 -0.00823571 0)
(-0.00329349 -0.00249554 0)
(-0.00393233 0.00311919 0)
(-0.00385667 0.00642506 0)
(-0.00562284 0.00767523 0)
(-0.00799882 0.00739255 0)
(-0.0104832 0.00661632 0)
(-0.0130861 0.00539937 0)
(-0.0155168 0.00336906 0)
(-0.0166114 0.000584244 0)
(-0.0158807 -0.00290938 0)
(-0.0135796 -0.00665525 0)
(-0.0102769 -0.00945532 0)
(-0.00680385 -0.0097122 0)
(-0.00381446 -0.00585721 0)
(-0.00103377 0.0029866 0)
(-0.000830351 0.0104567 0)
(-0.00444532 0.0046179 0)
(-0.0175136 0.0315771 0)
(-0.00593653 -0.0224553 0)
(-0.00929779 -0.00891379 0)
(-0.00600155 -0.00288723 0)
(-0.00668971 0.00309407 0)
(-0.0062982 0.00678629 0)
(-0.0073768 0.00852242 0)
(-0.00928087 0.00851554 0)
(-0.0116129 0.00786945 0)
(-0.0140575 0.00666064 0)
(-0.0162812 0.00430444 0)
(-0.0172758 0.000792947 0)
(-0.0164872 -0.00357576 0)
(-0.0141349 -0.00802599 0)
(-0.01094 -0.0111368 0)
(-0.00758295 -0.0113501 0)
(-0.00461388 -0.00727252 0)
(-0.00194652 0.00171727 0)
(0.00040719 0.0107558 0)
(-0.000782874 0.00547823 0)
(-0.00794509 0.0175783 0)
(-0.00563586 -0.022438 0)
(-0.0105392 -0.00924239 0)
(-0.00934523 -0.00294486 0)
(-0.00997228 0.00297443 0)
(-0.00976834 0.00709624 0)
(-0.0105262 0.00944765 0)
(-0.0121924 0.0100577 0)
(-0.0145277 0.00977354 0)
(-0.0169231 0.00849294 0)
(-0.0188258 0.00550721 0)
(-0.01938 0.000810829 0)
(-0.0182836 -0.00486167 0)
(-0.0160981 -0.0102023 0)
(-0.0132631 -0.0137028 0)
(-0.0100204 -0.0138823 0)
(-0.00693301 -0.00947877 0)
(-0.00431268 -0.000350364 0)
(-0.000708724 0.00959117 0)
(-0.000656975 0.00544143 0)
(0.00476422 0.016721 0)
(-0.00649261 -0.018789 0)
(-0.00942936 -0.00816257 0)
(-0.0113441 -0.00221691 0)
(-0.0122271 0.00312732 0)
(-0.0127733 0.00754679 0)
(-0.0139143 0.0104462 0)
(-0.0158855 0.0117083 0)
(-0.0184205 0.0117432 0)
(-0.0207304 0.0101369 0)
(-0.0221455 0.00624388 0)
(-0.0223127 0.000414404 0)
(-0.0215992 -0.00607431 0)
(-0.0202764 -0.0119654 0)
(-0.0179833 -0.0160257 0)
(-0.0147087 -0.0164809 0)
(-0.0109548 -0.0118908 0)
(-0.00729612 -0.00258017 0)
(-0.00300041 0.00731587 0)
(-0.000255726 0.00472233 0)
(0.0105888 0.0250555 0)
(-0.00598412 -0.0131343 0)
(-0.00849625 -0.00578911 0)
(-0.0123585 -0.000535183 0)
(-0.0141614 0.00411479 0)
(-0.0156836 0.00863196 0)
(-0.0175122 0.011932 0)
(-0.0198978 0.0136504 0)
(-0.0224418 0.0136761 0)
(-0.024403 0.0114272 0)
(-0.0255108 0.00671017 0)
(-0.0261151 0.000389466 0)
(-0.0264619 -0.00645862 0)
(-0.0259001 -0.0131785 0)
(-0.0239979 -0.0182994 0)
(-0.0206939 -0.0195613 0)
(-0.0159741 -0.0151838 0)
(-0.0104619 -0.00574183 0)
(-0.00499681 0.00378173 0)
(0.000254532 0.00277363 0)
(0.0156078 0.0396322 0)
(-0.00358783 -0.00594862 0)
(-0.00773439 -0.00225053 0)
(-0.0128204 0.00208636 0)
(-0.015708 0.00600965 0)
(-0.0181995 0.0104071 0)
(-0.0206181 0.0138352 0)
(-0.0231512 0.0156306 0)
(-0.0254793 0.0153442 0)
(-0.0273313 0.0125878 0)
(-0.028955 0.00763352 0)
(-0.0304728 0.00116557 0)
(-0.031162 -0.006411 0)
(-0.0304758 -0.0142584 0)
(-0.0286843 -0.0205403 0)
(-0.025706 -0.0230313 0)
(-0.0207453 -0.0196821 0)
(-0.0136411 -0.0106436 0)
(-0.00642805 -0.00107221 0)
(-8.20246e-05 0.000151879 0)
(0.0188138 0.0543252 0)
(-0.000459096 0.0032612 0)
(-0.00672728 0.00228222 0)
(-0.0125744 0.00556041 0)
(-0.0164275 0.0086187 0)
(-0.0195802 0.0126188 0)
(-0.0222878 0.0158573 0)
(-0.0248247 0.0174979 0)
(-0.0272621 0.0170474 0)
(-0.0297736 0.0142772 0)
(-0.0322837 0.00923904 0)
(-0.0338538 0.00203535 0)
(-0.0335956 -0.00671634 0)
(-0.0319404 -0.0154503 0)
(-0.0297107 -0.0224358 0)
(-0.0271398 -0.0260791 0)
(-0.023257 -0.0246 0)
(-0.0164369 -0.0171744 0)
(-0.0076263 -0.00712146 0)
(-8.22366e-05 -0.00265035 0)
(0.0188225 0.0654924 0)
(0.00127907 0.0132281 0)
(-0.00544632 0.00754625 0)
(-0.0117664 0.00961373 0)
(-0.0160627 0.0116285 0)
(-0.0194551 0.0150049 0)
(-0.0222687 0.0179337 0)
(-0.0250525 0.0195638 0)
(-0.028226 0.0193444 0)
(-0.0317586 0.0166653 0)
(-0.0345683 0.0108995 0)
(-0.0352157 0.00218042 0)
(-0.0336273 -0.00790066 0)
(-0.0307489 -0.0172528 0)
(-0.0273449 -0.024328 0)
(-0.0241798 -0.0281926 0)
(-0.0214814 -0.0282122 0)
(-0.0172192 -0.0235721 0)
(-0.00918543 -0.0141563 0)
(0.000357071 -0.00605971 0)
(0.0162939 0.0730784 0)
(0.00103095 0.0218071 0)
(-0.00415662 0.0127838 0)
(-0.0105065 0.0138511 0)
(-0.0147487 0.0147352 0)
(-0.0180799 0.0174497 0)
(-0.0210178 0.020235 0)
(-0.0243656 0.0221967 0)
(-0.0284894 0.0223791 0)
(-0.0326251 0.0193465 0)
(-0.0349664 0.0120581 0)
(-0.0344958 0.00135933 0)
(-0.0320353 -0.0102176 0)
(-0.0284262 -0.0203186 0)
(-0.0238847 -0.027495 0)
(-0.019013 -0.0306709 0)
(-0.0155815 -0.0300599 0)
(-0.0139381 -0.0275435 0)
(-0.00972215 -0.0208938 0)
(0.000591149 -0.0106554 0)
(0.0124168 0.0784479 0)
(-0.000585221 0.0281277 0)
(-0.00329662 0.0173308 0)
(-0.00900607 0.0178922 0)
(-0.0128663 0.0177017 0)
(-0.015962 0.0199135 0)
(-0.0190209 0.022853 0)
(-0.0228506 0.0253682 0)
(-0.0273913 0.0257391 0)
(-0.0311726 0.0217012 0)
(-0.0323511 0.0123662 0)
(-0.0307595 -0.000290216 0)
(-0.0277495 -0.0130946 0)
(-0.0241254 -0.0240184 0)
(-0.01959 -0.0319358 0)
(-0.0138554 -0.0350603 0)
(-0.00848918 -0.0321788 0)
(-0.00678214 -0.0285035 0)
(-0.00740181 -0.0251423 0)
(0.000597085 -0.0154783 0)
(0.0083267 0.082542 0)
(-0.0025011 0.0323833 0)
(-0.00325341 0.020634 0)
(-0.0074233 0.021417 0)
(-0.0107714 0.0203373 0)
(-0.0134251 0.022291 0)
(-0.0163195 0.0255748 0)
(-0.0199648 0.0285541 0)
(-0.023837 0.0286509 0)
(-0.0261835 0.0231123 0)
(-0.025563 0.0116665 0)
(-0.0226549 -0.00245787 0)
(-0.0192617 -0.0157713 0)
(-0.0160093 -0.0270493 0)
(-0.0123801 -0.0358374 0)
(-0.00752302 -0.0400514 0)
(-0.00214936 -0.0360352 0)
(0.00120651 -0.0282402 0)
(-0.00191174 -0.0258783 0)
(0.000653279 -0.0187165 0)
(0.00515862 0.0855287 0)
(-0.00358935 0.0355951 0)
(-0.00424481 0.0223909 0)
(-0.00586342 0.0241248 0)
(-0.00864015 0.0224615 0)
(-0.0104823 0.0243065 0)
(-0.0126177 0.0278545 0)
(-0.0150779 0.0309273 0)
(-0.0171748 0.030286 0)
(-0.0174037 0.0231139 0)
(-0.0148956 0.00993365 0)
(-0.0109252 -0.00503323 0)
(-0.00743846 -0.0182554 0)
(-0.0047909 -0.0292685 0)
(-0.00204777 -0.0384461 0)
(0.00153199 -0.0435099 0)
(0.00493233 -0.039726 0)
(0.00727804 -0.0286165 0)
(0.0046133 -0.0234152 0)
(0.000965273 -0.0189628 0)
(0.00395523 0.0872661 0)
(-0.00313998 0.0392657 0)
(-0.00629217 0.0226378 0)
(-0.00433974 0.02562 0)
(-0.00645996 0.0238557 0)
(-0.00701218 0.0255414 0)
(-0.00769007 0.0290162 0)
(-0.00809088 0.0317261 0)
(-0.00771475 0.0301899 0)
(-0.00566039 0.0217193 0)
(-0.00170817 0.00743979 0)
(0.00268621 -0.00768042 0)
(0.00568976 -0.020483 0)
(0.00735378 -0.0310045 0)
(0.00954149 -0.0402897 0)
(0.0121993 -0.0454249 0)
(0.013397 -0.0414513 0)
(0.0125736 -0.02838 0)
(0.00962997 -0.0190864 0)
(8.40145e-05 -0.0154662 0)
(0.00550217 0.0877913 0)
(-0.000726097 0.0448504 0)
(-0.00884873 0.0219787 0)
(-0.00288956 0.0254569 0)
(-0.00401015 0.0243625 0)
(-0.00306179 0.0255036 0)
(-0.0017953 0.0285253 0)
(0.000387091 0.0306131 0)
(0.00349591 0.028267 0)
(0.00768584 0.0190753 0)
(0.0124852 0.00473268 0)
(0.0166846 -0.0100218 0)
(0.0184835 -0.0221095 0)
(0.0190405 -0.0321651 0)
(0.0209214 -0.0415371 0)
(0.0227453 -0.04633 0)
(0.0216626 -0.0410424 0)
(0.0174725 -0.0261485 0)
(0.01312 -0.0138166 0)
(0.00250164 -0.0108514 0)
(0.0093473 0.0863814 0)
(0.0043495 0.0535519 0)
(-0.0099015 0.0220014 0)
(-0.0026119 0.0228548 0)
(-0.000972203 0.0238746 0)
(0.00145219 0.0240793 0)
(0.00462732 0.0261037 0)
(0.00918353 0.0272852 0)
(0.0147382 0.0243021 0)
(0.020649 0.0151883 0)
(0.0259606 0.00168279 0)
(0.0293535 -0.0118125 0)
(0.0294579 -0.0227673 0)
(0.029482 -0.032868 0)
(0.0315108 -0.042486 0)
(0.0319502 -0.0459648 0)
(0.0278149 -0.0383387 0)
(0.0203049 -0.0216132 0)
(0.0138669 -0.00763254 0)
(0.00193487 -0.00579607 0)
(0.0131534 0.0811211 0)
(0.0113565 0.0640087 0)
(-0.00615376 0.0258905 0)
(-0.0046797 0.0180676 0)
(0.00163376 0.0213848 0)
(0.00630329 0.0216157 0)
(0.0114344 0.0223865 0)
(0.0177105 0.0223018 0)
(0.024801 0.0188627 0)
(0.0315859 0.0105499 0)
(0.0369456 -0.00105591 0)
(0.0385801 -0.0123798 0)
(0.0376871 -0.0227171 0)
(0.0387809 -0.0338018 0)
(0.0406904 -0.0429921 0)
(0.0381389 -0.0436353 0)
(0.0299528 -0.0329436 0)
(0.0196527 -0.0148789 0)
(0.0123087 -0.000970562 0)
(0.00125409 -0.000142982 0)
(0.0141558 0.0718593 0)
(0.0177282 0.0714201 0)
(0.00344364 0.0346701 0)
(-0.00393105 0.014538 0)
(0.00171897 0.0151822 0)
(0.00884993 0.0162135 0)
(0.0163477 0.0169128 0)
(0.0241957 0.016278 0)
(0.0320041 0.0129258 0)
(0.0388308 0.00596592 0)
(0.0426552 -0.00291567 0)
(0.0433706 -0.0125782 0)
(0.0447707 -0.0237169 0)
(0.047637 -0.0352373 0)
(0.0468537 -0.0416736 0)
(0.038901 -0.0379869 0)
(0.0263349 -0.0245243 0)
(0.0146887 -0.00667044 0)
(0.00825552 0.00477825 0)
(0.00306051 0.00350382 0)
(0.00970956 0.0611022 0)
(0.0205218 0.0727083 0)
(0.0155834 0.0444965 0)
(0.0077638 0.0189244 0)
(0.00640781 0.0105856 0)
(0.011207 0.00956302 0)
(0.0184801 0.0098408 0)
(0.0265744 0.009136 0)
(0.0342855 0.00675703 0)
(0.0403064 0.00197687 0)
(0.0449259 -0.00526809 0)
(0.049809 -0.0151332 0)
(0.0543269 -0.0263122 0)
(0.0544255 -0.0347731 0)
(0.0463715 -0.0358932 0)
(0.0318507 -0.0279618 0)
(0.0166369 -0.0136012 0)
(0.00608322 0.00152072 0)
(0.0032184 0.00791041 0)
(0.00239591 0.00472077 0)
(-0.00198478 0.0480375 0)
(0.0170659 0.0638091 0)
(0.0250399 0.0455796 0)
(0.0269508 0.0230409 0)
(0.0270746 0.0101083 0)
(0.0287298 0.00442563 0)
(0.0325954 0.00305793 0)
(0.0383426 0.00217636 0)
(0.0454966 0.000742577 0)
(0.0529999 -0.00342518 0)
(0.0597364 -0.0102685 0)
(0.063821 -0.0187605 0)
(0.0620452 -0.0259853 0)
(0.0521777 -0.0283586 0)
(0.0351446 -0.024283 0)
(0.0172318 -0.0147149 0)
(0.00388492 -0.00288037 0)
(-0.00158489 0.00557062 0)
(-4.00535e-05 0.00716779 0)
(0.00167428 0.00421977 0)
(-0.0215906 0.0385402 0)
(0.00508272 0.0529459 0)
(0.026363 0.0417455 0)
(0.041802 0.025889 0)
(0.050822 0.0154315 0)
(0.05673 0.00575576 0)
(0.0621503 0.00217281 0)
(0.0676003 -0.00233816 0)
(0.0726773 -0.00430158 0)
(0.0747274 -0.00825736 0)
(0.0730228 -0.0125694 0)
(0.0657788 -0.0164328 0)
(0.0523782 -0.0176928 0)
(0.0340856 -0.0148478 0)
(0.0146053 -0.00948996 0)
(0.0011193 -0.00274726 0)
(-0.00422795 0.00281062 0)
(-0.00435177 0.00500439 0)
(-0.00151249 0.00523056 0)
(0.00165658 0.00380831 0)
(-0.0391183 0.00714149 0)
(-0.0152858 0.00973983 0)
(0.0163426 0.00278309 0)
(0.0425839 -0.000785533 0)
(0.0536866 0.00127417 0)
(0.0597651 -0.00516859 0)
(0.0609699 -0.00182051 0)
(0.0630681 -0.00652959 0)
(0.0618653 -0.00123687 0)
(0.0549259 -0.000732225 0)
(0.0457289 -3.88296e-05 0)
(0.034656 -0.000282981 0)
(0.0221219 -2.39829e-05 0)
(0.00791252 0.00310136 0)
(-0.00183699 0.00114908 0)
(-0.00502219 0.000308098 0)
(-0.00613396 0.00334006 0)
(-0.00500152 0.00183161 0)
(-0.00277799 0.000813924 0)
(0.000894829 0.00142645 0)
)
;

boundaryField
{
    left_open
    {
        type            pressureInletOutletVelocity;
        value           nonuniform List<vector> 
40
(
(-0.00491495 -7.89062e-06 0)
(-0.0119929 -0.000104688 0)
(-0.0167294 -0.000282934 0)
(-0.0196038 -0.000515774 0)
(-0.0210815 -0.00076377 0)
(-0.0215284 -0.000994285 0)
(-0.0211928 -0.00118276 0)
(-0.0202381 -0.00131319 0)
(-0.0187848 -0.00137862 0)
(-0.0169386 -0.00138085 0)
(-0.0148 -0.001329 0)
(-0.0124617 -0.00123707 0)
(-0.0100001 -0.00112057 0)
(-0.00746909 -0.000993743 0)
(-0.00490244 -0.000868673 0)
(-0.00232291 -0.000754343 0)
(0.000295925 0 0)
(0.00293624 0 0)
(0.00552587 0 0)
(0.00805654 0 0)
(0.0139853 0 0)
(0.0197466 0 0)
(0.0185121 0 0)
(0.0139349 0 0)
(0.00684354 0 0)
(0.000963166 0 0)
(0.00158513 0 0)
(0.00155251 0 0)
(0.000897346 0 0)
(0.000267182 0 0)
(0.00135103 0 0)
(0.00214484 0 0)
(0.00310769 0 0)
(0.0003923 0.0010318 0)
(-0.00153276 0.00034075 0)
(-0.000595965 0 0)
(-0.0024459 -0.00342003 0)
(0.00177837 0 0)
(-0.00175475 -0.00441144 0)
(-0.00630292 1.78995e-05 0)
)
;
    }
    right_open
    {
        type            pressureInletOutletVelocity;
        value           nonuniform List<vector> 
40
(
(-0.000547222 0 0)
(-0.00109021 0 0)
(-0.00165899 0 0)
(-0.0026401 0 0)
(-0.00404261 0 0)
(-0.00564373 0 0)
(-0.00721053 0 0)
(-0.0085832 0 0)
(-0.0096768 0 0)
(-0.0104596 0 0)
(-0.0109323 0 0)
(-0.0111116 0 0)
(-0.0110198 0 0)
(-0.0106781 0 0)
(-0.0101049 0 0)
(-0.00931601 0 0)
(-0.0083282 0 0)
(-0.00716287 0 0)
(-0.00585212 0 0)
(-0.00444532 0 0)
(-0.000782874 0 0)
(-0.000656975 0 0)
(-0.000255726 0 0)
(0.000254532 0.00277363 0)
(-8.20246e-05 0 0)
(-8.22366e-05 0 0)
(0.000357071 -0.00605971 0)
(0.000591149 -0.0106554 0)
(0.000597085 -0.0154783 0)
(0.000653279 -0.0187165 0)
(0.000965273 -0.0189628 0)
(8.40145e-05 0 0)
(0.00250164 -0.0108514 0)
(0.00193487 -0.00579607 0)
(0.00125409 -0.000142982 0)
(0.00306051 0.00350382 0)
(0.00239591 0.00472077 0)
(0.00167428 0.00421977 0)
(0.00165658 0.00380831 0)
(0.000894829 0.00142645 0)
)
;
    }
    base_side
    {
        type            noSlip;
    }
    top
    {
        type            pressureInletOutletVelocity;
        value           nonuniform List<vector> 
65
(
(0 1.78995e-05 0)
(0 -0.000511825 0)
(0.00715174 0.00354867 0)
(0 -0.00190981 0)
(0 -0.00248829 0)
(0.024093 0.00147345 0)
(0 -0.00105805 0)
(0.0237003 0.00157245 0)
(0.0215784 0.00119263 0)
(0 0.000390221 0)
(0.0181798 0.00315555 0)
(0 0.000816591 0)
(0.0135132 0.0016392 0)
(0 -0.00122986 0)
(0.00743728 0.00293184 0)
(-0.000933236 0.00411989 0)
(-0.00819357 0.0015249 0)
(-0.0157915 0.000803815 0)
(-0.0289193 0.00286343 0)
(0 -0.000304648 0)
(-0.0478066 -0.000326431 0)
(-0.0503886 -0.000669774 0)
(-0.0526218 -0.00197542 0)
(0 -0.00450751 0)
(0 -0.00507119 0)
(0 -0.00422994 0)
(-0.0560808 -0.0021219 0)
(0 -0.00613442 0)
(0 -0.00542422 0)
(0 -0.00231794 0)
(-0.0578747 -0.00185837 0)
(0 -0.00124667 0)
(-0.0586793 -0.000801837 0)
(-0.058844 -0.000264319 0)
(0 -0.00299602 0)
(0 -0.00646874 0)
(0 -0.00342282 0)
(0 -0.00419843 0)
(0 -0.00382727 0)
(0 -0.00786208 0)
(0 -0.00603411 0)
(-0.0553709 -8.04296e-05 0)
(-0.0549592 -0.000622835 0)
(0 -0.00355623 0)
(-0.0499145 0.00286097 0)
(-0.0391183 0.00714149 0)
(-0.0152858 0.00973983 0)
(0.0163426 0.00278309 0)
(0 -0.000785533 0)
(0.0536866 0.00127417 0)
(0 -0.00516859 0)
(0.0609699 -0.00182051 0)
(0 -0.00652959 0)
(0.0618653 -0.00123687 0)
(0.0549259 -0.000732225 0)
(0.0457289 -3.88296e-05 0)
(0 -0.000282981 0)
(0.0221219 -2.39829e-05 0)
(0.00791252 0.00310136 0)
(-0.00183699 0.00114908 0)
(-0.00502219 0.000308098 0)
(-0.00613396 0.00334006 0)
(-0.00500152 0.00183161 0)
(-0.00277799 0.000813924 0)
(0.000894829 0.00142645 0)
)
;
    }
    front
    {
        type            empty;
    }
    back
    {
        type            empty;
    }
    air_to_aluminum
    {
        type            noSlip;
    }
}


// ************************************************************************* //
