/*--------------------------------*- C++ -*----------------------------------*\
| =========                 |                                                 |
| \\      /  F ield         | OpenFOAM: The Open Source CFD Toolbox           |
|  \\    /   O peration     | Version:                                        |
|   \\  /    A nd           | Website:  www.openfoam.com                      |
|    \\/     M anipulation  |                                                 |
\*---------------------------------------------------------------------------*/
FoamFile
{
    version     2.0;
    format      ascii;
    class       volScalarField;
    location    "960/air";
    object      rho;
}
// * * * * * * * * * * * * * * * * * * * * * * * * * * * * * * * * * * * * * //

dimensions      [1 -3 0 0 0 0 0];


internalField   nonuniform List<scalar> 
726
(
1.20366
1.20404
1.20411
1.20417
1.20423
1.20429
1.20431
1.20431
1.20768
1.17721
1.17701
1.2068
1.20431
1.20431
1.2043
1.20424
1.20417
1.20411
1.204
1.20364
1.20358
1.20399
1.20408
1.20414
1.20421
1.20428
1.20431
1.20429
1.21008
1.15723
1.20349
1.20395
1.20405
1.20411
1.20419
1.20427
1.2043
1.20427
1.21316
1.13818
1.20338
1.20389
1.20401
1.20407
1.20416
1.20425
1.2043
1.20423
1.21656
1.1213
1.20327
1.20382
1.20396
1.20402
1.20412
1.20422
1.20429
1.20418
1.2198
1.10641
1.20314
1.20375
1.20392
1.20397
1.20407
1.20419
1.20427
1.20413
1.22234
1.09314
1.203
1.20366
1.20386
1.20392
1.20402
1.20414
1.20425
1.20406
1.22368
1.08116
1.20283
1.20356
1.20381
1.20385
1.20395
1.20408
1.20422
1.20396
1.2235
1.07108
0.341769
0.341934
0.341885
0.341625
0.342278
0.343025
0.342946
0.342076
0.343059
0.344785
0.34465
0.342783
0.344505
0.348067
0.347771
0.344057
0.347451
0.354555
0.353735
0.346481
0.354019
0.367863
0.365236
0.351285
0.370871
0.395951
0.387037
0.361683
0.341568
0.341749
0.341796
0.34171
0.341879
0.342468
0.342545
0.342078
0.342345
0.343582
0.343714
0.342619
0.343155
0.345556
0.345839
0.343607
0.344647
0.349195
0.349946
0.345652
0.347513
0.355883
0.358112
0.350429
0.353565
0.367662
0.374368
0.363515
1.15687
1.20879
1.20429
1.20431
1.20429
1.20422
1.20414
1.20408
1.20395
1.20357
1.13761
1.21141
1.20427
1.20431
1.20427
1.20419
1.20411
1.20404
1.2039
1.20349
1.12048
1.21437
1.20424
1.2043
1.20426
1.20416
1.20407
1.204
1.20383
1.20342
1.10531
1.21728
1.20421
1.20429
1.20423
1.20413
1.20403
1.20395
1.20376
1.20334
1.09168
1.21965
1.20417
1.20428
1.2042
1.20408
1.20397
1.2039
1.20367
1.20325
1.07927
1.22103
1.20414
1.20426
1.20416
1.20403
1.20391
1.20384
1.20358
1.20316
1.06907
1.22106
1.2041
1.20423
1.2041
1.20396
1.20385
1.20377
1.20346
1.20307
1.20165
1.2029
1.20346
1.20346
1.20352
1.20368
1.204
1.20317
1.21427
1.12903
1.19889
1.19972
1.20188
1.20229
1.20184
1.20159
1.20197
1.20225
1.20031
1.17719
1.19507
1.19415
1.19823
1.20029
1.19969
1.19864
1.19815
1.19816
1.19549
1.19638
1.19035
1.18566
1.19159
1.19629
1.197
1.19569
1.19431
1.19398
1.193
1.19523
1.18452
1.17468
1.18142
1.18851
1.19134
1.19098
1.18963
1.18922
1.18835
1.18978
1.17816
1.16318
1.16926
1.17628
1.17944
1.17988
1.17986
1.1807
1.1804
1.18509
1.17381
1.15356
1.15732
1.15958
1.1598
1.16006
1.16214
1.16601
1.16889
1.17328
1.16702
1.14842
1.14775
1.14416
1.14201
1.14342
1.14798
1.15396
1.15833
1.16232
1.16174
1.1492
1.146
1.14211
1.14233
1.1452
1.14895
1.15242
1.14988
1.1331
1.17745
1.17084
1.17229
1.17076
1.17203
1.1714
1.16634
1.15653
1.14124
1.10647
0.941364
1.504
1.22675
1.19411
1.18528
1.1865
1.17332
1.15125
1.11659
1.08697
0.905402
0.856608
0.748868
0.607582
1.49537
1.42384
1.22325
0.927416
1.22501
1.20583
1.14475
0.981863
1.18386
1.15239
1.0965
1.01016
1.17999
1.16546
1.13592
1.09131
1.18592
1.18406
1.17922
1.16856
1.17315
1.17294
1.17168
1.16582
1.14806
1.14275
1.1334
1.11898
1.11121
1.10401
1.09504
1.0855
1.08358
1.07925
1.07622
1.07398
0.50721
0.726491
0.862819
0.947947
1.04853
1.14979
1.15002
1.10197
1.07794
1.07266
0.46703
0.496048
0.579269
0.689646
0.660024
0.758116
0.982698
1.24015
0.882272
1.06128
1.25324
1.31311
0.974785
1.10658
1.21596
1.23662
1.02785
1.0451
1.08384
1.12283
1.12077
1.08781
1.06844
1.06892
1.12104
1.08288
1.05672
1.05194
1.08607
1.07663
1.08158
1.10132
1.07519
1.08028
1.09376
1.11188
1.07332
1.07628
1.08046
1.08506
0.801775
1.37478
1.2889
1.22316
1.14802
1.08066
1.06263
1.12667
1.12679
1.08944
1.15282
1.21284
1.20374
1.20399
1.20366
1.20352
1.20344
1.20336
1.20277
1.20247
1.18827
1.20123
1.20258
1.20181
1.20146
1.20182
1.20208
1.20149
1.20007
1.19994
1.19099
1.19623
1.19869
1.19778
1.19835
1.19952
1.19959
1.19749
1.19462
1.19594
1.19614
1.19092
1.19314
1.19368
1.19524
1.19639
1.19495
1.19023
1.18581
1.19097
1.17675
1.18617
1.18806
1.18925
1.19077
1.19083
1.1872
1.17981
1.17484
1.1844
1.14663
1.18102
1.18087
1.18121
1.18166
1.18077
1.17613
1.16765
1.16226
1.17645
1.162
1.17124
1.16883
1.1662
1.16525
1.16453
1.16115
1.15462
1.14941
1.16673
1.17763
1.16138
1.15775
1.15329
1.15269
1.15146
1.14886
1.14615
1.14349
1.16139
1.15556
1.1493
1.13943
1.13779
1.14548
1.15288
1.15428
1.15224
1.14992
1.15858
1.10922
1.12734
1.14343
1.15126
1.16257
1.16457
1.16579
1.16794
1.16961
1.17328
1.20432
1.20432
1.20432
1.20432
1.20432
1.20432
1.20432
1.20432
1.20432
1.20432
1.20432
1.20432
1.20432
1.20432
1.20432
1.20432
1.20432
1.20432
1.20432
1.20432
1.20432
1.20432
1.20432
1.20432
1.20432
1.20432
1.20432
1.20432
1.20432
1.20432
1.20432
1.20432
1.20432
1.20432
1.20432
1.20432
1.20432
1.20432
1.20432
1.20432
1.20431
1.20432
1.20432
1.20432
1.20432
1.20432
1.20432
1.20432
1.20432
1.20432
1.2043
1.20431
1.20432
1.20432
1.20432
1.20432
1.20432
1.20432
1.20432
1.20432
1.20427
1.2043
1.20431
1.20431
1.20432
1.20432
1.20432
1.20432
1.20432
1.20432
1.20422
1.20427
1.20429
1.20431
1.20431
1.20432
1.20432
1.20432
1.20432
1.20439
1.2041
1.20423
1.20426
1.20429
1.2043
1.20432
1.20432
1.20432
1.20433
1.2035
1.20388
1.20414
1.20419
1.20424
1.20428
1.20431
1.20432
1.20432
1.20419
1.21192
1.20432
1.20432
1.20432
1.20432
1.20432
1.20432
1.20432
1.20432
1.20432
1.20432
1.20432
1.20432
1.20432
1.20432
1.20432
1.20432
1.20432
1.20432
1.20432
1.20432
1.20432
1.20432
1.20432
1.20432
1.20432
1.20432
1.20432
1.20432
1.20432
1.20432
1.20432
1.20432
1.20432
1.20432
1.20432
1.20432
1.20432
1.20432
1.20432
1.20432
1.20432
1.20432
1.20432
1.20432
1.20432
1.20432
1.20432
1.20432
1.20432
1.20431
1.20432
1.20432
1.20432
1.20432
1.20432
1.20432
1.20432
1.20432
1.20431
1.2043
1.20432
1.20432
1.20432
1.20432
1.20432
1.20432
1.20432
1.20431
1.2043
1.20427
1.20439
1.20432
1.20432
1.20432
1.20432
1.20432
1.20431
1.20429
1.20427
1.20421
1.20347
1.20433
1.20432
1.20432
1.20432
1.20431
1.20429
1.20426
1.20422
1.20409
1.21189
1.20412
1.20432
1.20432
1.20431
1.20428
1.20424
1.20419
1.20412
1.20385
)
;

boundaryField
{
    left_open
    {
        type            calculated;
        value           nonuniform List<scalar> 
28
(
1.20432
1.20432
1.20432
1.20432
1.20431
1.2043
1.20427
1.20422
1.2041
1.20388
1.20366
1.20358
1.20349
1.20339
1.20328
1.20315
1.20301
1.20285
1.20167
1.20431
1.20431
1.20431
1.18483
1.17857
1.20431
1.16864
1.2043
1.17636
)
;
    }
    right_open
    {
        type            calculated;
        value           nonuniform List<scalar> 
28
(
1.20432
1.20432
1.20432
1.20432
1.20432
1.2043
1.20427
1.20421
1.20409
1.20385
1.20364
1.20356
1.20349
1.20341
1.20333
1.20325
1.20316
1.20307
1.20249
1.20004
1.19604
1.19127
1.20431
1.20431
1.16766
1.2043
1.1597
1.17377
)
;
    }
    lower_side
    {
        type            calculated;
        value           nonuniform List<scalar> 
20
(
1.20432
1.20432
1.20432
1.20432
1.20432
1.20432
1.20432
1.20439
1.2035
1.21192
1.20432
1.20432
1.20432
1.20432
1.20432
1.20432
1.20432
1.20439
1.20347
1.21189
)
;
    }
    bottom
    {
        type            calculated;
        value           uniform 1.20432;
    }
    top
    {
        type            calculated;
        value           nonuniform List<scalar> 
31
(
1.2043
1.17114
1.2043
1.17069
1.17218
1.17252
1.2043
1.15964
1.2043
1.11508
1.09141
1.2043
1.08085
1.07731
1.2043
1.07148
1.07116
1.07308
1.0768
1.08173
1.0871
1.2043
1.13063
1.2043
1.15201
1.2043
1.16469
1.16622
1.16858
1.17018
1.2043
)
;
    }
    front
    {
        type            empty;
    }
    back
    {
        type            empty;
    }
    air_to_aluminum
    {
        type            calculated;
        value           nonuniform List<scalar> 
55
(
0.341601
0.341528
0.341475
0.341442
0.341428
0.341427
0.341441
0.341474
0.341526
0.341598
0.341675
0.34174
0.341797
0.341846
0.341887
0.341919
0.341939
0.341671
0.341736
0.341794
0.341843
0.341884
0.341917
0.341939
0.341939
0.341459
0.341484
0.341508
0.34153
0.34155
0.341567
0.34158
0.341459
0.341484
0.341507
0.341529
0.341549
0.341566
0.341579
0.341579
0.341667
0.341731
0.341788
0.341836
0.341875
0.341905
0.341926
0.341671
0.341735
0.341791
0.341839
0.341878
0.341908
0.341927
0.341926
)
;
    }
}


// ************************************************************************* //
