/*--------------------------------*- C++ -*----------------------------------*\
| =========                 |                                                 |
| \\      /  F ield         | OpenFOAM: The Open Source CFD Toolbox           |
|  \\    /   O peration     | Version:                                        |
|   \\  /    A nd           | Website:  www.openfoam.com                      |
|    \\/     M anipulation  |                                                 |
\*---------------------------------------------------------------------------*/
FoamFile
{
    version     2.0;
    format      ascii;
    class       volScalarField;
    location    "1880.0/air";
    object      rho;
}
// * * * * * * * * * * * * * * * * * * * * * * * * * * * * * * * * * * * * * //

dimensions      [1 -3 0 0 0 0 0];


internalField   nonuniform List<scalar> 
2228
(
1.14987
1.14963
1.14943
1.14925
1.15011
1.14988
1.14964
1.14941
1.15028
1.15005
1.14979
1.14953
1.1504
1.15018
1.14991
1.14964
1.15051
1.15029
1.15002
1.14974
1.15061
1.1504
1.15012
1.14984
1.15071
1.1505
1.15023
1.14993
1.1508
1.15062
1.15034
1.15002
1.15091
1.15078
1.15049
1.15011
1.15105
1.15103
1.1507
1.15022
1.15125
1.15145
1.15105
1.15038
1.15156
1.15218
1.15165
1.1506
1.15203
1.15338
1.15264
1.15093
1.15274
1.15516
1.15419
1.15139
1.15367
1.15765
1.15666
1.15221
1.15537
1.16114
1.16071
1.15446
1.14925
1.14942
1.14963
1.14987
1.14941
1.14964
1.14988
1.15011
1.14953
1.14979
1.15005
1.15027
1.14964
1.14991
1.15018
1.1504
1.14974
1.15002
1.15029
1.15051
1.14984
1.15013
1.1504
1.15061
1.14993
1.15024
1.15052
1.15072
1.15003
1.15039
1.15069
1.15083
1.15016
1.15064
1.15098
1.15099
1.15034
1.15103
1.15143
1.1512
1.15058
1.15163
1.15209
1.15149
1.1509
1.15244
1.15294
1.15181
1.15129
1.15348
1.15414
1.15221
1.15176
1.15498
1.15629
1.15289
1.15228
1.15715
1.16019
1.15461
1.15324
1.1599
1.16618
1.16005
1.1915
1.18748
1.18335
1.17957
1.20442
1.20515
1.20488
1.20398
1.20461
1.2052
1.2058
1.20627
1.20433
1.20436
1.20443
1.20454
1.20431
1.2043
1.20429
1.20429
1.20428
1.20428
1.20428
1.20428
1.20423
1.20423
1.20423
1.20422
1.20405
1.20403
1.20402
1.20401
1.20357
1.20355
1.20354
1.20353
1.20304
1.20302
1.203
1.20299
1.20266
1.20261
1.20257
1.20253
1.20222
1.20212
1.20202
1.2019
1.20157
1.20137
1.20114
1.2009
1.20067
1.20037
1.20006
1.19978
1.19989
1.19977
1.19983
1.19984
1.20016
1.20032
1.20038
1.20038
1.20054
1.20075
1.20088
1.201
1.20038
1.20064
1.20083
1.20101
1.19993
1.20004
1.20015
1.20026
1.20063
1.20057
1.20051
1.20048
1.17634
1.17513
1.17506
1.17457
1.20238
1.20075
1.19954
1.19887
1.20654
1.20661
1.20655
1.20646
1.20468
1.20483
1.20499
1.20513
1.20428
1.20429
1.2043
1.20432
1.20427
1.20427
1.20426
1.20425
1.20422
1.20422
1.20421
1.20421
1.20401
1.204
1.204
1.204
1.20353
1.20354
1.20355
1.20357
1.20299
1.203
1.20301
1.20304
1.20249
1.20246
1.20245
1.20246
1.20179
1.20169
1.20162
1.20158
1.20068
1.20047
1.20032
1.20026
1.19962
1.19955
1.19952
1.19955
1.19974
1.19965
1.19964
1.19977
1.20037
1.2004
1.20054
1.2008
1.20111
1.20125
1.20142
1.20161
1.20117
1.20131
1.20141
1.20148
1.20036
1.20044
1.2005
1.20054
1.20046
1.20042
1.20039
1.20037
1.17437
1.17448
1.17484
1.1987
1.19871
1.19881
1.2064
1.20637
1.20635
1.20523
1.2053
1.20536
1.20435
1.20437
1.20439
1.20424
1.20424
1.20423
1.2042
1.2042
1.2042
1.204
1.20401
1.20401
1.20359
1.2036
1.20362
1.20307
1.2031
1.20313
1.20247
1.2025
1.20253
1.20158
1.2016
1.20163
1.2003
1.20038
1.2005
1.19966
1.1998
1.2
1.19999
1.20023
1.20051
1.20108
1.20132
1.20157
1.20176
1.20184
1.20189
1.20149
1.20147
1.20143
1.20054
1.20053
1.20052
1.20038
1.20038
1.20037
1.17521
1.17544
1.17568
1.19892
1.19899
1.19906
1.20633
1.20633
1.20632
1.2054
1.20542
1.20544
1.20441
1.20442
1.20443
1.20423
1.20423
1.20423
1.20419
1.20419
1.20419
1.20401
1.20401
1.20401
1.20363
1.20364
1.20365
1.20315
1.20316
1.20318
1.20256
1.20258
1.20259
1.20167
1.20169
1.20171
1.2006
1.20065
1.20071
1.20016
1.20025
1.20034
1.20074
1.20086
1.20098
1.20173
1.20181
1.20189
1.2019
1.2019
1.20189
1.2014
1.20137
1.20135
1.20051
1.2005
1.2005
1.20037
1.20036
1.20036
1.17615
1.1768
1.17708
1.19923
1.19952
1.19986
1.20632
1.20632
1.20632
1.20548
1.20553
1.20558
1.20445
1.20449
1.20453
1.20423
1.20423
1.20423
1.20418
1.20418
1.20417
1.20401
1.20402
1.20402
1.20366
1.20368
1.2037
1.2032
1.20324
1.20329
1.20263
1.20269
1.20276
1.20176
1.20185
1.20197
1.20083
1.20103
1.20125
1.20053
1.20084
1.20119
1.20122
1.20159
1.20193
1.202
1.20212
1.20216
1.20185
1.20176
1.20165
1.2013
1.20124
1.2012
1.20049
1.20049
1.2005
1.20035
1.20035
1.20037
1.17554
1.17751
1.18222
1.18515
1.2003
1.20108
1.20218
1.20344
1.20635
1.20638
1.20643
1.20652
1.20566
1.20578
1.20594
1.20612
1.2046
1.20473
1.20489
1.20511
1.20424
1.20428
1.20436
1.20448
1.20416
1.20416
1.20416
1.2042
1.20402
1.20402
1.20402
1.20403
1.20373
1.20377
1.2038
1.20383
1.20335
1.20344
1.20352
1.2036
1.20286
1.203
1.20315
1.2033
1.20215
1.20242
1.20269
1.20296
1.20158
1.20203
1.20251
1.20299
1.20169
1.20233
1.20278
1.20274
1.20229
1.20248
1.20223
1.2016
1.20206
1.20176
1.20133
1.20097
1.20148
1.20129
1.20122
1.2013
1.20119
1.20127
1.20144
1.20166
1.20055
1.20065
1.20078
1.2009
1.20039
1.20053
1.20048
1.20055
1.1835
1.17525
1.16457
1.17211
1.20398
1.19866
1.18353
1.18066
1.20671
1.20553
1.19648
1.18699
1.2064
1.20671
1.20394
1.19521
1.20537
1.20578
1.20606
1.2021
1.20467
1.20493
1.20538
1.20465
1.20429
1.20445
1.20471
1.20472
1.20405
1.20411
1.20426
1.2045
1.20386
1.20389
1.20397
1.20414
1.20367
1.20373
1.20379
1.20384
1.20343
1.20356
1.20365
1.20345
1.20325
1.20344
1.20301
1.20183
1.20317
1.20252
1.20123
1.20013
1.20203
1.20095
1.2001
1.19983
1.20088
1.20041
1.20033
1.20052
1.20084
1.20092
1.2011
1.20123
1.20147
1.20162
1.20168
1.20165
1.20182
1.20188
1.20185
1.20178
1.20099
1.20103
1.20103
1.20101
1.20062
1.20065
1.20072
1.20083
1.20432
1.20432
1.20432
1.20432
1.20432
1.20432
1.2044
1.20479
1.20523
1.20536
1.20533
1.20528
1.20524
1.20521
1.20547
1.20606
1.20638
1.20648
1.20648
1.1996
1.20432
1.20432
1.20432
1.20432
1.20432
1.20432
1.20438
1.20475
1.2052
1.20534
1.20531
1.20526
1.20522
1.20521
1.20554
1.20607
1.20623
1.20616
1.20596
1.19973
1.20431
1.20431
1.20431
1.20431
1.20431
1.20431
1.20435
1.20466
1.20513
1.2053
1.20527
1.20522
1.20519
1.20522
1.2056
1.20599
1.2059
1.20564
1.20552
1.19968
1.20431
1.20431
1.20431
1.20431
1.20431
1.20431
1.20432
1.20455
1.20502
1.20524
1.20522
1.20517
1.20515
1.20523
1.2056
1.20581
1.20551
1.20518
1.20532
1.19955
1.20431
1.20431
1.20431
1.20431
1.20431
1.20431
1.20431
1.20445
1.20487
1.20516
1.20517
1.20512
1.20511
1.20523
1.20556
1.20561
1.20516
1.20484
1.2052
1.1994
1.20431
1.20431
1.20431
1.20431
1.20431
1.20431
1.20431
1.20437
1.20471
1.20506
1.20512
1.20507
1.20507
1.2052
1.20549
1.20541
1.20491
1.20464
1.20509
1.19924
1.20431
1.20431
1.20431
1.20431
1.20431
1.20431
1.20431
1.20433
1.20457
1.20493
1.20506
1.20502
1.20503
1.20516
1.2054
1.20525
1.20475
1.20456
1.20498
1.19907
1.20431
1.20431
1.20431
1.20431
1.20431
1.20431
1.20431
1.20431
1.20446
1.20479
1.205
1.20499
1.20498
1.20511
1.20531
1.20512
1.20466
1.20455
1.20489
1.19888
1.20431
1.20431
1.20431
1.20431
1.20431
1.20431
1.20431
1.2043
1.20438
1.20466
1.20491
1.20495
1.20494
1.20505
1.20521
1.20502
1.20462
1.20455
1.20481
1.19869
1.20431
1.20431
1.20431
1.20431
1.20431
1.20431
1.20431
1.2043
1.20434
1.20454
1.20481
1.20491
1.20491
1.20498
1.20512
1.20493
1.20459
1.20456
1.20474
1.19848
1.20431
1.20431
1.20431
1.20431
1.20431
1.20431
1.20431
1.2043
1.20431
1.20445
1.20471
1.20486
1.20488
1.20492
1.20504
1.20486
1.20459
1.20457
1.20469
1.19827
1.20431
1.20431
1.20431
1.20431
1.20431
1.20431
1.20431
1.20431
1.2043
1.20439
1.2046
1.20479
1.20485
1.20487
1.20496
1.20479
1.2046
1.20458
1.20464
1.19804
1.20431
1.20431
1.20431
1.20431
1.20431
1.20431
1.20431
1.20431
1.2043
1.20434
1.20451
1.20471
1.20482
1.20482
1.20488
1.20475
1.20462
1.20459
1.2046
1.1978
1.20431
1.20431
1.20431
1.20431
1.20431
1.20431
1.20431
1.20431
1.2043
1.20432
1.20444
1.20463
1.20477
1.20479
1.20482
1.20471
1.20463
1.2046
1.20457
1.19754
1.20431
1.20431
1.20431
1.20431
1.20431
1.20431
1.20431
1.20431
1.2043
1.2043
1.20439
1.20456
1.20472
1.20477
1.20477
1.20468
1.20465
1.20461
1.20455
1.19727
1.20431
1.20431
1.20431
1.20431
1.20431
1.20431
1.20431
1.20431
1.2043
1.2043
1.20435
1.20449
1.20466
1.20475
1.20474
1.20466
1.20466
1.20461
1.20454
1.19699
1.2043
1.2043
1.2043
1.20431
1.20431
1.20431
1.20431
1.20431
1.20431
1.2043
1.20432
1.20443
1.2046
1.20472
1.20472
1.20466
1.20467
1.20462
1.20454
1.19669
1.2043
1.2043
1.2043
1.2043
1.2043
1.2043
1.2043
1.20431
1.20431
1.2043
1.20431
1.20439
1.20453
1.20468
1.20471
1.20466
1.20468
1.20463
1.20455
1.19637
1.2043
1.2043
1.2043
1.2043
1.2043
1.2043
1.2043
1.2043
1.20431
1.2043
1.2043
1.20435
1.20448
1.20464
1.2047
1.20467
1.2047
1.20463
1.20456
1.19608
1.2043
1.2043
1.2043
1.2043
1.2043
1.2043
1.2043
1.2043
1.2043
1.2043
1.2043
1.20433
1.20443
1.20459
1.20468
1.20468
1.20471
1.20463
1.20458
1.19552
1.2043
1.2043
1.2043
1.20428
1.20427
1.20428
1.2043
1.20432
1.20432
1.20431
1.2043
1.2043
1.20435
1.20446
1.20459
1.20468
1.2047
1.20461
1.20459
1.1989
1.20431
1.20424
1.20402
1.20378
1.20367
1.20374
1.20393
1.20413
1.20426
1.20431
1.20432
1.20431
1.20431
1.20434
1.20443
1.20453
1.20459
1.20454
1.20447
1.2017
1.20428
1.20379
1.20317
1.2027
1.20249
1.20257
1.20295
1.20346
1.20391
1.20417
1.20429
1.20431
1.20431
1.20431
1.20433
1.20439
1.20444
1.20444
1.20442
1.20401
1.20402
1.20308
1.20236
1.20196
1.20179
1.20176
1.20199
1.20255
1.20326
1.20382
1.20414
1.20427
1.20431
1.20431
1.20431
1.20432
1.20435
1.20436
1.20435
1.20432
1.20366
1.20253
1.20196
1.20173
1.20165
1.20158
1.20156
1.20186
1.20255
1.20332
1.20386
1.20414
1.20426
1.20429
1.2043
1.2043
1.20431
1.20431
1.20431
1.20431
1.20338
1.20223
1.20183
1.2017
1.20164
1.20162
1.20152
1.20154
1.20201
1.20281
1.20352
1.20394
1.20414
1.20424
1.20427
1.20428
1.20428
1.20428
1.20428
1.20428
1.20318
1.20207
1.2018
1.20169
1.20157
1.20157
1.20155
1.20145
1.20169
1.20242
1.20321
1.20374
1.20401
1.20414
1.2042
1.20423
1.20424
1.20424
1.20424
1.20424
1.20307
1.20199
1.2018
1.20166
1.20147
1.20143
1.2015
1.20144
1.20153
1.20215
1.20299
1.20359
1.20389
1.20403
1.20411
1.20415
1.20418
1.20419
1.20415
1.20409
1.20301
1.20193
1.20179
1.20163
1.20138
1.20131
1.20142
1.20142
1.20145
1.202
1.20286
1.20349
1.20379
1.20394
1.20403
1.20408
1.20408
1.204
1.20381
1.20365
1.20293
1.20186
1.20177
1.20162
1.20131
1.20124
1.20135
1.20139
1.20141
1.20193
1.2028
1.20343
1.20371
1.20387
1.20395
1.20393
1.20379
1.20356
1.2033
1.20313
1.2028
1.20176
1.20174
1.20161
1.20129
1.20119
1.20128
1.20134
1.20138
1.20193
1.20279
1.20336
1.20363
1.20377
1.20378
1.20365
1.20342
1.20317
1.20298
1.20278
1.20264
1.20165
1.2017
1.20162
1.20129
1.20114
1.2012
1.20127
1.20139
1.20197
1.20277
1.20326
1.20351
1.2036
1.20353
1.20336
1.20314
1.20291
1.20275
1.20245
1.20243
1.20152
1.20166
1.20164
1.20132
1.20113
1.20113
1.20123
1.20144
1.20202
1.20271
1.2031
1.20329
1.20332
1.20324
1.20308
1.20288
1.20264
1.20247
1.20199
1.20221
1.20138
1.2016
1.20167
1.20141
1.20117
1.20114
1.20125
1.20152
1.20204
1.20258
1.20285
1.20297
1.20295
1.20286
1.20272
1.20254
1.20227
1.20212
1.20136
1.20199
1.20124
1.20152
1.2017
1.20154
1.2013
1.20124
1.20133
1.2016
1.202
1.20236
1.20253
1.20257
1.20252
1.20241
1.20226
1.20206
1.20182
1.20176
1.20065
1.20176
1.2011
1.20141
1.20169
1.20169
1.20152
1.20144
1.2015
1.20169
1.20195
1.20214
1.2022
1.20213
1.20195
1.20173
1.20156
1.20147
1.20147
1.20142
1.20011
1.20159
1.20098
1.20122
1.20151
1.2017
1.20172
1.20169
1.20171
1.20178
1.20185
1.20178
1.20156
1.2012
1.20084
1.20067
1.20079
1.2011
1.20148
1.20106
1.20009
1.20158
1.20093
1.20097
1.20108
1.2012
1.20128
1.20131
1.20128
1.20117
1.201
1.20081
1.20071
1.20066
1.20068
1.20082
1.20107
1.20141
1.20157
1.20095
1.20005
1.20172
1.20115
1.201
1.20093
1.20092
1.20095
1.201
1.20105
1.20111
1.20117
1.20117
1.20112
1.20103
1.20102
1.20106
1.20117
1.20132
1.20133
1.20086
1.20005
1.20236
1.20213
1.20205
1.202
1.20195
1.20194
1.20203
1.20217
1.20222
1.20223
1.20217
1.20213
1.20197
1.20193
1.20181
1.20168
1.20164
1.2016
1.20141
1.20094
1.19939
1.20745
1.20628
1.20597
1.2058
1.20567
1.20556
1.20548
1.20541
1.20535
1.2053
1.20526
1.20522
1.20518
1.20514
1.2051
1.20506
1.20502
1.20499
1.20492
1.19958
1.20698
1.20611
1.20589
1.20574
1.20562
1.20553
1.20545
1.20539
1.20533
1.20527
1.20523
1.20519
1.20516
1.20512
1.20509
1.20505
1.20502
1.20499
1.20491
1.19952
1.20636
1.20572
1.20571
1.20561
1.20552
1.20544
1.20538
1.20532
1.20527
1.20522
1.20518
1.20514
1.20511
1.20508
1.20506
1.20503
1.205
1.20497
1.20488
1.19934
1.20589
1.20531
1.20548
1.20541
1.20535
1.20531
1.20527
1.20523
1.20518
1.20514
1.2051
1.20507
1.20504
1.20502
1.205
1.20498
1.20495
1.20493
1.20481
1.19915
1.2056
1.20499
1.20522
1.20517
1.20516
1.20515
1.20514
1.20511
1.20508
1.20504
1.205
1.20497
1.20495
1.20493
1.20492
1.20491
1.20489
1.20486
1.2047
1.19895
1.20541
1.20475
1.20496
1.20493
1.20496
1.20498
1.20499
1.20498
1.20495
1.20492
1.20489
1.20486
1.20485
1.20483
1.20483
1.20482
1.20481
1.20477
1.20459
1.19878
1.20527
1.20456
1.20474
1.20473
1.20478
1.20482
1.20485
1.20485
1.20483
1.2048
1.20478
1.20476
1.20475
1.20474
1.20474
1.20474
1.20472
1.20467
1.20447
1.19862
1.20518
1.20442
1.20458
1.20458
1.20464
1.20468
1.20472
1.20472
1.20471
1.20469
1.20467
1.20466
1.20465
1.20465
1.20465
1.20465
1.20463
1.20456
1.20436
1.19848
1.20511
1.20433
1.20448
1.20448
1.20453
1.20457
1.20461
1.20462
1.20461
1.2046
1.20459
1.20458
1.20458
1.20457
1.20457
1.20457
1.20454
1.20446
1.20427
1.19835
1.20506
1.20426
1.20441
1.20441
1.20446
1.20449
1.20452
1.20453
1.20453
1.20452
1.20452
1.20451
1.20451
1.2045
1.2045
1.20449
1.20446
1.20436
1.20419
1.19824
1.20502
1.20422
1.20438
1.20437
1.2044
1.20443
1.20445
1.20446
1.20446
1.20446
1.20446
1.20446
1.20445
1.20444
1.20443
1.20442
1.20437
1.20426
1.20413
1.19814
1.20499
1.2042
1.20435
1.20434
1.20437
1.20439
1.20441
1.20441
1.20442
1.20442
1.20441
1.20441
1.2044
1.20438
1.20437
1.20434
1.20428
1.20416
1.20408
1.19805
1.20496
1.20417
1.20432
1.20432
1.20434
1.20436
1.20437
1.20438
1.20438
1.20438
1.20437
1.20436
1.20434
1.20432
1.2043
1.20426
1.20418
1.20405
1.20403
1.19797
1.20493
1.20413
1.20429
1.2043
1.20433
1.20434
1.20435
1.20435
1.20435
1.20435
1.20434
1.20432
1.20429
1.20425
1.20422
1.20417
1.20407
1.20393
1.20398
1.1979
1.2049
1.20409
1.20424
1.20427
1.20431
1.20432
1.20433
1.20433
1.20433
1.20432
1.2043
1.20427
1.20423
1.20418
1.20414
1.20407
1.20396
1.20382
1.20393
1.19783
1.20486
1.20403
1.2042
1.20424
1.20429
1.20431
1.20431
1.20431
1.20431
1.20429
1.20426
1.20422
1.20416
1.2041
1.20405
1.20397
1.20384
1.20371
1.20387
1.19778
1.20482
1.20399
1.20419
1.20419
1.20427
1.20429
1.2043
1.2043
1.20428
1.20426
1.20422
1.20417
1.2041
1.20403
1.20396
1.20387
1.20374
1.20361
1.20382
1.19773
1.2048
1.204
1.20428
1.20413
1.20424
1.20427
1.20428
1.20428
1.20426
1.20423
1.20418
1.20412
1.20404
1.20397
1.20389
1.20379
1.20364
1.20352
1.20377
1.19772
1.20481
1.20417
1.20452
1.20408
1.2042
1.20424
1.20425
1.20425
1.20423
1.20419
1.20413
1.20407
1.20399
1.20392
1.20384
1.20372
1.20356
1.20344
1.20372
1.19757
1.20487
1.20452
1.20487
1.20409
1.20415
1.20421
1.20422
1.20421
1.20419
1.20414
1.20408
1.20401
1.20395
1.20388
1.20381
1.20368
1.2035
1.20337
1.20368
1.19967
1.20513
1.2054
1.2056
1.20449
1.20409
1.20411
1.20412
1.2041
1.20406
1.20399
1.20392
1.20384
1.2038
1.20378
1.20376
1.20366
1.20343
1.20326
1.20359
1.20009
1.20536
1.20612
1.20611
1.20549
1.20423
1.20392
1.20386
1.20376
1.20366
1.20357
1.20351
1.20348
1.20352
1.2036
1.20369
1.20371
1.20343
1.20317
1.20348
1.19827
1.20457
1.20533
1.20541
1.20589
1.20477
1.20386
1.20358
1.20332
1.20309
1.203
1.20301
1.20311
1.20324
1.20339
1.20357
1.2037
1.20351
1.20315
1.20341
1.19671
1.20396
1.20405
1.20445
1.20529
1.20488
1.20383
1.20327
1.20283
1.20262
1.20264
1.20276
1.2029
1.20303
1.20321
1.20343
1.20361
1.2035
1.20314
1.20337
1.1968
1.20238
1.2028
1.20361
1.20461
1.20444
1.20357
1.20287
1.20245
1.20241
1.20253
1.20262
1.20268
1.20278
1.20299
1.20328
1.20347
1.20336
1.20308
1.20332
1.19778
1.20004
1.20083
1.20266
1.20417
1.2039
1.20313
1.20247
1.20224
1.20229
1.20231
1.20229
1.20232
1.20246
1.20273
1.20308
1.20326
1.20315
1.20296
1.20321
1.19858
1.19761
1.19815
1.20166
1.20385
1.20347
1.2027
1.20218
1.20208
1.20205
1.20197
1.20193
1.202
1.20218
1.20247
1.20282
1.20302
1.20291
1.20276
1.20306
1.19929
1.1958
1.19647
1.20128
1.20361
1.20311
1.20235
1.20196
1.20187
1.20177
1.20169
1.20169
1.20177
1.20194
1.20219
1.20251
1.20275
1.2027
1.20254
1.20289
1.2001
1.1952
1.19701
1.20193
1.20342
1.20278
1.20207
1.20177
1.20165
1.20152
1.20143
1.20141
1.20147
1.20164
1.20189
1.20219
1.20246
1.20254
1.20237
1.2027
1.20061
1.19596
1.19952
1.2028
1.2031
1.20247
1.20186
1.2016
1.20145
1.20128
1.20113
1.20104
1.20107
1.20124
1.20153
1.20187
1.20217
1.20237
1.20223
1.20249
1.20036
1.1983
1.20198
1.20276
1.20266
1.20221
1.2017
1.20145
1.20127
1.20106
1.20084
1.20069
1.20066
1.2008
1.20111
1.20154
1.20191
1.20216
1.2021
1.20234
1.19993
1.20109
1.20235
1.20222
1.20229
1.202
1.20157
1.20134
1.20115
1.20091
1.20065
1.20046
1.20038
1.20043
1.20067
1.20114
1.20168
1.20199
1.20197
1.20222
1.20003
1.20212
1.20127
1.2011
1.20157
1.20195
1.20158
1.20128
1.20107
1.20084
1.20059
1.20037
1.20025
1.20025
1.20038
1.20076
1.20139
1.20187
1.20188
1.20214
1.20046
1.20163
1.20039
1.20039
1.20043
1.20114
1.20157
1.20142
1.20114
1.20087
1.20063
1.20042
1.20026
1.20021
1.20027
1.20052
1.20111
1.20174
1.20182
1.20204
1.20083
1.20081
1.20033
1.20075
1.2008
1.20066
1.20104
1.20138
1.20132
1.20107
1.2008
1.20057
1.2004
1.2003
1.20029
1.20043
1.20092
1.20161
1.20178
1.20206
1.20108
1.20054
1.20076
1.20099
1.20102
1.20094
1.20093
1.20122
1.20142
1.20134
1.20111
1.20087
1.20066
1.2005
1.20041
1.20044
1.20085
1.20154
1.20174
1.20191
1.20142
1.20105
1.20108
1.20104
1.20107
1.20111
1.20116
1.20136
1.20157
1.20161
1.20146
1.20122
1.20096
1.20074
1.20058
1.20053
1.2009
1.20155
1.20171
1.20185
1.20153
1.20117
1.20096
1.201
1.20111
1.20124
1.20139
1.20158
1.20173
1.20176
1.20165
1.20143
1.20117
1.20094
1.20072
1.20066
1.20109
1.20166
1.20169
1.20175
1.20084
1.20076
1.20098
1.20121
1.20117
1.20106
1.20108
1.20114
1.20121
1.20127
1.20124
1.20114
1.20099
1.20082
1.20075
1.20097
1.20151
1.20189
1.20166
1.20178
1.201
1.20152
1.20177
1.20181
1.20169
1.20151
1.20143
1.20143
1.20149
1.20149
1.20157
1.20152
1.20162
1.2016
1.2018
1.20212
1.2023
1.20226
1.20203
1.20217
)
;

boundaryField
{
    left_open
    {
        type            calculated;
        value           nonuniform List<scalar> 
40
(
1.20432
1.20432
1.20431
1.20431
1.20431
1.20431
1.20431
1.20431
1.20431
1.20431
1.20431
1.20431
1.20431
1.20431
1.20431
1.20431
1.2043
1.2043
1.2043
1.2043
1.2043
1.2043
1.2043
1.20429
1.20429
1.20338
1.20318
1.20428
1.20428
1.20428
1.20281
1.20427
1.20427
1.20223
1.20202
1.20426
1.20161
1.20425
1.20173
1.20237
)
;
    }
    right_open
    {
        type            calculated;
        value           nonuniform List<scalar> 
40
(
1.20492
1.20491
1.20488
1.20481
1.20471
1.20459
1.20447
1.20437
1.20428
1.2042
1.20414
1.20408
1.20431
1.20398
1.20431
1.20388
1.20382
1.2043
1.2043
1.2043
1.20359
1.2043
1.20341
1.20429
1.20429
1.20322
1.20428
1.2029
1.20428
1.2025
1.20427
1.20223
1.20427
1.20204
1.20426
1.20192
1.20426
1.20175
1.20425
1.20425
)
;
    }
    base_side
    {
        type            calculated;
        value           nonuniform List<scalar> 
40
(
1.20432
1.20432
1.20432
1.20432
1.20432
1.20432
1.2044
1.20479
1.20523
1.20536
1.20533
1.20528
1.20524
1.20521
1.20547
1.20606
1.20638
1.20648
1.20648
1.1996
1.19939
1.20745
1.20628
1.20597
1.2058
1.20567
1.20556
1.20548
1.20541
1.20535
1.2053
1.20526
1.20522
1.20518
1.20514
1.2051
1.20506
1.20502
1.20499
1.20492
)
;
    }
    top
    {
        type            calculated;
        value           nonuniform List<scalar> 
65
(
1.20237
1.20213
1.20425
1.20425
1.20196
1.20194
1.20203
1.20218
1.20224
1.20225
1.20218
1.20425
1.20198
1.20425
1.20425
1.20169
1.20425
1.20162
1.20147
1.20102
1.20069
1.20425
1.20054
1.20051
1.20049
1.20044
1.20041
1.20037
1.20039
1.2004
1.20037
1.20038
1.20038
1.20036
1.20036
1.20036
1.20038
1.20038
1.20425
1.20046
1.20055
1.20425
1.20065
1.20425
1.20425
1.20105
1.20425
1.20178
1.20181
1.20425
1.20151
1.20425
1.20144
1.20425
1.2015
1.20425
1.20153
1.20425
1.20161
1.20182
1.20214
1.20231
1.20425
1.20203
1.20213
)
;
    }
    front
    {
        type            empty;
    }
    back
    {
        type            empty;
    }
    air_to_aluminum
    {
        type            calculated;
        value           nonuniform List<scalar> 
129
(
1.14991
1.14994
1.15
1.15008
1.14964
1.14945
1.14928
1.14914
1.14914
1.14928
1.14945
1.14964
1.14991
1.14994
1.15
1.15008
1.15018
1.15008
1.15029
1.15024
1.1504
1.15037
1.15051
1.15049
1.15061
1.1506
1.1507
1.15069
1.15079
1.15078
1.15087
1.15086
1.15094
1.15093
1.151
1.151
1.15105
1.15105
1.1511
1.15109
1.15114
1.15113
1.15116
1.15116
1.15118
1.15118
1.15119
1.15119
1.15119
1.15119
1.15119
1.15119
1.14918
1.1493
1.14941
1.14951
1.14961
1.1497
1.14978
1.14986
1.14992
1.14998
1.15003
1.15007
1.1501
1.15013
1.15015
1.15016
1.15016
1.15016
1.15016
1.15016
1.15016
1.15016
1.14918
1.1493
1.14941
1.14951
1.14961
1.1497
1.14978
1.14986
1.14992
1.14998
1.15003
1.15007
1.1501
1.15013
1.15015
1.15016
1.15016
1.15016
1.15016
1.15008
1.15024
1.15037
1.15049
1.1506
1.15069
1.15078
1.15086
1.15093
1.15099
1.15105
1.15109
1.15113
1.15116
1.15117
1.15119
1.15018
1.15029
1.1504
1.1505
1.15061
1.1507
1.15079
1.15087
1.15094
1.151
1.15105
1.1511
1.15113
1.15116
1.15118
1.15119
1.15118
1.15118
1.15119
1.15119
)
;
    }
}


// ************************************************************************* //
