/*--------------------------------*- C++ -*----------------------------------*\
| =========                 |                                                 |
| \\      /  F ield         | OpenFOAM: The Open Source CFD Toolbox           |
|  \\    /   O peration     | Version:                                        |
|   \\  /    A nd           | Website:  www.openfoam.com                      |
|    \\/     M anipulation  |                                                 |
\*---------------------------------------------------------------------------*/
FoamFile
{
    version     2.0;
    format      ascii;
    class       volScalarField;
    location    "1947.5/aluminum";
    object      T;
}
// * * * * * * * * * * * * * * * * * * * * * * * * * * * * * * * * * * * * * //

dimensions      [0 0 0 1 0 0 0];


internalField   nonuniform List<scalar> 
372
(
307.497
307.508
307.528
307.558
307.49
307.5
307.52
307.55
307.475
307.485
307.504
307.535
307.453
307.462
307.478
307.508
307.597
307.645
307.701
307.771
307.591
307.638
307.69
307.748
307.58
307.628
307.676
307.722
307.569
307.62
307.665
307.703
307.844
307.912
308.005
307.799
307.837
307.872
307.753
307.773
307.788
307.718
307.728
307.734
308.097
308.112
308.097
307.886
307.888
307.886
307.792
307.793
307.792
307.736
307.736
307.736
308.005
307.912
307.844
307.872
307.837
307.799
307.788
307.773
307.753
307.734
307.728
307.718
307.771
307.701
307.645
307.597
307.748
307.69
307.638
307.591
307.722
307.676
307.628
307.58
307.703
307.665
307.62
307.569
307.558
307.528
307.507
307.497
307.55
307.52
307.5
307.49
307.535
307.504
307.484
307.475
307.508
307.478
307.461
307.453
307.427
307.432
307.441
307.452
307.397
307.4
307.405
307.41
307.367
307.369
307.372
307.374
307.338
307.339
307.341
307.342
307.311
307.312
307.313
307.313
307.285
307.286
307.287
307.287
307.262
307.262
307.263
307.263
307.241
307.241
307.242
307.242
307.222
307.222
307.223
307.223
307.205
307.205
307.206
307.206
307.19
307.191
307.191
307.191
307.178
307.179
307.179
307.179
307.168
307.169
307.169
307.169
307.161
307.161
307.162
307.162
307.155
307.156
307.156
307.156
307.152
307.153
307.153
307.153
307.691
307.693
307.695
307.661
307.661
307.662
307.631
307.631
307.631
307.603
307.603
307.603
307.576
307.576
307.576
307.552
307.552
307.552
307.53
307.53
307.53
307.511
307.511
307.511
307.493
307.493
307.493
307.477
307.477
307.477
307.464
307.464
307.464
307.452
307.452
307.452
307.443
307.443
307.443
307.436
307.436
307.436
307.431
307.431
307.431
307.428
307.428
307.428
307.696
307.696
307.696
307.662
307.662
307.662
307.631
307.631
307.631
307.603
307.603
307.603
307.576
307.576
307.576
307.552
307.552
307.552
307.53
307.53
307.53
307.511
307.511
307.511
307.493
307.493
307.493
307.477
307.477
307.477
307.464
307.464
307.464
307.452
307.452
307.452
307.443
307.443
307.443
307.436
307.436
307.436
307.431
307.431
307.431
307.428
307.428
307.428
307.695
307.693
307.691
307.662
307.661
307.661
307.631
307.631
307.631
307.603
307.603
307.603
307.576
307.576
307.576
307.552
307.552
307.552
307.53
307.53
307.53
307.511
307.51
307.51
307.493
307.493
307.493
307.477
307.477
307.477
307.464
307.463
307.463
307.452
307.452
307.452
307.443
307.443
307.443
307.436
307.436
307.435
307.431
307.431
307.431
307.428
307.428
307.428
307.452
307.441
307.432
307.426
307.41
307.405
307.4
307.397
307.374
307.372
307.369
307.367
307.342
307.341
307.339
307.338
307.313
307.312
307.311
307.31
307.286
307.286
307.286
307.285
307.263
307.262
307.262
307.261
307.241
307.241
307.241
307.24
307.222
307.222
307.222
307.221
307.205
307.205
307.205
307.204
307.191
307.191
307.19
307.19
307.179
307.179
307.178
307.178
307.169
307.169
307.168
307.168
307.161
307.161
307.161
307.16
307.156
307.156
307.156
307.155
307.153
307.153
307.153
307.152
)
;

boundaryField
{
    base_hotspot
    {
        type            fixedGradient;
        gradient        uniform 203.252;
    }
    base_adiabatic
    {
        type            zeroGradient;
    }
    front
    {
        type            empty;
    }
    back
    {
        type            empty;
    }
    aluminum_to_air
    {
        type            compressible::turbulentTemperatureCoupledBaffleMixed;
        refValue        nonuniform List<scalar> 
129
(
294.448
294.451
294.51
294.583
307.506
307.572
307.627
307.673
307.672
307.625
307.57
307.506
294.276
294.212
294.223
294.272
294.659
307.506
294.734
307.442
294.809
307.399
294.885
307.364
294.964
307.334
295.044
307.306
295.125
307.279
295.206
307.25
295.284
307.216
295.358
307.173
295.424
307.112
295.477
307.02
295.514
306.883
295.53
306.689
295.509
306.444
296.025
295.533
297.03
298.053
305.98
298.977
307.673
307.631
307.597
307.567
307.54
307.514
307.488
307.462
307.433
307.396
307.347
307.278
307.178
307.039
306.817
306.248
300.49
300.559
300.624
300.686
300.724
300.767
307.672
307.629
307.592
307.555
307.515
307.469
307.415
307.356
307.29
307.209
307.09
306.92
306.703
306.429
306.166
300.86
301.076
305.991
301.413
307.506
307.44
307.392
307.348
307.301
307.247
307.186
307.121
307.048
306.948
306.798
306.598
306.427
306.377
306.399
306.095
294.332
294.395
294.454
294.509
294.557
294.6
294.636
294.665
294.69
294.711
294.728
294.743
294.756
294.771
294.779
303.03
302.813
300.785
298.23
294.833
)
;
        refGradient     uniform 0;
        valueFraction   nonuniform List<scalar> 
129
(
2.89995e-05
2.89995e-05
2.89995e-05
2.89995e-05
0.000144981
0.000144981
0.000144981
0.000144981
0.000144981
0.000144981
0.000144981
0.000144981
2.89995e-05
2.89995e-05
2.89995e-05
2.89995e-05
2.89995e-05
0.000144981
2.89995e-05
0.000144981
2.89995e-05
0.000144981
2.89995e-05
0.000144981
2.89995e-05
0.000144981
2.89995e-05
0.000144981
2.89995e-05
0.000144981
2.89995e-05
0.000144981
2.89995e-05
0.000144981
2.89995e-05
0.000144981
2.89995e-05
0.000144981
2.89995e-05
0.000144981
2.89995e-05
0.000144981
2.89995e-05
0.000144981
2.89995e-05
0.000144981
3.62491e-05
2.89995e-05
3.62491e-05
3.62491e-05
0.000144981
3.62491e-05
8.21599e-05
8.21599e-05
8.21599e-05
8.21599e-05
8.21599e-05
8.21599e-05
8.21599e-05
8.21599e-05
8.21599e-05
8.21599e-05
8.21599e-05
8.21599e-05
8.21599e-05
8.21599e-05
8.21599e-05
8.21599e-05
3.62491e-05
3.62491e-05
3.62491e-05
3.62491e-05
3.62491e-05
3.62491e-05
8.21599e-05
8.21599e-05
8.21599e-05
8.21599e-05
8.21599e-05
8.21599e-05
8.21599e-05
8.21599e-05
8.21599e-05
8.21599e-05
8.21599e-05
8.21599e-05
8.21599e-05
8.21599e-05
8.21599e-05
3.62491e-05
3.62491e-05
8.21599e-05
3.62491e-05
0.000144981
0.000144981
0.000144981
0.000144981
0.000144981
0.000144981
0.000144981
0.000144981
0.000144981
0.000144981
0.000144981
0.000144981
0.000144981
0.000144981
0.000144981
0.000144981
2.89995e-05
2.89995e-05
2.89995e-05
2.89995e-05
2.89995e-05
2.89995e-05
2.89995e-05
2.89995e-05
2.89995e-05
2.89995e-05
2.89995e-05
2.89995e-05
2.89995e-05
2.89995e-05
2.89995e-05
3.62491e-05
3.62491e-05
3.62491e-05
3.62491e-05
2.89995e-05
)
;
        value           nonuniform List<scalar> 
129
(
307.497
307.489
307.474
307.453
307.568
307.62
307.665
307.702
307.702
307.665
307.62
307.568
307.496
307.489
307.474
307.452
307.426
307.452
307.396
307.409
307.367
307.373
307.338
307.342
307.31
307.313
307.285
307.287
307.261
307.263
307.24
307.241
307.221
307.222
307.204
307.206
307.19
307.191
307.178
307.179
307.168
307.169
307.16
307.161
307.155
307.156
307.152
307.152
307.152
307.152
307.153
307.153
307.691
307.66
307.63
307.602
307.576
307.552
307.53
307.51
307.492
307.477
307.463
307.452
307.443
307.435
307.43
307.428
307.427
307.428
307.428
307.428
307.428
307.428
307.691
307.66
307.63
307.602
307.576
307.552
307.53
307.51
307.492
307.477
307.463
307.452
307.442
307.435
307.43
307.428
307.427
307.427
307.427
307.452
307.409
307.373
307.341
307.312
307.286
307.262
307.241
307.222
307.205
307.19
307.178
307.168
307.161
307.155
307.152
307.426
307.396
307.366
307.337
307.31
307.284
307.261
307.239
307.22
307.204
307.189
307.177
307.167
307.16
307.154
307.152
307.153
307.152
307.152
307.151
)
;
        Tnbr            T;
        thicknessLayers 0();
        kappaLayers     0();
        kappaMethod     solidThermo;
        kappa           none;
        alphaAni        none;
        alpha           none;
    }
}


// ************************************************************************* //
