/*--------------------------------*- C++ -*----------------------------------*\
| =========                 |                                                 |
| \\      /  F ield         | OpenFOAM: The Open Source CFD Toolbox           |
|  \\    /   O peration     | Version:                                        |
|   \\  /    A nd           | Website:  www.openfoam.com                      |
|    \\/     M anipulation  |                                                 |
\*---------------------------------------------------------------------------*/
FoamFile
{
    version     2.0;
    format      ascii;
    class       volVectorField;
    location    "1360/air";
    object      U;
}
// * * * * * * * * * * * * * * * * * * * * * * * * * * * * * * * * * * * * * //

dimensions      [0 1 -1 0 0 0 0];


internalField   nonuniform List<vector> 
2228
(
(0.000281198 -0.000274878 0)
(0.000860929 -0.000126974 0)
(0.000879868 0.000131499 0)
(0.000294779 0.0002786 0)
(0.000215885 -0.000914635 0)
(0.000863439 -0.000554776 0)
(0.000941159 0.000497033 0)
(0.000268472 0.000947168 0)
(0.000118655 -0.0013525 0)
(0.000537689 -0.000879617 0)
(0.000611683 0.000772395 0)
(0.000157942 0.00144723 0)
(5.54574e-05 -0.00159531 0)
(0.000283643 -0.00107793 0)
(0.000341538 0.000936903 0)
(8.25167e-05 0.00174291 0)
(1.39496e-05 -0.0017052 0)
(0.000129818 -0.00119592 0)
(0.000193726 0.0010127 0)
(4.91765e-05 0.00190096 0)
(-2.25801e-05 -0.00173593 0)
(3.96984e-05 -0.00128793 0)
(0.000146449 0.0010315 0)
(4.64887e-05 0.00200545 0)
(-6.27505e-05 -0.00170698 0)
(-1.70491e-05 -0.00140429 0)
(0.000179176 0.00100784 0)
(7.00818e-05 0.00212005 0)
(-0.000123848 -0.00161067 0)
(-6.75419e-05 -0.00160169 0)
(0.00029601 0.000937435 0)
(0.000125772 0.00230358 0)
(-0.000225293 -0.00141428 0)
(-0.000139824 -0.00195522 0)
(0.000519704 0.000797772 0)
(0.000229891 0.00263344 0)
(-0.000385101 -0.00106062 0)
(-0.000288586 -0.00257557 0)
(0.000857022 0.000529875 0)
(0.000403496 0.003214 0)
(-0.000590303 -0.000502672 0)
(-0.000616919 -0.00357146 0)
(0.0012267 2.55816e-06 0)
(0.000655286 0.00414574 0)
(-0.000784996 0.000487748 0)
(-0.00121551 -0.00483862 0)
(0.00138249 -0.00100448 0)
(0.000951562 0.00541887 0)
(-0.00105569 0.00197078 0)
(-0.00201606 -0.00599034 0)
(0.000863257 -0.00273113 0)
(0.00117079 0.00678531 0)
(-0.00110208 0.00365977 0)
(-0.00214415 -0.00669141 0)
(-0.000208053 -0.00508028 0)
(0.00113676 0.0078659 0)
(-0.000470093 0.00551453 0)
(-4.15016e-05 -0.00701006 0)
(-0.000193344 -0.0072201 0)
(0.00073699 0.00857979 0)
(0.00135923 0.000346297 0)
(0.00494648 -0.0071602 0)
(0.00308145 -0.00724605 0)
(0.000481137 0.00897911 0)
(-0.000293738 0.000277802 0)
(-0.000878321 0.000132046 0)
(-0.00086196 -0.000126188 0)
(-0.000282155 -0.000275603 0)
(-0.000266487 0.000943892 0)
(-0.00093771 0.000499459 0)
(-0.000865089 -0.000551236 0)
(-0.000217444 -0.000917456 0)
(-0.000154511 0.00143936 0)
(-0.000604834 0.000777678 0)
(-0.000540196 -0.000870899 0)
(-0.00012139 -0.00135879 0)
(-7.61885e-05 0.00172603 0)
(-0.000327688 0.000947048 0)
(-0.000288008 -0.00105889 0)
(-6.11053e-05 -0.00160833 0)
(-3.70577e-05 0.00186649 0)
(-0.000165862 0.00103165 0)
(-0.000138638 -0.00115652 0)
(-2.67522e-05 -0.00173079 0)
(-2.28368e-05 0.0019372 0)
(-9.09628e-05 0.00106569 0)
(-5.6748e-05 -0.00121157 0)
(-4.25202e-06 -0.0017813 0)
(-2.48149e-05 0.00198795 0)
(-7.31189e-05 0.00106921 0)
(-9.82279e-06 -0.00125772 0)
(1.58265e-05 -0.00178943 0)
(-4.01203e-05 0.0020502 0)
(-9.58481e-05 0.00104802 0)
(2.26243e-05 -0.00132151 0)
(3.88014e-05 -0.00176434 0)
(-7.07709e-05 0.0021518 0)
(-0.000156069 0.000996861 0)
(5.80433e-05 -0.0014306 0)
(7.2964e-05 -0.00170071 0)
(-0.00012259 0.00232603 0)
(-0.000257099 0.000898922 0)
(0.000115896 -0.00161874 0)
(0.000127638 -0.00157929 0)
(-0.000203259 0.00261431 0)
(-0.00039455 0.000719337 0)
(0.000230624 -0.0019294 0)
(0.000214952 -0.00135827 0)
(-0.000316989 0.00305622 0)
(-0.000527509 0.000394029 0)
(0.00046687 -0.00241324 0)
(0.000350576 -0.000967384 0)
(-0.000439618 0.00362633 0)
(-0.000517089 -0.000225817 0)
(0.000906227 -0.00308059 0)
(0.000540595 -0.000312561 0)
(-0.000454946 0.00412052 0)
(-1.18732e-05 -0.00127066 0)
(0.00155671 -0.00369803 0)
(0.000757976 0.000814722 0)
(-5.70578e-05 0.00414203 0)
(0.00135362 -0.00241198 0)
(0.00204796 -0.00386368 0)
(0.000919338 0.00246746 0)
(0.000659119 0.00374454 0)
(0.00208366 -0.00356278 0)
(0.000814812 -0.00358749 0)
(5.13929e-06 0.002459 0)
(0.0422077 0.0409476 0)
(0.0406035 0.0352178 0)
(0.0324354 0.0273845 0)
(0.0256372 0.0198512 0)
(0.0299558 0.0173701 0)
(0.0336987 0.0201719 0)
(0.033204 0.0214525 0)
(0.0308765 0.0212834 0)
(0.021108 0.0122621 0)
(0.0222717 0.0169541 0)
(0.0209569 0.0224929 0)
(0.0164298 0.0319576 0)
(0.0179309 0.0208371 0)
(0.0128756 0.0308595 0)
(0.00460136 0.0484372 0)
(-0.0059012 0.0745483 0)
(0.00153422 0.0510719 0)
(-0.00860346 0.0711492 0)
(-0.0186001 0.0952088 0)
(-0.0269272 0.116066 0)
(-0.0191847 0.08916 0)
(-0.0265677 0.108102 0)
(-0.0311669 0.122496 0)
(-0.0323734 0.126142 0)
(-0.0286595 0.109683 0)
(-0.0291356 0.118092 0)
(-0.0270425 0.119099 0)
(-0.0223195 0.109815 0)
(-0.0252558 0.10473 0)
(-0.0199349 0.10262 0)
(-0.0138196 0.0952729 0)
(-0.00673392 0.0818621 0)
(-0.0161489 0.0810567 0)
(-0.00904588 0.0743014 0)
(-0.00247493 0.0654571 0)
(0.00355822 0.0545462 0)
(-0.00776992 0.0541389 0)
(-0.00287805 0.0486624 0)
(0.00145671 0.0435537 0)
(0.00471384 0.0385816 0)
(-0.00204283 0.0388162 0)
(-0.000753743 0.0358507 0)
(0.000990013 0.034558 0)
(0.00209486 0.0334605 0)
(0.00134492 0.0346943 0)
(0.000466176 0.0329737 0)
(0.00112472 0.0325706 0)
(0.00147148 0.0319925 0)
(0.00298973 0.0344869 0)
(0.00255541 0.0331339 0)
(0.00288407 0.0318586 0)
(0.00337575 0.0302205 0)
(0.00305875 0.0330346 0)
(0.00377702 0.0315369 0)
(0.00460397 0.02939 0)
(0.00542849 0.0270128 0)
(0.00339837 0.0284237 0)
(0.00502964 0.0271248 0)
(0.00639491 0.0252078 0)
(0.00748782 0.0233142 0)
(0.00626096 0.0206984 0)
(0.00829752 0.0204901 0)
(0.0102066 0.0200251 0)
(0.0118212 0.0195263 0)
(0.0165136 0.0118953 0)
(0.0183865 0.0111056 0)
(0.0203288 0.010748 0)
(0.0221883 0.0106829 0)
(0.0345707 0.00778802 0)
(0.0354774 0.00730542 0)
(0.0366914 0.00712729 0)
(0.0380071 0.00715158 0)
(0.068324 0.000117204 0)
(0.0682482 -0.00126326 0)
(0.068037 -0.0023737 0)
(0.067772 -0.00330394 0)
(0.0926304 0.011357 0)
(0.089668 0.0133331 0)
(0.0866437 0.0145851 0)
(0.0835888 0.0146993 0)
(0.0219857 0.0103902 0)
(0.0193337 0.00551485 0)
(0.0131386 0.00725676 0)
(0.00546553 0.0196391 0)
(0.0269557 0.0212605 0)
(0.0199363 0.0286925 0)
(0.00740309 0.0450574 0)
(-0.00415899 0.0542748 0)
(0.008237 0.0512956 0)
(-0.0025056 0.0770845 0)
(-0.012126 0.0886608 0)
(-0.0163409 0.0771747 0)
(-0.0162365 0.100419 0)
(-0.0232696 0.112726 0)
(-0.0249051 0.102103 0)
(-0.0223906 0.0756032 0)
(-0.0312701 0.123957 0)
(-0.0305646 0.112848 0)
(-0.0259466 0.0866217 0)
(-0.0206839 0.0583494 0)
(-0.0296325 0.114924 0)
(-0.0239485 0.0907122 0)
(-0.0175626 0.0622155 0)
(-0.012642 0.0395843 0)
(-0.0158447 0.0905717 0)
(-0.00916851 0.0658657 0)
(-0.00391055 0.0428258 0)
(-0.000812028 0.026882 0)
(5.79764e-06 0.0639593 0)
(0.00513831 0.0456915 0)
(0.00801968 0.0311106 0)
(0.00883089 0.0220631 0)
(0.00802708 0.0433516 0)
(0.0105906 0.0338735 0)
(0.0112999 0.0274237 0)
(0.0106832 0.0240633 0)
(0.00664502 0.0343612 0)
(0.00738086 0.0312771 0)
(0.00727167 0.0293277 0)
(0.0067576 0.028098 0)
(0.00271909 0.0324081 0)
(0.00305762 0.0313168 0)
(0.00333582 0.0300161 0)
(0.00373863 0.0283175 0)
(0.00194645 0.0309469 0)
(0.00259662 0.0293584 0)
(0.00345693 0.0271963 0)
(0.00452233 0.024491 0)
(0.00408314 0.0281138 0)
(0.00494679 0.0255736 0)
(0.00587689 0.0226965 0)
(0.00676902 0.0196291 0)
(0.0062334 0.0245456 0)
(0.00692465 0.0221127 0)
(0.00740427 0.0198451 0)
(0.00759588 0.0178579 0)
(0.00835314 0.0216546 0)
(0.00896479 0.0203073 0)
(0.00931905 0.019279 0)
(0.00943755 0.0185172 0)
(0.0131969 0.0191044 0)
(0.014367 0.0187874 0)
(0.0153614 0.0185536 0)
(0.0162194 0.0183433 0)
(0.023969 0.0107912 0)
(0.0256959 0.0109707 0)
(0.0273769 0.0111353 0)
(0.0290236 0.0112055 0)
(0.0393704 0.00730539 0)
(0.0408197 0.00750505 0)
(0.042375 0.00767295 0)
(0.044032 0.00774626 0)
(0.067532 -0.0040698 0)
(0.067431 -0.00470616 0)
(0.067561 -0.00524921 0)
(0.0679602 -0.00574783 0)
(0.0804739 0.0136685 0)
(0.0774908 0.0118341 0)
(0.0747859 0.00973976 0)
(0.0723342 0.00777679 0)
(0.000339701 0.0178596 0)
(-0.00369385 0.0134181 0)
(-0.00624737 0.00744119 0)
(-0.00912257 0.0429855 0)
(-0.0116696 0.0307685 0)
(-0.0136307 0.0199358 0)
(-0.0168951 0.0563896 0)
(-0.0174375 0.0434671 0)
(-0.0184517 0.0345709 0)
(-0.0201446 0.0548552 0)
(-0.0192774 0.0450553 0)
(-0.0188521 0.0388554 0)
(-0.0176844 0.0428331 0)
(-0.0161279 0.0361204 0)
(-0.0148648 0.0319129 0)
(-0.010183 0.0291712 0)
(-0.00877726 0.0246862 0)
(-0.00759094 0.0221121 0)
(0.000302937 0.0203394 0)
(0.000881922 0.017716 0)
(0.00127966 0.0166006 0)
(0.00853084 0.0186999 0)
(0.00814681 0.0178177 0)
(0.00765483 0.0178041 0)
(0.00977661 0.0230725 0)
(0.00908536 0.0229054 0)
(0.00841638 0.0229178 0)
(0.00635693 0.0272856 0)
(0.00615007 0.0266174 0)
(0.00604324 0.0257842 0)
(0.00421889 0.026602 0)
(0.00465947 0.0251524 0)
(0.00518635 0.0235069 0)
(0.00545512 0.0220386 0)
(0.00615197 0.0201269 0)
(0.00686123 0.0181348 0)
(0.00735671 0.0172276 0)
(0.00769725 0.0155432 0)
(0.00796498 0.0139672 0)
(0.00752327 0.0165629 0)
(0.00737222 0.0157703 0)
(0.00713916 0.0151024 0)
(0.00938278 0.0180379 0)
(0.00928559 0.0177277 0)
(0.00915995 0.0174122 0)
(0.0168461 0.0181247 0)
(0.0172902 0.0179237 0)
(0.0177276 0.0176602 0)
(0.0302587 0.0111409 0)
(0.031107 0.0110339 0)
(0.0319407 0.0108605 0)
(0.0454121 0.00768265 0)
(0.0465 0.00757085 0)
(0.0476241 0.00740379 0)
(0.0684073 -0.00619363 0)
(0.0687599 -0.00654473 0)
(0.0691293 -0.00690319 0)
(0.0706086 0.0063986 0)
(0.0694591 0.00527799 0)
(0.0683971 0.004161 0)
(-0.00724693 0.00331208 0)
(-0.00762684 0.00129666 0)
(-0.00794324 -0.000561932 0)
(-0.014978 0.0147691 0)
(-0.0156864 0.0127819 0)
(-0.0163624 0.0114002 0)
(-0.019397 0.0309174 0)
(-0.019937 0.029511 0)
(-0.0204693 0.0284719 0)
(-0.0187627 0.0362379 0)
(-0.018738 0.0351475 0)
(-0.0187233 0.0342555 0)
(-0.0141456 0.0300724 0)
(-0.0137788 0.0293017 0)
(-0.013425 0.0286847 0)
(-0.00692331 0.0211303 0)
(-0.00658557 0.0207517 0)
(-0.00627718 0.020495 0)
(0.00143748 0.0165076 0)
(0.00153054 0.0165649 0)
(0.00156952 0.0166591 0)
(0.00734268 0.0181534 0)
(0.00719393 0.0184205 0)
(0.00701979 0.0186483 0)
(0.00806675 0.0229741 0)
(0.00787655 0.0230044 0)
(0.00773488 0.0230013 0)
(0.00605974 0.0251132 0)
(0.00605548 0.0247292 0)
(0.006114 0.0243478 0)
(0.00557923 0.0222786 0)
(0.00577393 0.0216062 0)
(0.00600835 0.0209416 0)
(0.00731452 0.0167726 0)
(0.00753453 0.0160438 0)
(0.00776435 0.0153001 0)
(0.00806803 0.013029 0)
(0.00811182 0.0125582 0)
(0.00813941 0.0120552 0)
(0.00692563 0.0147403 0)
(0.00680802 0.0145621 0)
(0.00669066 0.0143481 0)
(0.00903891 0.0171749 0)
(0.00895793 0.0170453 0)
(0.00889996 0.0168931 0)
(0.0180249 0.0174328 0)
(0.0181664 0.0173158 0)
(0.0183316 0.0171855 0)
(0.0324764 0.010693 0)
(0.0327294 0.0106255 0)
(0.032998 0.0105512 0)
(0.0484111 0.00721057 0)
(0.04884 0.00711118 0)
(0.0492837 0.00703029 0)
(0.0694143 -0.00723987 0)
(0.069541 -0.00744632 0)
(0.0696642 -0.00758996 0)
(0.0677774 0.00346737 0)
(0.0674506 0.00302524 0)
(0.0671745 0.00273278 0)
(-0.00836758 -0.0034976 0)
(-0.00859199 -0.00616212 0)
(-0.00847161 -0.00720652 0)
(-0.0179424 0.00982235 0)
(-0.0202708 0.0091854 0)
(-0.0227759 0.0098908 0)
(-0.0215906 0.0271299 0)
(-0.0231516 0.0261232 0)
(-0.0246851 0.0258285 0)
(-0.0187009 0.0329288 0)
(-0.0186857 0.031533 0)
(-0.0186566 0.030572 0)
(-0.0127645 0.0277875 0)
(-0.0119556 0.0268693 0)
(-0.0112103 0.026275 0)
(-0.00570381 0.0202393 0)
(-0.00499866 0.0202892 0)
(-0.00438005 0.0205969 0)
(0.00165035 0.016924 0)
(0.00171759 0.0175935 0)
(0.00178312 0.0184019 0)
(0.00668141 0.0190446 0)
(0.006274 0.0196095 0)
(0.00593404 0.0200886 0)
(0.00745529 0.0229307 0)
(0.00719343 0.0226655 0)
(0.00702827 0.022172 0)
(0.00624672 0.0235891 0)
(0.00653761 0.0223032 0)
(0.0069281 0.0208088 0)
(0.006471 0.0196581 0)
(0.0072014 0.0176649 0)
(0.0079771 0.0155643 0)
(0.00820569 0.0138475 0)
(0.00880658 0.0117059 0)
(0.00935756 0.00960803 0)
(0.00817485 0.0110564 0)
(0.00809699 0.0096976 0)
(0.00792196 0.00850819 0)
(0.00644978 0.0138887 0)
(0.00598177 0.0132061 0)
(0.00547273 0.0125131 0)
(0.00879269 0.0165502 0)
(0.00860608 0.0158979 0)
(0.00841666 0.0151143 0)
(0.0186378 0.0168912 0)
(0.0190342 0.0162794 0)
(0.0194085 0.0155215 0)
(0.0335296 0.0103696 0)
(0.0343165 0.00993193 0)
(0.0350859 0.00938107 0)
(0.0501097 0.00685582 0)
(0.0512794 0.0064402 0)
(0.0524217 0.00592105 0)
(0.0699244 -0.00781262 0)
(0.0704216 -0.00819483 0)
(0.0708892 -0.00861108 0)
(0.0666135 0.00232571 0)
(0.0657031 0.00225606 0)
(0.0646993 0.00235148 0)
(-0.00836807 -0.0068779 0)
(-0.00974577 -0.00530363 0)
(-0.0118771 0.00174479 0)
(-0.0137738 0.0094279 0)
(-0.0264479 0.0120655 0)
(-0.0311304 0.0159038 0)
(-0.0350287 0.0204981 0)
(-0.0380255 0.0251189 0)
(-0.0265457 0.0260625 0)
(-0.0285081 0.0268752 0)
(-0.0298254 0.0278651 0)
(-0.0305237 0.0287457 0)
(-0.0185138 0.0296697 0)
(-0.0182011 0.0288482 0)
(-0.0177418 0.0281794 0)
(-0.0171556 0.0274625 0)
(-0.0103298 0.0257808 0)
(-0.00940302 0.0253925 0)
(-0.00862487 0.0250277 0)
(-0.00792909 0.0244573 0)
(-0.00370733 0.0211678 0)
(-0.00304232 0.0218319 0)
(-0.00247329 0.0221205 0)
(-0.00190822 0.0218229 0)
(0.00182469 0.0194737 0)
(0.00196032 0.0203448 0)
(0.00225612 0.0204636 0)
(0.00274351 0.0197365 0)
(0.00560872 0.0204829 0)
(0.00555142 0.0202544 0)
(0.00586057 0.0192044 0)
(0.00649417 0.0173935 0)
(0.00705018 0.0211346 0)
(0.00748523 0.0191612 0)
(0.00828225 0.0166014 0)
(0.00937425 0.0135973 0)
(0.00767374 0.0184741 0)
(0.00889125 0.015109 0)
(0.0103222 0.0114565 0)
(0.0119012 0.00762551 0)
(0.00913532 0.0125338 0)
(0.010647 0.0085542 0)
(0.0120952 0.00455629 0)
(0.0133942 0.000657893 0)
(0.0100237 0.00680778 0)
(0.0105987 0.00354272 0)
(0.010843 0.000704302 0)
(0.0107713 -0.00168536 0)
(0.00750569 0.00707668 0)
(0.00670433 0.00546213 0)
(0.00574714 0.00384403 0)
(0.00478616 0.00198363 0)
(0.00473794 0.0114635 0)
(0.00380339 0.00979612 0)
(0.00297604 0.00768029 0)
(0.00230282 0.00509541 0)
(0.00819059 0.0138293 0)
(0.00797184 0.0117582 0)
(0.00780866 0.00922616 0)
(0.00767744 0.00626675 0)
(0.0199146 0.0142443 0)
(0.0205158 0.0121888 0)
(0.0210653 0.00970617 0)
(0.0215441 0.00680165 0)
(0.0361547 0.00843555 0)
(0.0374798 0.00684838 0)
(0.0387161 0.00488503 0)
(0.0398162 0.0025607 0)
(0.0539682 0.00505069 0)
(0.0558132 0.00360035 0)
(0.057537 0.00180572 0)
(0.0591513 -0.000340063 0)
(0.0714783 -0.0091686 0)
(0.07203 -0.00991635 0)
(0.072179 -0.0106879 0)
(0.0718966 -0.0114356 0)
(0.0632885 0.00285376 0)
(0.0612209 0.00436236 0)
(0.0587991 0.00573752 0)
(0.0561727 0.006421 0)
(-0.0178351 0.0174694 0)
(-0.025956 0.0275942 0)
(-0.0368171 0.0389471 0)
(-0.0414919 0.0486272 0)
(-0.0405492 0.0297152 0)
(-0.0427149 0.0338117 0)
(-0.0438302 0.0367606 0)
(-0.0420665 0.0372931 0)
(-0.0305533 0.0291764 0)
(-0.0297996 0.0287881 0)
(-0.0281035 0.0274359 0)
(-0.0256095 0.0251913 0)
(-0.0164214 0.0264786 0)
(-0.0155194 0.0250846 0)
(-0.0144031 0.023252 0)
(-0.0130938 0.0209723 0)
(-0.0072488 0.0234912 0)
(-0.00654241 0.0220405 0)
(-0.00578348 0.0201166 0)
(-0.00496669 0.017771 0)
(-0.00127698 0.02083 0)
(-0.000548152 0.0191595 0)
(0.000270819 0.0169423 0)
(0.00114327 0.0143748 0)
(0.00342269 0.0182088 0)
(0.0042645 0.016035 0)
(0.0052225 0.0134303 0)
(0.0062495 0.0106085 0)
(0.00738477 0.0149792 0)
(0.00846427 0.0121607 0)
(0.00967835 0.0091207 0)
(0.0109547 0.0059701 0)
(0.0106869 0.0102998 0)
(0.0121649 0.00683095 0)
(0.0137725 0.00325799 0)
(0.0154617 -0.000406261 0)
(0.0135516 0.003687 0)
(0.0152232 -0.000301776 0)
(0.0168312 -0.00418746 0)
(0.0183555 -0.00782926 0)
(0.0144874 -0.00296073 0)
(0.0153234 -0.00615215 0)
(0.0158959 -0.00894506 0)
(0.0162905 -0.011422 0)
(0.0104648 -0.00377791 0)
(0.0100212 -0.00578921 0)
(0.0095295 -0.00784539 0)
(0.00903753 -0.00997071 0)
(0.00392694 -0.000228371 0)
(0.00320132 -0.00275827 0)
(0.00262411 -0.00550615 0)
(0.00218271 -0.0083048 0)
(0.00179397 0.00210722 0)
(0.00143902 -0.00118318 0)
(0.00119703 -0.00463774 0)
(0.000990256 -0.0080777 0)
(0.00755941 0.00294466 0)
(0.00746786 -0.000660684 0)
(0.00744516 -0.00447779 0)
(0.0074546 -0.00837927 0)
(0.0219451 0.00348335 0)
(0.0222732 -0.000203642 0)
(0.0225555 -0.00414128 0)
(0.0227138 -0.00827452 0)
(0.0408075 -9.02174e-05 0)
(0.0417187 -0.00305427 0)
(0.042499 -0.00625834 0)
(0.0431015 -0.00973496 0)
(0.0605576 -0.00279608 0)
(0.0616718 -0.00546507 0)
(0.0624352 -0.00818085 0)
(0.0630022 -0.0109707 0)
(0.0712614 -0.0121263 0)
(0.0702698 -0.0127125 0)
(0.0689 -0.0131486 0)
(0.0673069 -0.0135231 0)
(0.0534367 0.00672912 0)
(0.0505957 0.00678301 0)
(0.0477254 0.00632759 0)
(0.0448885 0.00549692 0)
(0.0124517 2.37884e-06 0)
(0.01229 3.32213e-05 0)
(0.011632 7.25009e-05 0)
(0.010265 0.00010566 0)
(0.00814602 0.000118784 0)
(0.00547759 9.90835e-05 0)
(0.00273714 5.31806e-05 0)
(0.000446248 1.45481e-05 0)
(-0.00114118 6.8422e-07 0)
(-0.00200359 -1.76483e-05 0)
(-0.00237466 -4.57818e-06 0)
(-0.00229035 -7.07663e-06 0)
(-0.0015119 -4.49084e-05 0)
(-0.000503677 -5.94054e-05 0)
(-0.000128158 -3.53364e-05 0)
(-0.00105299 5.78342e-05 0)
(-0.00486225 0.000284506 0)
(-0.0092056 1.1997e-05 0)
(0.00691654 -0.00100307 0)
(0.0149432 0.00177244 0)
(0.0362838 1.72456e-05 0)
(0.0360332 0.00015583 0)
(0.0350059 0.000396145 0)
(0.0326429 0.000700193 0)
(0.0284923 0.0009928 0)
(0.022456 0.00115415 0)
(0.015139 0.00108936 0)
(0.00785457 0.00084197 0)
(0.00198124 0.000553434 0)
(-0.00180795 0.000267894 0)
(-0.00375977 8.58244e-05 0)
(-0.00390388 -0.000136691 0)
(-0.00233715 -0.000347009 0)
(-0.000619146 -0.000254834 0)
(-0.000797624 0.000145824 0)
(-0.00410753 0.000875477 0)
(-0.0116359 0.00130145 0)
(-0.0150856 -0.00132788 0)
(0.00607116 -0.00583156 0)
(0.024489 0.00473037 0)
(0.0561376 3.34339e-05 0)
(0.0558941 0.000278541 0)
(0.054901 0.000736916 0)
(0.0525131 0.00139015 0)
(0.0480165 0.00214027 0)
(0.0408299 0.00276334 0)
(0.0309957 0.00297271 0)
(0.0197197 0.00263847 0)
(0.00922153 0.00193504 0)
(0.00148863 0.00111901 0)
(-0.00290851 0.000429197 0)
(-0.00406492 -0.000244149 0)
(-0.00264598 -0.000700694 0)
(-0.000941573 -0.000382647 0)
(-0.00183385 0.000615903 0)
(-0.0063146 0.00200433 0)
(-0.0138769 0.00218797 0)
(-0.0153355 -0.00273732 0)
(0.00356504 -0.0111688 0)
(0.0267993 0.00826725 0)
(0.0720179 4.74713e-05 0)
(0.0718078 0.000388506 0)
(0.0709519 0.00104812 0)
(0.0688518 0.00204257 0)
(0.0647567 0.00328925 0)
(0.0578281 0.00451984 0)
(0.0474756 0.00528342 0)
(0.0341241 0.00517543 0)
(0.0198749 0.0041876 0)
(0.00778081 0.00270616 0)
(-5.70972e-05 0.00122791 0)
(-0.00323827 -0.00013979 0)
(-0.00283859 -0.000972191 0)
(-0.00145456 -0.000436658 0)
(-0.00267786 0.00118573 0)
(-0.00693846 0.00306925 0)
(-0.0128118 0.0028819 0)
(-0.0130083 -0.00393211 0)
(0.00265266 -0.01616 0)
(0.0266705 0.0118492 0)
(0.0843953 5.90538e-05 0)
(0.0842263 0.000481392 0)
(0.0835277 0.0013138 0)
(0.0817803 0.00260959 0)
(0.0782982 0.00431835 0)
(0.0722203 0.00618001 0)
(0.0626128 0.00766258 0)
(0.0490439 0.0081045 0)
(0.0327242 0.00715709 0)
(0.0168421 0.00510153 0)
(0.0049263 0.00268498 0)
(-0.0013183 0.000367714 0)
(-0.00275933 -0.00105404 0)
(-0.00186377 -0.000445238 0)
(-0.00302204 0.00169186 0)
(-0.00629268 0.00386408 0)
(-0.0100526 0.00332254 0)
(-0.00951663 -0.00485702 0)
(0.00258797 -0.0205512 0)
(0.0256772 0.0151765 0)
(0.093742 6.7996e-05 0)
(0.0936157 0.000555502 0)
(0.0930751 0.00153015 0)
(0.0916818 0.00308086 0)
(0.0888332 0.00519189 0)
(0.0837466 0.00763585 0)
(0.0754312 0.00987736 0)
(0.0629055 0.0110927 0)
(0.0462702 0.010559 0)
(0.0279526 0.00822783 0)
(0.0121114 0.00491071 0)
(0.00205764 0.00146529 0)
(-0.00208759 -0.000846888 0)
(-0.0019407 -0.000427434 0)
(-0.00284577 0.00205859 0)
(-0.00501934 0.00434329 0)
(-0.00699187 0.00351108 0)
(-0.0057433 -0.00553848 0)
(0.00277312 -0.0242607 0)
(0.0243611 0.0182452 0)
(0.100465 7.39719e-05 0)
(0.100381 0.000610015 0)
(0.0999947 0.0016967 0)
(0.0989434 0.00345673 0)
(0.0967038 0.00590711 0)
(0.0925842 0.00885691 0)
(0.085677 0.0118111 0)
(0.0748108 0.0138933 0)
(0.0592022 0.0140804 0)
(0.040055 0.011873 0)
(0.0211997 0.0078899 0)
(0.00717457 0.00328542 0)
(-0.000464577 -0.000229325 0)
(-0.00159308 -0.000349808 0)
(-0.00225374 0.00229332 0)
(-0.00362404 0.00457779 0)
(-0.00454108 0.00347881 0)
(-0.00228684 -0.00612808 0)
(0.00296168 -0.0272926 0)
(0.022938 0.0211055 0)
(0.104888 7.68632e-05 0)
(0.104846 0.000644889 0)
(0.10461 0.0018144 0)
(0.103889 0.00374031 0)
(0.102232 0.00647043 0)
(0.0990252 0.00984702 0)
(0.0934691 0.0134281 0)
(0.0844315 0.0163645 0)
(0.0706401 0.0174588 0)
(0.0520808 0.0157628 0)
(0.0315483 0.0114851 0)
(0.0140094 0.00587253 0)
(0.00250511 0.000940772 0)
(-0.00080719 -0.000124031 0)
(-0.00136171 0.00244747 0)
(-0.00232415 0.00469026 0)
(-0.00296999 0.00329334 0)
(0.000522194 -0.00681698 0)
(0.00304027 -0.0297319 0)
(0.0215016 0.0237743 0)
(0.107253 7.66458e-05 0)
(0.107252 0.000660203 0)
(0.107164 0.00188411 0)
(0.106767 0.00393446 0)
(0.105673 0.00688854 0)
(0.103338 0.0106188 0)
(0.0990472 0.0147337 0)
(0.0917875 0.01845 0)
(0.0801424 0.020517 0)
(0.063182 0.0196329 0)
(0.0423604 0.0154815 0)
(0.022245 0.00914961 0)
(0.00701197 0.00280016 0)
(0.000530178 0.000359354 0)
(-0.000263754 0.00258257 0)
(-0.00110825 0.0047924 0)
(-0.00204977 0.0030143 0)
(0.00267463 -0.0073159 0)
(0.00294356 -0.0317427 0)
(0.0200954 0.0262378 0)
(0.107741 7.33046e-05 0)
(0.107782 0.000655944 0)
(0.107842 0.00190631 0)
(0.107764 0.00404108 0)
(0.107222 0.00716602 0)
(0.105732 0.0111827 0)
(0.102644 0.0157452 0)
(0.0970504 0.0201443 0)
(0.0875916 0.0231603 0)
(0.0728134 0.023273 0)
(0.052883 0.0196394 0)
(0.0313632 0.0129673 0)
(0.0129503 0.0053826 0)
(0.00272824 0.00125907 0)
(0.000962404 0.00275134 0)
(0.000133001 0.00495307 0)
(-0.00134012 0.00268134 0)
(0.00428984 -0.00781033 0)
(0.00270753 -0.0333321 0)
(0.0187321 0.0284931 0)
(0.106512 6.6823e-05 0)
(0.106595 0.000632094 0)
(0.106802 0.00188133 0)
(0.10704 0.00406165 0)
(0.107038 0.00730613 0)
(0.106372 0.0115457 0)
(0.104446 0.0164783 0)
(0.100422 0.0214635 0)
(0.0930577 0.0253543 0)
(0.080706 0.0265408 0)
(0.0625252 0.023737 0)
(0.040777 0.0171353 0)
(0.0200281 0.00862508 0)
(0.00602227 0.00271273 0)
(0.00235167 0.00305266 0)
(0.00148281 0.0051779 0)
(-0.000515611 0.00235226 0)
(0.00553485 -0.00827765 0)
(0.00237978 -0.0345665 0)
(0.017403 0.0305407 0)
(0.103737 5.72078e-05 0)
(0.103861 0.000588792 0)
(0.104212 0.00180993 0)
(0.104755 0.00399832 0)
(0.105276 0.00731263 0)
(0.105406 0.0117133 0)
(0.104607 0.0169443 0)
(0.102083 0.0224277 0)
(0.09669 0.0270996 0)
(0.0867929 0.0293561 0)
(0.0708947 0.0275944 0)
(0.0499413 0.0214511 0)
(0.0278425 0.0124018 0)
(0.010479 0.00479839 0)
(0.00403959 0.00358865 0)
(0.00294732 0.00545153 0)
(0.000588979 0.00210054 0)
(0.00653559 -0.00866303 0)
(0.00201656 -0.0354922 0)
(0.0160876 0.0323845 0)
(0.0996195 4.45066e-05 0)
(0.0997837 0.000526434 0)
(0.100272 0.00169367 0)
(0.101105 0.00385489 0)
(0.102116 0.00719173 0)
(0.102996 0.011693 0)
(0.103273 0.017153 0)
(0.102188 0.0230545 0)
(0.0986537 0.0284126 0)
(0.0911289 0.0316846 0)
(0.0777803 0.0310821 0)
(0.0584159 0.0257246 0)
(0.0359572 0.016551 0)
(0.0159728 0.00751601 0)
(0.00622894 0.00447396 0)
(0.00450875 0.00576447 0)
(0.00194194 0.00196014 0)
(0.00738629 -0.00892683 0)
(0.00167468 -0.036139 0)
(0.0147612 0.0340305 0)
(0.0944013 2.88098e-05 0)
(0.0946037 0.000445665 0)
(0.0952213 0.00153493 0)
(0.0963236 0.00363717 0)
(0.0977791 0.00695317 0)
(0.0993375 0.0114972 0)
(0.100608 0.0171172 0)
(0.100883 0.0233607 0)
(0.0991053 0.0293146 0)
(0.0938286 0.0335214 0)
(0.0831092 0.0341176 0)
(0.0658875 0.0297942 0)
(0.0439641 0.0208976 0)
(0.0222445 0.010798 0)
(0.00910953 0.00580833 0)
(0.00616314 0.00615308 0)
(0.00343969 0.00193449 0)
(0.00815835 -0.00904982 0)
(0.0014089 -0.0365252 0)
(0.013397 0.0354857 0)
(0.0883588 1.01919e-05 0)
(0.0885978 0.000347198 0)
(0.0893368 0.00133675 0)
(0.0906829 0.00335287 0)
(0.0925265 0.00661049 0)
(0.0946685 0.0111443 0)
(0.0968098 0.0168566 0)
(0.0983281 0.0233658 0)
(0.0981939 0.0298291 0)
(0.0950281 0.0348789 0)
(0.0869011 0.0366563 0)
(0.0721629 0.0335341 0)
(0.0515196 0.0252712 0)
(0.0289756 0.0145293 0)
(0.0127774 0.00765095 0)
(0.00796134 0.00669113 0)
(0.00499322 0.00202467 0)
(0.00890666 -0.0090312 0)
(0.00127387 -0.0366671 0)
(0.0119667 0.036755 0)
(0.0817954 -1.13344e-05 0)
(0.0820704 0.000231283 0)
(0.0829252 0.00110213 0)
(0.0844913 0.00301094 0)
(0.0866593 0.00618065 0)
(0.0892681 0.0106589 0)
(0.0921192 0.0163994 0)
(0.0947096 0.0230965 0)
(0.0960718 0.029982 0)
(0.0948687 0.0357784 0)
(0.0892301 0.0386813 0)
(0.0771473 0.0368542 0)
(0.05836 0.0295201 0)
(0.0358445 0.0185686 0)
(0.0172013 0.0100096 0)
(0.0100111 0.00746469 0)
(0.00657209 0.00224179 0)
(0.00967727 -0.00887759 0)
(0.00132716 -0.0365646 0)
(0.01044 0.0378573 0)
(0.075038 -3.56566e-05 0)
(0.0753507 9.76061e-05 0)
(0.0763226 0.000833024 0)
(0.0780926 0.00262027 0)
(0.0805191 0.005683 0)
(0.0834574 0.0100717 0)
(0.0868159 0.0157836 0)
(0.0902496 0.0225899 0)
(0.0929068 0.0298068 0)
(0.0934939 0.0362487 0)
(0.0901998 0.0401947 0)
(0.0808188 0.0396939 0)
(0.0642993 0.0335126 0)
(0.0425599 0.0227615 0)
(0.0222409 0.0128414 0)
(0.0124411 0.00855141 0)
(0.00821103 0.00260392 0)
(0.0105238 -0.00858742 0)
(0.00163274 -0.0361668 0)
(0.00879817 0.0387677 0)
(0.0684272 -6.30059e-05 0)
(0.0687836 -5.51014e-05 0)
(0.0698881 0.000528843 0)
(0.0718642 0.00218841 0)
(0.0744889 0.00513827 0)
(0.0775993 0.00941942 0)
(0.0812178 0.015057 0)
(0.0852032 0.0218934 0)
(0.0888883 0.0293427 0)
(0.0910525 0.036323 0)
(0.089929 0.0412158 0)
(0.0832109 0.0420292 0)
(0.0692293 0.0371617 0)
(0.0488857 0.0269742 0)
(0.0276944 0.0160697 0)
(0.0153519 0.0100022 0)
(0.0100012 0.00313145 0)
(0.0115405 -0.00815851 0)
(0.00226305 -0.0353836 0)
(0.00699169 0.0396712 0)
(0.0622836 -9.46156e-05 0)
(0.0626966 -0.000227957 0)
(0.0639713 0.000182307 0)
(0.0661874 0.00172 0)
(0.0689676 0.00456734 0)
(0.0720804 0.00874204 0)
(0.0756671 0.0142791 0)
(0.0798499 0.0210763 0)
(0.0842282 0.0286527 0)
(0.0877011 0.0360453 0)
(0.0885301 0.041755 0)
(0.0843538 0.0438098 0)
(0.073046 0.0403389 0)
(0.0545903 0.031027 0)
(0.033316 0.0195728 0)
(0.0187752 0.0118374 0)
(0.0120808 0.00383704 0)
(0.0128857 -0.00765216 0)
(0.00330269 -0.0342472 0)
(0.00530437 0.0399518 0)
(0.0568397 -0.000132145 0)
(0.0573197 -0.000432717 0)
(0.058829 -0.000200017 0)
(0.061379 0.00122841 0)
(0.0643141 0.00400914 0)
(0.0672763 0.00809279 0)
(0.0705122 0.0134967 0)
(0.0744654 0.0201707 0)
(0.0791334 0.0277688 0)
(0.0836407 0.0354828 0)
(0.0862661 0.0419426 0)
(0.0845652 0.0452162 0)
(0.0760281 0.0432123 0)
(0.0597876 0.0349762 0)
(0.0389866 0.0232435 0)
(0.0226763 0.0139266 0)
(0.014633 0.00466851 0)
(0.0147152 -0.0072055 0)
(0.00483748 -0.0330473 0)
(0.00173688 0.0425026 0)
(0.0451476 -0.000269833 0)
(0.0459474 -0.00123477 0)
(0.0484031 -0.00155912 0)
(0.0521163 -0.00037332 0)
(0.0556592 0.002516 0)
(0.0582807 0.00675085 0)
(0.0603112 0.0120591 0)
(0.0626477 0.0183233 0)
(0.0661658 0.0254531 0)
(0.0709824 0.0331437 0)
(0.0760155 0.0405743 0)
(0.0790025 0.0461903 0)
(0.0769884 0.0477415 0)
(0.0676644 0.0431219 0)
(0.0515797 0.0326972 0)
(0.0346724 0.0207337 0)
(0.023393 0.00782588 0)
(0.0204965 -0.00558955 0)
(0.0103072 -0.0300752 0)
(0.0239045 0.0283844 0)
(0.0297865 -0.000393219 0)
(0.0314147 -0.00247451 0)
(0.0369265 -0.00400284 0)
(0.0439544 -0.00302461 0)
(0.0489383 0.00039136 0)
(0.0507901 0.00555493 0)
(0.050452 0.0114014 0)
(0.0494995 0.0172127 0)
(0.0496569 0.0230711 0)
(0.0522284 0.0294161 0)
(0.0573886 0.0364494 0)
(0.0638008 0.0435954 0)
(0.0686567 0.0490039 0)
(0.0685474 0.0497054 0)
(0.0614223 0.0434986 0)
(0.0493119 0.0316872 0)
(0.0377331 0.0162681 0)
(0.0301733 -0.000508569 0)
(0.019786 -0.0229706 0)
(0.0180665 0.00246666 0)
(0.0118606 -0.00172234 0)
(0.018942 -0.00794856 0)
(0.0310483 -0.0112866 0)
(0.042364 -0.00889755 0)
(0.0498921 -0.00208347 0)
(0.0527635 0.0061212 0)
(0.0513918 0.0135629 0)
(0.0474142 0.0192722 0)
(0.0432829 0.0235208 0)
(0.0413527 0.0273721 0)
(0.0430283 0.0320579 0)
(0.0482396 0.0382086 0)
(0.0551882 0.0449716 0)
(0.0605516 0.0494759 0)
(0.0609098 0.0480485 0)
(0.0553811 0.0392902 0)
(0.04686 0.0243277 0)
(0.0381298 0.00643278 0)
(0.0308833 -0.0141119 0)
(0.0209342 0.000263308 0)
(0.00726061 -0.00642278 0)
(0.019633 -0.019522 0)
(0.0334709 -0.0237671 0)
(0.0446061 -0.0189736 0)
(0.0527512 -0.00859172 0)
(0.0576225 0.00382043 0)
(0.0580732 0.0151318 0)
(0.0541868 0.0232641 0)
(0.0477163 0.0276178 0)
(0.0414543 0.0293318 0)
(0.0379985 0.0307388 0)
(0.0386293 0.0339374 0)
(0.0430669 0.0394448 0)
(0.049232 0.045304 0)
(0.0535779 0.0474598 0)
(0.0533372 0.0425437 0)
(0.0488393 0.0300186 0)
(0.0417675 0.0126627 0)
(0.0368079 -0.00713583 0)
(0.025506 0.00537002 0)
(0.00788122 -0.0112503 0)
(0.0212981 -0.0296593 0)
(0.0325773 -0.032965 0)
(0.0400034 -0.0255163 0)
(0.0458538 -0.013423 0)
(0.0516663 0.00055255 0)
(0.0561582 0.0145132 0)
(0.0569366 0.026001 0)
(0.0531726 0.0327298 0)
(0.0465597 0.0344969 0)
(0.0401313 0.0337506 0)
(0.0362526 0.0337711 0)
(0.0360151 0.0363874 0)
(0.039269 0.0410493 0)
(0.0437647 0.0445555 0)
(0.0461332 0.0426851 0)
(0.0446751 0.0333027 0)
(0.0398398 0.0170489 0)
(0.0352831 -0.00167685 0)
(0.0177382 0.0195331 0)
(0.00410086 -0.0185413 0)
(0.0196458 -0.0385377 0)
(0.0278163 -0.0382294 0)
(0.0311115 -0.0282172 0)
(0.0340527 -0.0159605 0)
(0.0380976 -0.00286494 0)
(0.0441438 0.0114871 0)
(0.0495088 0.0253839 0)
(0.0508797 0.0353505 0)
(0.0476966 0.0392605 0)
(0.0421252 0.0385991 0)
(0.0366701 0.0369998 0)
(0.0329651 0.0370295 0)
(0.0323239 0.0392127 0)
(0.0345468 0.0419931 0)
(0.0370449 0.0416525 0)
(0.0368617 0.0351982 0)
(0.0336515 0.0201743 0)
(0.0263685 0.00744004 0)
(0.000461058 0.0438739 0)
(0.00178556 -0.0283259 0)
(0.0177795 -0.0462304 0)
(0.0232543 -0.0413322 0)
(0.024094 -0.0296641 0)
(0.02514 -0.0179576 0)
(0.0272321 -0.00615974 0)
(0.0307687 0.00723541 0)
(0.0362957 0.0220018 0)
(0.0407477 0.0345372 0)
(0.041567 0.0412394 0)
(0.0391558 0.0422911 0)
(0.0350399 0.0409852 0)
(0.030456 0.0399318 0)
(0.0272772 0.0399628 0)
(0.0269448 0.0410105 0)
(0.028364 0.04087 0)
(0.0279072 0.0367902 0)
(0.025771 0.0235684 0)
(0.0131512 0.0225694 0)
(-0.0161625 0.0681193 0)
(0.00294786 -0.0363131 0)
(0.0168607 -0.0521861 0)
(0.0199194 -0.0432997 0)
(0.019095 -0.0305113 0)
(0.0187404 -0.0193036 0)
(0.0194289 -0.00788116 0)
(0.0201593 0.00445541 0)
(0.0228902 0.0185327 0)
(0.0272632 0.0318008 0)
(0.0305031 0.0403719 0)
(0.0313793 0.0435314 0)
(0.0298202 0.0438295 0)
(0.0261884 0.0432025 0)
(0.0224525 0.0420981 0)
(0.020751 0.0414102 0)
(0.0211111 0.0408851 0)
(0.0195806 0.038637 0)
(0.0185945 0.0285979 0)
(0.000276465 0.0414808 0)
(-0.0257185 0.0834739 0)
(0.00126113 -0.0435747 0)
(0.0150746 -0.0569961 0)
(0.0159039 -0.043722 0)
(0.0130405 -0.0297956 0)
(0.0110442 -0.0189382 0)
(0.0104385 -0.00775491 0)
(0.0102179 0.00381848 0)
(0.0109588 0.0164536 0)
(0.0141271 0.0287126 0)
(0.0182165 0.0376706 0)
(0.0212329 0.0425686 0)
(0.021843 0.045042 0)
(0.0198903 0.0456884 0)
(0.0172813 0.0442597 0)
(0.0157056 0.0423778 0)
(0.0154371 0.0416636 0)
(0.0134514 0.0404221 0)
(0.0131273 0.0354479 0)
(-0.00961414 0.060502 0)
(-0.0281986 0.0879832 0)
(0.003294 -0.0518419 0)
(0.0124131 -0.0593023 0)
(0.00994823 -0.0419715 0)
(0.0048424 -0.0273479 0)
(0.00149671 -0.0171333 0)
(-0.000342772 -0.00654868 0)
(-0.000506026 0.00413328 0)
(-0.000362695 0.0153359 0)
(0.00214262 0.0258737 0)
(0.00628039 0.0343283 0)
(0.0101756 0.0404953 0)
(0.0123432 0.0448901 0)
(0.0127144 0.0467142 0)
(0.0124896 0.0454274 0)
(0.0120947 0.0432093 0)
(0.0116215 0.0426482 0)
(0.0108299 0.041532 0)
(0.00748639 0.0451729 0)
(-0.0164131 0.0762764 0)
(-0.025222 0.083408 0)
(0.00195661 -0.0570731 0)
(0.00660074 -0.0587542 0)
(0.00205386 -0.0381077 0)
(-0.00465873 -0.0236767 0)
(-0.00900328 -0.014653 0)
(-0.0119354 -0.00532584 0)
(-0.0125147 0.00457519 0)
(-0.012431 0.0146637 0)
(-0.010282 0.023582 0)
(-0.00617849 0.0312601 0)
(-0.00132963 0.0379047 0)
(0.00317457 0.043148 0)
(0.00699339 0.0456528 0)
(0.00980438 0.045024 0)
(0.0109629 0.0434107 0)
(0.0106666 0.0430262 0)
(0.0105332 0.0431612 0)
(-0.00034357 0.0580618 0)
(-0.0209983 0.0864767 0)
(-0.0182473 0.0725898 0)
(0.00311138 -0.0601445 0)
(-0.000976063 -0.0546636 0)
(-0.00659159 -0.0327272 0)
(-0.0142735 -0.0192075 0)
(-0.0199234 -0.0115126 0)
(-0.0240812 -0.00334257 0)
(-0.0258093 0.00567219 0)
(-0.0260366 0.0143052 0)
(-0.0235767 0.0215092 0)
(-0.018029 0.0277185 0)
(-0.0102496 0.0335658 0)
(-0.00167722 0.0386884 0)
(0.00612788 0.0418736 0)
(0.0113653 0.0428053 0)
(0.013133 0.0428249 0)
(0.0123173 0.0432979 0)
(0.00757672 0.0489479 0)
(-0.0110022 0.0726241 0)
(-0.0234897 0.0895987 0)
(-0.00913024 0.0586601 0)
(0.00172055 -0.0567382 0)
(-0.0102293 -0.0481166 0)
(-0.0148689 -0.0266115 0)
(-0.0233201 -0.0140234 0)
(-0.0302215 -0.00741054 0)
(-0.0355325 -0.000238166 0)
(-0.0380771 0.0073127 0)
(-0.0378325 0.0135677 0)
(-0.0331132 0.017759 0)
(-0.0235603 0.0209426 0)
(-0.0108726 0.0247635 0)
(0.00204656 0.0299473 0)
(0.0117297 0.0352714 0)
(0.0165475 0.0396279 0)
(0.0163172 0.0427108 0)
(0.0118714 0.046635 0)
(-0.00285765 0.0615475 0)
(-0.0223933 0.0846917 0)
(-0.0229404 0.0845787 0)
(-0.00155748 0.0455065 0)
(-0.00134662 -0.0499669 0)
(-0.0199932 -0.0404165 0)
(-0.022623 -0.02007 0)
(-0.0308414 -0.00833376 0)
(-0.0380904 -0.0027326 0)
(-0.0434336 0.00300781 0)
(-0.0452369 0.00806743 0)
(-0.0426243 0.0104279 0)
(-0.0339179 0.00982899 0)
(-0.0197493 0.00875704 0)
(-0.00358228 0.0106811 0)
(0.00972444 0.018207 0)
(0.0167543 0.0288735 0)
(0.0178787 0.0385194 0)
(0.0138071 0.0457073 0)
(0.00224415 0.0567508 0)
(-0.0191222 0.0773971 0)
(-0.0307967 0.089442 0)
(-0.0188907 0.0717 0)
(0.00185715 0.0357786 0)
(-0.00775704 -0.0432331 0)
(-0.0291776 -0.0331338 0)
(-0.0300203 -0.014388 0)
(-0.0362859 -0.00300271 0)
(-0.0423656 0.00158413 0)
(-0.0461701 0.005029 0)
(-0.045888 0.00665756 0)
(-0.0405174 0.00435839 0)
(-0.0295422 -0.00122011 0)
(-0.0158103 -0.00542714 0)
(-0.0036601 -0.00184726 0)
(0.00450883 0.0112729 0)
(0.00811003 0.0278223 0)
(0.00665932 0.0413445 0)
(-0.000447953 0.0537639 0)
(-0.0165913 0.0719383 0)
(-0.0340578 0.0889763 0)
(-0.0331662 0.0847521 0)
(-0.0132505 0.0549465 0)
(0.00134493 0.028954 0)
(-0.0146888 -0.0325847 0)
(-0.0370377 -0.0274741 0)
(-0.0371431 -0.0108664 0)
(-0.0398068 0.000632152 0)
(-0.0432665 0.00440034 0)
(-0.0448996 0.00531309 0)
(-0.0428477 0.00357049 0)
(-0.0371946 -0.00213564 0)
(-0.0295041 -0.00982478 0)
(-0.0232174 -0.013394 0)
(-0.0197346 -0.006508 0)
(-0.0167 0.0102419 0)
(-0.0145145 0.0296681 0)
(-0.0163131 0.0463551 0)
(-0.0233201 0.0643378 0)
(-0.0350479 0.08362 0)
(-0.0405549 0.0908709 0)
(-0.028186 0.0729393 0)
(-0.00672646 0.0402437 0)
(0.00195003 0.0230165 0)
(-0.0253804 -0.0204769 0)
(-0.0449228 -0.0224714 0)
(-0.0450115 -0.00975098 0)
(-0.0438396 0.00133502 0)
(-0.0436447 0.00500146 0)
(-0.0430885 0.00454284 0)
(-0.0405048 0.00107075 0)
(-0.0371439 -0.00501578 0)
(-0.0356412 -0.0115958 0)
(-0.0379883 -0.0136067 0)
(-0.0415268 -0.00537058 0)
(-0.0423826 0.0125343 0)
(-0.0415665 0.0321381 0)
(-0.0415907 0.0507197 0)
(-0.0425727 0.0702316 0)
(-0.0426477 0.085533 0)
(-0.0346144 0.0833068 0)
(-0.0148205 0.0589984 0)
(0.00481444 0.0296981 0)
(0.0119485 0.0170793 0)
(-0.0278499 -0.0102307 0)
(-0.0482933 -0.0162652 0)
(-0.0529491 -0.00910071 0)
(-0.0511503 0.000400336 0)
(-0.0472275 0.00434066 0)
(-0.045106 0.00347805 0)
(-0.0429783 -0.000403791 0)
(-0.0424269 -0.0052331 0)
(-0.0468151 -0.00963691 0)
(-0.0556558 -0.0108458 0)
(-0.06276 -0.00408282 0)
(-0.0644868 0.0124594 0)
(-0.0621046 0.0300024 0)
(-0.056735 0.0472997 0)
(-0.0476903 0.0641592 0)
(-0.0345605 0.0750485 0)
(-0.0155198 0.0683097 0)
(0.00949459 0.043016 0)
(0.0263854 0.0204213 0)
(0.032074 0.0113978 0)
(-0.0219341 -0.00047883 0)
(-0.0416622 -0.00715188 0)
(-0.0541118 -0.0072354 0)
(-0.0595627 -0.00394753 0)
(-0.0577883 -0.00159475 0)
(-0.0555863 -0.000518088 0)
(-0.0547611 -0.00253519 0)
(-0.0560505 -0.00359302 0)
(-0.062903 -0.00393518 0)
(-0.0736225 -0.00310423 0)
(-0.079835 0.00187763 0)
(-0.0790503 0.0174071 0)
(-0.0715078 0.0294744 0)
(-0.0569199 0.0438602 0)
(-0.0366781 0.0544445 0)
(-0.0123777 0.0621082 0)
(0.0144444 0.0530751 0)
(0.0419563 0.0318307 0)
(0.0599068 0.014251 0)
(0.0663828 0.00504397 0)
(-0.0138713 0.00820527 0)
(-0.0240106 0.00754066 0)
(-0.0350629 0.0070906 0)
(-0.0442058 0.00635652 0)
(-0.0487556 0.00149496 0)
(-0.0528005 0.00627756 0)
(-0.057042 0.000153826 0)
(-0.0596133 0.00274729 0)
(-0.0676231 0.00606739 0)
(-0.0796486 0.00822459 0)
(-0.0827394 -0.00211105 0)
(-0.0778808 0.00696916 0)
(-0.0678728 0.00254723 0)
(-0.043268 0.0103092 0)
(-0.0115925 0.00746456 0)
(0.0225811 0.0209746 0)
(0.0537289 0.0144392 0)
(0.0817964 0.00329823 0)
(0.0989326 0.00175173 0)
(0.0978631 0.00766358 0)
(-0.0149425 0.00172364 0)
(-0.00591133 -0.00105931 0)
(0.0113735 -0.000103587 0)
(0.012169 0.000265551 0)
(0.00925469 0.000170493 0)
(0.00698958 5.69366e-05 0)
(0.00570175 1.63067e-05 0)
(0.00504507 4.17414e-06 0)
(0.00478043 -2.44242e-06 0)
(0.00479192 -6.98843e-06 0)
(0.00501447 -1.28082e-05 0)
(0.00539648 -1.81086e-05 0)
(0.00589679 -2.33635e-05 0)
(0.00649574 -2.93772e-05 0)
(0.00718429 -3.53401e-05 0)
(0.00798094 -4.29175e-05 0)
(0.00882843 -4.56349e-05 0)
(0.00998811 -7.06717e-05 0)
(0.010672 -4.55369e-05 0)
(0.0139504 -0.000157159 0)
(-0.0242788 0.00443369 0)
(-0.00317809 -0.00624553 0)
(0.0185099 -0.00252449 0)
(0.023922 0.000219807 0)
(0.0217449 0.000890983 0)
(0.0179519 0.000687563 0)
(0.0149432 0.000389353 0)
(0.0131231 0.000183568 0)
(0.0122752 4.88588e-05 0)
(0.0121603 -4.6437e-05 0)
(0.0125953 -0.00011935 0)
(0.0134253 -0.000172009 0)
(0.0145233 -0.000211153 0)
(0.0158134 -0.000245322 0)
(0.0172537 -0.000278624 0)
(0.0188672 -0.000313513 0)
(0.0205491 -0.000352888 0)
(0.0227534 -0.000413462 0)
(0.0241229 -0.000518326 0)
(0.0298704 -0.000808843 0)
(-0.0262874 0.00757582 0)
(0.000214948 -0.0119038 0)
(0.0189685 -0.00499531 0)
(0.0255808 -0.000450286 0)
(0.0261865 0.00120855 0)
(0.0240287 0.00132802 0)
(0.0213185 0.000943166 0)
(0.0191977 0.000523956 0)
(0.0179998 0.000187864 0)
(0.0176904 -6.78303e-05 0)
(0.0181145 -0.000258704 0)
(0.0190862 -0.000393606 0)
(0.020435 -0.000488161 0)
(0.0220458 -0.000562104 0)
(0.0238463 -0.00062885 0)
(0.0258425 -0.000693113 0)
(0.0279093 -0.000774029 0)
(0.0305047 -0.00086141 0)
(0.0322052 -0.00112924 0)
(0.0384145 -0.00157402 0)
(-0.0257171 0.0106644 0)
(0.00112532 -0.0171193 0)
(0.0159669 -0.00693272 0)
(0.0218485 -0.00130441 0)
(0.0246153 0.00106035 0)
(0.0250153 0.00160089 0)
(0.0239926 0.00134244 0)
(0.0226269 0.000850468 0)
(0.0216303 0.000359111 0)
(0.0213 -6.0832e-05 0)
(0.0216591 -0.000389767 0)
(0.0225946 -0.0006286 0)
(0.023955 -0.00079612 0)
(0.0256223 -0.00092195 0)
(0.0275143 -0.00102954 0)
(0.0296239 -0.00112597 0)
(0.0318155 -0.00124834 0)
(0.0344875 -0.00135113 0)
(0.0363012 -0.00178132 0)
(0.0421562 -0.0023339 0)
(-0.0241216 0.0134557 0)
(0.000521801 -0.0215673 0)
(0.0112051 -0.00828138 0)
(0.0160999 -0.00219551 0)
(0.0201777 0.000537552 0)
(0.0226238 0.00143153 0)
(0.0234657 0.00141629 0)
(0.0233602 0.00100145 0)
(0.0230283 0.000462518 0)
(0.0229555 -6.46939e-05 0)
(0.0233488 -0.000509708 0)
(0.0242166 -0.000848108 0)
(0.0254733 -0.00109172 0)
(0.0270359 -0.00127507 0)
(0.0288416 -0.0014292 0)
(0.0308897 -0.0015619 0)
(0.0330442 -0.00172449 0)
(0.0356307 -0.00183589 0)
(0.0374406 -0.00239867 0)
(0.0425856 -0.00301692 0)
(-0.0220649 0.0159904 0)
(-0.000844295 -0.0251206 0)
(0.00599558 -0.00913058 0)
(0.0106135 -0.00315392 0)
(0.0153359 -0.000231112 0)
(0.0188326 0.000933521 0)
(0.0209777 0.00118684 0)
(0.0220315 0.000933453 0)
(0.022498 0.000440472 0)
(0.0228534 -0.00012094 0)
(0.0233943 -0.000636971 0)
(0.0242224 -0.00104966 0)
(0.0253298 -0.00135763 0)
(0.0266974 -0.00159599 0)
(0.0283108 -0.00179975 0)
(0.0301956 -0.00197404 0)
(0.0322263 -0.00217773 0)
(0.0346476 -0.00229514 0)
(0.0364162 -0.0029517 0)
(0.0406686 -0.00359492 0)
(-0.0198052 0.0183489 0)
(-0.00258484 -0.0277355 0)
(0.00124028 -0.00979105 0)
(0.0062817 -0.00422165 0)
(0.0111215 -0.00109267 0)
(0.0148488 0.000281678 0)
(0.0176399 0.000765901 0)
(0.0194775 0.000688353 0)
(0.0206094 0.000292342 0)
(0.0213889 -0.000244736 0)
(0.0220973 -0.000782233 0)
(0.0228757 -0.00123315 0)
(0.0237899 -0.00158453 0)
(0.0249052 -0.00187092 0)
(0.0262752 -0.00212733 0)
(0.0279599 -0.00235095 0)
(0.0298463 -0.00259906 0)
(0.0320822 -0.00272352 0)
(0.0338299 -0.0034319 0)
(0.0370977 -0.00405167 0)
(-0.0174852 0.0205765 0)
(-0.00447796 -0.0294537 0)
(-0.0027305 -0.0106396 0)
(0.00273154 -0.00531918 0)
(0.00736482 -0.00192918 0)
(0.0110137 -0.000404948 0)
(0.0140693 0.000254182 0)
(0.0163388 0.000331367 0)
(0.0179008 5.11869e-05 0)
(0.0189695 -0.000422112 0)
(0.0197519 -0.000935586 0)
(0.0204009 -0.00138754 0)
(0.0210617 -0.00176172 0)
(0.0218957 -0.00209252 0)
(0.0230233 -0.00240896 0)
(0.024527 -0.00269334 0)
(0.0262992 -0.00299061 0)
(0.0283692 -0.00312569 0)
(0.0301492 -0.00384135 0)
(0.032404 -0.00437825 0)
(-0.0151877 0.0226696 0)
(-0.00639147 -0.0305225 0)
(-0.00616357 -0.011275 0)
(-0.000719206 -0.00631574 0)
(0.00369054 -0.00271825 0)
(0.00727045 -0.00109743 0)
(0.0104617 -0.000301079 0)
(0.0129286 -8.49207e-05 0)
(0.0146925 -0.000239785 0)
(0.0158524 -0.0006194 0)
(0.0165484 -0.00107046 0)
(0.0169624 -0.00149463 0)
(0.0173318 -0.00188149 0)
(0.0179034 -0.00226257 0)
(0.0188376 -0.00265209 0)
(0.0202154 -0.00301078 0)
(0.0219278 -0.00336091 0)
(0.0238685 -0.00351143 0)
(0.0257429 -0.00418757 0)
(0.027008 -0.00457215 0)
(-0.0129716 0.0246697 0)
(-0.0083493 -0.0309367 0)
(-0.00937053 -0.0118083 0)
(-0.00434385 -0.00727722 0)
(-8.46759e-05 -0.00348852 0)
(0.00348305 -0.0018009 0)
(0.00676699 -0.000879407 0)
(0.00928242 -0.000522767 0)
(0.0110588 -0.000538759 0)
(0.0121176 -0.000797835 0)
(0.0125847 -0.0011591 0)
(0.0127073 -0.00154295 0)
(0.0128095 -0.00194738 0)
(0.0131858 -0.00239307 0)
(0.0139996 -0.00287053 0)
(0.0153144 -0.00331579 0)
(0.0170211 -0.00371976 0)
(0.0188756 -0.0038916 0)
(0.0208964 -0.00448034 0)
(0.0212493 -0.00463701 0)
(-0.0108848 0.0266226 0)
(-0.0103656 -0.0307604 0)
(-0.012508 -0.0122165 0)
(-0.00818775 -0.00813837 0)
(-0.00406786 -0.00426271 0)
(-0.000495239 -0.00250949 0)
(0.00282988 -0.00146249 0)
(0.00528804 -0.000953428 0)
(0.00694445 -0.000812017 0)
(0.00777713 -0.000928873 0)
(0.00796039 -0.00118891 0)
(0.00782095 -0.0015373 0)
(0.0077337 -0.00197428 0)
(0.00799618 -0.00250034 0)
(0.00875541 -0.00307793 0)
(0.0100604 -0.00361933 0)
(0.0118066 -0.00407631 0)
(0.0136301 -0.00427646 0)
(0.015818 -0.00473092 0)
(0.0154167 -0.00458917 0)
(-0.00896815 0.0285643 0)
(-0.0124483 -0.0300332 0)
(-0.0156583 -0.0124625 0)
(-0.0122426 -0.0088856 0)
(-0.00832073 -0.00502669 0)
(-0.00477432 -0.00321541 0)
(-0.00148946 -0.00203476 0)
(0.000851499 -0.00135613 0)
(0.00232297 -0.00104046 0)
(0.00290063 -0.00100421 0)
(0.00284032 -0.00116714 0)
(0.00252216 -0.00149469 0)
(0.00232869 -0.00197968 0)
(0.00253929 -0.00259771 0)
(0.00329158 -0.00328445 0)
(0.00463184 -0.00393014 0)
(0.00645681 -0.00444066 0)
(0.0083282 -0.00467448 0)
(0.0106507 -0.00495035 0)
(0.00978786 -0.00447267 0)
(-0.00725677 0.0305274 0)
(-0.0145957 -0.0287899 0)
(-0.018847 -0.0125143 0)
(-0.0164669 -0.00950361 0)
(-0.0128286 -0.00576114 0)
(-0.0093765 -0.00390745 0)
(-0.00620295 -0.00258465 0)
(-0.00400177 -0.00172154 0)
(-0.00272352 -0.00122202 0)
(-0.00235282 -0.00103328 0)
(-0.00257439 -0.00111143 0)
(-0.00299274 -0.00143246 0)
(-0.00323753 -0.00197604 0)
(-0.00304032 -0.00269408 0)
(-0.00225548 -0.00349802 0)
(-0.000835477 -0.00425556 0)
(0.0011078 -0.00482609 0)
(0.00313026 -0.00508945 0)
(0.00550225 -0.00514436 0)
(0.00463827 -0.00434806 0)
(-0.00578083 0.0325463 0)
(-0.0167953 -0.0270641 0)
(-0.0220522 -0.0123496 0)
(-0.0207821 -0.0099817 0)
(-0.0175072 -0.00645159 0)
(-0.0142166 -0.00457009 0)
(-0.0111956 -0.00310517 0)
(-0.00913609 -0.00205292 0)
(-0.008023 -0.00136678 0)
(-0.00779277 -0.00103258 0)
(-0.00811081 -0.00103689 0)
(-0.00858511 -0.00136039 0)
(-0.00885087 -0.00196977 0)
(-0.00863389 -0.00279655 0)
(-0.00777339 -0.00372793 0)
(-0.00622374 -0.00460463 0)
(-0.00411809 -0.00524711 0)
(-0.00184057 -0.0055207 0)
(0.000507053 -0.0053323 0)
(7.16019e-05 -0.00421949 0)
(-0.00456427 0.0346543 0)
(-0.0190251 -0.0248992 0)
(-0.0252093 -0.0119564 0)
(-0.0250773 -0.0103133 0)
(-0.0222308 -0.00708508 0)
(-0.0191465 -0.00519597 0)
(-0.0162952 -0.00359608 0)
(-0.01437 -0.00235543 0)
(-0.0133906 -0.00148548 0)
(-0.0132604 -0.00101307 0)
(-0.0136437 -0.00095061 0)
(-0.0141483 -0.00128308 0)
(-0.0144027 -0.00196629 0)
(-0.0141207 -0.00291245 0)
(-0.0131345 -0.0039828 0)
(-0.0114064 -0.00498907 0)
(-0.00907441 -0.00571656 0)
(-0.00649334 -0.00597704 0)
(-0.0041041 -0.00561421 0)
(-0.00357478 -0.00413594 0)
(-0.00362099 0.0368927 0)
(-0.0212562 -0.0223561 0)
(-0.0282108 -0.0113366 0)
(-0.0292091 -0.0104952 0)
(-0.0268538 -0.00765116 0)
(-0.0240064 -0.0057804 0)
(-0.0213283 -0.0040564 0)
(-0.0195323 -0.0026315 0)
(-0.018671 -0.00158259 0)
(-0.018623 -0.000978729 0)
(-0.0190489 -0.000856835 0)
(-0.0195453 -0.00120744 0)
(-0.0197277 -0.00197613 0)
(-0.0193059 -0.00305422 0)
(-0.0181241 -0.0042745 0)
(-0.016167 -0.00541958 0)
(-0.0135754 -0.00623946 0)
(-0.0106887 -0.00648732 0)
(-0.00800683 -0.00600234 0)
(-0.00639643 -0.00421812 0)
(-0.00296757 0.0392602 0)
(-0.0234614 -0.0194936 0)
(-0.0309058 -0.0105137 0)
(-0.0329913 -0.0105266 0)
(-0.0312058 -0.00813927 0)
(-0.0286372 -0.00631948 0)
(-0.0261339 -0.00448525 0)
(-0.0244585 -0.00288158 0)
(-0.023703 -0.00165998 0)
(-0.0237168 -0.000933863 0)
(-0.0241408 -0.000764602 0)
(-0.0245496 -0.00114863 0)
(-0.0245487 -0.0020189 0)
(-0.0238642 -0.00324161 0)
(-0.0223854 -0.0046184 0)
(-0.0201451 -0.005905 0)
(-0.0172889 -0.0068234 0)
(-0.0141075 -0.00708213 0)
(-0.0110295 -0.00650079 0)
(-0.00848726 -0.00444331 0)
(-0.00254668 0.0419136 0)
(-0.0256275 -0.0163173 0)
(-0.0331164 -0.0095365 0)
(-0.0361816 -0.0104061 0)
(-0.0350635 -0.00853744 0)
(-0.0328582 -0.00681431 0)
(-0.0305461 -0.00489332 0)
(-0.0289616 -0.00311744 0)
(-0.0282701 -0.00172762 0)
(-0.0282924 -0.000890258 0)
(-0.0286261 -0.000691825 0)
(-0.028813 -0.00113119 0)
(-0.0284609 -0.00212203 0)
(-0.0273458 -0.00349907 0)
(-0.0254426 -0.00502999 0)
(-0.022862 -0.00644809 0)
(-0.0197586 -0.00746121 0)
(-0.0163324 -0.00775007 0)
(-0.0128496 -0.0070702 0)
(-0.00946885 -0.00480109 0)
(-0.00277443 0.0443848 0)
(-0.0277606 -0.0128214 0)
(-0.0346845 -0.00845535 0)
(-0.0384822 -0.0101302 0)
(-0.0381111 -0.00882672 0)
(-0.0364063 -0.00725821 0)
(-0.0343582 -0.0052917 0)
(-0.0328224 -0.00336026 0)
(-0.0320864 -0.00180474 0)
(-0.031996 -0.000863678 0)
(-0.0321006 -0.000656583 0)
(-0.0318973 -0.00117669 0)
(-0.031012 -0.00230915 0)
(-0.0293051 -0.00384737 0)
(-0.0268673 -0.00551971 0)
(-0.0239023 -0.00704366 0)
(-0.0205832 -0.00813487 0)
(-0.0170006 -0.00847162 0)
(-0.013089 -0.00767893 0)
(-0.00856934 -0.00524795 0)
(-0.00117544 0.0485846 0)
(-0.0297393 -0.0094021 0)
(-0.0355002 -0.00730457 0)
(-0.0395296 -0.00972287 0)
(-0.0398544 -0.00897303 0)
(-0.0387617 -0.00758606 0)
(-0.0371432 -0.00560911 0)
(-0.0357096 -0.00356094 0)
(-0.0348097 -0.00187432 0)
(-0.0344058 -0.000859122 0)
(-0.0341027 -0.000677419 0)
(-0.0333666 -0.00131696 0)
(-0.0318366 -0.00262131 0)
(-0.0294741 -0.00432298 0)
(-0.0264863 -0.00610953 0)
(-0.0231485 -0.00770046 0)
(-0.019655 -0.00885526 0)
(-0.0160538 -0.00931156 0)
(-0.0118411 -0.00848872 0)
(-0.00548057 -0.00588308 0)
(-0.0310573 0.0442241 0)
(-0.0319216 -0.0051609 0)
(-0.0348045 -0.00500396 0)
(-0.0371571 -0.00881014 0)
(-0.0380242 -0.00894773 0)
(-0.0378434 -0.00784942 0)
(-0.0374052 -0.00587897 0)
(-0.0368461 -0.0037288 0)
(-0.0361844 -0.00201233 0)
(-0.0351846 -0.0011637 0)
(-0.0335743 -0.00133685 0)
(-0.0312123 -0.00241511 0)
(-0.0281613 -0.00410781 0)
(-0.0246273 -0.0060622 0)
(-0.0208714 -0.00794309 0)
(-0.0171185 -0.00952921 0)
(-0.0135229 -0.0106971 0)
(-0.0101756 -0.0114199 0)
(-0.00701318 -0.0110697 0)
(0.00203533 -0.00900673 0)
(-0.0329849 0.0254126 0)
(-0.0258538 -0.00095861 0)
(-0.0298093 -0.00347714 0)
(-0.0275092 -0.00801284 0)
(-0.0271981 -0.00884271 0)
(-0.026585 -0.0080239 0)
(-0.0264369 -0.00628271 0)
(-0.0260705 -0.00444798 0)
(-0.0252363 -0.00315769 0)
(-0.0237074 -0.00283253 0)
(-0.021432 -0.00354862 0)
(-0.0185229 -0.00509305 0)
(-0.0152043 -0.00710134 0)
(-0.0117117 -0.00921129 0)
(-0.00825482 -0.0110632 0)
(-0.00494629 -0.0124968 0)
(-0.00198226 -0.0134257 0)
(0.000915067 -0.0137897 0)
(0.00054785 -0.0141547 0)
(0.00432469 -0.0137515 0)
(-0.0200134 0.0158238 0)
(-0.0152979 -0.00102566 0)
(-0.0161997 -0.00480683 0)
(-0.0118208 -0.00923819 0)
(-0.00906546 -0.009885 0)
(-0.00664898 -0.00856584 0)
(-0.00577562 -0.0065177 0)
(-0.00563645 -0.00485966 0)
(-0.00549178 -0.00405634 0)
(-0.0048211 -0.00426245 0)
(-0.00355071 -0.00542079 0)
(-0.00187295 -0.00725567 0)
(-8.90256e-05 -0.00939394 0)
(0.00162369 -0.0114792 0)
(0.00313099 -0.0132498 0)
(0.00455586 -0.0145136 0)
(0.00566723 -0.0152254 0)
(0.00734241 -0.0142433 0)
(0.00558604 -0.0128773 0)
(0.00109565 -0.0126958 0)
(-0.0100116 0.0127244 0)
(-0.00696082 -0.00148867 0)
(-0.00475297 -0.00788283 0)
(0.000749562 -0.0127674 0)
(0.0054189 -0.0131789 0)
(0.00964363 -0.0108988 0)
(0.0124223 -0.00755809 0)
(0.0137519 -0.00482878 0)
(0.0139541 -0.00364067 0)
(0.0136615 -0.00402958 0)
(0.013369 -0.00550889 0)
(0.0131478 -0.00754347 0)
(0.0128092 -0.00969139 0)
(0.0121733 -0.01163 0)
(0.0111568 -0.0133009 0)
(0.0100773 -0.01456 0)
(0.00910979 -0.0154172 0)
(0.00903367 -0.0139958 0)
(0.00749403 -0.00971449 0)
(0.000704085 -0.00963722 0)
(-0.00265478 0.0097945 0)
(0.000624095 -0.00359439 0)
(0.00543926 -0.0120004 0)
(0.0118006 -0.0171867 0)
(0.0170495 -0.0173468 0)
(0.0209775 -0.0141955 0)
(0.0235828 -0.00988306 0)
(0.0251519 -0.0061577 0)
(0.0259267 -0.00395392 0)
(0.0259351 -0.00351843 0)
(0.025221 -0.00455851 0)
(0.0239342 -0.00640764 0)
(0.0221177 -0.0083385 0)
(0.019643 -0.00995309 0)
(0.0164657 -0.0113812 0)
(0.0131381 -0.0128014 0)
(0.0104666 -0.0141538 0)
(0.00916725 -0.0130581 0)
(0.00784197 -0.00670248 0)
(0.000556469 -0.00633216 0)
(0.00363626 0.00622455 0)
(0.00889689 -0.00708587 0)
(0.0159891 -0.0171054 0)
(0.0224227 -0.0219526 0)
(0.0268896 -0.0211102 0)
(0.0295399 -0.0166418 0)
(0.0308142 -0.0112128 0)
(0.0311561 -0.00681204 0)
(0.0310087 -0.00426159 0)
(0.0306006 -0.00346001 0)
(0.0298458 -0.00394161 0)
(0.0285079 -0.00511022 0)
(0.0262871 -0.00628702 0)
(0.0228999 -0.00713321 0)
(0.0183484 -0.00808257 0)
(0.0135065 -0.00979444 0)
(0.00985507 -0.0121544 0)
(0.00836498 -0.011757 0)
(0.00748456 -0.00365844 0)
(0.000118733 -0.00277472 0)
(0.00938101 0.0019203 0)
(0.0174815 -0.0126327 0)
(0.0251363 -0.0227512 0)
(0.0300431 -0.0261053 0)
(0.0322868 -0.0235438 0)
(0.032871 -0.0177457 0)
(0.0326702 -0.0114446 0)
(0.0321052 -0.00651559 0)
(0.0313428 -0.00369688 0)
(0.0304832 -0.00276016 0)
(0.0294864 -0.00303549 0)
(0.0280352 -0.00370674 0)
(0.0256299 -0.00397452 0)
(0.0219223 -0.00375562 0)
(0.0169378 -0.00409082 0)
(0.0116619 -0.00628563 0)
(0.00782175 -0.0101648 0)
(0.00673873 -0.0107884 0)
(0.00684367 -0.000901407 0)
(0.00124719 -0.000309227 0)
(0.0158373 -0.00427392 0)
(0.0246765 -0.0190981 0)
(0.0302185 -0.0272335 0)
(0.03197 -0.0280512 0)
(0.0313149 -0.0236883 0)
(0.029747 -0.0170875 0)
(0.0283003 -0.010636 0)
(0.0273006 -0.0057747 0)
(0.0265999 -0.00300369 0)
(0.0259756 -0.00202763 0)
(0.0250771 -0.00204864 0)
(0.0233898 -0.00214226 0)
(0.0209375 -0.00152944 0)
(0.0178134 -0.000353448 0)
(0.0138575 -0.00021051 0)
(0.0094987 -0.00302172 0)
(0.00593989 -0.00850945 0)
(0.00493499 -0.0104318 0)
(0.00544505 0.00097562 0)
(0.00163553 0.00100601 0)
(0.0211569 -0.0115319 0)
(0.0273343 -0.0239679 0)
(0.0289192 -0.0288054 0)
(0.0274369 -0.0272058 0)
(0.0245515 -0.0217255 0)
(0.0215655 -0.0151258 0)
(0.0195107 -0.00925301 0)
(0.018546 -0.00502288 0)
(0.0182312 -0.00264836 0)
(0.0178828 -0.00171081 0)
(0.0164978 -0.00126091 0)
(0.013877 -0.000318952 0)
(0.0124077 0.000881549 0)
(0.0125441 0.00213044 0)
(0.0118546 0.00239015 0)
(0.0092298 -0.000431267 0)
(0.0056428 -0.00670052 0)
(0.00362469 -0.0101873 0)
(0.00386813 0.00230296 0)
(0.000626519 0.00253446 0)
(0.021785 -0.0167731 0)
(0.023456 -0.0253175 0)
(0.0219055 -0.0275414 0)
(0.0188677 -0.0245516 0)
(0.0150763 -0.0186613 0)
(0.0114771 -0.0126459 0)
(0.00933368 -0.00784228 0)
(0.0084954 -0.00460203 0)
(0.00808662 -0.00255409 0)
(0.00628456 -0.00035802 0)
(0.00317304 0.00174605 0)
(0.00336848 0.000980592 0)
(0.00673579 -0.000405234 0)
(0.0108199 0.000687219 0)
(0.0132448 0.00285562 0)
(0.0120035 0.0020754 0)
(0.00749328 -0.00381544 0)
(0.00358605 -0.00910702 0)
(0.00306489 0.00353307 0)
(0.00221361 0.00289008 0)
(0.0162787 -0.0176806 0)
(0.0152815 -0.024107 0)
(0.0131805 -0.0253419 0)
(0.0102816 -0.0215184 0)
(0.00638223 -0.0153049 0)
(0.00251183 -0.0101672 0)
(0.00028538 -0.00654977 0)
(-0.00104908 -0.00380987 0)
(-0.00286122 -0.000303725 0)
(-0.00429386 0.00221057 0)
(-0.00178592 0.000353385 0)
(0.00377741 -0.00333498 0)
(0.00884762 -0.00508178 0)
(0.0128023 -0.00312417 0)
(0.0155858 0.00178095 0)
(0.0151055 0.00441425 0)
(0.0101729 0.000144552 0)
(0.00460191 -0.00665462 0)
(0.00214558 0.00502454 0)
(-0.0011331 0.00388374 0)
(0.00786961 -0.0164639 0)
(0.00759991 -0.0230374 0)
(0.00666068 -0.0236975 0)
(0.00436557 -0.0187237 0)
(0.000615225 -0.0120347 0)
(-0.00342527 -0.00778242 0)
(-0.00606159 -0.00468797 0)
(-0.0076529 -0.00185696 0)
(-0.00706391 -0.000197154 0)
(-0.00336251 -0.000985667 0)
(0.00344656 -0.00474407 0)
(0.0095047 -0.0076288 0)
(0.0137425 -0.00808929 0)
(0.0159409 -0.00525833 0)
(0.0171052 0.00111998 0)
(0.0164886 0.00653691 0)
(0.0117902 0.00431247 0)
(0.00590495 -0.00325232 0)
(0.00272948 0.0067152 0)
(0.00275237 0.00453794 0)
(0.0020561 -0.0163211 0)
(0.00340069 -0.0232521 0)
(0.00391697 -0.0227697 0)
(0.00207841 -0.0163847 0)
(-0.00118906 -0.00915051 0)
(-0.00535366 -0.00522452 0)
(-0.00792911 -0.00318895 0)
(-0.00753853 -0.00286643 0)
(-0.00412781 -0.00366857 0)
(0.00185813 -0.00606 0)
(0.00809156 -0.00951427 0)
(0.0131356 -0.0113434 0)
(0.0163679 -0.0101796 0)
(0.0174366 -0.00604363 0)
(0.0171741 0.00150168 0)
(0.0159463 0.00877237 0)
(0.0116851 0.00814809 0)
(0.00645124 0.000326112 0)
(0.00255196 0.00864489 0)
(0.00184617 0.00396896 0)
(0.00192961 -0.0174895 0)
(0.00382033 -0.024644 0)
(0.00527706 -0.0224849 0)
(0.00370519 -0.0145905 0)
(0.000974865 -0.00648796 0)
(-0.00327301 -0.00275166 0)
(-0.00595177 -0.00254586 0)
(-0.00553557 -0.00496369 0)
(-0.00249867 -0.00807099 0)
(0.00292468 -0.01119 0)
(0.00842253 -0.014195 0)
(0.0125785 -0.0146532 0)
(0.0151627 -0.0116943 0)
(0.0156943 -0.00608959 0)
(0.0148976 0.00260462 0)
(0.0134704 0.0110217 0)
(0.010011 0.0112336 0)
(0.00629313 0.0034803 0)
(0.00238567 0.0109137 0)
(0.000941424 0.00488233 0)
(0.00932578 -0.0190712 0)
(0.0105182 -0.0264699 0)
(0.0108946 -0.0226563 0)
(0.00912394 -0.0129556 0)
(0.0061422 -0.00376315 0)
(0.00228142 0.000204645 0)
(-0.000895132 -0.00116809 0)
(-0.0017637 -0.00602211 0)
(-0.000667534 -0.0113915 0)
(0.00293646 -0.0156307 0)
(0.00697441 -0.0181671 0)
(0.00963173 -0.0172941 0)
(0.0113254 -0.0127068 0)
(0.0113615 -0.00580053 0)
(0.0104409 0.00388342 0)
(0.00938458 0.0128586 0)
(0.00734647 0.0131196 0)
(0.00580215 0.00582858 0)
(0.00240326 0.0130045 0)
(0.00229431 0.00544233 0)
(0.0248851 -0.0194778 0)
(0.0242153 -0.0267337 0)
(0.020722 -0.022118 0)
(0.0173797 -0.01098 0)
(0.0136312 -0.00118234 0)
(0.0104136 0.00288523 0)
(0.00756894 0.000984216 0)
(0.00580552 -0.00495198 0)
(0.00510461 -0.0119441 0)
(0.00530678 -0.017396 0)
(0.00607926 -0.0197834 0)
(0.00595434 -0.0181954 0)
(0.00605688 -0.0127939 0)
(0.00563248 -0.00502882 0)
(0.00459726 0.00505653 0)
(0.00438272 0.0137686 0)
(0.00467361 0.0132529 0)
(0.00534951 0.0072193 0)
(0.00238954 0.0144353 0)
(0.00335027 0.00485497 0)
(0.0451457 -0.018755 0)
(0.0413362 -0.0235494 0)
(0.0324846 -0.0186698 0)
(0.0259691 -0.00796439 0)
(0.0218492 0.00155368 0)
(0.0189433 0.00524333 0)
(0.0168392 0.0031961 0)
(0.0150428 -0.00276515 0)
(0.0132185 -0.00998688 0)
(0.00976187 -0.0157725 0)
(0.00595743 -0.0181329 0)
(0.00200202 -0.0166786 0)
(-0.000380666 -0.011791 0)
(-0.000906768 -0.0038054 0)
(-0.00179653 0.00600596 0)
(-0.00022528 0.0132939 0)
(0.00344764 0.0117068 0)
(0.00458929 0.00825725 0)
(0.00162486 0.01552 0)
(0.00385854 0.00278984 0)
(0.0623539 -0.0165877 0)
(0.0531926 -0.0168321 0)
(0.0397548 -0.0113636 0)
(0.0307928 -0.00320494 0)
(0.0270876 0.00394763 0)
(0.0255354 0.0066781 0)
(0.0242765 0.00484404 0)
(0.0231211 -0.000849995 0)
(0.0207365 -0.00694286 0)
(0.0140931 -0.0116471 0)
(0.00593946 -0.0137216 0)
(-0.00192147 -0.0132095 0)
(-0.00773828 -0.0102051 0)
(-0.00859538 -0.00332045 0)
(-0.00685617 0.00426061 0)
(-0.00348424 0.00898407 0)
(0.00194664 0.0078147 0)
(-4.685e-05 0.00911207 0)
(-0.00106058 0.0157299 0)
(-0.00126165 0.00386542 0)
(0.0611936 -0.0126251 0)
(0.0480087 -0.00752942 0)
(0.034702 -0.00186169 0)
(0.0272695 0.00325559 0)
(0.0264253 0.006058 0)
(0.0283155 0.00740946 0)
(0.0291471 0.00645973 0)
(0.0288468 -4.98419e-05 0)
(0.0252116 -0.00341848 0)
(0.0155809 -0.00657302 0)
(0.00502656 -0.00735322 0)
(-0.00476527 -0.00799587 0)
(-0.0140866 -0.00773397 0)
(-0.0177618 -0.00432212 0)
(-0.0155949 0.0018586 0)
(-0.0111788 0.00623391 0)
(-0.00737272 0.00937873 0)
(-0.00671263 0.0131742 0)
(-0.000214026 0.0149482 0)
(0.00480507 0.00282359 0)
(0.0364414 0.00558913 0)
(0.0247812 0.00517165 0)
(0.0190323 0.00369392 0)
(0.0172233 0.00505697 0)
(0.0196964 0.00117226 0)
(0.024612 0.00305605 0)
(0.0247106 0.00739568 0)
(0.0233984 0.000834227 0)
(0.0198035 0.00601046 0)
(0.0111035 0.00530514 0)
(0.00333791 0.00428266 0)
(-0.00476153 0.00389714 0)
(-0.013831 0.00195472 0)
(-0.0189148 -0.000494009 0)
(-0.0195697 0.00105516 0)
(-0.0174205 0.000351316 0)
(-0.0132339 0.0029915 0)
(-0.00912408 0.00414407 0)
(0.00312238 0.00159099 0)
(0.00224308 0.00561745 0)
)
;

boundaryField
{
    left_open
    {
        type            pressureInletOutletVelocity;
        value           nonuniform List<vector> 
40
(
(0.0124517 0 0)
(0.0362838 0 0)
(0.0561376 0 0)
(0.0720179 0 0)
(0.0843953 0 0)
(0.093742 0 0)
(0.100465 0 0)
(0.104888 0 0)
(0.107253 0 0)
(0.107741 0 0)
(0.106512 0 0)
(0.103737 0 0)
(0.0996195 0 0)
(0.0944013 0 0)
(0.0883588 0 0)
(0.0817954 0 0)
(0.075038 0 0)
(0.0684272 0 0)
(0.0622836 0 0)
(0.0568397 0 0)
(0.0451476 0 0)
(0.0297865 0 0)
(0.0118606 0 0)
(0.00726061 0 0)
(0.00788122 0 0)
(0.00410086 0 0)
(0.00178556 0 0)
(0.00294786 0 0)
(0.00126113 -0.0435747 0)
(0.003294 0 0)
(0.00195661 -0.0570731 0)
(0.00311138 0 0)
(0.00172055 0 0)
(-0.00134662 -0.0499669 0)
(-0.00775704 -0.0432331 0)
(-0.0146888 -0.0325847 0)
(-0.0253804 -0.0204769 0)
(-0.0278499 -0.0102307 0)
(-0.0219341 -0.00047883 0)
(-0.0138713 0.00820527 0)
)
;
    }
    right_open
    {
        type            pressureInletOutletVelocity;
        value           nonuniform List<vector> 
40
(
(0.0139504 -0.000157159 0)
(0.0298704 -0.000808843 0)
(0.0384145 -0.00157402 0)
(0.0421562 -0.0023339 0)
(0.0425856 -0.00301692 0)
(0.0406686 -0.00359492 0)
(0.0370977 -0.00405167 0)
(0.032404 -0.00437825 0)
(0.027008 -0.00457215 0)
(0.0212493 -0.00463701 0)
(0.0154167 -0.00458917 0)
(0.00978786 -0.00447267 0)
(0.00463827 -0.00434806 0)
(7.16019e-05 -0.00421949 0)
(-0.00357478 0 0)
(-0.00639643 0 0)
(-0.00848726 0 0)
(-0.00946885 0 0)
(-0.00856934 0 0)
(-0.00548057 0 0)
(0.00203533 -0.00900673 0)
(0.00432469 -0.0137515 0)
(0.00109565 -0.0126958 0)
(0.000704085 -0.00963722 0)
(0.000556469 -0.00633216 0)
(0.000118733 0 0)
(0.00124719 -0.000309227 0)
(0.00163553 0.00100601 0)
(0.000626519 0 0)
(0.00221361 0.00289008 0)
(-0.0011331 0 0)
(0.00275237 0.00453794 0)
(0.00184617 0.00396896 0)
(0.000941424 0.00488233 0)
(0.00229431 0.00544233 0)
(0.00335027 0.00485497 0)
(0.00385854 0.00278984 0)
(-0.00126165 0 0)
(0.00480507 0.00282359 0)
(0.00224308 0 0)
)
;
    }
    base_side
    {
        type            noSlip;
    }
    top
    {
        type            pressureInletOutletVelocity;
        value           nonuniform List<vector> 
65
(
(-0.0138713 0.00820527 0)
(-0.0240106 0.00754066 0)
(-0.0350629 0.0070906 0)
(-0.0442058 0.00635652 0)
(-0.0487556 0.00149496 0)
(-0.0528005 0.00627756 0)
(-0.057042 0.000153826 0)
(-0.0596133 0.00274729 0)
(-0.0676231 0.00606739 0)
(-0.0796486 0.00822459 0)
(0 -0.00211105 0)
(-0.0778808 0.00696916 0)
(0 0.00254723 0)
(-0.043268 0.0103092 0)
(-0.0115925 0.00746456 0)
(0.0225811 0.0209746 0)
(0.0537289 0.0144392 0)
(0.0817964 0.00329823 0)
(0.0989326 0.00175173 0)
(0.0978631 0.00766358 0)
(0.0926304 0.011357 0)
(0.089668 0.0133331 0)
(0.0866437 0.0145851 0)
(0.0835888 0.0146993 0)
(0.0804739 0.0136685 0)
(0.0774908 0.0118341 0)
(0.0747859 0.00973976 0)
(0.0723342 0.00777679 0)
(0.0706086 0.0063986 0)
(0.0694591 0.00527799 0)
(0.0683971 0.004161 0)
(0.0677774 0.00346737 0)
(0.0674506 0.00302524 0)
(0.0671745 0.00273278 0)
(0.0666135 0.00232571 0)
(0.0657031 0.00225606 0)
(0.0646993 0.00235148 0)
(0.0632885 0.00285376 0)
(0.0612209 0.00436236 0)
(0.0587991 0.00573752 0)
(0.0561727 0.006421 0)
(0.0534367 0.00672912 0)
(0.0505957 0.00678301 0)
(0.0477254 0.00632759 0)
(0.0448885 0.00549692 0)
(0.0364414 0.00558913 0)
(0.0247812 0.00517165 0)
(0.0190323 0.00369392 0)
(0.0172233 0.00505697 0)
(0.0196964 0.00117226 0)
(0.024612 0.00305605 0)
(0.0247106 0.00739568 0)
(0 0.000834227 0)
(0.0198035 0.00601046 0)
(0.0111035 0.00530514 0)
(0.00333791 0.00428266 0)
(-0.00476153 0.00389714 0)
(-0.013831 0.00195472 0)
(0 -0.000494009 0)
(-0.0195697 0.00105516 0)
(-0.0174205 0.000351316 0)
(-0.0132339 0.0029915 0)
(-0.00912408 0.00414407 0)
(0.00312238 0.00159099 0)
(0.00224308 0.00561745 0)
)
;
    }
    front
    {
        type            empty;
    }
    back
    {
        type            empty;
    }
    air_to_aluminum
    {
        type            noSlip;
    }
}


// ************************************************************************* //
