/*--------------------------------*- C++ -*----------------------------------*\
| =========                 |                                                 |
| \\      /  F ield         | OpenFOAM: The Open Source CFD Toolbox           |
|  \\    /   O peration     | Version:                                        |
|   \\  /    A nd           | Website:  www.openfoam.com                      |
|    \\/     M anipulation  |                                                 |
\*---------------------------------------------------------------------------*/
FoamFile
{
    version     2.0;
    format      ascii;
    class       surfaceScalarField;
    location    "500/air";
    object      phi;
}
// * * * * * * * * * * * * * * * * * * * * * * * * * * * * * * * * * * * * * //

dimensions      [1 0 -1 0 0 0 0];
oriented        oriented;


internalField   nonuniform List<scalar> 
4299
(
7.37013e-08
-7.36864e-08
1.12819e-07
-3.91025e-08
7.42759e-08
3.85578e-08
7.42908e-08
6.62418e-08
-1.39913e-07
1.13659e-07
-8.65043e-08
7.33528e-08
7.88785e-08
1.47659e-07
4.00795e-08
-1.79978e-07
7.05293e-08
-1.16939e-07
4.46814e-08
1.04741e-07
1.92355e-07
2.12343e-08
-2.01197e-07
3.68574e-08
-1.32547e-07
2.25406e-08
1.19073e-07
2.1491e-07
1.02815e-08
-2.11464e-07
1.71893e-08
-1.3944e-07
9.98583e-09
1.26292e-07
2.24911e-07
4.42041e-09
-2.15869e-07
7.0783e-09
-1.42083e-07
3.89812e-09
1.29487e-07
2.28824e-07
1.38385e-09
-2.17238e-07
2.39675e-09
-1.43081e-07
1.42029e-09
1.30478e-07
2.3026e-07
-2.28425e-10
-2.16995e-07
6.07092e-10
-1.43901e-07
8.99277e-10
1.30201e-07
2.31174e-07
-1.26197e-09
-2.15718e-07
3.91241e-10
-1.4554e-07
1.53062e-09
1.29077e-07
2.32719e-07
-2.17213e-09
-2.1353e-07
1.22366e-09
-1.4892e-07
3.20955e-09
1.27106e-07
2.35944e-07
-3.41623e-09
-2.10099e-07
2.79089e-09
-1.55112e-07
5.97253e-09
1.2394e-07
2.41932e-07
-5.95224e-09
-2.04132e-07
3.87716e-09
-1.64926e-07
9.36699e-09
1.18465e-07
2.51314e-07
-1.20212e-08
-1.92096e-07
-2.08199e-10
-1.76725e-07
1.08403e-08
1.07431e-07
2.62169e-07
-2.48507e-08
-1.67233e-07
-1.70894e-08
-1.84478e-07
1.73743e-09
8.86145e-08
2.6392e-07
-5.1169e-08
-1.16057e-07
-6.67535e-08
-1.68894e-07
-3.25824e-08
5.44484e-08
2.3135e-07
-1.28822e-07
1.27592e-08
-2.06032e-07
-9.1696e-08
-1.52716e-07
1.13311e-09
7.86496e-08
-7.42433e-08
7.42582e-08
-1.12768e-07
3.85394e-08
-7.36664e-08
-3.90864e-08
-7.36514e-08
-7.33265e-08
1.476e-07
-1.13609e-07
7.88368e-08
-6.62062e-08
-8.64743e-08
-1.39843e-07
-4.46803e-08
1.92295e-07
-7.0508e-08
1.04679e-07
-4.00532e-08
-1.16914e-07
-1.79881e-07
-2.25703e-08
2.1488e-07
-3.68681e-08
1.18992e-07
-2.12141e-08
-1.32553e-07
-2.0108e-07
-1.00571e-08
2.24952e-07
-1.72358e-08
1.26186e-07
-1.02584e-08
-1.39516e-07
-2.11324e-07
-4.03206e-09
2.28999e-07
-7.16465e-09
1.29333e-07
-4.37239e-09
-1.42293e-07
-2.15681e-07
-1.65829e-09
2.30672e-07
-2.51403e-09
1.30204e-07
-1.24352e-09
-1.43548e-07
-2.1691e-07
-1.28562e-09
2.31973e-07
-6.70244e-10
1.29604e-07
6.16341e-10
-1.4482e-07
-2.16278e-07
-2.0624e-09
2.3405e-07
2.40499e-11
1.27532e-07
2.35304e-09
-1.47134e-07
-2.13911e-07
-3.72517e-09
2.3779e-07
6.25541e-10
1.23196e-07
5.03385e-09
-1.51528e-07
-2.08862e-07
-5.81883e-09
2.43624e-07
2.96038e-09
1.14432e-07
1.04033e-08
-1.58956e-07
-1.98444e-07
-6.82957e-09
2.50468e-07
1.07277e-08
9.68896e-08
2.1592e-08
-1.69805e-07
-1.76837e-07
-1.37407e-09
2.51858e-07
3.01506e-08
6.53797e-08
4.27845e-08
-1.82425e-07
-1.34037e-07
1.38265e-08
2.38046e-07
6.5052e-08
1.41694e-08
7.22309e-08
-1.89588e-07
-6.17915e-08
4.8942e-08
1.89121e-07
1.10715e-07
-4.75866e-08
8.59209e-08
-1.64778e-07
2.41445e-08
4.56647e-08
1.43478e-07
6.08406e-08
-6.27404e-08
3.89811e-08
-1.42902e-07
6.31404e-08
6.36461e-07
3.09136e-06
-3.72764e-06
-1.43242e-06
2.06887e-06
-2.63841e-06
1.20574e-06
5.94818e-07
-3.23354e-06
-6.11542e-06
3.58238e-06
5.62418e-06
-6.55794e-06
2.51088e-06
-7.0682e-06
1.71559e-06
1.26011e-06
-7.73359e-06
-1.17446e-05
2.94682e-06
1.23795e-05
-1.16015e-05
2.36744e-06
-1.19287e-05
2.04262e-06
1.88648e-06
-1.25549e-05
-1.46844e-05
2.50184e-06
1.51291e-05
-1.47027e-05
2.38574e-06
-1.49936e-05
2.33347e-06
2.31965e-06
-1.54267e-05
-1.57276e-05
2.47537e-06
1.5754e-05
-1.58842e-05
2.54228e-06
-1.61314e-05
2.58069e-06
2.61723e-06
-1.64291e-05
-1.55127e-05
2.61622e-06
1.53718e-05
-1.56658e-05
2.69534e-06
-1.58271e-05
2.74194e-06
2.77439e-06
-1.59842e-05
-1.42314e-05
2.69253e-06
1.4155e-05
-1.42654e-05
2.72938e-06
-1.42678e-05
2.74433e-06
2.73968e-06
-1.42331e-05
-1.19443e-05
2.59958e-06
1.20372e-05
-1.1798e-05
2.58309e-06
-1.16033e-05
2.54967e-06
2.49607e-06
-1.13597e-05
-8.85275e-06
2.31898e-06
9.13335e-06
-8.52407e-06
2.25441e-06
-8.14826e-06
2.17387e-06
2.0761e-06
-7.72828e-06
-5.26625e-06
1.8812e-06
5.70403e-06
-4.79408e-06
1.78224e-06
-4.28644e-06
1.66623e-06
1.53657e-06
-3.7469e-06
-1.49515e-06
1.35587e-06
2.02048e-06
-9.4303e-07
1.23012e-06
-3.65408e-07
1.08862e-06
9.38015e-07
2.33157e-07
2.17422e-06
8.04384e-07
-1.62272e-06
2.7379e-06
6.66436e-07
3.31227e-06
5.14264e-07
3.55843e-07
3.89445e-06
5.31074e-06
2.92813e-07
-4.79918e-06
5.80848e-06
1.68688e-07
6.28735e-06
3.53792e-08
-1.01257e-07
6.74443e-06
6.95774e-06
-2.69321e-08
-6.63807e-06
7.23112e-06
-1.04781e-07
7.44473e-06
-1.78329e-07
-2.42582e-07
7.58594e-06
5.9392e-06
2.89528e-09
-5.96922e-06
5.83619e-06
-1.97655e-09
5.65975e-06
-2.11593e-09
-4.85304e-10
5.41741e-06
3.56005e-06
2.17123e-07
-3.77445e-06
3.30899e-06
2.48923e-07
3.033e-06
2.7372e-07
2.84129e-07
2.74824e-06
3.19235e-06
3.2275e-07
-3.29807e-06
3.08499e-06
3.56197e-07
2.98219e-06
3.76444e-07
3.79536e-07
2.88672e-06
4.95826e-06
3.21244e-07
-4.95679e-06
4.96864e-06
3.45777e-07
4.98498e-06
3.60086e-07
3.61407e-07
5.00309e-06
7.28561e-06
2.35937e-07
-7.20032e-06
7.3621e-06
2.6928e-07
7.42148e-06
3.00702e-07
3.27326e-07
7.45556e-06
7.34377e-06
-7.3024e-06
7.3901e-06
7.374e-06
7.36658e-06
-3.47795e-06
2.56917e-07
-3.66923e-06
9.95025e-08
-3.73665e-06
6.86688e-08
7.42396e-08
-3.73198e-06
-8.53151e-06
1.05502e-06
-9.41345e-06
9.81787e-07
-1.03166e-05
9.72163e-07
9.9397e-07
-1.1236e-05
-1.33183e-05
1.8185e-06
-1.41319e-05
1.7956e-06
-1.49592e-05
1.7995e-06
1.82242e-06
-1.57875e-05
-1.59313e-05
2.3231e-06
-1.64723e-05
2.33654e-06
-1.70292e-05
2.35638e-06
2.38003e-06
-1.75869e-05
-1.67533e-05
2.64732e-06
-1.70877e-05
2.67089e-06
-1.74185e-05
2.68709e-06
2.69524e-06
-1.77337e-05
-1.61277e-05
2.79075e-06
-1.62484e-05
2.79158e-06
-1.63382e-05
2.77689e-06
2.7472e-06
-1.63902e-05
-1.41578e-05
2.71539e-06
-1.40385e-05
2.67228e-06
-1.38727e-05
2.61119e-06
2.53348e-06
-1.3659e-05
-1.1068e-05
2.42365e-06
-1.07295e-05
2.33378e-06
-1.03463e-05
2.22803e-06
2.1082e-06
-9.92098e-06
-7.26761e-06
1.96299e-06
-6.77017e-06
1.83634e-06
-6.24026e-06
1.69813e-06
1.55032e-06
-5.68237e-06
-3.17957e-06
1.39566e-06
-2.58887e-06
1.24565e-06
-1.97927e-06
1.08854e-06
9.26394e-07
-1.35532e-06
8.47597e-07
7.81233e-07
1.47311e-06
6.20149e-07
2.10576e-06
4.55894e-07
2.90105e-07
2.74206e-06
4.48085e-06
1.94834e-07
5.06633e-06
3.46771e-08
5.6463e-06
-1.24075e-07
-2.76688e-07
6.21308e-06
7.17327e-06
-2.3404e-07
7.56587e-06
-3.57958e-07
7.91173e-06
-4.69995e-07
-5.67203e-07
8.20218e-06
7.64745e-06
-2.9569e-07
7.62716e-06
-3.37824e-07
7.52773e-06
-3.70734e-07
-3.97923e-07
7.35826e-06
5.1224e-06
-9.19027e-10
4.79333e-06
-8.97031e-09
4.44448e-06
-2.20884e-08
-5.08989e-08
4.09728e-06
2.47074e-06
2.76448e-07
2.21348e-06
2.48189e-07
1.99383e-06
1.97479e-07
1.22776e-07
1.82009e-06
2.79973e-06
3.63397e-07
2.72108e-06
3.26798e-07
2.64886e-06
2.69682e-07
1.94257e-07
2.57737e-06
5.01761e-06
3.48879e-07
5.02474e-06
3.19674e-07
5.02336e-06
2.71074e-07
2.09159e-07
5.00848e-06
7.44051e-06
3.63938e-07
7.37465e-06
3.85548e-07
7.37602e-06
2.6971e-07
1.907e-07
7.39449e-06
7.32482e-06
7.34666e-06
7.77111e-06
6.95549e-06
-3.78234e-06
5.05531e-08
-3.84891e-06
6.67859e-08
8.74116e-08
-3.9361e-06
-1.17668e-05
5.81589e-07
-1.23012e-05
6.01312e-07
6.24607e-07
-1.28383e-05
-1.62521e-05
1.04621e-06
-1.67115e-05
1.06068e-06
1.07684e-06
-1.71637e-05
-1.79008e-05
1.36013e-06
-1.82082e-05
1.36799e-06
1.3755e-06
-1.85068e-05
-1.79007e-05
1.5271e-06
-1.80574e-05
1.52473e-06
1.5205e-06
-1.82024e-05
-1.64004e-05
1.5373e-06
-1.63957e-05
1.52005e-06
1.50022e-06
-1.63754e-05
-1.35164e-05
1.3947e-06
-1.33583e-05
1.36195e-06
1.32674e-06
-1.31848e-05
-9.6626e-06
1.13632e-06
-9.39244e-06
1.0918e-06
1.04543e-06
-9.11112e-06
-5.35578e-06
8.09736e-07
-5.02258e-06
7.58605e-07
7.06404e-07
-4.68355e-06
-9.97835e-07
4.52252e-07
-6.38052e-07
3.98828e-07
3.45167e-07
-2.76809e-07
3.10284e-06
9.14743e-08
3.46276e-06
3.89205e-08
-1.28177e-08
3.82074e-06
6.52419e-06
-2.19632e-07
6.82653e-06
-2.63428e-07
-3.04678e-07
7.11838e-06
8.33933e-06
-3.56819e-07
8.45574e-06
-3.79886e-07
-3.99818e-07
8.55083e-06
7.23847e-06
-2.37128e-07
7.10481e-06
-2.4634e-07
-2.56705e-07
6.9616e-06
3.91156e-06
-5.14882e-08
3.73706e-06
-7.19138e-08
-9.66977e-08
3.577e-06
1.74345e-06
2.51344e-08
1.68079e-06
-9.27461e-09
-4.51809e-08
1.62925e-06
2.5307e-06
7.18004e-08
2.48092e-06
4.05049e-08
8.00893e-09
2.42772e-06
4.9923e-06
8.79869e-08
4.96937e-06
6.34561e-08
3.67274e-08
4.94066e-06
7.35015e-06
1.32338e-07
7.28657e-06
1.27045e-07
7.31846e-08
7.25012e-06
6.52426e-06
6.77214e-06
7.03224e-06
-3.97351e-06
3.74883e-08
-4.01412e-06
4.06894e-08
4.39684e-08
-4.05801e-06
-1.30279e-05
2.27174e-07
-1.32179e-05
2.30688e-07
2.34238e-07
-1.34081e-05
-1.73201e-05
3.83519e-07
-1.74751e-05
3.85756e-07
3.88072e-07
-1.7629e-05
-1.86106e-05
4.87223e-07
-1.87129e-05
4.8808e-07
4.8885e-07
-1.88137e-05
-1.82503e-05
5.35098e-07
-1.82965e-05
5.34257e-07
5.33279e-07
-1.83409e-05
-1.63645e-05
5.24151e-07
-1.63515e-05
5.21278e-07
5.18226e-07
-1.63364e-05
-1.312e-05
4.59372e-07
-1.30534e-05
4.54639e-07
4.49736e-07
-1.29849e-05
-9.00934e-06
3.57595e-07
-8.90629e-06
3.51597e-07
3.45477e-07
-8.80203e-06
-4.56267e-06
2.36716e-07
-4.44118e-06
2.30109e-07
2.23425e-07
-4.31912e-06
-1.49284e-07
1.09194e-07
-2.16917e-08
1.02519e-07
9.57214e-08
1.06014e-07
3.94641e-06
-1.64747e-08
4.0716e-06
-2.26671e-08
-2.89828e-08
4.19631e-06
7.21826e-06
-1.16353e-07
7.31643e-06
-1.20843e-07
-1.25454e-07
7.4129e-06
8.57923e-06
-1.44773e-07
8.605e-06
-1.46635e-07
-1.48644e-07
8.62817e-06
6.9103e-06
-9.3517e-08
6.85868e-06
-9.50487e-08
-9.67325e-08
6.80674e-06
3.52515e-06
-4.1682e-08
3.47546e-06
-4.53736e-08
-4.91265e-08
3.42784e-06
1.61383e-06
-2.6269e-08
1.59966e-06
-3.12088e-08
-3.60776e-08
1.58661e-06
2.40717e-06
-5.71156e-09
2.38618e-06
-1.02257e-08
-1.46788e-08
2.36478e-06
4.92851e-06
6.44271e-09
4.91597e-06
2.31616e-09
-4.50253e-10
4.90175e-06
7.2497e-06
6.8713e-09
7.24971e-06
2.3026e-09
8.30779e-09
7.24096e-06
7.08151e-06
7.12371e-06
7.16293e-06
-4.19923e-06
1.41439e-07
-4.37238e-06
1.73351e-07
2.09662e-07
-4.58186e-06
-1.39494e-05
6.8276e-07
-1.44919e-05
7.16007e-07
7.52495e-07
-1.50347e-05
-1.8061e-05
1.11472e-06
-1.84796e-05
1.13467e-06
1.15489e-06
-1.8882e-05
-1.90881e-05
1.38912e-06
-1.9348e-05
1.39452e-06
1.39874e-06
-1.95918e-05
-1.84575e-05
1.50571e-06
-1.85586e-05
1.49559e-06
1.48323e-06
-1.86431e-05
-1.62821e-05
1.45139e-06
-1.62107e-05
1.42415e-06
1.39448e-06
-1.61219e-05
-1.27807e-05
1.24719e-06
-1.25621e-05
1.20559e-06
1.16216e-06
-1.23298e-05
-8.50016e-06
9.45325e-07
-8.18944e-06
8.94872e-07
8.43444e-07
-7.87071e-06
-3.97034e-06
5.96552e-07
-3.61781e-06
5.42346e-07
4.87846e-07
-3.26221e-06
4.68763e-07
2.33809e-07
8.31596e-07
1.7952e-07
1.25486e-07
1.19396e-06
4.54703e-06
-1.16909e-07
4.89256e-06
-1.66006e-07
-2.13672e-07
5.23172e-06
7.67676e-06
-3.80778e-07
7.92473e-06
-4.13984e-07
-4.44379e-07
8.15542e-06
8.6798e-06
-4.32458e-07
8.71086e-06
-4.45099e-07
-4.56052e-07
8.72248e-06
6.6567e-06
-2.82518e-07
6.50752e-06
-2.96007e-07
-3.10835e-07
6.36223e-06
3.30303e-06
-1.57743e-07
3.19632e-06
-1.89323e-07
-2.22366e-07
3.10784e-06
1.5537e-06
-1.24845e-07
1.52742e-06
-1.63047e-07
-2.01299e-07
1.50635e-06
2.30527e-06
-6.53368e-08
2.24253e-06
-1.00312e-07
-1.35406e-07
2.17663e-06
4.85137e-06
-1.49447e-08
4.78604e-06
-3.49769e-08
-5.65855e-08
4.70723e-06
7.21097e-06
1.50529e-08
7.16379e-06
1.22181e-08
1.02309e-07
7.0049e-06
6.72935e-06
6.24539e-06
6.27429e-06
-4.87945e-06
4.41314e-07
-5.50888e-06
5.66835e-07
-6.45393e-06
8.0224e-07
1.11645e-06
-7.50721e-06
-1.60135e-05
1.42013e-06
-1.70036e-05
1.55689e-06
-1.79128e-05
1.71137e-06
1.87565e-06
-1.8672e-05
-1.95541e-05
2.09215e-06
-2.01526e-05
2.15528e-06
-2.06555e-05
2.21426e-06
2.26544e-06
-2.10453e-05
-1.99761e-05
2.47641e-06
-2.03014e-05
2.48054e-06
-2.05636e-05
2.47648e-06
2.46331e-06
-2.07615e-05
-1.87501e-05
2.58342e-06
-1.87987e-05
2.52916e-06
-1.87861e-05
2.46389e-06
2.38836e-06
-1.87111e-05
-1.59218e-05
2.38337e-06
-1.56676e-05
2.27498e-06
-1.53606e-05
2.15684e-06
2.03066e-06
-1.50029e-05
-1.18872e-05
1.94086e-06
-1.14069e-05
1.79466e-06
-1.08929e-05
1.6429e-06
1.48735e-06
-1.03496e-05
-7.29064e-06
1.3608e-06
-6.69178e-06
1.19582e-06
-6.07815e-06
1.02928e-06
8.62496e-07
-5.45328e-06
-2.62855e-06
7.27156e-07
-1.9904e-06
5.57681e-07
-1.35042e-06
3.89302e-07
2.22919e-07
-7.10832e-07
1.83153e-06
8.95974e-08
2.46202e-06
-7.28075e-08
3.0836e-06
-2.32273e-07
-3.84249e-07
3.69077e-06
5.81238e-06
-4.91063e-07
6.36369e-06
-6.24126e-07
6.87645e-06
-7.45027e-07
-8.52867e-07
7.34506e-06
8.51656e-06
-8.5223e-07
8.81589e-06
-9.2348e-07
9.05191e-06
-9.81075e-07
-1.02609e-06
9.22511e-06
8.69929e-06
-8.29131e-07
8.62923e-06
-8.53498e-07
8.52249e-06
-8.74403e-07
-8.92767e-07
8.38912e-06
6.1182e-06
-5.85216e-07
5.90241e-06
-6.3779e-07
5.71903e-06
-6.91062e-07
-7.41346e-07
5.5676e-06
2.9938e-06
-4.71189e-07
2.92763e-06
-5.71606e-07
2.89867e-06
-6.62075e-07
-7.37173e-07
2.89453e-06
1.47524e-06
-4.4009e-07
1.45116e-06
-5.47532e-07
1.4311e-06
-6.4202e-07
-7.1867e-07
1.4126e-06
2.06347e-06
-3.26942e-07
1.94303e-06
-4.27111e-07
1.81671e-06
-5.15728e-07
-5.88811e-07
1.68681e-06
4.53308e-06
-1.52777e-07
4.32897e-06
-2.23e-07
4.10118e-06
-2.87949e-07
-3.41529e-07
3.85387e-06
6.6849e-06
1.67242e-07
6.34849e-06
1.13416e-07
6.02034e-06
4.01978e-08
7.26499e-08
5.60615e-06
6.22856e-06
6.19537e-06
4.85468e-06
4.70884e-06
-8.94696e-06
1.43975e-06
-1.07149e-05
1.7679e-06
-1.2838e-05
2.12301e-06
2.44823e-06
-1.52863e-05
-1.9272e-05
2.03966e-06
-1.96947e-05
2.1905e-06
-1.98994e-05
2.32768e-06
2.40925e-06
-1.98605e-05
-2.13124e-05
2.30666e-06
-2.14609e-05
2.33905e-06
-2.14942e-05
2.36087e-06
2.35449e-06
-2.14394e-05
-2.08951e-05
2.44028e-06
-2.09627e-05
2.40665e-06
-2.09614e-05
2.35954e-06
2.29296e-06
-2.08999e-05
-1.85737e-05
2.3029e-06
-1.83746e-05
2.20755e-06
-1.81169e-05
2.10184e-06
1.9862e-06
-1.78101e-05
-1.45976e-05
1.89766e-06
-1.4149e-05
1.75895e-06
-1.36629e-05
1.6158e-06
1.47118e-06
-1.31479e-05
-9.78131e-06
1.32937e-06
-9.19251e-06
1.17016e-06
-8.5879e-06
1.01122e-06
8.55456e-07
-7.97216e-06
-4.82046e-06
6.96559e-07
-4.1826e-06
5.32317e-07
-3.54223e-06
3.70859e-07
2.14442e-07
-2.90121e-06
-7.38862e-08
5.962e-08
5.57511e-07
-9.90766e-08
1.18171e-06
-2.53337e-07
-3.99982e-07
1.79613e-06
4.27851e-06
-5.28114e-07
4.84204e-06
-6.62606e-07
5.37525e-06
-7.8655e-07
-9.00017e-07
5.87528e-06
7.7641e-06
-9.47154e-07
8.12939e-06
-1.0279e-06
8.43831e-06
-1.09547e-06
-1.15134e-06
8.68963e-06
9.33788e-06
-1.05994e-06
9.39416e-06
-1.08419e-06
9.39894e-06
-1.10026e-06
-1.10935e-06
9.35696e-06
8.23801e-06
-9.08854e-07
8.07605e-06
-9.22235e-07
7.90779e-06
-9.31976e-07
-9.35996e-07
7.73448e-06
5.44381e-06
-7.85035e-07
5.34038e-06
-8.1876e-07
5.24789e-06
-8.39417e-07
-8.42386e-07
5.15437e-06
2.90251e-06
-7.92955e-07
2.91008e-06
-8.26261e-07
2.90503e-06
-8.34297e-07
-8.13255e-07
2.87599e-06
1.39346e-06
-7.73809e-07
1.3712e-06
-8.03983e-07
1.34243e-06
-8.05495e-07
-7.7467e-07
1.30388e-06
1.55628e-06
-6.43328e-07
1.42881e-06
-6.76553e-07
1.30824e-06
-6.84971e-07
-6.66694e-07
1.20023e-06
3.59767e-06
-3.87168e-07
3.33564e-06
-4.14576e-07
3.07171e-06
-4.2112e-07
-4.03187e-07
2.80813e-06
5.27383e-06
-5.48694e-08
4.95893e-06
-9.97037e-08
4.65307e-06
-1.15307e-07
-1.52374e-08
4.26505e-06
4.53521e-06
4.32218e-06
4.09567e-06
3.81115e-06
3.09548e-07
-2.3749e-07
4.32842e-07
-1.23247e-07
4.71536e-07
-3.86317e-08
4.32333e-07
3.92655e-08
3.37312e-07
9.50624e-08
2.39572e-07
9.77663e-08
1.57e-07
8.25899e-08
8.97422e-08
6.72714e-08
3.81075e-08
5.16464e-08
2.57864e-09
3.55394e-08
-1.93905e-08
2.1979e-08
-2.86761e-08
9.29536e-09
-2.81284e-08
-5.37725e-10
-1.7826e-08
-1.02917e-08
-6.25598e-09
-1.15587e-08
2.73679e-08
-3.36111e-08
-3.24501e-08
5.98294e-08
1.62899e-07
-1.95339e-07
9.60915e-07
-7.97996e-07
9.6091e-07
5.24554e-07
-7.02589e-07
8.94498e-07
-4.93129e-07
1.01189e-06
-1.55961e-07
9.56127e-07
9.50984e-08
7.9515e-07
2.56088e-07
6.0315e-07
2.89794e-07
4.235e-07
2.62258e-07
2.68244e-07
2.2254e-07
1.42799e-07
1.77102e-07
5.06498e-08
1.27698e-07
-8.49226e-09
8.11299e-08
-3.79084e-08
3.87206e-08
-4.09786e-08
2.54204e-09
-1.88728e-08
-3.23873e-08
9.08949e-09
-3.95096e-08
9.13488e-08
-1.15858e-07
8.2988e-09
1.42892e-07
2.98656e-07
-4.85686e-07
1.44537e-06
-1.94468e-06
2.40628e-06
6.05207e-07
-1.25411e-06
1.13006e-06
-1.0179e-06
1.33241e-06
-3.58245e-07
1.287e-06
1.40593e-07
1.10321e-06
4.39931e-07
8.67048e-07
5.25986e-07
6.34596e-07
4.94726e-07
4.27502e-07
4.29646e-07
2.55705e-07
3.48907e-07
1.25846e-07
2.57564e-07
3.97578e-08
1.67226e-07
-3.97146e-09
8.24577e-08
-1.05696e-08
9.14849e-09
1.82593e-08
-6.12068e-08
6.13424e-08
-8.25818e-08
1.69436e-07
-2.23938e-07
1.76139e-07
1.36202e-07
3.94756e-07
-7.04292e-07
1.48139e-06
-3.03127e-06
3.88767e-06
6.40527e-07
-1.82636e-06
1.2505e-06
-1.62776e-06
1.53415e-06
-6.41812e-07
1.51302e-06
1.618e-07
1.31792e-06
6.35103e-07
1.05575e-06
7.88197e-07
7.93406e-07
7.57081e-07
5.57525e-07
6.65534e-07
3.59512e-07
5.46924e-07
2.07656e-07
4.09424e-07
1.05653e-07
2.69234e-07
5.32733e-08
1.34842e-07
4.57382e-08
1.66905e-08
7.96941e-08
-9.51543e-08
1.35069e-07
-1.37946e-07
2.54563e-07
-3.43419e-07
3.48646e-07
4.21322e-08
5.1313e-07
-8.68764e-07
1.41694e-06
-3.93504e-06
5.30463e-06
6.57588e-07
-2.39643e-06
1.31647e-06
-2.28652e-06
1.67596e-06
-1.0012e-06
1.68857e-06
1.49284e-07
1.48432e-06
8.39422e-07
1.1973e-06
1.07526e-06
9.11712e-07
1.04268e-06
6.57951e-07
9.19297e-07
4.45417e-07
7.59459e-07
2.8168e-07
5.73161e-07
1.71318e-07
3.79598e-07
1.15083e-07
1.91081e-07
1.08491e-07
2.32871e-08
1.47076e-07
-1.33732e-07
2.12299e-07
-2.03159e-07
3.3436e-07
-4.65467e-07
4.90043e-07
-1.13536e-07
6.31258e-07
-1.00996e-06
1.33739e-06
-4.64111e-06
6.64204e-06
6.62658e-07
-2.95667e-06
1.35415e-06
-2.97788e-06
1.78779e-06
-1.43471e-06
1.84494e-06
9.22375e-08
1.63453e-06
1.04992e-06
1.31756e-06
1.39229e-06
1.0052e-06
1.35505e-06
7.35171e-07
1.18933e-06
5.12668e-07
9.81957e-07
3.41853e-07
7.43972e-07
2.26792e-07
4.94658e-07
1.68643e-07
2.49231e-07
1.63352e-07
2.85808e-08
2.0556e-07
-1.75934e-07
2.78203e-07
-2.75793e-07
3.98529e-07
-5.8578e-07
5.86419e-07
-3.01411e-07
7.22956e-07
-1.14648e-06
1.25478e-06
-5.17287e-06
7.89686e-06
6.55628e-07
-3.50638e-06
1.3731e-06
-3.69521e-06
1.8797e-06
-1.94118e-06
1.99486e-06
-2.2803e-08
1.78732e-06
1.25755e-06
1.43668e-06
1.74298e-06
1.08956e-06
1.70218e-06
7.98867e-07
1.48001e-06
5.65932e-07
1.21488e-06
3.88981e-07
9.20914e-07
2.69919e-07
6.13715e-07
2.09589e-07
3.09559e-07
2.04357e-07
3.38146e-08
2.48209e-07
-2.19781e-07
3.25645e-07
-3.53221e-07
4.42424e-07
-7.02546e-07
6.40346e-07
-4.99315e-07
7.82174e-07
-1.28829e-06
1.17086e-06
-5.56149e-06
9.06777e-06
6.40996e-07
-4.0479e-06
1.37884e-06
-4.43293e-06
1.95219e-06
-2.51439e-06
2.13798e-06
-2.08477e-07
1.94924e-06
1.4464e-06
1.56748e-06
2.12481e-06
1.17789e-06
2.09179e-06
8.59137e-07
1.79875e-06
6.12301e-07
1.4617e-06
4.27902e-07
1.1053e-06
3.0384e-07
7.37769e-07
2.39797e-07
3.73598e-07
2.32448e-07
4.11632e-08
2.75315e-07
-2.62644e-07
3.55115e-07
-4.33012e-07
4.67647e-07
-8.15064e-07
6.6247e-07
-6.94119e-07
8.13119e-07
-1.43892e-06
1.08748e-06
-5.83578e-06
1.01553e-05
6.26968e-07
-4.58318e-06
1.37796e-06
-5.18379e-06
2.00538e-06
-3.14165e-06
2.2678e-06
-4.70774e-07
2.11747e-06
1.59684e-06
1.71521e-06
2.52714e-06
1.27946e-06
2.52756e-06
9.24773e-07
2.15343e-06
6.59079e-07
1.72738e-06
4.64894e-07
1.29947e-06
3.34198e-07
8.68453e-07
2.64515e-07
4.43275e-07
2.52656e-07
5.30213e-08
2.91826e-07
-3.0181e-07
3.71965e-07
-5.13142e-07
4.79511e-07
-9.22596e-07
6.68052e-07
-8.82639e-07
8.21126e-07
-1.59197e-06
1.00836e-06
-6.02294e-06
1.11637e-05
6.15299e-07
-5.1165e-06
1.37734e-06
-5.94571e-06
2.04333e-06
-3.8075e-06
2.3785e-06
-8.05816e-07
2.28395e-06
1.6915e-06
1.8786e-06
2.93257e-06
1.39933e-06
3.00684e-06
1.00247e-06
2.55028e-06
7.12545e-07
2.01728e-06
5.05947e-07
1.50605e-06
3.67025e-07
1.00736e-06
2.8998e-07
5.20312e-07
2.7152e-07
7.14802e-08
3.0471e-07
-3.34996e-07
3.83722e-07
-5.92145e-07
4.86233e-07
-1.02509e-06
6.67226e-07
-1.06361e-06
8.19404e-07
-1.74411e-06
9.34949e-07
-6.1384e-06
1.20988e-05
6.03323e-07
-5.65504e-06
1.38283e-06
-6.72509e-06
2.0741e-06
-4.49863e-06
2.46853e-06
-1.20012e-06
2.43952e-06
1.72064e-06
2.05156e-06
3.32062e-06
1.53838e-06
3.52005e-06
1.09657e-06
2.99207e-06
7.77444e-07
2.33637e-06
5.55849e-07
1.72762e-06
4.07467e-07
1.15573e-06
3.21875e-07
6.05895e-07
2.95337e-07
9.80166e-08
3.2103e-07
-3.60684e-07
3.98037e-07
-6.69142e-07
4.96422e-07
-1.12346e-06
6.69201e-07
-1.23636e-06
8.17807e-07
-1.89269e-06
8.68325e-07
-6.18885e-06
1.29672e-05
6.01196e-07
-6.19863e-06
1.39951e-06
-7.5233e-06
2.10702e-06
-5.206e-06
2.54137e-06
-1.63433e-06
2.57722e-06
1.6849e-06
2.22544e-06
3.6725e-06
1.69373e-06
4.0518e-06
1.20893e-06
3.47685e-06
8.56875e-07
2.68839e-06
6.17858e-07
1.9666e-06
4.5919e-07
1.31437e-06
3.64531e-07
7.00543e-07
3.29209e-07
1.33337e-07
3.46795e-07
-3.78265e-07
4.214e-07
-7.43735e-07
5.17096e-07
-1.21914e-06
6.81152e-07
-1.40039e-06
8.23585e-07
-2.03508e-06
8.0979e-07
-6.17498e-06
1.3777e-05
6.07778e-07
-6.72751e-06
1.43102e-06
-8.34643e-06
2.15039e-06
-5.92522e-06
2.60425e-06
-2.08806e-06
2.69401e-06
1.59527e-06
2.39128e-06
3.97532e-06
1.85957e-06
4.58355e-06
1.33894e-06
3.99747e-06
9.52313e-07
3.07498e-06
6.93701e-07
2.22518e-06
5.24211e-07
1.48384e-06
4.20612e-07
8.0413e-07
3.76607e-07
1.77339e-07
3.86369e-07
-3.88021e-07
4.58527e-07
-8.1588e-07
5.53004e-07
-1.3136e-06
7.07971e-07
-1.55533e-06
8.42064e-07
-2.16914e-06
7.60533e-07
-6.09338e-06
1.45377e-05
6.18464e-07
-7.27455e-06
1.47857e-06
-9.20642e-06
2.211e-06
-6.65748e-06
2.66634e-06
-2.54325e-06
2.79109e-06
1.47064e-06
2.54166e-06
4.22484e-06
2.02827e-06
5.09699e-06
1.48357e-06
4.54216e-06
1.06361e-06
3.4949e-06
7.83711e-07
2.50503e-06
6.02973e-07
1.66455e-06
4.91065e-07
9.16021e-07
4.39231e-07
2.29169e-07
4.42221e-07
-3.91003e-07
5.12185e-07
-8.85829e-07
6.06551e-07
-1.40794e-06
7.5259e-07
-1.70134e-06
8.77123e-07
-2.29363e-06
7.21472e-07
-5.93765e-06
1.52592e-05
6.37043e-07
-7.8404e-06
1.54334e-06
-1.01126e-05
2.2926e-06
-7.40656e-06
2.73632e-06
-2.9868e-06
2.87313e-06
1.33396e-06
2.67187e-06
4.4262e-06
2.19159e-06
5.57732e-06
1.63768e-06
5.09607e-06
1.18896e-06
3.94357e-06
8.86969e-07
2.80697e-06
6.94535e-07
1.85694e-06
5.75228e-07
1.03531e-06
5.17023e-07
2.87369e-07
5.14893e-07
-3.88865e-07
5.83279e-07
-9.54198e-07
6.78203e-07
-1.50284e-06
8.16482e-07
-1.83959e-06
9.31494e-07
-2.4086e-06
6.93158e-07
-5.69925e-06
1.59525e-05
6.63219e-07
-8.4337e-06
1.62573e-06
-1.1075e-05
2.39583e-06
-8.17645e-06
2.82037e-06
-3.41114e-06
2.94669e-06
1.20779e-06
2.78039e-06
4.59261e-06
2.34203e-06
6.01573e-06
1.79462e-06
5.64348e-06
1.32492e-06
4.41322e-06
1.00141e-06
3.13043e-06
7.96812e-07
2.0615e-06
6.71034e-07
1.16106e-06
6.08296e-07
3.501e-07
6.03151e-07
-3.83711e-07
6.71119e-07
-1.02215e-06
7.67088e-07
-1.59878e-06
9.00098e-07
-1.97256e-06
1.00685e-06
-2.51531e-06
6.75765e-07
-5.36808e-06
1.66284e-05
6.93934e-07
-9.06685e-06
1.72469e-06
-1.21056e-05
2.51873e-06
-8.97026e-06
2.92107e-06
-3.81326e-06
3.0184e-06
1.11062e-06
2.86859e-06
4.74253e-06
2.47374e-06
6.41063e-06
1.94701e-06
6.17021e-06
1.46659e-06
4.89359e-06
1.12388e-06
3.47308e-06
9.06804e-07
2.27852e-06
7.75297e-07
1.29253e-06
7.09985e-07
4.154e-07
7.04323e-07
-3.78041e-07
7.7375e-07
-1.09155e-06
8.71517e-07
-1.69652e-06
1.00319e-06
-2.1042e-06
1.1038e-06
-2.61588e-06
6.69252e-07
-4.93346e-06
1.72978e-05
7.4775e-07
-9.75665e-06
1.83813e-06
-1.31958e-05
2.65641e-06
-9.78825e-06
3.03641e-06
-4.19301e-06
3.09286e-06
1.05437e-06
2.93984e-06
4.89567e-06
2.58321e-06
6.76732e-06
2.08773e-06
6.66568e-06
1.60793e-06
5.37334e-06
1.25019e-06
3.83076e-06
1.02075e-06
2.5079e-06
8.84005e-07
1.42924e-06
8.18003e-07
4.81386e-07
8.14794e-07
-3.74826e-07
8.88228e-07
-1.16496e-06
9.8912e-07
-1.79738e-06
1.12521e-06
-2.24025e-06
1.22197e-06
-2.71259e-06
6.73037e-07
-4.38446e-06
1.79709e-05
8.01597e-07
-1.04783e-05
1.96144e-06
-1.43554e-05
2.79924e-06
-1.06257e-05
3.15826e-06
-4.55173e-06
3.17024e-06
1.0426e-06
2.99795e-06
5.0681e-06
2.6693e-06
7.09604e-06
2.21068e-06
7.12431e-06
1.74221e-06
5.84176e-06
1.37503e-06
4.19787e-06
1.13412e-06
2.74874e-06
9.92553e-07
1.57076e-06
9.27757e-07
5.46159e-07
9.3052e-07
-3.77586e-07
1.0107e-06
-1.24512e-06
1.11622e-06
-1.90286e-06
1.26531e-06
-2.3893e-06
1.35937e-06
-2.8066e-06
6.86479e-07
-3.71149e-06
1.86576e-05
8.4843e-07
-1.12613e-05
2.08166e-06
-1.55882e-05
2.93005e-06
-1.14736e-05
3.27014e-06
-4.89147e-06
3.24248e-06
1.07049e-06
3.04427e-06
5.26645e-06
2.73214e-06
7.40825e-06
2.31041e-06
7.54605e-06
1.8612e-06
6.29092e-06
1.49089e-06
4.56811e-06
1.24092e-06
2.99864e-06
1.09584e-06
1.71578e-06
1.03459e-06
6.07379e-07
1.04804e-06
-3.91028e-07
1.13458e-06
-1.33164e-06
1.24886e-06
-2.0171e-06
1.41354e-06
-2.55394e-06
1.5118e-06
-2.90481e-06
6.79304e-07
-2.87893e-06
1.9337e-05
4.03087e-06
-1.4986e-05
9.13975e-06
-2.0695e-05
1.24525e-05
-1.47837e-05
1.36909e-05
-6.12787e-06
1.34759e-05
1.28663e-06
1.24761e-05
6.267e-06
1.12119e-05
8.67283e-06
9.77133e-06
8.9867e-06
8.24306e-06
7.81904e-06
6.8748e-06
5.93608e-06
5.87566e-06
3.99745e-06
5.30332e-06
2.28783e-06
5.1164e-06
7.94113e-07
5.25939e-06
-5.34063e-07
5.63261e-06
-1.70477e-06
6.2195e-06
-2.60384e-06
6.78431e-06
-3.11859e-06
6.76178e-06
-2.88209e-06
3.09073e-06
7.92384e-07
1.87008e-05
5.0631e-06
-1.93549e-05
9.82076e-06
-2.54496e-05
1.23387e-05
-1.7298e-05
1.32415e-05
-7.02801e-06
1.31481e-05
1.38158e-06
1.22755e-05
7.14037e-06
1.10636e-05
9.88518e-06
9.7791e-06
1.02713e-05
8.52315e-06
9.0749e-06
7.39467e-06
7.06429e-06
6.54396e-06
4.84779e-06
6.09006e-06
2.74138e-06
6.0549e-06
8.29034e-07
6.37226e-06
-8.51516e-07
6.97292e-06
-2.30539e-06
7.70291e-06
-3.33375e-06
7.64866e-06
-3.06421e-06
4.97343e-06
-2.06764e-07
-2.27873e-06
8.04488e-06
2.20476e-05
5.45609e-06
-2.36472e-05
8.62937e-06
-2.86197e-05
9.92309e-06
-1.85882e-05
1.06168e-05
-7.71904e-06
1.09674e-05
1.03253e-06
1.0809e-05
7.29944e-06
1.00917e-05
1.06028e-05
9.09677e-06
1.12665e-05
8.07238e-06
1.00992e-05
7.16782e-06
7.96858e-06
6.51432e-06
5.50093e-06
6.22357e-06
3.03179e-06
6.31985e-06
7.32522e-07
6.7511e-06
-1.28285e-06
7.50429e-06
-3.05861e-06
7.49981e-06
-3.32917e-06
4.53641e-06
-1.00837e-07
-3.13051e-06
7.45973e-06
-1.21262e-05
1.70412e-05
2.23005e-05
4.52006e-06
-2.71608e-05
5.67405e-06
-2.97712e-05
6.05832e-06
-1.89698e-05
6.83062e-06
-8.48912e-06
7.6345e-06
2.29944e-07
8.26358e-06
6.67094e-06
8.29814e-06
1.05685e-05
7.84133e-06
1.17233e-05
7.16079e-06
1.07796e-05
6.4911e-06
8.63798e-06
5.99786e-06
5.99381e-06
5.78558e-06
3.24378e-06
5.83585e-06
6.82073e-07
6.11941e-06
-1.56648e-06
5.99196e-06
-2.9311e-06
2.14694e-06
5.16156e-07
-5.75864e-06
7.80399e-06
-1.44066e-05
1.61067e-05
-1.85104e-05
2.11443e-05
1.89172e-05
2.52639e-06
-2.91049e-05
2.1368e-06
-2.93801e-05
2.37419e-06
-1.92055e-05
3.29775e-06
-9.41099e-06
4.34526e-06
-8.16584e-07
5.3159e-06
5.7007e-06
5.91708e-06
9.9674e-06
6.02969e-06
1.16106e-05
5.77027e-06
1.10388e-05
5.34842e-06
9.0595e-06
4.92328e-06
6.41862e-06
4.54242e-06
3.62438e-06
4.10914e-06
1.11518e-06
3.2108e-06
-6.68127e-07
-1.50199e-06
1.78283e-06
-9.72776e-06
8.74248e-06
-1.75698e-05
1.56449e-05
-2.13346e-05
1.98702e-05
-1.97427e-05
1.95506e-05
1.49268e-05
-6.53078e-08
-2.89283e-05
-1.19604e-06
-2.82487e-05
-8.79646e-07
-1.95211e-05
1.3221e-07
-1.04219e-05
1.31159e-06
-1.9955e-06
2.33837e-06
4.67393e-06
3.21448e-06
9.09117e-06
3.73464e-06
1.10902e-05
3.81865e-06
1.09545e-05
3.51356e-06
9.36419e-06
2.82837e-06
7.10338e-06
1.87658e-06
4.57581e-06
1.34037e-07
2.85759e-06
-4.85586e-06
4.32351e-06
-1.31848e-05
1.01143e-05
-2.01183e-05
1.56763e-05
-2.31333e-05
1.86589e-05
-2.16452e-05
1.83806e-05
-1.76115e-05
1.55153e-05
1.26863e-05
-2.00561e-06
-2.80765e-05
-4.37231e-06
-2.5882e-05
-4.61555e-06
-1.92778e-05
-3.74148e-06
-1.1296e-05
-2.42046e-06
-3.3169e-06
-1.08856e-06
3.34115e-06
3.446e-08
7.96722e-06
7.03861e-07
1.042e-05
8.31867e-07
1.08256e-05
3.25207e-07
9.87002e-06
-7.68494e-07
8.19634e-06
-2.97062e-06
6.77752e-06
-7.92431e-06
7.81298e-06
-1.55413e-05
1.19441e-05
-2.16487e-05
1.6224e-05
-2.38331e-05
1.78609e-05
-2.20492e-05
1.68742e-05
-1.80485e-05
1.43789e-05
-1.46946e-05
1.21606e-05
1.21465e-05
-4.16443e-06
-2.32153e-05
-7.87745e-06
-2.21694e-05
-9.06376e-06
-1.8092e-05
-8.7153e-06
-1.16452e-05
-7.48109e-06
-4.55216e-06
-6.02706e-06
1.88554e-06
-4.73359e-06
6.67192e-06
-3.92068e-06
9.60534e-06
-3.81432e-06
1.07178e-05
-4.54295e-06
1.05974e-05
-6.61802e-06
1.02707e-05
-1.10735e-05
1.12341e-05
-1.7399e-05
1.41418e-05
-2.2488e-05
1.70364e-05
-2.38038e-05
1.75412e-05
-2.15094e-05
1.55668e-05
-1.73771e-05
1.27419e-05
-1.37177e-05
1.07192e-05
-1.20992e-05
1.05419e-05
1.20844e-05
-6.69186e-06
-1.61487e-05
-1.16866e-05
-1.71756e-05
-1.39167e-05
-1.58626e-05
-1.42484e-05
-1.13145e-05
-1.33544e-05
-5.44751e-06
-1.19871e-05
5.1685e-07
-1.07233e-05
5.40639e-06
-9.92597e-06
8.80628e-06
-1.00353e-05
1.08256e-05
-1.15867e-05
1.21478e-05
-1.50433e-05
1.37276e-05
-1.97595e-05
1.59525e-05
-2.33589e-05
1.7744e-05
-2.36854e-05
1.73648e-05
-2.07282e-05
1.45848e-05
-1.62615e-05
1.11006e-05
-1.23785e-05
8.85933e-06
-1.0277e-05
8.61782e-06
-9.68345e-06
9.94829e-06
1.15343e-05
-9.56522e-06
-7.74013e-06
-1.55091e-05
-1.12328e-05
-1.87262e-05
-1.26458e-05
-1.99229e-05
-1.01188e-05
-1.96491e-05
-5.72288e-06
-1.86904e-05
-4.43643e-07
-1.7735e-05
4.4493e-06
-1.73884e-05
8.45808e-06
-1.81609e-05
1.15968e-05
-2.02405e-05
1.42272e-05
-2.29842e-05
1.64723e-05
-2.47403e-05
1.77104e-05
-2.38625e-05
1.68677e-05
-2.02075e-05
1.37104e-05
-1.53097e-05
9.68726e-06
-1.11345e-05
6.9257e-06
-8.69643e-06
6.42151e-06
-7.70078e-06
7.62215e-06
-7.08337e-06
9.33075e-06
1.01549e-05
-1.29594e-05
1.64434e-07
-1.84966e-05
-5.69649e-06
-2.23181e-05
-8.8237e-06
-2.45987e-05
-7.83802e-06
-2.54968e-05
-4.82588e-06
-2.55228e-05
-4.19193e-07
-2.52534e-05
4.17831e-06
-2.52904e-05
8.49377e-06
-2.58469e-05
1.21527e-05
-2.65177e-05
1.48982e-05
-2.62905e-05
1.6246e-05
-2.4111e-05
1.55316e-05
-1.98367e-05
1.25934e-05
-1.46382e-05
8.51157e-06
-1.022e-05
5.2689e-06
-7.50534e-06
4.21101e-06
-6.17964e-06
5.09573e-06
-5.35926e-06
6.80157e-06
-4.16649e-06
8.1378e-06
8.00884e-06
-1.51178e-05
5.43738e-06
-1.91683e-05
-1.64677e-06
-2.29142e-05
-5.07569e-06
-2.60419e-05
-4.70774e-06
-2.82082e-05
-2.65832e-06
-2.92807e-05
6.53298e-07
-2.95606e-05
4.45777e-06
-2.93308e-05
8.26378e-06
-2.85426e-05
1.13647e-05
-2.67849e-05
1.31409e-05
-2.35774e-05
1.30388e-05
-1.89323e-05
1.08862e-05
-1.3722e-05
7.38236e-06
-9.29976e-06
4.08874e-06
-6.47861e-06
2.44751e-06
-4.9673e-06
2.69959e-06
-3.96645e-06
4.09471e-06
-2.79821e-06
5.63312e-06
-1.00205e-06
6.34149e-06
5.38404e-06
-1.37532e-05
8.07205e-06
-1.68365e-05
1.43497e-06
-1.98957e-05
-2.01408e-06
-2.28892e-05
-1.70984e-06
-2.54395e-05
-1.03703e-07
-2.69984e-05
2.21513e-06
-2.74144e-05
4.87562e-06
-2.65955e-05
7.44598e-06
-2.44991e-05
9.26912e-06
-2.10974e-05
9.73961e-06
-1.6624e-05
8.56522e-06
-1.18082e-05
6.06973e-06
-7.70818e-06
3.28179e-06
-5.04869e-06
1.42899e-06
-3.61451e-06
1.0133e-06
-2.65906e-06
1.74413e-06
-1.5765e-06
3.01208e-06
-3.72179e-08
4.09373e-06
2.16078e-06
4.14342e-06
2.74561e-06
-1.01167e-05
1.0858e-05
-1.31933e-05
4.50905e-06
-1.55135e-05
3.06529e-07
-1.74933e-05
2.72176e-07
-1.92537e-05
1.66027e-06
-2.02818e-05
3.24733e-06
-2.02146e-05
4.81198e-06
-1.88771e-05
6.11102e-06
-1.6295e-05
6.6887e-06
-1.27565e-05
6.202e-06
-8.87727e-06
4.6861e-06
-5.48902e-06
2.68136e-06
-3.21905e-06
1.01175e-06
-2.00156e-06
2.11562e-07
-1.24416e-06
2.55959e-07
-4.00598e-07
9.00564e-07
8.17211e-07
1.79419e-06
2.55039e-06
2.36043e-06
4.66676e-06
2.0269e-06
7.74032e-07
-5.28182e-06
1.48366e-05
-9.87028e-06
9.0949e-06
-1.24462e-05
2.88249e-06
-1.377e-05
1.59665e-06
-1.43477e-05
2.23854e-06
-1.42551e-05
3.15563e-06
-1.33886e-05
3.94677e-06
-1.17153e-05
4.43872e-06
-9.36728e-06
4.34134e-06
-6.70419e-06
3.53899e-06
-4.24982e-06
2.23151e-06
-2.4394e-06
8.70732e-07
-1.26249e-06
-1.65151e-07
-4.41642e-07
-6.09149e-07
3.47689e-07
-5.33256e-07
1.29298e-06
-4.47482e-08
2.53526e-06
5.51775e-07
4.04639e-06
8.49028e-07
5.4123e-06
6.60551e-07
2.16377e-07
-2.32545e-06
1.6695e-05
-6.41876e-06
1.31852e-05
-9.24079e-06
5.70413e-06
-1.05941e-05
2.95075e-06
-1.08581e-05
2.50287e-06
-1.03736e-05
2.67094e-06
-9.32761e-06
2.90013e-06
-7.86647e-06
2.97686e-06
-6.1275e-06
2.60156e-06
-4.32946e-06
1.74023e-06
-2.70617e-06
6.07748e-07
-1.38279e-06
-4.52779e-07
-3.67599e-07
-1.18029e-06
5.08879e-07
-1.48555e-06
1.31305e-06
-1.33737e-06
2.15096e-06
-8.82654e-07
3.06559e-06
-3.62983e-07
3.90789e-06
6.44503e-09
4.27099e-06
2.96946e-07
7.12185e-07
7.67734e-09
1.56001e-05
-1.38792e-06
1.45774e-05
-3.93013e-06
8.24488e-06
-5.37992e-06
4.40064e-06
-5.68888e-06
2.81242e-06
-5.1988e-06
2.18125e-06
-4.28523e-06
1.98656e-06
-3.23518e-06
1.92652e-06
-1.96114e-06
1.32714e-06
-4.67406e-07
2.46201e-07
9.57646e-07
-8.17389e-07
2.06439e-06
-1.55939e-06
2.88894e-06
-2.00461e-06
3.44845e-06
-2.04481e-06
3.68318e-06
-1.57196e-06
3.72066e-06
-9.20118e-07
3.72337e-06
-3.65821e-07
3.77552e-06
-4.59582e-08
3.67692e-06
3.95165e-07
1.09054e-06
2.54624e-06
1.24992e-05
4.6958e-06
1.2426e-05
4.07667e-06
8.86218e-06
3.03247e-06
5.44401e-06
2.49695e-06
3.34763e-06
2.74202e-06
1.93602e-06
3.37817e-06
1.35023e-06
3.93072e-06
1.37371e-06
4.78661e-06
4.7086e-07
6.00877e-06
-9.76326e-07
6.94818e-06
-1.75694e-06
7.11029e-06
-1.72132e-06
6.95111e-06
-1.84504e-06
6.90864e-06
-2.00198e-06
6.73372e-06
-1.39684e-06
6.3501e-06
-5.36433e-07
5.82955e-06
1.54699e-07
5.34828e-06
4.35143e-07
5.05905e-06
6.84128e-07
1.19253e-06
2.89413e-06
5.16825e-06
8.64784e-06
6.67083e-06
1.09349e-05
6.57403e-06
1.18014e-05
4.57693e-06
1.20445e-05
3.10413e-06
1.28064e-05
1.17351e-06
1.35412e-05
6.14831e-07
1.3233e-05
1.68126e-06
1.302e-05
6.83195e-07
1.34897e-05
-1.44662e-06
1.35459e-05
-1.81346e-06
1.21383e-05
-3.13587e-07
1.03903e-05
-9.66073e-08
9.45638e-06
-1.0676e-06
8.49685e-06
-4.37044e-07
7.64797e-06
3.12505e-07
6.86036e-06
9.42262e-07
6.57454e-06
7.20874e-07
6.77646e-06
4.82076e-07
7.68546e-07
1.78202e-06
9.01858e-06
1.2277e-05
1.48832e-05
1.53371e-05
1.75564e-05
1.89153e-05
1.74097e-05
1.54217e-05
1.60936e-05
1.6522e-05
1.35141e-05
1.07697e-05
1.05052e-05
9.24912e-06
7.90201e-06
6.347e-06
6.32962e-06
6.88309e-06
-1.1761e-06
1.17612e-06
2.44485e-08
-1.20053e-06
6.13109e-07
-5.88687e-07
4.35394e-07
1.7769e-07
2.66042e-07
1.69343e-07
2.45331e-07
2.07011e-08
2.78286e-07
-3.2995e-08
2.72294e-07
5.93029e-09
2.38383e-07
3.38656e-08
2.20573e-07
1.77958e-08
2.20002e-07
5.72327e-10
2.19036e-07
9.68044e-10
2.09187e-07
9.84921e-09
1.8903e-07
2.01565e-08
1.60012e-07
2.90184e-08
1.27649e-07
3.23628e-08
1.01242e-07
2.64072e-08
8.89838e-08
1.22581e-08
8.94997e-08
-5.15913e-10
-3.82507e-09
-1.59403e-06
2.77017e-06
3.36983e-07
-3.13152e-06
1.22877e-06
-1.4805e-06
1.05777e-06
3.48661e-07
7.15602e-07
5.11502e-07
5.95378e-07
1.40917e-07
6.15503e-07
-5.31567e-08
5.97924e-07
2.34473e-08
5.35452e-07
9.6288e-08
4.90115e-07
6.31167e-08
4.62532e-07
2.81564e-08
4.21367e-07
4.21342e-08
3.51618e-07
7.95988e-08
2.54202e-07
1.17573e-07
1.38992e-07
1.44229e-07
2.5182e-08
1.46172e-07
-6.13536e-08
1.12943e-07
-1.05505e-07
5.64096e-08
-1.12969e-07
6.9478e-09
-8.57938e-09
-1.46609e-06
4.2363e-06
5.92171e-07
-5.18976e-06
1.41942e-06
-2.30778e-06
1.35524e-06
4.12808e-07
1.01439e-06
8.52344e-07
8.24735e-07
3.3056e-07
7.95637e-07
-2.40903e-08
7.54513e-07
6.45081e-08
6.73358e-07
1.77391e-07
5.96983e-07
1.39474e-07
5.1841e-07
1.06729e-07
4.04873e-07
1.55674e-07
2.44716e-07
2.39756e-07
4.65943e-08
3.15694e-07
-1.6616e-07
3.56983e-07
-3.6161e-07
3.41622e-07
-5.05789e-07
2.57121e-07
-5.80732e-07
1.31353e-07
-5.99915e-07
2.61304e-08
-1.06767e-08
-1.27731e-06
5.51365e-06
6.88106e-07
-7.15515e-06
1.35669e-06
-2.9764e-06
1.38187e-06
3.87604e-07
1.13494e-06
1.09926e-06
9.38293e-07
5.272e-07
8.6035e-07
5.3823e-08
7.82405e-07
1.42392e-07
6.75977e-07
2.83766e-07
5.5636e-07
2.59073e-07
4.03373e-07
2.59717e-07
1.91622e-07
3.67427e-07
-7.81857e-08
5.09565e-07
-3.83979e-07
6.21488e-07
-6.90529e-07
6.63533e-07
-9.5653e-07
6.07623e-07
-1.14643e-06
4.47022e-07
-1.24624e-06
2.31163e-07
-1.2765e-06
5.63856e-08
-9.51551e-09
-1.11665e-06
6.63035e-06
6.53717e-07
-8.92551e-06
1.14152e-06
-3.46424e-06
1.2282e-06
3.00893e-07
1.10194e-06
1.22551e-06
9.4317e-07
6.85965e-07
8.29965e-07
1.66999e-07
7.07214e-07
2.65082e-07
5.61881e-07
4.2905e-07
3.79671e-07
4.41269e-07
1.29667e-07
5.09723e-07
-1.97032e-07
6.94127e-07
-5.80926e-07
8.93459e-07
-9.8613e-07
1.02669e-06
-1.36895e-06
1.04636e-06
-1.68687e-06
9.25538e-07
-1.90851e-06
6.6866e-07
-2.02561e-06
3.48268e-07
-2.06385e-06
9.4625e-08
-6.05974e-09
-9.82606e-07
7.613e-06
5.39811e-07
-1.04479e-05
8.50304e-07
-3.77477e-06
9.79325e-07
1.71845e-07
9.62624e-07
1.2422e-06
8.5538e-07
7.93206e-07
7.14912e-07
3.07438e-07
5.41722e-07
4.38214e-07
3.40367e-07
6.30363e-07
7.23539e-08
7.09273e-07
-2.9147e-07
8.73549e-07
-7.3572e-07
1.13838e-06
-1.22229e-06
1.38003e-06
-1.7059e-06
1.5103e-06
-2.14149e-06
1.48195e-06
-2.4917e-06
1.27575e-06
-2.73205e-06
9.09009e-07
-2.85915e-06
4.75368e-07
-2.9016e-06
1.37077e-07
-1.63272e-09
-8.67705e-07
8.48076e-06
3.83941e-07
-1.16996e-05
5.46528e-07
-3.93739e-06
7.03164e-07
1.51871e-08
7.62358e-07
1.183e-06
6.92936e-07
8.62624e-07
5.20864e-07
4.79479e-07
2.90079e-07
6.68947e-07
1.3959e-08
9.06451e-07
-3.60684e-07
1.08391e-06
-8.42912e-07
1.35578e-06
-1.39182e-06
1.68729e-06
-1.95748e-06
1.94569e-06
-2.4925e-06
2.04531e-06
-2.9572e-06
1.94666e-06
-3.32262e-06
1.64117e-06
-3.57097e-06
1.15736e-06
-3.70185e-06
6.06246e-07
-3.74505e-06
1.80278e-07
2.56939e-09
-7.65636e-07
9.24645e-06
2.11888e-07
-1.26771e-05
2.73741e-07
-3.99928e-06
4.41094e-07
-1.5218e-07
5.29863e-07
1.09423e-06
4.67874e-07
9.2461e-07
2.4971e-07
6.9761e-07
-4.82617e-08
9.66873e-07
-4.21228e-07
1.2794e-06
-9.10225e-07
1.57291e-06
-1.49851e-06
1.94406e-06
-2.12703e-06
2.31582e-06
-2.74222e-06
2.56088e-06
-3.30176e-06
2.60485e-06
-3.77525e-06
2.42014e-06
-4.14227e-06
2.00819e-06
-4.39017e-06
1.40526e-06
-4.5198e-06
7.35881e-07
-4.56078e-06
2.21251e-07
5.58434e-09
-6.70131e-07
9.91664e-06
3.89568e-08
-1.33862e-05
4.48449e-08
-4.00518e-06
2.01453e-07
-3.08797e-07
2.73312e-07
1.02237e-06
1.82675e-07
1.01524e-06
-9.97612e-08
9.80013e-07
-4.81344e-07
1.34842e-06
-9.59181e-07
1.75722e-06
-1.55553e-06
2.16926e-06
-2.2249e-06
2.61342e-06
-2.90171e-06
2.99263e-06
-3.53686e-06
3.19603e-06
-4.09768e-06
3.16567e-06
-4.56367e-06
2.88613e-06
-4.92149e-06
2.366e-06
-5.16205e-06
1.64582e-06
-5.28628e-06
8.60106e-07
-5.32245e-06
2.57424e-07
6.46274e-09
-5.90913e-07
1.05076e-05
-1.25066e-07
-1.38521e-05
-1.56836e-07
-3.97342e-06
-3.19492e-08
-4.33688e-07
-1.55555e-08
1.00598e-06
-1.66127e-07
1.1658e-06
-5.29995e-07
1.34385e-06
-1.00413e-06
1.82253e-06
-1.5866e-06
2.33969e-06
-2.26768e-06
2.85033e-06
-2.9859e-06
3.33165e-06
-3.67922e-06
3.68595e-06
-4.30837e-06
3.82518e-06
-4.85154e-06
3.70885e-06
-5.29686e-06
3.33145e-06
-5.63632e-06
2.70546e-06
-5.86344e-06
1.87295e-06
-5.97848e-06
9.75144e-07
-6.0074e-06
2.86344e-07
4.18392e-09
-5.27664e-07
1.10353e-05
-2.94773e-07
-1.4085e-05
-3.61476e-07
-3.90672e-06
-3.0621e-07
-4.88957e-07
-3.48956e-07
1.04872e-06
-5.88853e-07
1.40568e-06
-1.04164e-06
1.79661e-06
-1.61007e-06
2.39095e-06
-2.27946e-06
3.00908e-06
-3.01338e-06
3.58425e-06
-3.74693e-06
4.0652e-06
-4.42832e-06
4.36734e-06
-5.02996e-06
4.42681e-06
-5.53989e-06
4.21878e-06
-5.953e-06
3.74456e-06
-6.2655e-06
3.01796e-06
-6.47311e-06
2.08057e-06
-6.57515e-06
1.07718e-06
-6.59426e-06
3.05451e-07
-2.45721e-09
-4.78377e-07
1.15137e-05
-4.79067e-07
-1.40843e-05
-5.91532e-07
-3.79426e-06
-6.12069e-07
-4.68421e-07
-7.45423e-07
1.18207e-06
-1.08854e-06
1.74879e-06
-1.62988e-06
2.33793e-06
-2.28056e-06
3.04162e-06
-3.00758e-06
3.7361e-06
-3.75954e-06
4.33621e-06
-4.47774e-06
4.78341e-06
-5.1233e-06
5.0129e-06
-5.67952e-06
4.98303e-06
-6.14234e-06
4.68159e-06
-6.5121e-06
4.11432e-06
-6.78874e-06
3.29461e-06
-6.97025e-06
2.26207e-06
-7.0551e-06
1.16203e-06
-7.06157e-06
3.11925e-07
-1.49458e-08
-4.4388e-07
1.19577e-05
-6.8784e-07
-1.38404e-05
-8.64188e-07
-3.61791e-06
-9.7589e-07
-3.56721e-07
-1.21445e-06
1.42064e-06
-1.66123e-06
2.19556e-06
-2.28045e-06
2.95714e-06
-2.98909e-06
3.75026e-06
-3.73923e-06
4.48624e-06
-4.47637e-06
5.07335e-06
-5.15306e-06
5.46009e-06
-5.74282e-06
5.60267e-06
-6.23774e-06
5.47795e-06
-6.64e-06
5.08385e-06
-6.95478e-06
4.42911e-06
-7.18584e-06
3.52566e-06
-7.33376e-06
2.40998e-06
-7.39658e-06
1.22485e-06
-7.38736e-06
3.02711e-07
-3.54166e-08
-4.26181e-07
1.23839e-05
-9.29169e-07
-1.33374e-05
-1.19284e-06
-3.35424e-06
-1.41009e-06
-1.39473e-07
-1.75653e-06
1.76708e-06
-2.29468e-06
2.7337e-06
-2.97063e-06
3.63308e-06
-3.70568e-06
4.48531e-06
-4.44477e-06
5.22533e-06
-5.13857e-06
5.76716e-06
-5.75187e-06
6.0734e-06
-6.26837e-06
6.11916e-06
-6.68684e-06
5.89642e-06
-7.01466e-06
5.41167e-06
-7.26192e-06
4.67637e-06
-7.43663e-06
3.70037e-06
-7.54238e-06
2.51573e-06
-7.57749e-06
1.25996e-06
-7.54912e-06
2.74343e-07
-6.66807e-08
-4.2823e-07
1.28121e-05
-1.20908e-06
-1.25566e-05
-1.58475e-06
-2.97857e-06
-1.91517e-06
1.90949e-07
-2.36118e-06
2.21309e-06
-2.96837e-06
3.34088e-06
-3.67277e-06
4.33748e-06
-4.40096e-06
5.2135e-06
-5.09846e-06
5.92283e-06
-5.72506e-06
6.39376e-06
-6.25622e-06
6.60455e-06
-6.68318e-06
6.54613e-06
-7.00994e-06
6.22318e-06
-7.24879e-06
5.65052e-06
-7.4151e-06
4.84268e-06
-7.52169e-06
3.80696e-06
-7.57559e-06
2.56963e-06
-7.57623e-06
1.2606e-06
-7.52469e-06
2.22802e-07
-1.12576e-07
-4.53927e-07
1.32661e-05
-1.53094e-06
-1.14796e-05
-2.03856e-06
-2.47094e-06
-2.48048e-06
6.32863e-07
-3.00859e-06
2.7412e-06
-3.6564e-06
3.98869e-06
-4.35832e-06
5.0394e-06
-5.04863e-06
5.90381e-06
-5.67877e-06
6.55297e-06
-6.21808e-06
6.93306e-06
-6.65013e-06
7.03661e-06
-6.97175e-06
6.86775e-06
-7.1914e-06
6.44283e-06
-7.32639e-06
5.78551e-06
-7.39789e-06
4.91418e-06
-7.42398e-06
3.83306e-06
-7.41529e-06
2.56094e-06
-7.37325e-06
1.21856e-06
-7.29365e-06
1.43204e-07
-1.7847e-07
-5.0857e-07
1.37747e-05
-1.89486e-06
-1.00933e-05
-2.5439e-06
-1.8219e-06
-3.08727e-06
1.17624e-06
-3.67324e-06
3.32717e-06
-4.33116e-06
4.64661e-06
-5.00076e-06
5.709e-06
-5.62637e-06
6.52942e-06
-6.16771e-06
7.09431e-06
-6.6022e-06
7.36755e-06
-6.9193e-06
7.35371e-06
-7.12024e-06
7.06869e-06
-7.21786e-06
6.54045e-06
-7.23479e-06
5.80244e-06
-7.19823e-06
4.87762e-06
-7.13164e-06
3.76647e-06
-7.04879e-06
2.4781e-06
-6.95364e-06
1.12341e-06
-6.8394e-06
2.89637e-08
-2.72095e-07
-5.9914e-07
1.43738e-05
-2.2979e-06
-8.39456e-06
-3.08428e-06
-1.03551e-06
-3.71166e-06
1.80362e-06
-4.3278e-06
3.94332e-06
-4.96637e-06
5.28517e-06
-5.57711e-06
6.31974e-06
-6.11564e-06
7.06795e-06
-6.55006e-06
7.52873e-06
-6.864e-06
7.68149e-06
-7.05142e-06
7.54113e-06
-7.11767e-06
7.13494e-06
-7.08039e-06
6.50317e-06
-6.96778e-06
5.68982e-06
-6.81287e-06
4.72271e-06
-6.64357e-06
3.59717e-06
-6.47489e-06
2.30942e-06
-6.31227e-06
9.60787e-07
-6.15267e-06
-1.3064e-07
-4.05039e-07
-7.43589e-07
1.51173e-05
-2.73614e-06
-6.40203e-06
-3.64025e-06
-1.31392e-07
-4.32726e-06
2.49063e-06
-4.94585e-06
4.56191e-06
-5.53873e-06
5.87806e-06
-6.06816e-06
6.84917e-06
-6.50101e-06
7.5008e-06
-6.81287e-06
7.84058e-06
-6.99222e-06
7.86085e-06
-7.03718e-06
7.58609e-06
-6.9579e-06
7.05566e-06
-6.77769e-06
6.32296e-06
-6.53086e-06
5.44299e-06
-6.25566e-06
4.44752e-06
-5.98168e-06
3.32319e-06
-5.71924e-06
2.04699e-06
-5.4684e-06
7.09947e-07
-5.24104e-06
-3.57997e-07
-5.96293e-07
-8.6681e-07
1.59841e-05
-3.21607e-06
-4.05278e-06
-4.18787e-06
8.40415e-07
-4.90375e-06
3.20652e-06
-5.49968e-06
5.15784e-06
-6.0257e-06
6.40408e-06
-6.45641e-06
7.27988e-06
-6.76838e-06
7.81277e-06
-6.94358e-06
8.01578e-06
-6.97536e-06
7.89263e-06
-6.86748e-06
7.4782e-06
-6.63717e-06
6.82535e-06
-6.31564e-06
6.00144e-06
-5.94458e-06
5.07193e-06
-5.567e-06
4.06995e-06
-5.20994e-06
2.96614e-06
-4.86752e-06
1.70458e-06
-4.5118e-06
3.54245e-07
-4.17496e-06
-6.94829e-07
-8.88831e-07
-1.08829e-05
1.15804e-05
-1.7587e-05
2.65129e-06
-2.16415e-05
4.89492e-06
-2.41737e-05
5.73873e-06
-2.57583e-05
6.74239e-06
-2.67008e-05
7.3466e-06
-2.70475e-05
7.62655e-06
-2.68037e-05
7.56905e-06
-2.59804e-05
7.19248e-06
-2.46266e-05
6.53879e-06
-2.28341e-05
5.68573e-06
-2.07435e-05
4.73478e-06
-1.85349e-05
3.79291e-06
-1.6405e-05
2.94211e-06
-1.45347e-05
2.19975e-06
-1.30201e-05
1.45171e-06
-1.17457e-05
4.30475e-07
-1.00952e-05
-1.29599e-06
-7.68522e-06
-3.10449e-06
-3.35961e-06
-1.88026e-05
1.05224e-05
-2.28412e-05
6.68989e-06
-2.49315e-05
6.98526e-06
-2.58297e-05
6.63687e-06
-2.56774e-05
6.59014e-06
-2.47295e-05
6.39872e-06
-2.31633e-05
6.06039e-06
-2.1111e-05
5.51673e-06
-1.8699e-05
4.78049e-06
-1.60739e-05
3.91377e-06
-1.34098e-05
3.0217e-06
-1.091e-05
2.23498e-06
-8.79626e-06
1.67924e-06
-7.28623e-06
1.43216e-06
-6.57336e-06
1.48699e-06
-6.70261e-06
1.58117e-06
-7.04137e-06
7.69592e-07
-6.22891e-06
-2.10793e-06
-3.33059e-06
-6.00217e-06
-6.67868e-06
-2.15882e-05
1.06712e-05
-2.31027e-05
8.20445e-06
-2.30709e-05
6.9534e-06
-2.20865e-05
5.65259e-06
-2.03147e-05
4.81836e-06
-1.80088e-05
4.09289e-06
-1.53849e-05
3.4365e-06
-1.262e-05
2.75186e-06
-9.87055e-06
2.03105e-06
-7.28472e-06
1.32795e-06
-5.00011e-06
7.37103e-07
-3.14784e-06
3.82703e-07
-1.8589e-06
3.90275e-07
-1.30191e-06
8.75082e-07
-1.67986e-06
1.86476e-06
-2.97675e-06
2.87787e-06
-4.57335e-06
2.36612e-06
-4.9685e-06
-1.71256e-06
-3.19114e-06
-7.77903e-06
-9.80158e-06
-2.02068e-05
9.9782e-06
-1.93367e-05
7.33439e-06
-1.75153e-05
5.13209e-06
-1.51862e-05
3.32358e-06
-1.25241e-05
2.15634e-06
-9.77437e-06
1.34315e-06
-7.11787e-06
7.79989e-07
-4.68211e-06
3.16044e-07
-2.53876e-06
-1.12374e-07
-7.11655e-07
-4.9927e-07
8.11974e-07
-7.86674e-07
1.99988e-06
-8.05367e-07
2.75551e-06
-3.65535e-07
2.96495e-06
6.65352e-07
2.47998e-06
2.34922e-06
1.21114e-06
4.14603e-06
-5.37545e-07
4.11427e-06
-2.227e-06
-2.31412e-08
-2.40107e-06
-7.60445e-06
-1.19686e-05
-1.58767e-05
8.04482e-06
-1.34941e-05
4.95187e-06
-1.07261e-05
2.36421e-06
-7.91011e-06
5.07682e-07
-5.20664e-06
-5.4713e-07
-2.80077e-06
-1.0628e-06
-7.97996e-07
-1.22292e-06
7.84579e-07
-1.26671e-06
2.01193e-06
-1.33995e-06
3.00056e-06
-1.48818e-06
3.8815e-06
-1.668e-06
4.76959e-06
-1.69401e-06
5.58592e-06
-1.18253e-06
6.01235e-06
2.38318e-07
5.84612e-06
2.51475e-06
5.07888e-06
4.9123e-06
3.71422e-06
5.478e-06
1.38999e-06
2.30071e-06
-7.60061e-07
-5.45398e-06
-1.25573e-05
-1.03615e-05
5.25852e-06
-7.38105e-06
1.97152e-06
-4.4067e-06
-6.10159e-07
-1.61441e-06
-2.28472e-06
8.2309e-07
-2.98478e-06
2.73078e-06
-2.97063e-06
4.07605e-06
-2.56831e-06
4.93842e-06
-2.12918e-06
5.43748e-06
-1.83908e-06
5.68998e-06
-1.74076e-06
5.81604e-06
-1.79419e-06
6.0469e-06
-1.92516e-06
6.67317e-06
-1.80952e-06
7.53826e-06
-6.27943e-07
7.95202e-06
2.09981e-06
7.53596e-06
5.32715e-06
6.23709e-06
6.77574e-06
3.95302e-06
4.58419e-06
6.43882e-07
-2.1446e-06
-1.07842e-05
-4.82539e-06
2.1118e-06
-1.71805e-06
-1.13586e-06
1.19715e-06
-3.52545e-06
3.69527e-06
-4.78289e-06
5.63002e-06
-4.91955e-06
6.85015e-06
-4.19073e-06
7.45846e-06
-3.17659e-06
7.67877e-06
-2.34941e-06
7.70183e-06
-1.862e-06
7.6253e-06
-1.664e-06
7.43185e-06
-1.60047e-06
7.13553e-06
-1.62857e-06
7.09705e-06
-1.77101e-06
7.75511e-06
-1.28679e-06
8.59895e-06
1.25445e-06
8.58187e-06
5.34263e-06
7.33612e-06
8.02016e-06
4.94085e-06
6.97879e-06
1.62415e-06
1.17228e-06
-9.54626e-06
3.14475e-07
-1.1039e-06
3.18947e-06
-4.0109e-06
5.54461e-06
-5.88056e-06
7.26031e-06
-6.49848e-06
8.099e-06
-5.75809e-06
8.08313e-06
-4.17475e-06
7.64736e-06
-2.74073e-06
7.29515e-06
-1.99707e-06
7.23528e-06
-1.80186e-06
7.46289e-06
-1.89116e-06
7.74536e-06
-1.88236e-06
7.77325e-06
-1.65579e-06
7.53668e-06
-1.53381e-06
7.63856e-06
-1.38852e-06
8.31201e-06
5.79912e-07
8.49138e-06
5.16147e-06
7.3607e-06
9.14928e-06
4.99501e-06
9.34373e-06
1.73592e-06
4.43154e-06
-6.76555e-06
4.64786e-06
-3.95565e-06
6.74373e-06
-6.10672e-06
8.0566e-06
-7.19328e-06
8.39235e-06
-6.83399e-06
7.49396e-06
-4.85951e-06
5.85233e-06
-2.53308e-06
4.59513e-06
-1.48353e-06
4.35191e-06
-1.7537e-06
4.85145e-06
-2.30103e-06
5.83839e-06
-2.87753e-06
6.92505e-06
-2.96828e-06
7.6863e-06
-2.4162e-06
7.84308e-06
-1.6897e-06
7.66859e-06
-1.21332e-06
7.78115e-06
4.67008e-07
7.73338e-06
5.20764e-06
6.64356e-06
1.02375e-05
4.49137e-06
1.14951e-05
2.05373e-06
6.86931e-06
-6.21143e-06
7.72826e-06
-5.8086e-06
8.58837e-06
-6.96668e-06
8.46704e-06
-7.0717e-06
6.96006e-06
-5.32677e-06
3.99096e-06
-1.89037e-06
1.40569e-06
5.20053e-08
8.08662e-07
-8.86506e-07
1.66487e-06
-2.60967e-06
2.8723e-06
-3.50803e-06
4.36282e-06
-4.36744e-06
5.93481e-06
-4.53949e-06
7.22134e-06
-3.70187e-06
7.84539e-06
-2.31285e-06
7.70741e-06
-1.07447e-06
7.25354e-06
9.21011e-07
6.64903e-06
5.81088e-06
5.40232e-06
1.14825e-05
3.37213e-06
1.35245e-05
1.31682e-06
8.92472e-06
-4.37909e-06
9.13746e-06
-6.25631e-06
8.63779e-06
-6.46675e-06
6.95016e-06
-5.38376e-06
3.32147e-06
-1.698e-06
-6.17766e-07
2.04853e-06
-2.14718e-06
1.58124e-06
-1.41697e-06
-1.61665e-06
1.49175e-07
-4.17561e-06
1.59751e-06
-4.95597e-06
3.13262e-06
-5.90197e-06
4.81921e-06
-6.22528e-06
6.32897e-06
-5.21072e-06
7.27009e-06
-3.25307e-06
7.2866e-06
-1.09015e-06
6.46101e-06
1.74684e-06
5.26587e-06
7.00496e-06
3.79866e-06
1.29482e-05
1.99502e-06
1.53274e-05
1.04929e-06
9.87049e-06
-5.12563e-06
8.63565e-06
-5.53478e-06
7.1333e-06
-4.964e-06
4.03755e-06
-2.28777e-06
-5.7122e-07
2.91044e-06
-3.65496e-06
5.13188e-06
-4.08896e-06
2.01517e-06
-2.96721e-06
-2.73839e-06
-1.04195e-06
-6.10079e-06
5.43563e-07
-6.54123e-06
1.87526e-06
-7.23317e-06
3.38129e-06
-7.73056e-06
4.81959e-06
-6.64809e-06
5.84015e-06
-4.2727e-06
5.95556e-06
-1.20483e-06
4.96559e-06
2.73692e-06
3.42588e-06
8.54362e-06
1.89228e-06
1.44803e-05
5.06794e-07
1.67121e-05
2.0827e-07
1.0169e-05
-4.42493e-06
6.71846e-06
-4.51837e-06
4.7446e-06
-2.98969e-06
9.55491e-07
1.50131e-06
-3.07431e-06
6.9397e-06
-5.00681e-06
7.0641e-06
-5.16694e-06
2.17523e-06
-4.10268e-06
-3.80267e-06
-2.08216e-06
-8.1213e-06
-4.07074e-07
-8.21627e-06
5.3637e-07
-8.17626e-06
1.55393e-06
-8.7475e-06
2.62024e-06
-7.71357e-06
3.44129e-06
-5.09287e-06
3.48402e-06
-1.24699e-06
2.50173e-06
3.71906e-06
1.07819e-06
9.966e-06
-1.57878e-07
1.57151e-05
-8.09739e-07
1.73634e-05
3.02614e-07
9.05647e-06
-6.43731e-06
4.39406e-06
-3.75755e-06
2.30777e-06
-9.03095e-07
-1.0987e-06
4.90746e-06
-3.73763e-06
9.57811e-06
-4.80275e-06
8.129e-06
-4.96195e-06
2.33431e-06
-4.27152e-06
-4.4931e-06
-2.62184e-06
-9.77092e-06
-1.08293e-06
-9.75532e-06
-6.71138e-07
-8.58783e-06
-4.25963e-07
-8.99222e-06
-9.88245e-08
-8.04007e-06
2.08388e-07
-5.39943e-06
6.01595e-08
-1.09849e-06
-6.81797e-07
4.46054e-06
-1.60365e-06
1.08867e-05
-2.12123e-06
1.62315e-05
-1.66208e-06
1.69038e-05
-8.27624e-08
7.47677e-06
-5.82467e-06
2.31016e-06
-3.19127e-06
6.25257e-07
7.81879e-07
-1.51333e-06
7.04558e-06
-2.63677e-06
1.07011e-05
-2.86669e-06
8.35865e-06
-2.95952e-06
2.42694e-06
-2.85139e-06
-4.60116e-06
-2.1433e-06
-1.04788e-05
-1.21619e-06
-1.06827e-05
-1.46453e-06
-8.33939e-06
-2.03968e-06
-8.41678e-06
-2.54512e-06
-7.53423e-06
-2.9128e-06
-5.03142e-06
-3.33533e-06
-6.76006e-07
-3.77527e-06
4.89987e-06
-3.90783e-06
1.10182e-05
-3.28261e-06
1.56055e-05
-1.68405e-06
1.53049e-05
1.69511e-07
5.62268e-06
-7.36021e-06
9.36079e-07
-2.82317e-06
9.91067e-08
1.61879e-06
-5.44351e-07
7.68855e-06
-2.79028e-07
1.04353e-05
3.23317e-07
7.75597e-06
5.22144e-07
2.22787e-06
2.34264e-07
-4.31317e-06
-4.26393e-07
-9.81771e-06
-7.35712e-07
-1.03736e-05
-1.74238e-06
-7.33279e-06
-3.0854e-06
-7.07362e-06
-4.32822e-06
-6.29121e-06
-5.28267e-06
-4.07687e-06
-5.84531e-06
-1.13546e-07
-5.89008e-06
4.94409e-06
-5.17578e-06
1.03032e-05
-3.40928e-06
1.38385e-05
-8.37026e-07
1.27324e-05
8.1046e-07
3.9748e-06
-5.70287e-06
7.80821e-07
-2.40375e-06
6.33881e-07
1.76564e-06
1.38774e-06
6.93427e-06
2.96252e-06
8.86019e-06
4.10753e-06
6.61064e-06
4.3763e-06
1.95892e-06
3.61651e-06
-3.55327e-06
1.86289e-06
-8.06358e-06
1.18335e-07
-8.6291e-06
-1.62152e-06
-5.5932e-06
-3.52757e-06
-5.16758e-06
-5.2146e-06
-4.6041e-06
-6.47697e-06
-2.81447e-06
-7.0275e-06
4.3683e-07
-6.65974e-06
4.57599e-06
-5.19476e-06
8.8378e-06
-2.54223e-06
1.11857e-05
6.22735e-07
9.56724e-06
2.36781e-06
2.22955e-06
-6.67903e-06
1.76816e-06
-1.36414e-06
1.73011e-06
1.80351e-06
3.46126e-06
5.20282e-06
5.96011e-06
6.36104e-06
7.46115e-06
5.10936e-06
7.91252e-06
1.50742e-06
6.86996e-06
-2.51054e-06
4.14721e-06
-5.34026e-06
1.19585e-06
-5.67768e-06
-1.34203e-06
-3.05581e-06
-3.68228e-06
-2.8275e-06
-5.54152e-06
-2.74488e-06
-6.67166e-06
-1.68431e-06
-7.14334e-06
9.08455e-07
-6.28515e-06
3.71766e-06
-4.29505e-06
6.8475e-06
-1.20146e-06
8.09188e-06
2.07306e-06
6.29253e-06
3.01862e-06
1.28393e-06
-3.68062e-06
3.05279e-06
-1.52284e-07
2.61881e-06
2.23715e-06
4.77977e-06
3.04168e-06
8.21898e-06
2.92166e-06
9.8645e-06
3.46367e-06
1.0587e-05
7.84972e-07
8.92446e-06
-8.47449e-07
5.31991e-06
-1.73524e-06
2.03178e-06
-2.38958e-06
-1.04664e-06
2.19793e-08
-3.7052e-06
-1.69139e-07
-5.8009e-06
-6.49273e-07
-6.61256e-06
-8.7277e-07
-7.13667e-06
1.43255e-06
-5.46044e-06
2.04142e-06
-3.27298e-06
4.65996e-06
3.70803e-08
4.78174e-06
3.67294e-06
2.65654e-06
4.93197e-06
2.48473e-08
-2.70711e-06
4.33936e-06
2.58e-06
4.61229e-06
8.90592e-06
8.62403e-06
9.37877e-06
7.20924e-06
4.38176e-06
2.92596e-06
-8.81953e-07
-2.94841e-06
-4.65364e-06
-4.20521e-06
-6.63109e-06
-3.30535e-06
-3.4628e-06
4.5773e-07
3.39988e-06
4.57107e-06
)
;

boundaryField
{
    left_open
    {
        type            calculated;
        value           nonuniform List<scalar> 
40
(
-7.20574e-08
-5.94628e-08
-5.37046e-08
-6.83065e-08
-8.75788e-08
-1.02482e-07
-1.06003e-07
-9.95645e-08
-9.17925e-08
-8.20841e-08
-6.48944e-08
-5.77224e-08
-7.90559e-08
-7.15838e-08
-7.13709e-08
-7.01153e-08
-6.10016e-08
-5.81466e-08
-8.01943e-08
-6.56308e-08
-3.06727e-07
-6.94077e-07
-1.16296e-06
-1.00487e-06
-5.80812e-07
-1.10449e-07
1.1547e-06
-6.95358e-07
-3.74641e-07
1.1558e-06
5.05338e-06
9.84262e-06
1.11152e-05
7.32701e-06
1.29994e-06
4.64616e-07
1.08584e-06
5.53672e-07
4.43568e-06
1.87621e-06
)
;
    }
    right_open
    {
        type            calculated;
        value           nonuniform List<scalar> 
40
(
9.33247e-08
-1.08215e-07
-5.97818e-07
-1.27766e-06
-2.06731e-06
-2.90603e-06
-3.74926e-06
-4.56379e-06
-5.32333e-06
-6.00512e-06
-6.58762e-06
-7.04908e-06
-7.36689e-06
-7.51786e-06
-7.4788e-06
-7.22776e-06
-6.74577e-06
-6.01973e-06
-5.04978e-06
-3.88242e-06
-5.21433e-06
-1.12371e-08
-6.7945e-08
-2.33723e-07
-1.71146e-07
-1.12822e-06
3.85834e-07
-1.04391e-06
1.49941e-06
-5.15007e-07
1.79527e-06
-4.92111e-07
2.31448e-06
-6.95142e-07
1.70382e-06
-8.46171e-07
3.34354e-06
2.10458e-08
3.95762e-06
1.18957e-06
)
;
    }
    base_side
    {
        type            calculated;
        value           uniform 0;
    }
    top
    {
        type            calculated;
        value           nonuniform List<scalar> 
65
(
1.51007e-06
-5.6586e-07
3.31363e-06
1.96961e-06
2.64879e-06
-1.04549e-06
-7.44067e-07
3.18559e-06
2.67e-06
-2.11812e-06
-2.24127e-06
2.69396e-06
2.64729e-06
-8.02638e-07
8.19389e-07
1.65979e-06
2.49735e-06
7.38266e-07
-7.13692e-08
3.49323e-07
1.94611e-07
2.22978e-07
3.16852e-07
3.3478e-07
4.05739e-07
3.63749e-07
-1.54728e-07
1.00616e-06
5.63487e-07
-1.20841e-07
-1.86887e-07
-4.23953e-08
-3.98884e-08
-3.09172e-08
4.48522e-07
4.96002e-07
7.33963e-08
2.12997e-07
1.46628e-07
1.38065e-06
2.18486e-07
1.18773e-07
1.13323e-07
1.112e-07
2.69278e-07
-6.80518e-07
3.99529e-06
1.00986e-06
-1.37147e-06
3.74407e-06
3.11868e-08
1.32273e-06
1.09276e-06
-9.33657e-07
3.82835e-06
1.89755e-06
1.05631e-06
-1.32085e-06
3.85753e-06
-1.28371e-06
4.81638e-06
8.62124e-07
-2.848e-07
-1.14583e-06
6.75067e-07
)
;
    }
    front
    {
        type            empty;
        value           nonuniform 0();
    }
    back
    {
        type            empty;
        value           nonuniform 0();
    }
    air_to_aluminum
    {
        type            calculated;
        value           nonuniform List<scalar> 
129
(
0
0
0
0
0
0
0
0
0
0
0
0
0
0
0
0
0
0
2.11758e-22
0
2.11758e-22
0
0
0
0
0
0
0
0
0
0
0
0
0
0
0
0
0
0
0
0
0
0
-6.61744e-24
0
0
0
0
2.11758e-22
0
0
0
-3.30872e-24
0
0
1.32349e-23
0
0
0
0
0
0
2.64698e-23
0
0
0
0
0
0
0
0
0
0
0
0
0
0
0
0
0
0
0
0
0
-2.64698e-23
0
0
0
0
0
0
0
0
0
0
0
0
0
0
0
0
-1.32349e-23
0
0
0
0
-2.64698e-23
0
0
1.05879e-22
0
0
0
0
0
0
0
0
0
0
0
0
0
0
0
0
0
0
0
)
;
    }
}


// ************************************************************************* //
