/*--------------------------------*- C++ -*----------------------------------*\
| =========                 |                                                 |
| \\      /  F ield         | OpenFOAM: The Open Source CFD Toolbox           |
|  \\    /   O peration     | Version:                                        |
|   \\  /    A nd           | Website:  www.openfoam.com                      |
|    \\/     M anipulation  |                                                 |
\*---------------------------------------------------------------------------*/
FoamFile
{
    version     2.0;
    format      ascii;
    class       surfaceScalarField;
    location    "480/air";
    object      phi;
}
// * * * * * * * * * * * * * * * * * * * * * * * * * * * * * * * * * * * * * //

dimensions      [1 0 -1 0 0 0 0];
oriented        oriented;


internalField   nonuniform List<scalar> 
4299
(
7.37842e-08
-7.37693e-08
1.12948e-07
-3.91487e-08
7.43613e-08
3.86015e-08
7.43762e-08
6.63168e-08
-1.40071e-07
1.13787e-07
-8.66036e-08
7.34352e-08
7.8968e-08
1.47826e-07
4.01318e-08
-1.80188e-07
7.06109e-08
-1.17068e-07
4.47276e-08
1.04866e-07
1.92569e-07
2.12754e-08
-2.01448e-07
3.69053e-08
-1.32683e-07
2.25582e-08
1.19228e-07
2.15142e-07
1.03256e-08
-2.11759e-07
1.72252e-08
-1.39567e-07
9.98712e-09
1.26481e-07
2.25144e-07
4.48302e-09
-2.16227e-07
7.12938e-09
-1.42199e-07
3.90015e-09
1.29726e-07
2.29059e-07
1.47697e-09
-2.17689e-07
2.51858e-09
-1.43225e-07
1.46433e-09
1.30795e-07
2.30539e-07
-4.28858e-11
-2.17631e-07
9.48005e-10
-1.44201e-07
1.11087e-09
1.30647e-07
2.31664e-07
-1.00891e-09
-2.16608e-07
1.29449e-09
-1.46491e-07
2.24216e-09
1.29713e-07
2.33921e-07
-1.68358e-09
-2.1491e-07
3.58733e-09
-1.51749e-07
5.24251e-09
1.28071e-07
2.39178e-07
-2.09239e-09
-2.12806e-07
8.82179e-09
-1.62654e-07
1.1199e-08
1.25704e-07
2.50391e-07
-1.08213e-09
-2.11715e-07
1.87932e-08
-1.82528e-07
2.15983e-08
1.22903e-07
2.72e-07
3.19948e-09
-2.14911e-07
3.5386e-08
-2.14726e-07
3.68263e-08
1.21459e-07
3.08835e-07
1.69795e-08
-2.31896e-07
5.89269e-08
-2.56697e-07
5.22098e-08
1.28166e-07
3.61053e-07
4.52282e-08
-2.77138e-07
7.28593e-08
-2.84351e-07
4.63728e-08
1.54654e-07
4.07442e-07
4.2971e-08
-3.20119e-07
-3.5517e-10
-2.41001e-07
-3.7641e-08
1.92007e-07
3.69862e-07
-7.42948e-08
7.43098e-08
-1.12846e-07
3.8566e-08
-7.37172e-08
-3.91137e-08
-7.37023e-08
-7.33661e-08
1.47691e-07
-1.13673e-07
7.88875e-08
-6.62444e-08
-8.65269e-08
-1.39932e-07
-4.46888e-08
1.92395e-07
-7.05319e-08
1.04746e-07
-4.00734e-08
-1.1697e-07
-1.7999e-07
-2.25536e-08
2.14963e-07
-3.68642e-08
1.19071e-07
-2.1228e-08
-1.32592e-07
-2.01203e-07
-1.00214e-08
2.25e-07
-1.72182e-08
1.26283e-07
-1.02792e-08
-1.39516e-07
-2.11468e-07
-3.97902e-09
2.28994e-07
-7.14406e-09
1.29463e-07
-4.41485e-09
-1.4223e-07
-2.15867e-07
-1.58228e-09
2.30591e-07
-2.49469e-09
1.3039e-07
-1.3281e-09
-1.43382e-07
-2.17181e-07
-1.18002e-09
2.31786e-07
-6.45476e-10
1.29871e-07
4.83689e-10
-1.44496e-07
-2.16682e-07
-1.90996e-09
2.33711e-07
5.54307e-11
1.2792e-07
2.1673e-09
-1.46594e-07
-2.145e-07
-3.49106e-09
2.37216e-07
7.76483e-10
1.23667e-07
4.84003e-09
-1.50643e-07
-2.09645e-07
-5.42529e-09
2.42656e-07
3.45117e-09
1.14804e-07
1.03355e-08
-1.57514e-07
-1.99295e-07
-6.07143e-09
2.48742e-07
1.20133e-08
9.67324e-08
2.19259e-08
-1.67413e-07
-1.77355e-07
-2.02462e-10
2.48959e-07
3.27005e-08
6.38425e-08
4.39046e-08
-1.78605e-07
-1.33437e-07
1.48926e-08
2.34082e-07
6.84329e-08
1.03173e-08
7.38029e-08
-1.83962e-07
-5.96195e-08
4.92531e-08
1.8485e-07
1.13467e-07
-5.38739e-08
8.54463e-08
-1.55923e-07
2.58417e-08
5.31993e-08
1.31691e-07
7.1757e-08
-7.23901e-08
4.48111e-08
-1.28954e-07
7.06688e-08
-3.0291e-08
2.64673e-06
-2.61836e-06
-1.23338e-06
1.20207e-06
-1.5773e-06
3.43889e-07
5.00565e-08
-1.62671e-06
-6.51914e-06
2.45922e-06
6.70468e-06
-6.78396e-06
1.46665e-06
-7.51818e-06
1.07941e-06
9.94985e-07
-8.46122e-06
-1.20695e-05
2.01761e-06
1.25101e-05
-1.23252e-05
1.72281e-06
-1.28476e-05
1.60272e-06
1.52706e-06
-1.33787e-05
-1.43495e-05
1.77402e-06
1.45929e-05
-1.43827e-05
1.75627e-06
-1.44606e-05
1.68084e-06
1.61846e-06
-1.45518e-05
-1.44278e-05
1.592e-06
1.461e-05
-1.43311e-05
1.65965e-06
-1.42656e-05
1.61528e-06
1.58649e-06
-1.42336e-05
-1.37854e-05
1.49389e-06
1.38837e-05
-1.37092e-05
1.58352e-06
-1.36517e-05
1.55774e-06
1.54076e-06
-1.3606e-05
-1.28673e-05
1.46651e-06
1.28948e-05
-1.28247e-05
1.54101e-06
-1.27749e-05
1.50788e-06
1.47186e-06
-1.27061e-05
-1.1613e-05
1.50227e-06
1.15773e-05
-1.15887e-05
1.51673e-06
-1.15337e-05
1.45279e-06
1.37658e-06
-1.14385e-05
-1.01282e-05
1.68419e-06
9.9462e-06
-1.01628e-05
1.55127e-06
-1.01255e-05
1.4154e-06
1.27478e-06
-1.00238e-05
-8.72553e-06
2.20851e-06
8.20083e-06
-8.93296e-06
1.75858e-06
-8.96475e-06
1.44712e-06
1.18749e-06
-8.87752e-06
-6.96044e-06
3.63903e-06
5.52866e-06
-7.75733e-06
2.55488e-06
-8.08427e-06
1.77382e-06
1.21749e-06
-8.11436e-06
-2.33253e-06
5.92447e-06
4.38146e-08
-4.24929e-06
4.46958e-06
-5.56879e-06
3.09225e-06
1.956e-06
-6.30774e-06
4.26654e-06
7.5278e-06
-5.87213e-06
2.07136e-06
6.66255e-06
-2.03569e-07
5.36541e-06
3.89155e-06
-2.14022e-06
8.17106e-06
7.52112e-06
-8.16398e-06
7.12788e-06
7.70534e-06
5.1835e-06
7.30885e-06
6.28708e-06
2.78697e-06
8.43126e-06
6.59368e-06
-7.50238e-06
8.51987e-06
7.61737e-06
7.52554e-06
8.30297e-06
8.21725e-06
5.5947e-06
7.03472e-06
5.6415e-06
-6.08229e-06
7.52041e-06
7.13157e-06
7.23862e-06
8.58416e-06
9.38598e-06
6.06899e-06
4.5477e-06
4.81176e-06
-3.71879e-06
5.29681e-06
6.38147e-06
5.75978e-06
8.12006e-06
9.45924e-06
5.68527e-06
1.36531e-06
3.83491e-06
-3.88781e-07
2.57157e-06
5.17474e-06
4.01903e-06
6.67196e-06
7.9962e-06
5.48126e-06
-7.82468e-06
2.36458e-06
9.29544e-06
-5.59938e-06
2.9498e-06
-2.74205e-06
3.81488e-06
4.86962e-06
3.84607e-07
-2.06681e-05
2.2762e-05
-1.80482e-05
-1.4316e-05
-1.02396e-05
-1.96822e-06
2.2331e-08
-2.3598e-06
1.51933e-07
-2.49033e-06
3.2428e-07
3.75896e-07
-2.49455e-06
-9.43269e-06
9.95804e-07
-1.02902e-05
1.01142e-06
-1.09846e-05
1.02043e-06
1.02065e-06
-1.16279e-05
-1.38512e-05
1.46915e-06
-1.4263e-05
1.42402e-06
-1.46323e-05
1.3903e-06
1.36764e-06
-1.49788e-05
-1.46519e-05
1.56936e-06
-1.47606e-05
1.53287e-06
-1.48782e-05
1.50789e-06
1.49297e-06
-1.50035e-05
-1.4229e-05
1.56474e-06
-1.4246e-05
1.54978e-06
-1.42793e-05
1.54119e-06
1.53853e-06
-1.4325e-05
-1.35647e-05
1.52338e-06
-1.35228e-05
1.50786e-06
-1.3477e-05
1.49534e-06
1.48641e-06
-1.34249e-05
-1.26132e-05
1.43042e-06
-1.2494e-05
1.3886e-06
-1.23482e-05
1.34946e-06
1.31475e-06
-1.21767e-05
-1.13e-05
1.29183e-06
-1.11178e-05
1.20619e-06
-1.08935e-05
1.12509e-06
1.05187e-06
-1.06308e-05
-9.86098e-06
1.12892e-06
-9.63999e-06
9.85076e-07
-9.36545e-06
8.50429e-07
7.30054e-07
-9.04376e-06
-8.69687e-06
9.4821e-07
-8.43831e-06
7.26455e-07
-8.11508e-06
5.27143e-07
3.54519e-07
-7.73958e-06
-7.95924e-06
7.93083e-07
-7.67847e-06
4.45707e-07
-7.31141e-06
1.60154e-07
-7.16179e-08
-6.88518e-06
-6.60103e-06
1.08626e-06
-6.60207e-06
4.46818e-07
-6.42573e-06
-1.60125e-08
-3.31382e-07
-6.16573e-06
-3.51766e-06
2.46321e-06
-4.34618e-06
1.27523e-06
-4.78042e-06
4.18343e-07
-1.19491e-07
-4.99208e-06
4.90764e-07
4.75873e-06
-1.2997e-06
3.06538e-06
-2.51391e-06
1.6325e-06
6.87428e-07
-3.32071e-06
3.18443e-06
7.16833e-06
8.56087e-07
5.39326e-06
-9.99556e-07
3.48793e-06
2.04315e-06
-2.35527e-06
4.15614e-06
9.08023e-06
1.87654e-06
7.67202e-06
-3.07609e-07
5.67151e-06
3.79445e-06
-2.05909e-06
4.87229e-06
9.89184e-06
3.29356e-06
9.2493e-06
1.1686e-06
7.79507e-06
6.04169e-06
-1.07967e-06
6.61058e-06
8.76146e-06
7.04956e-06
8.80895e-06
6.6929e-06
8.1501e-06
7.04918e-06
5.68375e-06
3.75727e-06
5.38862e-06
6.96033e-06
5.60537e-06
9.64884e-06
5.46076e-06
4.87036e-06
1.18266e-05
-6.47703e-06
-1.37254e-06
3.67361e-06
8.48483e-06
-2.69181e-06
1.98229e-07
-2.89469e-06
2.0377e-07
2.17243e-07
-3.11113e-06
-1.20081e-05
5.79203e-07
-1.23864e-05
5.82676e-07
5.87711e-07
-1.27563e-05
-1.51659e-05
7.66624e-07
-1.53474e-05
7.64354e-07
7.63903e-07
-1.55234e-05
-1.50808e-05
8.43926e-07
-1.51598e-05
8.43434e-07
8.4436e-07
-1.52403e-05
-1.43538e-05
8.72779e-07
-1.4385e-05
8.74535e-07
8.77061e-07
-1.44177e-05
-1.33922e-05
8.40037e-07
-1.33566e-05
8.38908e-07
8.38363e-07
-1.33179e-05
-1.20687e-05
7.32036e-07
-1.19533e-05
7.23472e-07
7.15931e-07
-1.18309e-05
-1.04667e-05
5.67853e-07
-1.02926e-05
5.49356e-07
5.32872e-07
-1.01096e-05
-8.84375e-06
3.6778e-07
-8.63278e-06
3.38318e-07
3.12499e-07
-8.41247e-06
-7.50694e-06
1.35122e-07
-7.26455e-06
9.59018e-08
6.26556e-08
-7.01472e-06
-6.63554e-06
-1.1445e-07
-6.38234e-06
-1.57229e-07
-1.91285e-07
-6.12833e-06
-6.00075e-06
-2.79286e-07
-5.83273e-06
-3.25107e-07
-3.56394e-07
-5.66749e-06
-5.05563e-06
-2.15581e-07
-5.09931e-06
-2.81281e-07
-3.19304e-07
-5.13626e-06
-3.7016e-06
1.6542e-07
-4.04845e-06
6.56883e-08
9.66499e-09
-4.37731e-06
-2.96962e-06
7.79841e-07
-3.52412e-06
6.20274e-07
5.27332e-07
-4.0417e-06
-2.84091e-06
1.5617e-06
-3.50718e-06
1.28663e-06
1.11954e-06
-4.09929e-06
-2.1982e-06
2.67992e-06
-3.16883e-06
2.25715e-06
1.92347e-06
-3.97273e-06
4.84963e-06
3.51321e-06
3.97861e-06
3.12745e-06
2.77044e-06
3.13106e-06
1.29406e-05
2.39867e-06
1.38366e-05
2.2308e-06
2.00761e-06
1.45989e-05
1.0724e-05
1.28092e-05
1.47914e-05
-3.19e-06
7.91303e-08
-3.27069e-06
8.09512e-08
8.30469e-08
-3.3535e-06
-1.28864e-05
2.09407e-07
-1.30155e-05
2.10186e-07
2.10864e-07
-1.31431e-05
-1.55832e-05
2.69233e-07
-1.56423e-05
2.69324e-07
2.69469e-07
-1.57009e-05
-1.52698e-05
2.98704e-07
-1.52994e-05
2.98944e-07
2.99165e-07
-1.53291e-05
-1.44292e-05
3.10209e-07
-1.44408e-05
3.10565e-07
3.10912e-07
-1.44526e-05
-1.33036e-05
2.95933e-07
-1.32889e-05
2.9585e-07
2.95695e-07
-1.32737e-05
-1.17862e-05
2.51208e-07
-1.17406e-05
2.50309e-07
2.49322e-07
-1.16943e-05
-1.00431e-05
1.84685e-07
-9.97569e-06
1.82859e-07
1.81001e-07
-9.90739e-06
-8.333e-06
1.05195e-07
-8.25269e-06
1.02531e-07
9.99279e-08
-8.17164e-06
-6.92488e-06
1.53545e-08
-6.83456e-06
1.21993e-08
9.27916e-09
-6.74391e-06
-6.03813e-06
-7.48135e-08
-5.9482e-06
-7.77133e-08
-8.01878e-08
-5.85871e-06
-5.61158e-06
-1.30684e-07
-5.55641e-06
-1.32844e-07
-1.34738e-07
-5.50181e-06
-5.15061e-06
-1.16288e-07
-5.16494e-06
-1.18481e-07
-1.20639e-07
-5.17899e-06
-4.49142e-06
-2.13724e-09
-4.60423e-06
-5.64033e-09
-9.16804e-09
-4.71567e-06
-4.21541e-06
1.71598e-07
-4.38634e-06
1.6532e-07
1.59368e-07
-4.55486e-06
-4.29863e-06
3.70964e-07
-4.49366e-06
3.60378e-07
3.50386e-07
-4.68465e-06
-4.19543e-06
5.93689e-07
-4.39917e-06
5.64162e-07
5.40305e-07
-4.58905e-06
2.80455e-06
9.20031e-07
2.48483e-06
8.83727e-07
8.45502e-07
2.17949e-06
1.48923e-05
6.26396e-07
1.51755e-05
6.00417e-07
5.78769e-07
1.5442e-05
1.54125e-05
1.60173e-05
1.6587e-05
-3.60209e-06
2.49209e-07
-3.86613e-06
2.64569e-07
2.81238e-07
-4.14692e-06
-1.34946e-05
6.01027e-07
-1.38415e-05
6.11874e-07
6.25789e-07
-1.41858e-05
-1.5867e-05
7.67239e-07
-1.60272e-05
7.72222e-07
7.78743e-07
-1.61801e-05
-1.54109e-05
8.49045e-07
-1.54921e-05
8.53382e-07
8.58833e-07
-1.55721e-05
-1.44871e-05
8.83545e-07
-1.45214e-05
8.87709e-07
8.92239e-07
-1.45549e-05
-1.32273e-05
8.3716e-07
-1.31769e-05
8.37316e-07
8.3766e-07
-1.31224e-05
-1.15584e-05
7.01266e-07
-1.14166e-05
6.95533e-07
6.90441e-07
-1.12694e-05
-9.70934e-06
5.03163e-07
-9.50509e-06
4.91223e-07
4.80772e-07
-9.29547e-06
-7.93779e-06
2.69259e-07
-7.69883e-06
2.52202e-07
2.37713e-07
-7.45583e-06
-6.48679e-06
1.21293e-08
-6.2279e-06
-6.70473e-09
-2.0862e-08
-5.96934e-06
-5.61027e-06
-2.36245e-07
-5.36747e-06
-2.49437e-07
-2.58352e-07
-5.12993e-06
-5.34799e-06
-3.89961e-07
-5.20154e-06
-3.95796e-07
-3.96616e-07
-5.0632e-06
-5.21553e-06
-3.53326e-07
-5.255e-06
-3.56247e-07
-3.53268e-07
-5.29828e-06
-5.02179e-06
-4.71315e-08
-5.31581e-06
-6.21585e-08
-6.95929e-08
-5.59944e-06
-5.0288e-06
4.26874e-07
-5.48931e-06
3.98397e-07
3.76202e-07
-5.93507e-06
-5.20477e-06
9.47064e-07
-5.71237e-06
9.06041e-07
8.76903e-07
-6.21304e-06
-5.11658e-06
1.47473e-06
-5.55538e-06
1.34497e-06
1.24838e-06
-5.92674e-06
1.50064e-06
2.15326e-06
9.39276e-07
1.90612e-06
1.70307e-06
4.84436e-07
1.60694e-05
1.52542e-06
1.65244e-05
1.45071e-06
1.38431e-06
1.68428e-05
1.81741e-05
1.96456e-05
2.13101e-05
-4.54238e-06
5.27739e-07
-5.21772e-06
6.03292e-07
-6.12485e-06
7.78381e-07
1.02916e-06
-7.08317e-06
-1.48013e-05
1.14367e-06
-1.54129e-05
1.21512e-06
-1.5942e-05
1.30763e-06
1.41488e-06
-1.63275e-05
-1.64352e-05
1.39895e-06
-1.6652e-05
1.43199e-06
-1.6815e-05
1.47067e-06
1.51185e-06
-1.69119e-05
-1.57052e-05
1.53203e-06
-1.58312e-05
1.55791e-06
-1.59479e-05
1.58737e-06
1.61865e-06
-1.60547e-05
-1.46106e-05
1.58776e-06
-1.46572e-05
1.60445e-06
-1.46913e-05
1.62147e-06
1.63788e-06
-1.47105e-05
-1.30141e-05
1.47949e-06
-1.28918e-05
1.48213e-06
-1.27548e-05
1.48455e-06
1.48607e-06
-1.2603e-05
-1.09972e-05
1.20727e-06
-1.07116e-05
1.19648e-06
-1.04149e-05
1.18783e-06
1.18046e-06
-1.01093e-05
-8.91489e-06
8.26601e-07
-8.52392e-06
8.05434e-07
-8.1264e-06
7.90238e-07
7.79752e-07
-7.72575e-06
-7.01993e-06
3.90605e-07
-6.57939e-06
3.64799e-07
-6.13853e-06
3.49292e-07
3.42104e-07
-5.70097e-06
-5.51752e-06
-6.12415e-08
-5.07281e-06
-7.99337e-08
-4.63825e-06
-8.53001e-08
-8.00711e-08
-4.21611e-06
-4.72813e-06
-4.62967e-07
-4.34618e-06
-4.61829e-07
-3.98411e-06
-4.47333e-07
-4.23211e-07
-3.64095e-06
-4.83253e-06
-6.93533e-07
-4.62565e-06
-6.68641e-07
-4.4391e-06
-6.33854e-07
-5.9435e-07
-4.26794e-06
-5.38156e-06
-6.10187e-07
-5.47308e-06
-5.77079e-07
-5.56752e-06
-5.39401e-07
-5.02452e-07
-5.65942e-06
-6.07542e-06
-1.34154e-07
-6.52372e-06
-1.28753e-07
-6.94498e-06
-1.18135e-07
-1.09089e-07
-7.33835e-06
-6.69808e-06
6.28907e-07
-7.41218e-06
5.85371e-07
-8.07662e-06
5.46331e-07
5.07071e-07
-8.69277e-06
-7.06674e-06
1.48266e-06
-7.8928e-06
1.41147e-06
-8.67928e-06
1.33286e-06
1.24413e-06
-9.41628e-06
-6.53133e-06
2.0874e-06
-7.03532e-06
1.91556e-06
-7.4649e-06
1.76253e-06
1.61027e-06
-7.83097e-06
1.21578e-08
2.55953e-06
-2.30193e-07
2.15784e-06
-2.8353e-07
1.81583e-06
1.50652e-06
-1.79795e-07
1.7368e-05
2.0338e-06
1.77269e-05
1.79859e-06
1.82412e-05
1.30114e-06
9.50843e-07
1.87966e-05
2.13342e-05
2.12281e-05
2.10531e-05
2.30014e-05
-8.36563e-06
1.28263e-06
-9.90473e-06
1.53926e-06
-1.17329e-05
1.82833e-06
2.0981e-06
-1.38308e-05
-1.6573e-05
1.52824e-06
-1.66712e-05
1.63766e-06
-1.65895e-05
1.74666e-06
1.81894e-06
-1.63102e-05
-1.69377e-05
1.55406e-06
-1.68989e-05
1.59886e-06
-1.67975e-05
1.64524e-06
1.67726e-06
-1.66558e-05
-1.61512e-05
1.65053e-06
-1.62342e-05
1.68185e-06
-1.62982e-05
1.70925e-06
1.72555e-06
-1.63465e-05
-1.47128e-05
1.65284e-06
-1.46962e-05
1.66521e-06
-1.46599e-05
1.67294e-06
1.67319e-06
-1.46075e-05
-1.24363e-05
1.4861e-06
-1.2255e-05
1.48391e-06
-1.20606e-05
1.47855e-06
1.46886e-06
-1.18562e-05
-9.79686e-06
1.17364e-06
-9.47953e-06
1.16658e-06
-9.15942e-06
1.15843e-06
1.1481e-06
-8.83866e-06
-7.32501e-06
7.72846e-07
-6.92687e-06
7.6839e-07
-6.5337e-06
7.65221e-07
7.61596e-07
-6.14723e-06
-5.26962e-06
3.41416e-07
-4.84685e-06
3.45541e-07
-4.43447e-06
3.52774e-07
3.60636e-07
-4.03358e-06
-3.80774e-06
-6.69912e-08
-3.41373e-06
-4.85057e-08
-3.03391e-06
-2.70865e-08
-6.4348e-09
-2.66688e-06
-3.31502e-06
-3.92912e-07
-3.00443e-06
-3.59107e-07
-2.70732e-06
-3.24203e-07
-2.91112e-07
-2.42265e-06
-4.10726e-06
-5.53587e-07
-3.95271e-06
-5.13669e-07
-3.80067e-06
-4.76257e-07
-4.45372e-07
-3.64643e-06
-5.74399e-06
-4.69025e-07
-5.81735e-06
-4.4033e-07
-5.87621e-06
-4.17431e-07
-4.04497e-07
-5.91711e-06
-7.70257e-06
-1.04826e-07
-8.03618e-06
-1.0674e-07
-8.33761e-06
-1.16036e-07
-1.37668e-07
-8.60447e-06
-9.26218e-06
4.64582e-07
-9.78641e-06
4.17482e-07
-1.02676e-05
3.65144e-07
3.04078e-07
-1.07094e-05
-1.00981e-05
1.1465e-06
-1.07215e-05
1.04094e-06
-1.12834e-05
9.27019e-07
7.99881e-07
-1.17791e-05
-8.13186e-06
1.44748e-06
-8.36088e-06
1.27005e-06
-8.50867e-06
1.07491e-06
8.75335e-07
-8.58402e-06
5.71691e-08
1.21052e-06
3.97293e-07
9.29921e-07
8.04533e-07
6.67653e-07
3.99404e-07
1.28043e-06
1.94628e-05
5.4402e-07
2.02992e-05
9.33126e-08
2.09707e-05
-4.12476e-09
-2.0799e-07
2.15778e-05
2.50226e-05
2.48191e-05
2.4655e-05
2.42737e-05
-1.01089e-06
-4.71628e-07
-7.66292e-07
-2.44579e-07
-5.89731e-07
-1.7654e-07
-4.66087e-07
-1.23622e-07
-3.68248e-07
-9.78169e-08
-2.89859e-07
-7.83651e-08
-2.2518e-07
-6.46545e-08
-1.71674e-07
-5.3481e-08
-1.25971e-07
-4.56775e-08
-8.48114e-08
-4.11339e-08
-4.58942e-08
-3.8891e-08
-8.95386e-09
-3.69144e-08
2.45593e-08
-3.34877e-08
5.33758e-08
-2.87913e-08
7.64385e-08
-2.30377e-08
1.17066e-07
-4.06018e-08
7.30914e-08
4.40027e-08
2.08003e-07
-1.34881e-07
9.18966e-07
-7.10941e-07
9.18991e-07
-2.21416e-06
-1.22306e-06
-1.70561e-06
-7.53112e-07
-1.38214e-06
-4.99976e-07
-1.11485e-06
-3.90888e-07
-9.05845e-07
-3.068e-07
-7.2976e-07
-2.54425e-07
-5.82764e-07
-2.11626e-07
-4.58573e-07
-1.77647e-07
-3.51152e-07
-1.53073e-07
-2.53758e-07
-1.38501e-07
-1.61583e-07
-1.31041e-07
-7.34773e-08
-1.24995e-07
7.3291e-09
-1.14269e-07
8.33091e-08
-1.04747e-07
1.47264e-07
-8.69691e-08
2.61083e-07
-1.54397e-07
2.32699e-07
7.24131e-08
4.04814e-07
-3.06965e-07
1.39357e-06
-1.69968e-06
2.31258e-06
-2.79585e-06
-1.99772e-06
-2.22135e-06
-1.32758e-06
-1.84599e-06
-8.75298e-07
-1.51828e-06
-7.18578e-07
-1.25591e-06
-5.69133e-07
-1.02859e-06
-4.8172e-07
-8.35519e-07
-4.04669e-07
-6.69055e-07
-3.44083e-07
-5.2243e-07
-2.99672e-07
-3.87592e-07
-2.73313e-07
-2.58827e-07
-2.5978e-07
-1.34689e-07
-2.49109e-07
-1.80742e-08
-2.30861e-07
9.27367e-08
-2.15537e-07
1.91394e-07
-1.85605e-07
3.57972e-07
-3.20954e-07
4.05619e-07
2.47887e-08
5.22535e-07
-4.23854e-07
1.43277e-06
-2.6099e-06
3.74537e-06
-2.9946e-06
-2.71269e-06
-2.44458e-06
-1.87756e-06
-2.06328e-06
-1.25656e-06
-1.7231e-06
-1.05872e-06
-1.44262e-06
-8.49581e-07
-1.19482e-06
-7.2949e-07
-9.80862e-07
-6.18598e-07
-7.93167e-07
-5.31751e-07
-6.25058e-07
-4.67754e-07
-4.68374e-07
-4.29971e-07
-3.17415e-07
-4.10715e-07
-1.70821e-07
-3.9568e-07
-3.15473e-08
-3.70114e-07
1.01989e-07
-3.49054e-07
2.26282e-07
-3.09881e-07
4.24297e-07
-5.18952e-07
5.54245e-07
-1.05141e-07
6.38216e-07
-5.07802e-07
1.37066e-06
-3.34233e-06
5.11605e-06
-2.98182e-06
-3.34903e-06
-2.47949e-06
-2.37983e-06
-2.11227e-06
-1.62373e-06
-1.78099e-06
-1.38995e-06
-1.50117e-06
-1.12937e-06
-1.25057e-06
-9.80054e-07
-1.03183e-06
-8.37302e-07
-8.3788e-07
-7.25674e-07
-6.62394e-07
-6.43213e-07
-4.97484e-07
-5.94856e-07
-3.37613e-07
-5.70562e-07
-1.81343e-07
-5.51929e-07
-3.16124e-08
-5.19826e-07
1.12273e-07
-4.92924e-07
2.51368e-07
-4.48964e-07
4.63664e-07
-7.31236e-07
6.55716e-07
-2.97181e-07
7.49134e-07
-6.01201e-07
1.29537e-06
-3.88856e-06
6.41144e-06
-2.86588e-06
-3.9074e-06
-2.40845e-06
-2.8372e-06
-2.05882e-06
-1.97331e-06
-1.7429e-06
-1.70582e-06
-1.47119e-06
-1.40103e-06
-1.22631e-06
-1.2249e-06
-1.01209e-06
-1.05149e-06
-8.22157e-07
-9.1558e-07
-6.50432e-07
-8.1491e-07
-4.89055e-07
-7.56207e-07
-3.32057e-07
-7.27538e-07
-1.77223e-07
-7.06744e-07
-2.72505e-08
-6.69784e-07
1.16879e-07
-6.37043e-07
2.60759e-07
-5.92836e-07
4.74912e-07
-9.45385e-07
7.04234e-07
-5.26498e-07
8.4059e-07
-7.37542e-07
1.22244e-06
-4.2704e-06
7.63391e-06
-2.71173e-06
-4.39143e-06
-2.29116e-06
-3.25771e-06
-1.95546e-06
-2.30896e-06
-1.65433e-06
-2.0069e-06
-1.39162e-06
-1.6637e-06
-1.15513e-06
-1.46135e-06
-9.49856e-07
-1.25672e-06
-7.70512e-07
-1.09489e-06
-6.10972e-07
-9.74423e-07
-4.62708e-07
-9.04447e-07
-3.18068e-07
-8.72156e-07
-1.72946e-07
-8.51848e-07
-2.96053e-08
-8.13113e-07
1.08258e-07
-7.74899e-07
2.50124e-07
-7.34699e-07
4.56963e-07
-1.15222e-06
7.02423e-07
-7.71959e-07
9.09558e-07
-9.44667e-07
1.15594e-06
-4.51677e-06
8.78989e-06
-2.55256e-06
-4.8031e-06
-2.16471e-06
-3.64549e-06
-1.83937e-06
-2.63423e-06
-1.55082e-06
-2.29539e-06
-1.29547e-06
-1.919e-06
-1.06693e-06
-1.68985e-06
-8.71849e-07
-1.45177e-06
-7.06769e-07
-1.25994e-06
-5.65244e-07
-1.11592e-06
-4.3708e-07
-1.03259e-06
-3.11191e-07
-9.98026e-07
-1.80269e-07
-9.82755e-07
-4.63913e-08
-9.46982e-07
8.26796e-08
-9.03969e-07
2.19575e-07
-8.71597e-07
4.11101e-07
-1.34376e-06
6.60903e-07
-1.02177e-06
9.5187e-07
-1.23563e-06
1.10412e-06
-4.66899e-06
9.89405e-06
-2.39982e-06
-5.14339e-06
-2.04596e-06
-3.99929e-06
-1.73132e-06
-2.94882e-06
-1.45497e-06
-2.57169e-06
-1.20599e-06
-2.16794e-06
-9.84221e-07
-1.91158e-06
-7.98989e-07
-1.63696e-06
-6.49757e-07
-1.40915e-06
-5.29674e-07
-1.23598e-06
-4.2569e-07
-1.13655e-06
-3.21252e-07
-1.10245e-06
-2.04766e-07
-1.09923e-06
-7.92467e-08
-1.0725e-06
4.17005e-08
-1.02492e-06
1.73707e-07
-1.00361e-06
3.42752e-07
-1.51281e-06
5.96115e-07
-1.27513e-06
9.82348e-07
-1.62185e-06
1.06717e-06
-4.75376e-06
1.09613e-05
-2.25309e-06
-5.41413e-06
-1.9373e-06
-4.31501e-06
-1.63774e-06
-3.24833e-06
-1.37647e-06
-2.83291e-06
-1.13539e-06
-2.40899e-06
-9.20275e-07
-2.12666e-06
-7.44431e-07
-1.81278e-06
-6.11432e-07
-1.54212e-06
-5.14154e-07
-1.33324e-06
-4.35386e-07
-1.2153e-06
-3.51178e-07
-1.18664e-06
-2.45349e-07
-1.20505e-06
-1.24027e-07
-1.19382e-06
-8.28206e-09
-1.14067e-06
1.19399e-07
-1.1313e-06
2.60307e-07
-1.65372e-06
5.24531e-07
-1.53935e-06
1.01627e-06
-2.11358e-06
1.04504e-06
-4.78247e-06
1.20064e-05
-2.10808e-06
-5.61913e-06
-1.83379e-06
-4.58924e-06
-1.55553e-06
-3.52654e-06
-1.31502e-06
-3.07339e-06
-1.08625e-06
-2.63773e-06
-8.79704e-07
-2.33318e-06
-7.13728e-07
-1.97873e-06
-5.96968e-07
-1.65886e-06
-5.22187e-07
-1.408e-06
-4.66731e-07
-1.27074e-06
-3.97935e-07
-1.25543e-06
-2.96026e-07
-1.30696e-06
-1.73263e-07
-1.31659e-06
-5.80257e-08
-1.25592e-06
6.30466e-08
-1.25238e-06
1.73248e-07
-1.76392e-06
4.63215e-07
-1.8293e-06
1.06407e-06
-2.7144e-06
1.03653e-06
-4.75485e-06
1.3043e-05
-1.96137e-06
-5.76401e-06
-1.72919e-06
-4.82136e-06
-1.47752e-06
-3.77816e-06
-1.26465e-06
-3.28623e-06
-1.05472e-06
-2.84764e-06
-8.60678e-07
-2.52719e-06
-7.06391e-07
-2.133e-06
-6.05983e-07
-1.75925e-06
-5.52065e-07
-1.46191e-06
-5.15474e-07
-1.30732e-06
-4.54676e-07
-1.31622e-06
-3.48788e-07
-1.41285e-06
-2.19488e-07
-1.4459e-06
-1.03955e-07
-1.37146e-06
9.78455e-09
-1.36612e-06
9.03619e-08
-1.84449e-06
4.24713e-07
-2.16362e-06
1.1288e-06
-3.41844e-06
1.03869e-06
-4.66464e-06
1.40817e-05
-1.81178e-06
-5.85527e-06
-1.61931e-06
-5.01377e-06
-1.39672e-06
-4.0007e-06
-1.21771e-06
-3.46521e-06
-1.03391e-06
-3.03141e-06
-8.57671e-07
-2.70342e-06
-7.17992e-07
-2.27266e-06
-6.34217e-07
-1.84302e-06
-5.98449e-07
-1.49767e-06
-5.74494e-07
-1.33127e-06
-5.13304e-07
-1.37741e-06
-3.96493e-07
-1.52967e-06
-2.57838e-07
-1.58456e-06
-1.43343e-07
-1.48596e-06
-4.88255e-08
-1.46063e-06
1.64612e-08
-1.90975e-06
4.1473e-07
-2.56183e-06
1.20725e-06
-4.21089e-06
1.04752e-06
-4.5048e-06
1.51293e-05
-1.66009e-06
-5.89941e-06
-1.50283e-06
-5.17098e-06
-1.30846e-06
-4.19504e-06
-1.16749e-06
-3.60614e-06
-1.0166e-06
-3.18229e-06
-8.63812e-07
-2.8562e-06
-7.4211e-07
-2.39436e-06
-6.75161e-07
-1.90996e-06
-6.54012e-07
-1.51882e-06
-6.358e-07
-1.34949e-06
-5.66776e-07
-1.44645e-06
-4.34885e-07
-1.66157e-06
-2.87122e-07
-1.73233e-06
-1.76954e-07
-1.59612e-06
-1.01618e-07
-1.53595e-06
-2.78645e-08
-1.98346e-06
4.34083e-07
-3.02371e-06
1.29438e-06
-5.07111e-06
1.05887e-06
-4.26917e-06
1.61883e-05
-1.50786e-06
-5.90231e-06
-1.38075e-06
-5.29803e-06
-1.21083e-06
-4.36491e-06
-1.10934e-06
-3.70761e-06
-9.96606e-07
-3.29501e-06
-8.72398e-07
-2.9804e-06
-7.71777e-07
-2.49498e-06
-7.21441e-07
-1.9603e-06
-7.10958e-07
-1.5293e-06
-6.92262e-07
-1.36819e-06
-6.1065e-07
-1.52807e-06
-4.63278e-07
-1.80895e-06
-3.09313e-07
-1.8863e-06
-2.07005e-07
-1.69842e-06
-1.48378e-07
-1.59456e-06
-5.27488e-08
-2.07904e-06
4.8085e-07
-3.55723e-06
1.38641e-06
-5.97659e-06
1.06869e-06
-3.95133e-06
1.72572e-05
-1.3567e-06
-5.86913e-06
-1.25524e-06
-5.39942e-06
-1.10422e-06
-4.51589e-06
-1.04078e-06
-3.77103e-06
-9.69311e-07
-3.36647e-06
-8.77616e-07
-3.07209e-06
-8.00375e-07
-2.57222e-06
-7.65879e-07
-1.9948e-06
-7.62263e-07
-1.53293e-06
-7.38775e-07
-1.39169e-06
-6.43578e-07
-1.62328e-06
-4.83987e-07
-1.96855e-06
-3.28145e-07
-2.04214e-06
-2.35884e-07
-1.79066e-06
-1.88548e-07
-1.64186e-06
-6.0022e-08
-2.2075e-06
5.53146e-07
-4.17031e-06
1.48063e-06
-6.904e-06
1.07268e-06
-3.54328e-06
1.833e-05
-1.20827e-06
-5.80419e-06
-1.12877e-06
-5.47886e-06
-9.90501e-07
-4.65411e-06
-9.61184e-07
-3.80033e-06
-9.31623e-07
-3.39602e-06
-8.74766e-07
-3.12895e-06
-8.22152e-07
-2.62484e-06
-8.02258e-07
-2.01471e-06
-8.02497e-07
-1.5327e-06
-7.72662e-07
-1.42154e-06
-6.66796e-07
-1.72916e-06
-5.00953e-07
-2.13439e-06
-3.47573e-07
-2.1955e-06
-2.65211e-07
-1.873e-06
-2.21244e-07
-1.68578e-06
-4.93885e-08
-2.37929e-06
6.48143e-07
-4.86774e-06
1.57372e-06
-7.82951e-06
1.06566e-06
-3.03513e-06
1.93958e-05
-1.06412e-06
-5.71155e-06
-1.00353e-06
-5.53939e-06
-8.72404e-07
-4.78519e-06
-8.71377e-07
-3.80133e-06
-8.81795e-07
-3.38559e-06
-8.60266e-07
-3.15048e-06
-8.32448e-07
-2.65267e-06
-8.25736e-07
-2.02143e-06
-8.28096e-07
-1.53036e-06
-7.93307e-07
-1.45635e-06
-6.82915e-07
-1.83956e-06
-5.18208e-07
-2.2991e-06
-3.70638e-07
-2.34305e-06
-2.95479e-07
-1.94812e-06
-2.45201e-07
-1.736e-06
-2.14374e-08
-2.60297e-06
7.61851e-07
-5.65091e-06
1.65905e-06
-8.72666e-06
1.04069e-06
-2.41671e-06
2.04367e-05
-9.26122e-07
-5.59623e-06
-8.81432e-07
-5.58403e-06
-7.5323e-07
-4.91334e-06
-7.7344e-07
-3.78109e-06
-8.19246e-07
-3.33978e-06
-8.31549e-07
-3.13818e-06
-8.27622e-07
-2.65661e-06
-8.32785e-07
-2.01629e-06
-8.37049e-07
-1.52611e-06
-8.01177e-07
-1.49224e-06
-6.94412e-07
-1.94634e-06
-5.38575e-07
-2.45492e-06
-3.98891e-07
-2.4827e-06
-3.26193e-07
-2.02077e-06
-2.59458e-07
-1.80267e-06
2.16774e-08
-2.88402e-06
8.88456e-07
-6.51756e-06
1.72259e-06
-9.56075e-06
9.89521e-07
-1.68362e-06
2.14264e-05
-7.99467e-07
-5.46485e-06
-7.64702e-07
-5.61874e-06
-6.37457e-07
-5.04053e-06
-6.7082e-07
-3.7477e-06
-7.44878e-07
-3.2657e-06
-7.8625e-07
-3.09681e-06
-8.03719e-07
-2.63915e-06
-8.19614e-07
-2.00041e-06
-8.27214e-07
-1.51853e-06
-7.96085e-07
-1.52339e-06
-7.01968e-07
-2.04046e-06
-5.62307e-07
-2.59456e-06
-4.31702e-07
-2.61326e-06
-3.55784e-07
-2.09663e-06
-2.66708e-07
-1.89168e-06
7.82786e-08
-3.22892e-06
1.00703e-06
-7.44617e-06
1.74949e-06
-1.03031e-05
8.86617e-07
-8.20759e-07
2.23133e-05
-2.18921e-06
-4.90879e-06
-2.03127e-06
-5.77648e-06
-1.55319e-06
-5.51841e-06
-1.69614e-06
-3.60461e-06
-2.14652e-06
-2.81524e-06
-2.45799e-06
-2.78529e-06
-2.65345e-06
-2.44368e-06
-2.78885e-06
-1.86505e-06
-2.87395e-06
-1.43348e-06
-2.87803e-06
-1.51935e-06
-2.74827e-06
-2.17019e-06
-2.45429e-06
-2.88842e-06
-2.05703e-06
-3.01032e-06
-1.70485e-06
-2.44856e-06
-1.15363e-06
-2.44259e-06
5.99307e-07
-4.98145e-06
4.33019e-06
-1.11766e-05
6.20117e-06
-1.21732e-05
2.47761e-06
2.90264e-06
2.21725e-05
-7.95149e-07
-4.64814e-06
-5.48259e-07
-6.02321e-06
-2.39758e-07
-5.82673e-06
-3.94482e-07
-3.44975e-06
-7.55024e-07
-2.45457e-06
-1.0602e-06
-2.47997e-06
-1.25254e-06
-2.2512e-06
-1.37322e-06
-1.74427e-06
-1.52857e-06
-1.27808e-06
-1.82831e-06
-1.21955e-06
-2.25964e-06
-1.73876e-06
-2.58869e-06
-2.55921e-06
-2.55349e-06
-3.04529e-06
-2.16325e-06
-2.83852e-06
-1.34574e-06
-3.25979e-06
6.6024e-07
-6.98714e-06
3.51128e-06
-1.40273e-05
8.33911e-07
-9.49311e-06
-5.24772e-06
8.98595e-06
2.36294e-05
-1.89552e-08
-5.00675e-06
4.1186e-07
-6.45385e-06
3.36075e-07
-5.75077e-06
1.89855e-07
-3.3034e-06
1.95513e-07
-2.46006e-06
2.76524e-07
-2.56071e-06
4.66471e-07
-2.44083e-06
6.27609e-07
-1.90509e-06
5.73972e-07
-1.22417e-06
1.05845e-07
-7.51215e-07
-8.25599e-07
-8.07148e-07
-1.95247e-06
-1.43217e-06
-2.64674e-06
-2.35081e-06
-2.59808e-06
-2.88693e-06
-1.84198e-06
-4.01574e-06
-9.94582e-08
-8.72977e-06
1.74632e-07
-1.43001e-05
-5.08917e-06
-4.22322e-06
-1.28703e-05
1.67721e-05
2.32644e-05
2.91304e-07
-5.86187e-06
5.99117e-07
-6.76143e-06
2.32167e-08
-5.17468e-06
-1.84155e-07
-3.0959e-06
2.07675e-07
-2.85166e-06
9.56117e-07
-3.30879e-06
1.86214e-06
-3.34644e-06
2.6523e-06
-2.69484e-06
3.02851e-06
-1.59999e-06
2.74658e-06
-4.68955e-07
1.67923e-06
2.6046e-07
-1.70473e-08
2.64288e-07
-1.78745e-06
-5.80208e-07
-2.68929e-06
-1.98487e-06
-2.61778e-06
-4.08731e-06
-1.97111e-06
-9.37678e-06
-3.57525e-06
-1.26921e-05
-1.0469e-05
2.6801e-06
-1.66763e-05
2.29805e-05
2.117e-05
2.75245e-07
-6.54151e-06
-1.3415e-08
-6.47246e-06
-1.07523e-06
-4.11267e-06
-1.19654e-06
-2.97442e-06
-1.93317e-07
-3.85464e-06
1.49065e-06
-4.99252e-06
3.21995e-06
-5.07554e-06
4.59298e-06
-4.06768e-06
5.38975e-06
-2.39656e-06
5.43042e-06
-5.09416e-07
4.57455e-06
1.11652e-06
2.80737e-06
2.03161e-06
4.142e-07
1.81307e-06
-1.82338e-06
2.52892e-07
-3.14893e-06
-2.76187e-06
-4.04018e-06
-8.4854e-06
-6.98076e-06
-9.74468e-06
-1.32166e-05
8.92499e-06
-1.71377e-05
2.68958e-05
1.86284e-05
-2.59789e-07
-6.72698e-06
-1.25719e-06
-5.47473e-06
-2.30977e-06
-3.05992e-06
-1.78703e-06
-3.49707e-06
3.77381e-07
-6.01909e-06
2.92139e-06
-7.53662e-06
4.99332e-06
-7.14749e-06
6.49157e-06
-5.56589e-06
7.42207e-06
-3.32701e-06
7.70199e-06
-7.89301e-07
7.1222e-06
1.69631e-06
5.56386e-06
3.5899e-06
3.08262e-06
4.29423e-06
9.2784e-08
3.24271e-06
-2.82116e-06
1.52003e-07
-5.45914e-06
-5.84672e-06
-8.9064e-06
-6.28938e-06
-1.3173e-05
1.31993e-05
-1.55593e-05
2.92713e-05
1.69396e-05
-9.3515e-07
-6.34824e-06
-2.33187e-06
-4.07774e-06
-2.78038e-06
-2.61137e-06
-1.09088e-06
-5.18673e-06
1.8626e-06
-8.97285e-06
4.19258e-06
-9.86657e-06
5.77279e-06
-8.72749e-06
7.01685e-06
-6.8097e-06
8.01297e-06
-4.32294e-06
8.57711e-06
-1.35333e-06
8.45952e-06
1.81395e-06
7.37841e-06
4.67098e-06
5.22478e-06
6.4477e-06
2.08324e-06
6.38402e-06
-1.64852e-06
3.88353e-06
-5.74146e-06
-1.75323e-06
-9.21285e-06
-2.81024e-06
-1.12903e-05
1.52843e-05
-1.29756e-05
3.09438e-05
1.68468e-05
-1.45725e-06
-5.43134e-06
-2.71045e-06
-2.82439e-06
-2.32545e-06
-2.9965e-06
1.64785e-07
-7.67727e-06
2.55884e-06
-1.13669e-05
3.7647e-06
-1.1072e-05
4.71232e-06
-9.67469e-06
5.90395e-06
-8.00102e-06
7.06755e-06
-5.48632e-06
7.87253e-06
-2.15816e-06
8.12727e-06
1.55928e-06
7.63455e-06
5.1637e-06
6.11456e-06
7.96757e-06
3.41232e-06
9.08598e-06
-4.21906e-07
7.71737e-06
-5.10611e-06
2.93083e-06
-8.43896e-06
5.28894e-07
-8.68217e-06
1.55363e-05
-9.83281e-06
3.2083e-05
1.85796e-05
-1.53889e-06
-4.10433e-06
-2.48081e-06
-1.88246e-06
-1.53024e-06
-3.9473e-06
6.89276e-07
-9.897e-06
1.7585e-06
-1.24357e-05
2.21304e-06
-1.15261e-05
3.42328e-06
-1.08846e-05
5.12809e-06
-9.70555e-06
6.44526e-06
-6.80324e-06
7.07644e-06
-2.7892e-06
7.13954e-06
1.49619e-06
6.76797e-06
5.53523e-06
5.74614e-06
8.9893e-06
3.71638e-06
1.11155e-05
4.42132e-07
1.09912e-05
-4.10011e-06
7.47236e-06
-7.36907e-06
3.80193e-06
-6.24848e-06
1.44256e-05
-6.26917e-06
3.20967e-05
2.22448e-05
-1.50984e-06
-2.75054e-06
-2.15399e-06
-1.23836e-06
-1.07483e-06
-5.0267e-06
1.61628e-07
-1.11334e-05
2.95876e-07
-1.25694e-05
1.10243e-06
-1.23323e-05
3.22203e-06
-1.30038e-05
5.32138e-06
-1.18042e-05
6.48562e-06
-7.96685e-06
6.68752e-06
-2.99072e-06
6.2668e-06
1.91705e-06
5.48921e-06
6.31277e-06
4.5557e-06
9.92266e-06
3.11296e-06
1.2558e-05
6.80843e-07
1.34228e-05
-3.10191e-06
1.12542e-05
-6.22446e-06
6.92618e-06
-4.35856e-06
1.25688e-05
-2.65837e-06
3.03973e-05
2.77745e-05
-1.52697e-06
-1.37842e-06
-2.0016e-06
-7.63848e-07
-1.21972e-06
-5.80879e-06
-9.27324e-07
-1.14255e-05
-9.70576e-07
-1.25256e-05
5.32788e-07
-1.38351e-05
2.89829e-06
-1.53683e-05
4.61528e-06
-1.35201e-05
5.34817e-06
-8.69897e-06
5.30079e-06
-2.94286e-06
4.67206e-06
2.54601e-06
3.71371e-06
7.27115e-06
2.78143e-06
1.08548e-05
1.79394e-06
1.35453e-05
2.75165e-07
1.49412e-05
-2.37701e-06
1.39055e-05
-5.1183e-06
9.66737e-06
-3.19228e-06
1.06491e-05
6.04197e-07
2.6609e-05
3.38925e-05
-1.6714e-06
-1.39535e-07
-2.12456e-06
-3.1083e-07
-1.84607e-06
-6.08743e-06
-2.2461e-06
-1.10251e-05
-2.23323e-06
-1.25379e-05
-7.98062e-07
-1.52693e-05
7.70344e-07
-1.69353e-05
1.69696e-06
-1.4446e-05
2.05719e-06
-9.05903e-06
2.01099e-06
-2.89655e-06
1.6307e-06
2.92639e-06
1.00688e-06
7.89499e-06
3.6164e-07
1.15e-05
-1.21139e-07
1.40278e-05
-7.8024e-07
1.56e-05
-2.15252e-06
1.52771e-05
-4.17379e-06
1.16877e-05
-2.93372e-06
9.41184e-06
3.21242e-06
2.04722e-05
3.71355e-05
-2.20585e-06
6.65009e-07
-2.53537e-06
1.85137e-08
-2.76603e-06
-5.85684e-06
-3.70686e-06
-1.00837e-05
-4.04949e-06
-1.21942e-05
-3.51884e-06
-1.57984e-05
-3.05894e-06
-1.73943e-05
-2.85287e-06
-1.46525e-05
-2.74321e-06
-9.16942e-06
-2.68582e-06
-2.9543e-06
-2.68814e-06
2.92862e-06
-2.74215e-06
7.94898e-06
-2.8036e-06
1.15613e-05
-2.68067e-06
1.39047e-05
-2.47078e-06
1.53898e-05
-2.58928e-06
1.5395e-05
-3.5261e-06
1.26236e-05
-3.13558e-06
9.02159e-06
3.1739e-06
1.41679e-05
3.4432e-05
-2.09544e-06
1.96585e-06
-2.86131e-06
7.84196e-07
-3.77439e-06
-4.94375e-06
-5.32618e-06
-8.53115e-06
-6.55356e-06
-1.09654e-05
-7.30574e-06
-1.50447e-05
-7.79257e-06
-1.69075e-05
-8.00019e-06
-1.44462e-05
-8.07164e-06
-9.09911e-06
-7.96888e-06
-3.05753e-06
-7.65644e-06
2.61607e-06
-7.12316e-06
7.41565e-06
-6.4565e-06
1.08946e-05
-5.61727e-06
1.30653e-05
-4.58915e-06
1.43614e-05
-3.60995e-06
1.44154e-05
-3.23606e-06
1.22489e-05
-2.83395e-06
8.61875e-06
1.57067e-06
9.76504e-06
2.78451e-05
-2.16122e-06
3.40221e-06
-3.26462e-06
1.88741e-06
-4.74422e-06
-3.46402e-06
-6.95212e-06
-6.32225e-06
-9.28564e-06
-8.63032e-06
-1.13149e-05
-1.30144e-05
-1.25983e-05
-1.56248e-05
-1.31189e-05
-1.39273e-05
-1.32841e-05
-8.93488e-06
-1.31559e-05
-3.18604e-06
-1.2592e-05
2.05206e-06
-1.15583e-05
6.3819e-06
-1.0239e-05
9.57519e-06
-8.72893e-06
1.1555e-05
-6.97683e-06
1.26091e-05
-5.07062e-06
1.25089e-05
-3.4473e-06
1.06252e-05
-2.31648e-06
7.48737e-06
4.35308e-07
7.01363e-06
2.07871e-05
-2.17884e-06
4.97317e-06
-3.59939e-06
3.30778e-06
-5.49912e-06
-1.56408e-06
-8.19569e-06
-3.62455e-06
-1.14743e-05
-5.3502e-06
-1.46831e-05
-9.80475e-06
-1.68457e-05
-1.3463e-05
-1.773e-05
-1.30444e-05
-1.78967e-05
-8.76915e-06
-1.76915e-05
-3.39145e-06
-1.69403e-05
1.30078e-06
-1.5562e-05
5.0035e-06
-1.37644e-05
7.77744e-06
-1.17204e-05
9.51089e-06
-9.37926e-06
1.02677e-05
-6.7602e-06
9.88965e-06
-4.19132e-06
8.05603e-06
-2.10966e-06
5.40546e-06
1.49233e-07
4.75469e-06
1.48563e-05
-2.21877e-06
6.60005e-06
-3.83237e-06
4.92124e-06
-5.91523e-06
5.19072e-07
-8.62714e-06
-9.11586e-07
-1.22986e-05
-1.67739e-06
-1.6457e-05
-5.64566e-06
-1.97268e-05
-1.01937e-05
-2.13488e-05
-1.14234e-05
-2.16348e-05
-8.48418e-06
-2.12676e-05
-3.75923e-06
-2.04751e-05
5.08119e-07
-1.88566e-05
3.3848e-06
-1.67183e-05
5.63899e-06
-1.43169e-05
7.10924e-06
-1.15783e-05
7.52898e-06
-8.56181e-06
6.87293e-06
-5.52761e-06
5.0216e-06
-3.06679e-06
2.94448e-06
-9.50439e-07
2.63828e-06
1.01859e-05
-2.30132e-06
8.17419e-06
-3.99969e-06
6.61954e-06
-6.01332e-06
2.53304e-06
-8.11001e-06
1.18596e-06
-1.11863e-05
1.39988e-06
-1.54963e-05
-1.33515e-06
-1.98358e-05
-5.85426e-06
-2.30869e-05
-8.17262e-06
-2.44648e-05
-7.107e-06
-2.40838e-05
-4.14126e-06
-2.29774e-05
-5.98951e-07
-2.11775e-05
1.5845e-06
-1.89239e-05
3.3851e-06
-1.64433e-05
4.62839e-06
-1.35664e-05
4.65181e-06
-1.05643e-05
3.87064e-06
-7.29919e-06
1.75631e-06
-4.58712e-06
2.32325e-07
-2.55142e-06
6.02622e-07
7.24565e-06
-2.15279e-06
9.47975e-06
-3.95439e-06
8.42114e-06
-6.39402e-06
4.97303e-06
-7.51218e-06
2.30475e-06
-8.46896e-06
2.35713e-06
-1.1209e-05
1.40508e-06
-1.55687e-05
-1.49452e-06
-2.06697e-05
-3.0712e-06
-2.49644e-05
-2.81114e-06
-2.63526e-05
-2.75348e-06
-2.6509e-05
-4.4344e-07
-2.4382e-05
-5.43313e-07
-2.19289e-05
9.31324e-07
-1.99421e-05
2.64102e-06
-1.74321e-05
2.14134e-06
-1.58656e-05
2.3038e-06
-1.38816e-05
-2.27769e-07
-1.29061e-05
-7.43237e-07
-1.16241e-05
-6.79144e-07
4.91862e-06
-2.01206e-06
-3.85428e-06
-6.73041e-06
-6.8337e-06
-6.07461e-06
-6.51056e-06
-8.52763e-06
-1.2502e-05
-1.84022e-05
-2.07839e-05
-2.48794e-05
-2.34826e-05
-2.23064e-05
-2.3518e-05
-2.16487e-05
-2.36329e-05
-2.23202e-05
-2.2748e-05
-2.20798e-05
-1.1124e-06
1.11244e-06
1.2517e-07
-1.23749e-06
6.66116e-07
-5.41131e-07
4.14163e-07
2.51743e-07
1.78752e-07
2.35359e-07
1.04415e-07
7.43497e-08
1.13327e-07
-8.90364e-09
1.37008e-07
-2.36785e-08
1.46281e-07
-9.27297e-09
1.35054e-07
1.12256e-08
9.72795e-08
3.77717e-08
1.93062e-08
7.79718e-08
-1.02909e-07
1.22215e-07
-2.63302e-07
1.60393e-07
-4.40356e-07
1.77054e-07
-6.05807e-07
1.65451e-07
-7.32015e-07
1.26208e-07
-8.0506e-07
7.30445e-08
-8.31601e-07
2.65416e-08
1.2377e-09
-1.52324e-06
2.63575e-06
4.23042e-07
-3.18366e-06
1.27256e-06
-1.39082e-06
9.74547e-07
5.49535e-07
5.16438e-07
6.93395e-07
3.12903e-07
2.77896e-07
2.90589e-07
1.3419e-08
3.04539e-07
-3.76249e-08
2.80013e-07
1.52534e-08
1.86462e-07
1.04775e-07
1.04626e-10
2.24127e-07
-2.99565e-07
3.7764e-07
-7.03318e-07
5.25967e-07
-1.16191e-06
6.1899e-07
-1.60828e-06
6.2342e-07
-1.97988e-06
5.37056e-07
-2.23654e-06
3.82861e-07
-2.37385e-06
2.10356e-07
-2.42249e-06
7.51836e-08
5.97903e-09
-1.419e-06
4.05484e-06
6.32372e-07
-5.23491e-06
1.42944e-06
-2.18803e-06
1.22095e-06
7.57801e-07
7.49897e-07
1.16436e-06
4.8072e-07
5.4708e-07
4.08841e-07
8.53091e-08
3.73317e-07
-2.09862e-09
2.68531e-07
1.2004e-07
3.77662e-08
3.35538e-07
-3.58513e-07
6.20404e-07
-9.21932e-07
9.41058e-07
-1.5973e-06
1.20134e-06
-2.28675e-06
1.30844e-06
-2.89561e-06
1.23228e-06
-3.36106e-06
1.0025e-06
-3.66113e-06
6.82925e-07
-3.81395e-06
3.63178e-07
-3.86725e-06
1.28487e-07
1.22336e-08
-1.24749e-06
5.30245e-06
6.99169e-07
-7.18147e-06
1.34771e-06
-2.8367e-06
1.22659e-06
8.78709e-07
8.4679e-07
1.54406e-06
5.76336e-07
8.17539e-07
4.55083e-07
2.06574e-07
3.40624e-07
1.12363e-07
1.1127e-07
3.49393e-07
-3.10595e-07
7.57401e-07
-9.54747e-07
1.26456e-06
-1.77741e-06
1.76372e-06
-2.66506e-06
2.08899e-06
-3.48945e-06
2.13283e-06
-4.16107e-06
1.9039e-06
-4.64297e-06
1.4844e-06
-4.94004e-06
9.7999e-07
-5.08699e-06
5.10132e-07
-5.13748e-06
1.7898e-07
1.83914e-08
-1.09723e-06
6.3998e-06
6.56174e-07
-8.9348e-06
1.14098e-06
-3.32161e-06
1.08692e-06
9.32582e-07
8.26809e-07
1.80409e-06
5.89808e-07
1.05455e-06
4.20489e-07
3.75904e-07
2.00244e-07
3.3261e-07
-1.97396e-07
7.47033e-07
-8.4847e-07
1.40847e-06
-1.7434e-06
2.15948e-06
-2.77385e-06
2.79417e-06
-3.78471e-06
3.09985e-06
-4.65082e-06
2.99895e-06
-5.31389e-06
2.56697e-06
-5.76991e-06
1.94042e-06
-6.04371e-06
1.25379e-06
-6.17639e-06
6.42813e-07
-6.22068e-06
2.23271e-07
2.35336e-08
-9.70345e-07
7.37027e-06
5.44596e-07
-1.04497e-05
8.76196e-07
-3.6533e-06
8.77637e-07
9.30997e-07
7.25785e-07
1.95589e-06
5.25148e-07
1.25519e-06
2.99354e-07
6.01706e-07
-5.65487e-08
6.88515e-07
-6.59535e-07
1.35002e-06
-1.55121e-06
2.30015e-06
-2.65716e-06
3.26542e-06
-3.81374e-06
3.95076e-06
-4.85762e-06
4.14373e-06
-5.6958e-06
3.83713e-06
-6.30967e-06
3.18083e-06
-6.72087e-06
2.35162e-06
-6.96361e-06
1.49653e-06
-7.07851e-06
7.57714e-07
-7.11471e-06
2.59467e-07
2.70699e-08
-8.60855e-07
8.23125e-06
3.92758e-07
-1.17033e-05
5.98968e-07
-3.85958e-06
6.49244e-07
8.80624e-07
5.7355e-07
2.03155e-06
3.89787e-07
1.43897e-06
8.59068e-08
9.05594e-07
-4.37714e-07
1.21214e-06
-1.26535e-06
2.17765e-06
-2.37282e-06
3.40762e-06
-3.61904e-06
4.51164e-06
-4.81405e-06
5.14577e-06
-5.81947e-06
5.14916e-06
-6.58765e-06
4.6053e-06
-7.13351e-06
3.7267e-06
-7.49286e-06
2.71097e-06
-7.70173e-06
1.70541e-06
-7.79719e-06
8.53169e-07
-7.82404e-06
2.8632e-07
2.85749e-08
-7.63248e-07
8.99462e-06
2.21248e-07
-1.26877e-05
3.39938e-07
-3.97831e-06
4.27358e-07
7.93148e-07
3.85557e-07
2.07334e-06
1.87596e-07
1.63694e-06
-2.2584e-07
1.31903e-06
-9.44134e-07
1.93043e-06
-1.98699e-06
3.22051e-06
-3.25431e-06
4.67493e-06
-4.558e-06
5.81533e-06
-5.71648e-06
6.30425e-06
-6.63681e-06
6.06949e-06
-7.3144e-06
5.28289e-06
-7.78551e-06
4.19781e-06
-8.09096e-06
3.01641e-06
-8.26502e-06
1.87947e-06
-8.34014e-06
9.28291e-07
-8.35669e-06
3.02866e-07
2.76598e-08
-6.71792e-07
9.66653e-06
4.38859e-08
-1.34034e-05
1.1244e-07
-4.04688e-06
2.15545e-07
6.90018e-07
1.64043e-07
2.12484e-06
-8.50644e-08
1.88606e-06
-6.42854e-07
1.87683e-06
-1.56265e-06
2.85022e-06
-2.78203e-06
4.43989e-06
-4.13547e-06
6.02837e-06
-5.4192e-06
7.09906e-06
-6.48745e-06
7.3725e-06
-7.29768e-06
6.87972e-06
-7.87712e-06
5.86234e-06
-8.27206e-06
4.59275e-06
-8.52333e-06
3.26768e-06
-8.66227e-06
2.01842e-06
-8.71645e-06
9.82463e-07
-8.72176e-06
3.08183e-07
2.38779e-08
-5.90746e-07
1.02574e-05
-1.149e-07
-1.38792e-05
-9.64084e-08
-4.06538e-06
9.39098e-09
5.84211e-07
-9.73592e-08
2.2316e-06
-4.36146e-07
2.22485e-06
-1.16348e-06
2.60416e-06
-2.26584e-06
3.95259e-06
-3.60144e-06
5.77548e-06
-4.96462e-06
7.39156e-06
-6.16692e-06
8.30136e-06
-7.11249e-06
8.31808e-06
-7.80231e-06
7.56953e-06
-8.28234e-06
6.34237e-06
-8.60145e-06
4.91186e-06
-8.79862e-06
3.46484e-06
-8.90214e-06
2.12194e-06
-8.93469e-06
1.01502e-06
-8.92774e-06
3.01225e-07
1.66465e-08
-5.24029e-07
1.07816e-05
-2.82541e-07
-1.41206e-05
-3.06391e-07
-4.04154e-06
-2.61588e-07
5.3941e-07
-4.09898e-07
2.37992e-06
-8.73564e-07
2.68852e-06
-1.774e-06
3.50459e-06
-3.01636e-06
5.19495e-06
-4.39798e-06
7.1571e-06
-5.70359e-06
8.69716e-06
-6.78231e-06
9.38008e-06
-7.58931e-06
9.12508e-06
-8.15654e-06
8.13676e-06
-8.53808e-06
6.72391e-06
-8.7818e-06
5.15558e-06
-8.92461e-06
3.60765e-06
-8.99203e-06
2.18936e-06
-9.00205e-06
1.02504e-06
-8.98153e-06
2.80707e-07
5.18033e-09
-4.6867e-07
1.12503e-05
-4.53373e-07
-1.41359e-05
-5.3492e-07
-3.95999e-06
-5.55164e-07
5.59658e-07
-7.8486e-07
2.60962e-06
-1.39618e-06
3.29985e-06
-2.44945e-06
4.55785e-06
-3.77327e-06
6.51877e-06
-5.13224e-06
8.51608e-06
-6.3283e-06
9.89322e-06
-7.25883e-06
1.03106e-05
-7.92209e-06
9.78833e-06
-8.368e-06
8.58266e-06
-8.65205e-06
7.00797e-06
-8.82021e-06
5.32375e-06
-8.90774e-06
3.69518e-06
-8.93777e-06
2.21938e-06
-8.92392e-06
1.01119e-06
-8.88822e-06
2.45006e-07
-1.1564e-08
-4.24846e-07
1.16753e-05
-6.36622e-07
-1.39241e-05
-7.90299e-07
-3.80631e-06
-8.92072e-07
6.61435e-07
-1.2305e-06
2.94806e-06
-1.99218e-06
4.06152e-06
-3.15715e-06
5.72283e-06
-4.49803e-06
7.85965e-06
-5.77535e-06
9.7934e-06
-6.82662e-06
1.09445e-05
-7.59768e-06
1.10817e-05
-8.11771e-06
1.03084e-05
-8.44426e-06
8.90921e-06
-8.63106e-06
7.19477e-06
-8.72259e-06
5.41527e-06
-8.75306e-06
3.72565e-06
-8.74365e-06
2.20998e-06
-8.70408e-06
9.71612e-07
-8.65121e-06
1.92138e-07
-3.50765e-08
-3.93849e-07
1.20693e-05
-8.38728e-07
-1.34792e-05
-1.08127e-06
-3.56377e-06
-1.2828e-06
8.62971e-07
-1.74661e-06
3.41187e-06
-2.6393e-06
4.9542e-06
-3.86186e-06
6.94539e-06
-5.15857e-06
9.15637e-06
-6.30909e-06
1.09439e-05
-7.19516e-06
1.18306e-05
-7.8041e-06
1.16906e-05
-8.18368e-06
1.06879e-05
-8.3923e-06
9.11783e-06
-8.48114e-06
7.28361e-06
-8.49405e-06
5.42819e-06
-8.46486e-06
3.69646e-06
-8.41317e-06
2.15829e-06
-8.34533e-06
9.0377e-07
-8.27287e-06
1.19684e-07
-6.74646e-08
-3.77714e-07
1.24472e-05
-1.06549e-06
-1.27914e-05
-1.41542e-06
-3.21384e-06
-1.73194e-06
1.17949e-06
-2.32184e-06
4.00178e-06
-3.30824e-06
5.9406e-06
-4.53048e-06
8.16763e-06
-5.73118e-06
1.03571e-05
-6.72427e-06
1.1937e-05
-7.43616e-06
1.25424e-05
-7.88507e-06
1.21395e-05
-8.12736e-06
1.09302e-05
-8.21872e-06
9.20919e-06
-8.2082e-06
7.27309e-06
-8.13995e-06
5.35994e-06
-8.04789e-06
3.6044e-06
-7.95026e-06
2.06066e-06
-7.85075e-06
8.04264e-07
-7.75562e-06
2.45487e-08
-1.11583e-07
-3.79152e-07
1.28265e-05
-1.3216e-06
-1.18489e-05
-1.79579e-06
-2.73965e-06
-2.23493e-06
1.61863e-06
-2.93483e-06
4.70167e-06
-3.96732e-06
6.97309e-06
-5.13527e-06
9.33558e-06
-6.20057e-06
1.14224e-05
-7.01855e-06
1.2755e-05
-7.55497e-06
1.30789e-05
-7.84815e-06
1.24327e-05
-7.95606e-06
1.10381e-05
-7.9306e-06
9.18373e-06
-7.81952e-06
7.16201e-06
-7.66784e-06
5.20825e-06
-7.50969e-06
3.44625e-06
-7.36175e-06
1.91272e-06
-7.22584e-06
6.68361e-07
-7.10392e-06
-9.73782e-08
-1.71372e-07
-4.0197e-07
1.32287e-05
-1.60949e-06
-1.06413e-05
-2.21865e-06
-2.13049e-06
-2.77747e-06
2.17745e-06
-3.55796e-06
5.48217e-06
-4.58678e-06
8.0019e-06
-5.65545e-06
1.04043e-05
-6.55879e-06
1.23257e-05
-7.19422e-06
1.33904e-05
-7.55855e-06
1.34432e-05
-7.70111e-06
1.25753e-05
-7.67782e-06
1.10148e-05
-7.53717e-06
9.04308e-06
-7.32636e-06
6.95121e-06
-7.09116e-06
4.97305e-06
-6.86507e-06
3.22016e-06
-6.66199e-06
1.70964e-06
-6.4827e-06
4.89072e-07
-6.32784e-06
-2.52232e-07
-2.52446e-07
-4.51562e-07
1.36805e-05
-1.92871e-06
-9.16417e-06
-2.67407e-06
-1.38513e-06
-3.33806e-06
2.84144e-06
-4.16221e-06
6.30631e-06
-5.14177e-06
8.98147e-06
-6.07743e-06
1.13399e-05
-6.80373e-06
1.3052e-05
-7.25639e-06
1.38431e-05
-7.45462e-06
1.36414e-05
-7.45245e-06
1.25731e-05
-7.30292e-06
1.08653e-05
-7.05257e-06
8.79273e-06
-6.74855e-06
6.64718e-06
-6.43585e-06
4.66036e-06
-6.14428e-06
2.92858e-06
-5.88156e-06
1.44692e-06
-5.64778e-06
2.55299e-07
-5.44906e-06
-4.50955e-07
-3.63347e-07
-5.41065e-07
1.42218e-05
-2.27794e-06
-7.42728e-06
-3.14703e-06
-5.1604e-07
-3.89163e-06
3.58604e-06
-4.72062e-06
7.1353e-06
-5.613e-06
9.87386e-06
-6.39309e-06
1.212e-05
-6.93662e-06
1.35955e-05
-7.21143e-06
1.41179e-05
-7.25147e-06
1.36815e-05
-7.11242e-06
1.24341e-05
-6.84619e-06
1.05991e-05
-6.50005e-06
8.44659e-06
-6.12105e-06
6.26818e-06
-5.74974e-06
4.28905e-06
-5.40541e-06
2.58425e-06
-5.08139e-06
1.1229e-06
-4.77435e-06
-5.17468e-08
-4.50946e-06
-7.15848e-07
-5.17717e-07
-6.10689e-07
1.48327e-05
-2.66594e-06
-5.37202e-06
-3.61769e-06
4.35709e-07
-4.41437e-06
4.38272e-06
-5.2176e-06
7.93853e-06
-5.99855e-06
1.06548e-05
-6.61199e-06
1.27334e-05
-6.9726e-06
1.39561e-05
-7.07435e-06
1.42196e-05
-6.96207e-06
1.35692e-05
-6.69524e-06
1.21672e-05
-6.3303e-06
1.02341e-05
-5.91784e-06
8.03412e-06
-5.50129e-06
5.85162e-06
-5.10944e-06
3.89719e-06
-4.74229e-06
2.21709e-06
-4.36682e-06
7.47428e-07
-3.96437e-06
-4.54195e-07
-3.59418e-06
-1.08604e-06
-7.46368e-07
-8.58717e-06
9.58981e-06
-1.44757e-05
5.16539e-07
-1.85966e-05
4.55662e-06
-2.16296e-05
7.41566e-06
-2.39415e-05
1.02504e-05
-2.5557e-05
1.22703e-05
-2.62639e-05
1.34404e-05
-2.60236e-05
1.37158e-05
-2.49928e-05
1.31889e-05
-2.34515e-05
1.20278e-05
-2.17031e-05
1.04189e-05
-1.99797e-05
8.51063e-06
-1.83783e-05
6.43264e-06
-1.68977e-05
4.37096e-06
-1.55274e-05
2.52677e-06
-1.42277e-05
9.1733e-07
-1.27345e-05
-7.45867e-07
-1.05704e-05
-2.61836e-06
-7.75437e-06
-3.90214e-06
-2.84087e-06
-1.45535e-05
7.8331e-06
-1.88389e-05
4.80193e-06
-2.16174e-05
7.33512e-06
-2.33467e-05
9.14505e-06
-2.39638e-05
1.08675e-05
-2.35597e-05
1.18661e-05
-2.22786e-05
1.21593e-05
-2.03875e-05
1.18248e-05
-1.82574e-05
1.10587e-05
-1.62948e-05
1.00652e-05
-1.48025e-05
8.92654e-06
-1.37972e-05
7.50521e-06
-1.29954e-05
5.63058e-06
-1.21322e-05
3.50746e-06
-1.12867e-05
1.68093e-06
-1.0657e-05
2.87177e-07
-1.00102e-05
-1.39294e-06
-8.25057e-06
-4.3784e-06
-4.66285e-06
-7.49022e-06
-6.09477e-06
-1.69585e-05
8.13576e-06
-1.95775e-05
7.42096e-06
-2.08506e-05
8.60821e-06
-2.1064e-05
9.35844e-06
-2.02055e-05
1.0009e-05
-1.84834e-05
1.01441e-05
-1.62264e-05
9.90221e-06
-1.38517e-05
9.4501e-06
-1.18202e-05
9.0272e-06
-1.05166e-05
8.76157e-06
-1.00107e-05
8.42059e-06
-9.82939e-06
7.32378e-06
-9.18589e-06
4.98682e-06
-7.74086e-06
2.06208e-06
-6.25472e-06
1.94454e-07
-5.74148e-06
-2.26367e-07
-6.33406e-06
-8.0081e-07
-6.19241e-06
-4.52068e-06
-3.54315e-06
-1.01401e-05
-9.56433e-06
-1.67003e-05
8.48953e-06
-1.75244e-05
8.24511e-06
-1.73947e-05
8.47851e-06
-1.64377e-05
8.40141e-06
-1.46936e-05
8.26488e-06
-1.24495e-05
7.90002e-06
-1.00949e-05
7.5476e-06
-8.06687e-06
7.42208e-06
-6.78401e-06
7.74433e-06
-6.4787e-06
8.45621e-06
-6.87121e-06
8.813e-06
-7.04432e-06
7.49669e-06
-6.07708e-06
4.01928e-06
-4.12322e-06
1.07885e-07
-2.47029e-06
-1.45865e-06
-1.9197e-06
-7.76921e-07
-2.9461e-06
2.25511e-07
-3.99517e-06
-3.47224e-06
-2.75821e-06
-1.13776e-05
-1.16273e-05
-1.42734e-05
8.15539e-06
-1.38111e-05
7.78282e-06
-1.27425e-05
7.40993e-06
-1.11636e-05
6.82262e-06
-9.15969e-06
6.26095e-06
-7.01293e-06
5.75327e-06
-5.07538e-06
5.61006e-06
-3.72692e-06
6.0736e-06
-3.27948e-06
7.29681e-06
-3.77424e-06
8.95081e-06
-4.57143e-06
9.60998e-06
-4.51793e-06
7.44294e-06
-2.87984e-06
2.3809e-06
-1.14014e-06
-1.63203e-06
-6.92212e-07
-1.90665e-06
-1.29687e-06
-1.72114e-07
-2.3794e-06
1.30823e-06
-2.89792e-06
-2.95421e-06
-2.00637e-06
-1.227e-05
-1.30929e-05
-1.07808e-05
7.08002e-06
-9.58744e-06
6.58948e-06
-8.11803e-06
5.94058e-06
-6.4207e-06
5.12535e-06
-4.59192e-06
4.43223e-06
-2.85095e-06
4.01234e-06
-1.47681e-06
4.2359e-06
-8.03484e-07
5.40018e-06
-1.03797e-06
7.53108e-06
-2.02025e-06
9.93276e-06
-2.77746e-06
1.03669e-05
-2.13913e-06
6.80438e-06
-5.89098e-08
3.0057e-07
6.61127e-07
-2.35206e-06
-4.03011e-07
-8.42473e-07
-2.30896e-06
1.73405e-06
-3.46758e-06
2.46701e-06
-2.79275e-06
-3.62942e-06
-1.51975e-06
-1.35428e-05
-1.43452e-05
-7.25791e-06
5.49932e-06
-5.71962e-06
5.05126e-06
-4.22427e-06
4.44531e-06
-2.72014e-06
3.62131e-06
-1.26603e-06
2.97821e-06
2.58712e-08
2.72048e-06
8.63498e-07
3.39823e-06
9.51341e-07
5.31215e-06
1.45473e-07
8.33655e-06
-1.09753e-06
1.11752e-05
-1.56298e-06
1.08319e-05
6.87034e-08
5.17262e-06
1.50333e-06
-1.13391e-06
4.36372e-07
-1.28504e-06
-1.82577e-06
1.41971e-06
-4.12162e-06
4.03006e-06
-4.49987e-06
2.84524e-06
-2.98049e-06
-5.14887e-06
-1.44601e-06
-1.50766e-05
-1.59105e-05
-4.33224e-06
3.68422e-06
-2.69576e-06
3.41478e-06
-1.3283e-06
3.07789e-06
-9.59827e-08
2.38907e-06
9.71668e-07
1.91061e-06
1.7962e-06
1.89596e-06
2.18376e-06
3.01057e-06
1.75206e-06
5.74356e-06
4.25924e-07
9.6621e-06
-9.37671e-07
1.25381e-05
-8.23426e-07
1.07173e-05
9.13506e-07
3.43586e-06
4.98752e-07
-7.18933e-07
-1.73984e-06
9.5355e-07
-4.19203e-06
3.8719e-06
-5.51712e-06
5.35516e-06
-4.77546e-06
2.10353e-06
-3.14156e-06
-6.78241e-06
-1.66869e-06
-1.65482e-05
-1.80331e-05
-2.20976e-06
1.86016e-06
-6.46517e-07
1.85142e-06
5.7504e-07
1.85631e-06
1.5893e-06
1.37482e-06
2.357e-06
1.14292e-06
2.78712e-06
1.46579e-06
2.68824e-06
3.10926e-06
1.68202e-06
6.74933e-06
-1.55876e-07
1.14992e-05
-1.40897e-06
1.37904e-05
-5.89438e-07
9.89761e-06
-8.16111e-08
2.92836e-06
-2.12306e-06
1.32255e-06
-4.39602e-06
3.22645e-06
-5.81459e-06
5.29038e-06
-5.66435e-06
5.20481e-06
-4.16567e-06
6.04866e-07
-2.97234e-06
-7.97512e-06
-2.06662e-06
-1.74525e-05
-1.8664e-05
-1.0204e-06
2.13497e-07
4.0056e-07
4.30369e-07
1.55703e-06
6.99831e-07
2.43701e-06
4.94852e-07
2.99191e-06
5.88028e-07
3.07558e-06
1.38205e-06
2.44939e-06
3.73516e-06
7.90861e-07
8.40724e-06
-1.3447e-06
1.36338e-05
-2.19134e-06
1.46364e-05
-1.5588e-06
9.26521e-06
-2.57049e-06
3.94019e-06
-4.77365e-06
3.52567e-06
-6.04967e-06
4.50237e-06
-5.97819e-06
5.21874e-06
-4.53441e-06
3.76089e-06
-2.77114e-06
-1.15836e-06
-1.96224e-06
-8.78336e-06
-1.61459e-06
-1.77993e-05
-2.00794e-05
-1.09367e-06
-1.11554e-06
1.88568e-07
-8.5188e-07
1.39652e-06
-5.0804e-07
2.30234e-06
-4.10867e-07
2.76084e-06
1.29575e-07
2.55173e-06
1.59107e-06
1.37864e-06
4.90786e-06
-7.73153e-07
1.05582e-05
-2.74686e-06
1.56066e-05
-3.20875e-06
1.50979e-05
-3.35995e-06
9.41663e-06
-5.15366e-06
5.73392e-06
-6.4583e-06
4.83029e-06
-6.40595e-06
4.44996e-06
-4.99601e-06
3.80868e-06
-2.78542e-06
1.55022e-06
-9.17192e-07
-3.02635e-06
-1.76905e-07
-9.52283e-06
-7.18413e-07
-1.72568e-05
-1.85256e-05
-2.73312e-06
-2.02892e-06
-1.59869e-06
-1.9863e-06
-3.0086e-07
-1.80572e-06
7.40226e-07
-1.45178e-06
1.27989e-06
-4.09995e-07
8.9128e-07
1.97955e-06
-5.82751e-07
6.38137e-06
-2.62579e-06
1.26004e-05
-3.93236e-06
1.69124e-05
-4.10373e-06
1.52692e-05
-4.81938e-06
1.01324e-05
-6.37414e-06
7.2886e-06
-6.86223e-06
5.31828e-06
-5.84816e-06
3.43583e-06
-3.51923e-06
1.47978e-06
-7.08452e-07
-1.26029e-06
1.42296e-06
-5.15702e-06
2.20557e-06
-1.03044e-05
1.05811e-06
-1.61087e-05
-1.82238e-05
-5.74264e-06
-2.2035e-06
-4.97831e-06
-2.75062e-06
-3.70358e-06
-3.0803e-06
-2.43886e-06
-2.71633e-06
-1.736e-06
-1.1128e-06
-1.95403e-06
2.19736e-06
-3.05545e-06
7.4822e-06
-4.20173e-06
1.37459e-05
-4.44956e-06
1.71598e-05
-4.10063e-06
1.49203e-05
-4.34968e-06
1.03817e-05
-4.755e-06
7.6939e-06
-4.34806e-06
4.91114e-06
-2.75778e-06
1.84529e-06
-2.98801e-08
-1.24814e-06
3.00714e-06
-4.29694e-06
5.05814e-06
-7.20744e-06
5.15869e-06
-1.04045e-05
2.84587e-06
-1.37957e-05
-1.59779e-05
-9.35659e-06
-1.45149e-06
-9.21535e-06
-2.89184e-06
-8.1958e-06
-4.09969e-06
-6.74177e-06
-4.17021e-06
-5.60185e-06
-2.2527e-06
-5.16316e-06
1.75841e-06
-5.19323e-06
7.51172e-06
-4.95699e-06
1.35091e-05
-4.00589e-06
1.62084e-05
-2.89779e-06
1.38123e-05
-2.19025e-06
9.67443e-06
-1.3636e-06
6.86752e-06
2.88767e-08
3.51873e-06
2.15308e-06
-2.79048e-07
5.13804e-06
-4.2333e-06
7.93094e-06
-7.09011e-06
9.26176e-06
-8.53866e-06
8.27589e-06
-9.41923e-06
4.78058e-06
-1.0301e-05
-1.25989e-05
-1.23332e-05
1.72321e-07
-1.28501e-05
-2.37488e-06
-1.20928e-05
-4.85682e-06
-1.05112e-05
-5.75158e-06
-8.76804e-06
-3.99579e-06
-7.40681e-06
3.96999e-07
-6.12388e-06
6.22838e-06
-4.47309e-06
1.18579e-05
-2.45103e-06
1.41862e-05
-6.51724e-07
1.20132e-05
6.52898e-07
8.37006e-06
1.90519e-06
5.6153e-06
3.42443e-06
1.99916e-06
5.91178e-06
-2.76674e-06
9.06786e-06
-7.38952e-06
1.15917e-05
-9.61432e-06
1.22006e-05
-9.14828e-06
1.0258e-05
-7.47771e-06
5.56955e-06
-5.61355e-06
-6.39853e-06
-1.33567e-05
1.7502e-06
-1.36072e-05
-2.12389e-06
-1.30385e-05
-5.42502e-06
-1.16719e-05
-7.11775e-06
-9.7335e-06
-5.93404e-06
-7.58878e-06
-1.7478e-06
-5.29702e-06
3.93638e-06
-2.61831e-06
9.17897e-06
1.44929e-07
1.1423e-05
2.46533e-06
9.69291e-06
3.86739e-06
6.96773e-06
5.16278e-06
4.31905e-06
6.99196e-06
1.68991e-07
9.67003e-06
-5.44506e-06
1.23558e-05
-1.0075e-05
1.38273e-05
-1.1086e-05
1.32721e-05
-8.59359e-06
1.05336e-05
-4.74015e-06
5.78184e-06
-8.62829e-07
2.97349e-07
-8.29878e-06
1.46567e-06
-8.0587e-06
-2.36296e-06
-7.66299e-06
-5.81943e-06
-7.44132e-06
-7.33819e-06
-6.80539e-06
-6.56941e-06
-5.15154e-06
-3.40163e-06
-2.70295e-06
1.48751e-06
3.34494e-07
6.14124e-06
3.67229e-06
8.085e-06
6.10571e-06
7.25907e-06
7.60268e-06
5.46967e-06
9.06835e-06
2.85181e-06
1.10529e-05
-1.81649e-06
1.31071e-05
-7.49878e-06
1.40227e-05
-1.09898e-05
1.35863e-05
-1.06495e-05
1.17791e-05
-6.78669e-06
8.84301e-06
-1.80468e-06
5.171e-06
2.80836e-06
1.74054e-06
4.03845e-06
-1.29274e-06
5.80626e-06
-4.13077e-06
6.10611e-06
-6.11863e-06
4.11252e-06
-5.34302e-06
1.88894e-06
-4.34417e-06
9.23301e-07
-2.43549e-06
1.87255e-06
5.38043e-07
4.20706e-06
3.8062e-06
7.46849e-06
4.82287e-06
1.00395e-05
4.68702e-06
1.17934e-05
3.71413e-06
1.36844e-05
9.59422e-07
1.52173e-05
-3.34949e-06
1.50812e-05
-7.36145e-06
1.28579e-05
-8.76529e-06
1.00429e-05
-7.83442e-06
7.4439e-06
-4.1879e-06
5.05282e-06
5.86071e-07
2.90347e-06
4.95703e-06
5.18552e-06
2.44037e-05
-4.11932e-06
2.32924e-05
-3.02189e-06
2.13313e-05
-4.15778e-06
1.68238e-05
-8.36737e-07
1.32392e-05
-7.58787e-07
1.06258e-05
1.79437e-07
9.65235e-06
1.51231e-06
9.80908e-06
3.64925e-06
1.26064e-05
2.02492e-06
1.53205e-05
1.972e-06
1.72902e-05
1.74365e-06
1.8273e-05
-2.36404e-08
1.74397e-05
-2.51539e-06
1.39883e-05
-3.90845e-06
8.61134e-06
-3.38766e-06
4.20871e-06
-3.43242e-06
8.82758e-07
-8.62541e-07
2.75289e-07
1.19326e-06
2.05327e-06
3.17845e-06
3.32443e-06
2.7233e-05
2.13552e-05
1.98386e-05
1.40112e-05
1.32358e-05
1.32011e-05
1.52526e-05
1.35471e-05
1.70356e-05
1.87372e-05
1.78593e-05
1.72533e-05
1.43911e-05
9.56085e-06
3.59879e-06
3.06747e-07
-4.294e-06
-3.76988e-06
1.41957e-07
)
;

boundaryField
{
    left_open
    {
        type            calculated;
        value           nonuniform List<scalar> 
40
(
1.48254e-06
2.96562e-06
3.57055e-06
3.70963e-06
3.61822e-06
3.42433e-06
3.19583e-06
2.96431e-06
2.74018e-06
2.5239e-06
2.31315e-06
2.1063e-06
1.90311e-06
1.70429e-06
1.51082e-06
1.32357e-06
1.14338e-06
9.71521e-07
8.10843e-07
6.6812e-07
1.63327e-06
5.34581e-07
3.77659e-07
5.6394e-07
4.04577e-07
4.45506e-07
5.56717e-07
5.40644e-07
2.12106e-07
1.56232e-07
1.5499e-07
4.32627e-07
1.40142e-06
7.94686e-07
7.24931e-07
6.07946e-07
5.91954e-07
7.27266e-07
8.47333e-07
1.67321e-06
)
;
    }
    right_open
    {
        type            calculated;
        value           nonuniform List<scalar> 
40
(
-8.32839e-07
-2.42723e-06
-3.87351e-06
-5.14364e-06
-6.22582e-06
-7.11825e-06
-7.82554e-06
-8.35578e-06
-8.71798e-06
-8.9205e-06
-8.97007e-06
-8.87147e-06
-8.6277e-06
-8.24048e-06
-7.7115e-06
-7.04413e-06
-6.24677e-06
-5.33816e-06
-4.35508e-06
-3.36553e-06
-5.65991e-06
-1.40908e-06
-7.36979e-08
-6.95015e-07
-5.41033e-07
-2.67847e-07
1.19018e-07
4.53907e-07
-1.43454e-06
-1.99333e-07
-2.27065e-06
7.5696e-07
6.00837e-07
1.4001e-06
-6.3038e-07
-9.13972e-07
3.72627e-06
-5.41296e-07
3.91324e-06
3.67371e-06
)
;
    }
    base_side
    {
        type            calculated;
        value           uniform 0;
    }
    top
    {
        type            calculated;
        value           nonuniform List<scalar> 
65
(
9.8187e-06
1.02634e-05
7.84941e-06
2.40843e-06
1.59832e-06
1.84106e-06
5.2243e-07
9.03399e-07
3.08965e-06
-3.70133e-07
3.65194e-06
-1.93948e-06
-2.44024e-07
3.85139e-06
2.72763e-07
4.28671e-06
-1.53905e-06
-3.13918e-07
-1.34388e-06
5.59996e-06
2.71353e-07
3.30786e-07
8.34893e-08
7.93962e-07
1.6266e-06
5.01253e-07
4.14826e-07
5.92681e-08
1.59637e-07
1.45753e-07
2.54194e-08
5.32263e-09
-4.33034e-09
9.15882e-09
-6.13489e-08
-2.07418e-08
-2.80289e-07
2.00919e-06
1.90418e-06
1.47555e-06
-9.96654e-07
-1.47609e-06
2.95167e-07
1.57919e-07
1.71447e-07
-7.07722e-06
2.85419e-06
-2.64003e-06
4.98887e-06
1.67922e-08
2.14538e-07
-5.38875e-07
5.35334e-06
-1.46298e-06
2.71397e-07
2.62283e-06
5.83337e-07
3.48433e-07
9.23074e-07
2.57457e-06
-1.40501e-07
3.73556e-06
6.69799e-07
-7.33009e-07
-2.09773e-07
)
;
    }
    front
    {
        type            empty;
        value           nonuniform 0();
    }
    back
    {
        type            empty;
        value           nonuniform 0();
    }
    air_to_aluminum
    {
        type            calculated;
        value           nonuniform List<scalar> 
129
(
0
0
0
0
0
0
0
0
0
0
0
0
0
0
0
0
0
0
0
0
0
0
2.11758e-22
0
0
0
0
0
0
0
0
0
0
0
0
1.32349e-23
0
0
0
-1.32349e-23
0
0
0
0
0
0
0
0
0
0
0
0
0
0
0
0
1.32349e-23
0
1.32349e-23
0
0
0
0
0
0
0
0
0
0
0
0
0
0
0
0
0
0
0
0
0
0
0
0
0
0
0
0
0
0
0
0
0
0
0
0
0
0
0
0
-1.32349e-23
-1.32349e-23
0
0
0
0
0
2.64698e-23
0
2.11758e-22
0
0
0
0
0
0
0
0
0
0
0
0
0
0
0
0
0
0
0
0
)
;
    }
}


// ************************************************************************* //
