/*--------------------------------*- C++ -*----------------------------------*\
| =========                 |                                                 |
| \\      /  F ield         | OpenFOAM: The Open Source CFD Toolbox           |
|  \\    /   O peration     | Version:                                        |
|   \\  /    A nd           | Website:  www.openfoam.com                      |
|    \\/     M anipulation  |                                                 |
\*---------------------------------------------------------------------------*/
FoamFile
{
    version     2.0;
    format      ascii;
    class       surfaceScalarField;
    location    "900/air";
    object      phi;
}
// * * * * * * * * * * * * * * * * * * * * * * * * * * * * * * * * * * * * * //

dimensions      [1 0 -1 0 0 0 0];
oriented        oriented;


internalField   nonuniform List<scalar> 
4299
(
7.25031e-08
-7.24886e-08
1.10886e-07
-3.83684e-08
7.29616e-08
3.79389e-08
7.29761e-08
6.53163e-08
-1.3779e-07
1.11944e-07
-8.49818e-08
7.2199e-08
7.76985e-08
1.4519e-07
3.96233e-08
-1.77399e-07
6.97096e-08
-1.15054e-07
4.41824e-08
1.0324e-07
1.89387e-07
2.1074e-08
-1.98459e-07
3.67229e-08
-1.30688e-07
2.25602e-08
1.17417e-07
2.11961e-07
1.02346e-08
-2.08679e-07
1.74825e-08
-1.37921e-07
1.03703e-08
1.24544e-07
2.22346e-07
4.30955e-09
-2.12974e-07
7.65276e-09
-1.4125e-07
4.60659e-09
1.27605e-07
2.26967e-07
9.95205e-10
-2.13954e-07
3.24866e-09
-1.43489e-07
2.61339e-09
1.28255e-07
2.29595e-07
-1.04148e-09
-2.12898e-07
1.83149e-09
-1.46347e-07
2.81746e-09
1.27283e-07
2.32427e-07
-2.87747e-09
-2.10006e-07
2.20519e-09
-1.51415e-07
4.69496e-09
1.24809e-07
2.37137e-07
-5.01981e-09
-2.04971e-07
3.91564e-09
-1.60333e-07
8.26225e-09
1.20478e-07
2.45414e-07
-8.33463e-09
-1.96619e-07
6.14371e-09
-1.7479e-07
1.33985e-08
1.13243e-07
2.58829e-07
-1.51843e-08
-1.81414e-07
5.14248e-09
-1.95089e-07
1.84903e-08
9.992e-08
2.77338e-07
-3.22918e-08
-1.491e-07
-9.53225e-09
-2.17817e-07
1.70569e-08
7.33576e-08
2.94413e-07
-7.49474e-08
-7.41356e-08
-6.12036e-08
-2.31547e-07
-7.09565e-09
1.9259e-08
2.8733e-07
-1.66729e-07
9.25838e-08
-1.83955e-07
-2.14383e-07
-7.43777e-08
-9.03811e-08
2.12943e-07
-3.28137e-07
4.20633e-07
-4.02623e-07
-1.40126e-07
-2.73727e-07
-2.19487e-07
-6.08219e-08
-7.30229e-08
7.30373e-08
-1.10957e-07
3.7949e-08
-7.25319e-08
-3.8411e-08
-7.25174e-08
-7.22825e-08
1.45334e-07
-1.12039e-07
7.77198e-08
-6.5346e-08
-8.50892e-08
-1.37849e-07
-4.42815e-08
1.8963e-07
-6.9811e-08
1.03264e-07
-3.96411e-08
-1.15245e-07
-1.77475e-07
-2.26985e-08
2.12343e-07
-3.68468e-08
1.17427e-07
-2.10716e-08
-1.31005e-07
-1.98532e-07
-1.05946e-08
2.22952e-07
-1.7661e-08
1.24508e-07
-1.01957e-08
-1.38456e-07
-2.08714e-07
-5.00539e-09
2.27972e-07
-7.94071e-09
1.27457e-07
-4.17589e-09
-1.42207e-07
-2.12875e-07
-3.36267e-09
2.3135e-07
-3.73985e-09
1.27849e-07
-7.42076e-10
-1.4519e-07
-2.13603e-07
-4.17528e-09
2.35539e-07
-2.58501e-09
1.26273e-07
1.7269e-09
-1.49487e-07
-2.11861e-07
-7.15677e-09
2.42711e-07
-3.16926e-09
1.223e-07
4.62123e-09
-1.57263e-07
-2.07226e-07
-1.25206e-08
2.55246e-07
-4.47049e-09
1.14264e-07
9.3669e-09
-1.71087e-07
-1.97844e-07
-2.02488e-08
2.75509e-07
-4.12379e-09
9.81535e-08
1.84939e-08
-1.9369e-07
-1.79336e-07
-2.84805e-08
3.04004e-07
3.34458e-09
6.63428e-08
3.63457e-08
-2.26677e-07
-1.42976e-07
-2.95931e-08
3.33611e-07
2.75965e-08
9.16885e-09
6.86121e-08
-2.67677e-07
-7.43489e-08
1.25652e-10
3.33502e-07
8.21024e-08
-7.27858e-08
1.13215e-07
-2.98765e-07
3.88838e-08
6.47032e-08
2.68823e-07
1.5945e-07
-1.67487e-07
1.26566e-07
-2.65832e-07
1.65476e-07
1.07604e-07
1.61275e-07
9.34285e-08
-1.53202e-07
9.75727e-09
-1.82053e-07
1.75281e-07
5.66741e-06
4.91052e-06
-1.05777e-05
1.50398e-06
4.16396e-06
-2.00922e-06
3.51329e-06
2.21368e-06
-4.22457e-06
1.80506e-07
7.53586e-06
-2.80541e-06
-2.96109e-06
7.30578e-06
-5.2336e-06
5.78459e-06
3.58224e-06
-6.60519e-06
-9.91612e-06
8.8429e-06
8.60878e-06
-1.02537e-05
7.64232e-06
-1.01061e-05
5.63486e-06
3.9066e-06
-1.04326e-05
-1.51008e-05
8.02879e-06
1.59143e-05
-1.36341e-05
6.17446e-06
-1.26398e-05
4.63929e-06
3.76108e-06
-1.24949e-05
-1.51578e-05
5.80943e-06
1.7377e-05
-1.34535e-05
4.46975e-06
-1.25978e-05
3.78333e-06
3.47018e-06
-1.23069e-05
-1.30934e-05
3.84064e-06
1.50623e-05
-1.20078e-05
3.38405e-06
-1.143e-05
3.20553e-06
3.11025e-06
-1.107e-05
-1.11722e-05
2.85056e-06
1.21623e-05
-1.05969e-05
2.80873e-06
-1.01283e-05
2.73677e-06
2.64265e-06
-9.66079e-06
-9.92859e-06
2.41022e-06
1.03688e-05
-9.42924e-06
2.30926e-06
-8.82394e-06
2.13134e-06
1.92463e-06
-8.10605e-06
-9.20842e-06
1.96326e-06
9.65532e-06
-8.60112e-06
1.70191e-06
-7.89655e-06
1.42672e-06
1.1573e-06
-7.12924e-06
-1.00908e-05
1.67291e-06
1.03812e-05
-9.77187e-06
1.38307e-06
-9.46874e-06
1.12365e-06
8.87565e-07
-9.19892e-06
-1.20108e-05
1.7713e-06
1.19124e-05
-1.21346e-05
1.50691e-06
-1.22751e-05
1.26415e-06
1.03387e-06
-1.24212e-05
-1.18542e-05
2.05537e-06
1.157e-05
-1.21527e-05
1.80538e-06
-1.24533e-05
1.56468e-06
1.33158e-06
-1.2751e-05
-8.52123e-06
2.27657e-06
8.29991e-06
-8.76069e-06
2.04469e-06
-9.0044e-06
1.80824e-06
1.57882e-06
-9.25177e-06
-3.00121e-06
2.20362e-06
3.07411e-06
-3.00548e-06
2.04889e-06
-3.06079e-06
1.86347e-06
1.66475e-06
-3.14681e-06
2.4432e-06
1.76383e-06
-2.00336e-06
2.86649e-06
1.62562e-06
3.23475e-06
1.49521e-06
1.35589e-06
3.5436e-06
7.5327e-06
1.55531e-06
-7.32411e-06
7.86259e-06
1.29577e-06
8.26218e-06
1.09564e-06
9.22109e-07
8.69595e-06
1.66726e-05
1.68323e-06
-1.68002e-05
1.66259e-05
1.34275e-06
1.66514e-05
1.07045e-06
8.23606e-07
1.67501e-05
3.00603e-05
1.4562e-06
-2.98327e-05
3.03255e-05
1.07804e-06
3.05589e-05
8.37623e-07
5.92685e-07
3.07903e-05
4.07766e-05
8.70494e-08
-3.94071e-05
4.22145e-05
-3.59662e-07
4.34121e-05
-3.5996e-07
-5.1173e-07
4.45166e-05
3.56266e-05
-3.36149e-05
3.71165e-05
3.81189e-05
3.88609e-05
-4.59354e-06
7.86777e-07
-4.78075e-06
4.42431e-08
-4.80913e-06
-1.93057e-07
-1.63753e-07
-4.70694e-06
-7.91622e-06
2.09504e-06
-9.36812e-06
1.49504e-06
-1.08805e-05
1.31954e-06
1.29341e-06
-1.23366e-05
-1.13977e-05
3.05914e-06
-1.26135e-05
2.71091e-06
-1.3836e-05
2.54251e-06
2.4551e-06
-1.4997e-05
-1.28141e-05
3.37829e-06
-1.32792e-05
3.17623e-06
-1.37809e-05
3.0444e-06
2.95207e-06
-1.42777e-05
-1.22384e-05
3.30989e-06
-1.22559e-05
3.19365e-06
-1.23097e-05
3.09821e-06
3.01363e-06
-1.23714e-05
-1.07849e-05
3.02466e-06
-1.05247e-05
2.93332e-06
-1.02617e-05
2.83501e-06
2.72797e-06
-9.97618e-06
-9.15671e-06
2.52043e-06
-8.60058e-06
2.37703e-06
-7.98308e-06
2.21735e-06
2.04547e-06
-7.30073e-06
-7.28494e-06
1.69919e-06
-6.37515e-06
1.46712e-06
-5.39558e-06
1.23768e-06
1.01833e-06
-4.36852e-06
-6.33422e-06
9.0415e-07
-5.54344e-06
6.76344e-07
-4.78626e-06
4.80523e-07
3.20634e-07
-4.08854e-06
-8.97542e-06
6.80756e-07
-8.80559e-06
5.06665e-07
-8.69211e-06
3.67236e-07
2.61549e-07
-8.63276e-06
-1.25656e-05
8.25369e-07
-1.27042e-05
6.45572e-07
-1.28357e-05
4.99059e-07
3.85981e-07
-1.29596e-05
-1.30405e-05
1.1149e-06
-1.33149e-05
9.20123e-07
-1.35661e-05
7.50525e-07
6.06665e-07
-1.37864e-05
-9.49993e-06
1.36292e-06
-9.7433e-06
1.16338e-06
-9.97468e-06
9.81831e-07
8.18902e-07
-1.01869e-05
-3.24785e-06
1.46386e-06
-3.35187e-06
1.26728e-06
-3.44995e-06
1.0798e-06
9.05895e-07
-3.53707e-06
3.79604e-06
1.2114e-06
3.99796e-06
1.06533e-06
4.1576e-06
9.20131e-07
7.78893e-07
4.28458e-06
9.13842e-06
7.68896e-07
9.57194e-06
6.31764e-07
9.98494e-06
5.0706e-07
3.9273e-07
1.0371e-05
1.69116e-05
6.07611e-07
1.71243e-05
4.19295e-07
1.73779e-05
2.53633e-07
1.07603e-07
1.76632e-05
3.10309e-05
3.6744e-07
3.1295e-05
1.5567e-07
3.16028e-05
-5.3764e-08
-2.35418e-07
3.19463e-05
4.55052e-05
-6.211e-07
4.63467e-05
-6.85828e-07
4.71226e-05
-8.29517e-07
-9.80288e-07
4.78677e-05
3.9447e-05
3.9934e-05
4.03999e-05
3.8834e-05
-4.65864e-06
-4.83896e-08
-4.6526e-06
-5.88172e-09
3.10201e-08
-4.68327e-06
-1.31294e-05
7.45101e-07
-1.39014e-05
7.67012e-07
7.94387e-07
-1.46639e-05
-1.56137e-05
1.3622e-06
-1.62025e-05
1.35622e-06
1.35441e-06
-1.67621e-05
-1.45586e-05
1.64313e-06
-1.4826e-05
1.62369e-06
1.60577e-06
-1.50774e-05
-1.24014e-05
1.67306e-06
-1.24242e-05
1.64632e-06
1.61848e-06
-1.2437e-05
-9.79924e-06
1.49602e-06
-9.60942e-06
1.4564e-06
1.41445e-06
-9.40548e-06
-6.88824e-06
1.08345e-06
-6.45605e-06
1.02414e-06
9.63816e-07
-6.00547e-06
-3.77311e-06
4.88007e-07
-3.17538e-06
4.26368e-07
3.6833e-07
-2.57992e-06
-3.72691e-06
1.26394e-07
-3.39396e-06
9.34333e-08
6.56644e-08
-3.09127e-06
-8.62082e-06
1.14615e-07
-8.62516e-06
9.79574e-08
8.5103e-08
-8.6444e-06
-1.30251e-05
1.80332e-07
-1.30867e-05
1.59935e-07
1.4305e-07
-1.31444e-05
-1.3894e-05
2.88174e-07
-1.39889e-05
2.55131e-07
2.25478e-07
-1.40711e-05
-1.02958e-05
3.97003e-07
-1.03959e-05
3.55309e-07
3.16716e-07
-1.04871e-05
-3.58538e-06
4.45242e-07
-3.62743e-06
3.97296e-07
3.52432e-07
-3.66321e-06
4.34321e-06
3.86589e-07
4.39592e-06
3.4458e-07
3.04287e-07
4.44405e-06
1.05835e-05
1.74063e-07
1.07865e-05
1.41525e-07
1.09908e-07
1.09809e-05
1.78363e-05
1.0366e-09
1.80135e-05
-3.55382e-08
-7.43148e-08
1.81978e-05
3.21602e-05
-2.12659e-07
3.23794e-05
-2.54435e-07
-3.10747e-07
3.26161e-05
4.80777e-05
-4.22523e-07
4.83041e-05
-4.80647e-07
-5.31182e-07
4.85248e-05
3.81188e-05
3.74784e-05
3.69019e-05
-4.70681e-06
2.37045e-08
-4.73654e-06
2.99168e-08
3.62846e-08
-4.77262e-06
-1.49283e-05
2.88362e-07
-1.51906e-05
2.92627e-07
2.97019e-07
-1.54511e-05
-1.69491e-05
4.7543e-07
-1.71318e-05
4.7551e-07
4.75986e-07
-1.73107e-05
-1.51648e-05
5.62861e-07
-1.525e-05
5.60661e-07
5.58606e-07
-1.53326e-05
-1.24384e-05
5.64264e-07
-1.24384e-05
5.6055e-07
5.57052e-07
-1.24368e-05
-9.3305e-06
4.89251e-07
-9.25371e-06
4.83731e-07
4.78345e-07
-9.17504e-06
-5.84319e-06
3.26954e-07
-5.67884e-06
3.19362e-07
3.11833e-07
-5.51235e-06
-2.3706e-06
1.17624e-07
-2.16236e-06
1.11109e-07
1.0511e-07
-1.95564e-06
-2.99107e-06
1.74348e-08
-2.89492e-06
1.49703e-08
1.35146e-08
-2.80332e-06
-8.6546e-06
2.77031e-08
-8.66641e-06
2.68511e-08
2.67642e-08
-8.67959e-06
-1.31632e-05
4.66917e-08
-1.31813e-05
4.49976e-08
4.3855e-08
-1.31982e-05
-1.40969e-05
7.2572e-08
-1.4121e-05
6.9178e-08
6.61554e-08
-1.41432e-05
-1.05169e-05
1.02465e-07
-1.05458e-05
9.80493e-08
9.39839e-08
-1.05736e-05
-3.67604e-06
1.15284e-07
-3.68812e-06
1.10109e-07
1.04959e-07
-3.69912e-06
4.45856e-06
1.00771e-07
4.47258e-06
9.60799e-08
9.0809e-08
4.48673e-06
1.10492e-05
3.24071e-08
1.11162e-05
2.90861e-08
2.43018e-08
1.11827e-05
1.82636e-05
-3.33879e-08
1.83284e-05
-3.57299e-08
-4.18235e-08
1.83946e-05
3.27048e-05
-1.22022e-07
3.27914e-05
-1.22214e-07
-1.30149e-07
3.28798e-05
4.85795e-05
-1.76676e-07
4.8647e-05
-1.8963e-07
-2.12173e-07
4.87291e-05
3.67983e-05
3.67187e-05
3.66542e-05
-4.9036e-06
1.31657e-07
-5.09164e-06
1.88822e-07
2.51384e-07
-5.34219e-06
-1.61838e-05
8.65219e-07
-1.69008e-05
9.06668e-07
9.51891e-07
-1.76005e-05
-1.78051e-05
1.35997e-06
-1.82655e-05
1.36731e-06
1.37528e-06
-1.86887e-05
-1.55436e-05
1.57095e-06
-1.57314e-05
1.55503e-06
1.53882e-06
-1.5895e-05
-1.24246e-05
1.55863e-06
-1.23974e-05
1.5277e-06
1.4951e-06
-1.23538e-05
-8.93928e-06
1.32279e-06
-8.68671e-06
1.27505e-06
1.22546e-06
-8.41711e-06
-5.02763e-06
8.38031e-07
-4.52865e-06
7.76044e-07
7.14245e-07
-4.01747e-06
-1.38102e-06
2.63385e-07
-8.2312e-07
2.18117e-07
1.76229e-07
-2.8513e-07
-2.57114e-06
3.12319e-08
-2.37408e-06
2.1078e-08
1.61285e-08
-2.21395e-06
-8.72243e-06
7.42825e-08
-8.77354e-06
7.23946e-08
7.16911e-08
-8.8289e-06
-1.32428e-05
1.19142e-07
-1.32814e-05
1.11321e-07
1.05166e-07
-1.33146e-05
-1.41975e-05
1.7373e-07
-1.42404e-05
1.54478e-07
1.37211e-07
-1.42722e-05
-1.06468e-05
2.4707e-07
-1.07108e-05
2.18594e-07
1.91947e-07
-1.07654e-05
-3.72111e-06
2.6901e-07
-3.73606e-06
2.3351e-07
2.00554e-07
-3.7447e-06
4.53235e-06
2.23377e-07
4.5782e-06
1.87654e-07
1.54079e-07
4.62468e-06
1.1363e-05
4.30649e-08
1.15364e-05
1.42013e-08
-1.28632e-08
1.17034e-05
1.85917e-05
-1.53992e-07
1.88005e-05
-1.94595e-07
-2.28532e-07
1.90162e-05
3.3147e-05
-4.20872e-07
3.3441e-05
-4.88343e-07
-5.34036e-07
3.37468e-05
4.90765e-05
-7.68023e-07
4.9376e-05
-7.87555e-07
-7.48772e-07
4.95909e-05
3.63707e-05
3.60757e-05
3.57287e-05
-5.75629e-06
5.76896e-07
-6.70976e-06
8.01734e-07
-8.04943e-06
1.15887e-06
1.5861e-06
-9.4593e-06
-1.88154e-05
1.79306e-06
-1.99746e-05
1.9619e-06
-2.09626e-05
2.14758e-06
2.33833e-06
-2.17145e-05
-1.93566e-05
2.4612e-06
-1.9881e-05
2.48641e-06
-2.02371e-05
2.50365e-06
2.50688e-06
-2.04057e-05
-1.61094e-05
2.67546e-06
-1.62437e-05
2.6205e-06
-1.62973e-05
2.55711e-06
2.48299e-06
-1.62735e-05
-1.22349e-05
2.55641e-06
-1.20566e-05
2.44207e-06
-1.18173e-05
2.31774e-06
2.18372e-06
-1.1518e-05
-7.89101e-06
2.03023e-06
-7.31217e-06
1.86318e-06
-6.68475e-06
1.6903e-06
1.51237e-06
-6.01341e-06
-3.08998e-06
1.10271e-06
-2.14839e-06
9.21569e-07
-1.20674e-06
7.48628e-07
5.82264e-07
-2.76651e-07
6.01911e-07
2.15616e-07
1.40418e-06
1.19246e-07
2.10934e-06
4.33967e-08
-3.58144e-08
2.72735e-06
-2.01846e-06
2.0175e-08
-1.91522e-06
1.60572e-08
-1.886e-06
1.42393e-08
1.0067e-08
-1.93182e-06
-8.93272e-06
1.24347e-07
-9.03638e-06
1.20039e-07
-9.12856e-06
1.06712e-07
8.31374e-08
-9.20138e-06
-1.33616e-05
1.71875e-07
-1.33888e-05
1.47612e-07
-1.33972e-05
1.15431e-07
6.68413e-08
-1.33806e-05
-1.43063e-05
2.06437e-07
-1.43178e-05
1.59443e-07
-1.43074e-05
1.0545e-07
4.17809e-08
-1.42821e-05
-1.08376e-05
2.78867e-07
-1.08818e-05
2.03852e-07
-1.09054e-05
1.29356e-07
5.01501e-08
-1.09136e-05
-3.74787e-06
2.82019e-07
-3.7415e-06
1.97498e-07
-3.73187e-06
1.19774e-07
4.51162e-08
-3.72678e-06
4.71815e-06
1.88579e-07
4.80991e-06
1.05788e-07
4.89363e-06
3.61333e-08
-2.98238e-08
4.96868e-06
1.19746e-05
-8.26836e-08
1.22387e-05
-1.58244e-07
1.25065e-05
-2.31598e-07
-3.07296e-07
1.2784e-05
1.94246e-05
-4.91004e-07
1.98681e-05
-6.01662e-07
2.03507e-05
-7.14155e-07
-8.35062e-07
2.08785e-05
3.4306e-05
-1.04965e-06
3.48992e-05
-1.19435e-06
3.55264e-05
-1.3409e-06
-1.49895e-06
3.61909e-05
4.98089e-05
-1.26735e-06
4.983e-05
-1.21514e-06
4.97583e-05
-1.26879e-06
-1.36699e-06
4.96268e-05
3.47971e-05
3.37797e-05
3.26608e-05
3.17165e-05
-1.14726e-05
2.01395e-06
-1.39245e-05
2.45217e-06
-1.68374e-05
2.91301e-06
3.30051e-06
-2.01381e-05
-2.22216e-05
2.52129e-06
-2.24404e-05
2.67097e-06
-2.23094e-05
2.78187e-06
2.79235e-06
-2.18013e-05
-2.03762e-05
2.49173e-06
-2.01647e-05
2.45942e-06
-1.97925e-05
2.40967e-06
2.31917e-06
-1.93194e-05
-1.61785e-05
2.39674e-06
-1.60169e-05
2.29785e-06
-1.57898e-05
2.18258e-06
2.04259e-06
-1.55132e-05
-1.11619e-05
2.04058e-06
-1.07526e-05
1.88857e-06
-1.02964e-05
1.72644e-06
1.55353e-06
-9.80736e-06
-5.30529e-06
1.33246e-06
-4.56948e-06
1.15275e-06
-3.81606e-06
9.73017e-07
7.91323e-07
-3.05386e-06
6.31567e-07
4.24227e-07
1.50856e-06
2.75736e-07
2.34329e-06
1.3827e-07
1.98761e-08
3.11472e-06
3.24817e-06
-9.66623e-08
3.67393e-06
-1.50088e-07
4.0111e-06
-1.98958e-07
-2.45617e-07
4.27655e-06
-2.02828e-06
-1.42216e-10
-2.15829e-06
-2.00166e-08
-2.305e-06
-5.21874e-08
-1.01542e-07
-2.449e-06
-9.24824e-06
4.69331e-08
-9.26195e-06
-6.13047e-09
-9.23908e-06
-7.4926e-08
-1.6571e-07
-9.17481e-06
-1.33456e-05
1.22092e-08
-1.32872e-05
-6.43861e-08
-1.32013e-05
-1.6076e-07
-2.8106e-07
-1.30859e-05
-1.42476e-05
-2.21053e-08
-1.42001e-05
-1.11699e-07
-1.41376e-05
-2.23132e-07
-3.61449e-07
-1.40572e-05
-1.09076e-05
-2.78866e-08
-1.0897e-05
-1.22105e-07
-1.08844e-05
-2.35631e-07
-3.76423e-07
-1.08693e-05
-3.73245e-06
-2.21387e-08
-3.75556e-06
-9.89279e-08
-3.7953e-06
-1.95833e-07
-3.26145e-07
-3.84554e-06
5.05417e-06
-1.07505e-07
5.1393e-06
-1.83945e-07
5.21617e-06
-2.7262e-07
-3.81262e-07
5.27133e-06
1.30654e-05
-3.88749e-07
1.3361e-05
-4.79357e-07
1.36742e-05
-5.8571e-07
-7.00768e-07
1.39939e-05
2.14548e-05
-9.64973e-07
2.2082e-05
-1.10642e-06
2.27576e-05
-1.26123e-06
-1.42512e-06
2.34821e-05
3.68901e-05
-1.66367e-06
3.75995e-05
-1.81529e-06
3.82934e-05
-1.95455e-06
-2.10175e-06
3.89706e-05
4.958e-05
-1.61653e-06
4.94509e-05
-1.68589e-06
4.90746e-05
-1.57803e-06
-1.51994e-06
4.84932e-05
3.08167e-05
2.98097e-05
2.85473e-05
2.69903e-05
1.64359e-07
-4.93444e-09
1.61049e-07
3.30952e-09
1.39035e-07
2.20143e-08
1.12366e-07
2.66692e-08
9.6034e-08
1.63315e-08
9.40132e-08
2.01938e-09
1.28045e-07
-3.4034e-08
1.49764e-07
-2.1721e-08
1.05008e-07
4.47481e-08
-1.28988e-08
1.17882e-07
-1.91252e-07
1.78326e-07
-3.51779e-07
1.60535e-07
-3.78009e-07
2.6272e-08
-2.46521e-07
-1.31426e-07
-5.79893e-08
-1.88457e-07
8.92724e-08
-1.47174e-07
1.77374e-10
8.91766e-08
1.63268e-07
-1.62946e-07
1.21291e-06
-1.04956e-06
1.213e-06
3.61687e-07
-1.39301e-08
3.5122e-07
1.37769e-08
2.90486e-07
8.27484e-08
2.03515e-07
1.13641e-07
1.34054e-07
8.57912e-08
1.15629e-07
2.04428e-08
1.78005e-07
-9.64119e-08
2.11866e-07
-5.55841e-08
7.32351e-08
1.83371e-07
-2.57467e-07
4.48563e-07
-6.76817e-07
5.97659e-07
-9.4733e-07
4.31064e-07
-8.96361e-07
-2.46541e-08
-5.64446e-07
-4.63282e-07
-1.57393e-07
-5.95439e-07
1.86268e-07
-4.9075e-07
1.01462e-07
1.7406e-07
2.57982e-07
-3.19349e-07
1.71967e-06
-2.51119e-06
2.93274e-06
5.55885e-07
-2.23257e-08
5.33365e-07
3.62962e-08
4.3189e-07
1.84223e-07
2.75917e-07
2.69614e-07
1.36803e-07
2.24905e-07
8.128e-08
7.59639e-08
1.3643e-07
-1.51564e-07
1.47736e-07
-6.68923e-08
-9.344e-08
4.24539e-07
-5.84189e-07
9.39295e-07
-1.10175e-06
1.11521e-06
-1.33004e-06
6.59376e-07
-1.15021e-06
-2.04438e-07
-6.82455e-07
-9.30993e-07
-1.63316e-07
-1.11452e-06
2.92633e-07
-9.46625e-07
3.58516e-07
1.08242e-07
3.96629e-07
-3.574e-07
1.73344e-06
-3.84797e-06
4.66622e-06
7.88437e-07
-2.74737e-08
7.49946e-07
7.47873e-08
6.05916e-07
3.28253e-07
3.76255e-07
4.99275e-07
1.55525e-07
4.45634e-07
4.30292e-08
1.88458e-07
6.01156e-08
-1.68651e-07
2.05037e-08
-2.7284e-08
-3.15711e-07
7.60743e-07
-8.90715e-07
1.51429e-06
-1.38717e-06
1.61167e-06
-1.49749e-06
7.69722e-07
-1.19464e-06
-5.07265e-07
-6.43313e-07
-1.48229e-06
-7.20727e-08
-1.68572e-06
4.35764e-07
-1.45441e-06
6.73217e-07
-1.29163e-07
6.50681e-07
-3.34851e-07
1.68507e-06
-4.88236e-06
6.35133e-06
1.06578e-06
-2.86596e-08
1.01025e-06
1.3032e-07
8.24551e-07
5.13951e-07
5.21282e-07
8.02543e-07
2.11067e-07
7.55848e-07
2.32953e-08
3.76228e-07
-2.09522e-08
-1.24405e-07
-1.31818e-07
8.35773e-08
-5.37953e-07
1.16687e-06
-1.12162e-06
2.09794e-06
-1.52387e-06
2.01392e-06
-1.50387e-06
7.49744e-07
-1.11358e-06
-8.97538e-07
-5.18426e-07
-2.07742e-06
7.82541e-08
-2.28238e-06
5.99256e-07
-1.97537e-06
9.61194e-07
-4.91073e-07
9.33153e-07
-3.06826e-07
1.63961e-06
-5.58881e-06
7.99096e-06
1.37859e-06
-2.68538e-08
1.30837e-06
2.00539e-07
1.08562e-06
7.367e-07
7.13636e-07
1.17453e-06
3.10814e-07
1.15867e-06
3.15719e-08
6.55469e-07
-9.40631e-08
1.22865e-09
-2.79254e-07
2.68762e-07
-7.21982e-07
1.60958e-06
-1.25751e-06
2.63345e-06
-1.53812e-06
2.29454e-06
-1.41199e-06
6.23623e-07
-9.74405e-07
-1.33511e-06
-3.63845e-07
-2.68797e-06
2.49646e-07
-2.89586e-06
7.59738e-07
-2.48545e-06
1.18417e-06
-9.15492e-07
1.17128e-06
-2.93962e-07
1.59143e-06
-6.00896e-06
9.58241e-06
1.70852e-06
-2.42275e-08
1.6293e-06
2.79758e-07
1.37856e-06
9.87438e-07
9.47842e-07
1.60525e-06
4.54783e-07
1.65173e-06
7.29592e-08
1.03729e-06
-1.46874e-07
2.2106e-07
-3.99634e-07
5.21514e-07
-8.46825e-07
2.05676e-06
-1.3017e-06
3.08831e-06
-1.46467e-06
2.45751e-06
-1.2667e-06
4.25658e-07
-8.11217e-07
-1.79059e-06
-2.03145e-07
-3.29604e-06
4.11861e-07
-3.51086e-06
9.04705e-07
-2.97828e-06
1.34297e-06
-1.35375e-06
1.34536e-06
-2.96371e-07
1.53843e-06
-6.20203e-06
1.11208e-05
2.03158e-06
-2.37414e-08
1.95186e-06
3.59478e-07
1.68687e-06
1.25243e-06
1.21289e-06
2.07922e-06
6.38548e-07
2.22607e-06
1.49893e-07
1.52595e-06
-1.70841e-07
5.41792e-07
-4.7909e-07
8.29754e-07
-9.05684e-07
2.48334e-06
-1.26812e-06
3.45074e-06
-1.33248e-06
2.52188e-06
-1.09176e-06
1.84933e-07
-6.34486e-07
-2.24786e-06
-3.82823e-08
-3.89224e-06
5.64098e-07
-4.11324e-06
1.03411e-06
-3.44829e-06
1.45334e-06
-1.77298e-06
1.46326e-06
-3.06305e-07
1.4856e-06
-6.22437e-06
1.26064e-05
2.32018e-06
-2.89797e-08
2.25079e-06
4.28864e-07
1.98986e-06
1.51336e-06
1.49387e-06
2.57522e-06
8.54178e-07
2.86576e-06
2.62448e-07
2.11767e-06
-1.60254e-07
9.64492e-07
-5.11647e-07
1.18114e-06
-9.01292e-07
2.87296e-06
-1.17324e-06
3.72268e-06
-1.16125e-06
2.50989e-06
-8.97081e-07
-7.9238e-08
-4.45251e-07
-2.69969e-06
1.28776e-07
-4.46627e-06
7.11284e-07
-4.69575e-06
1.15331e-06
-3.89031e-06
1.5323e-06
-2.15196e-06
1.53528e-06
-3.09298e-07
1.43275e-06
-6.12182e-06
1.40392e-05
2.54461e-06
-4.4141e-08
2.49843e-06
4.75045e-07
2.26421e-06
1.74758e-06
1.77322e-06
3.06621e-06
1.09105e-06
3.54793e-06
4.08113e-07
2.80061e-06
-1.12596e-07
1.4852e-06
-4.97669e-07
1.5662e-06
-8.41734e-07
3.21701e-06
-1.03208e-06
3.91301e-06
-9.63154e-07
2.44096e-06
-6.86293e-07
-3.56099e-07
-2.43168e-07
-3.14282e-06
3.03642e-07
-5.01308e-06
8.58473e-07
-5.25058e-06
1.2677e-06
-4.29953e-06
1.59327e-06
-2.47753e-06
1.57696e-06
-2.92985e-07
1.38046e-06
-5.92533e-06
1.54196e-05
2.67567e-06
-7.4079e-08
2.66703e-06
4.83684e-07
2.48569e-06
1.92892e-06
2.03201e-06
3.51988e-06
1.33662e-06
4.24332e-06
5.81678e-07
3.55556e-06
-2.78043e-08
2.09468e-06
-4.41742e-07
1.98012e-06
-7.37288e-07
3.51253e-06
-8.5703e-07
4.03274e-06
-7.45666e-07
2.32959e-06
-4.6144e-07
-6.40324e-07
-2.54502e-08
-3.57881e-06
4.87788e-07
-5.52632e-06
1.00825e-06
-5.77104e-06
1.38032e-06
-4.67159e-06
1.64536e-06
-2.74256e-06
1.6009e-06
-2.48522e-07
1.33002e-06
-5.65446e-06
1.67496e-05
2.69028e-06
-1.24172e-07
2.73353e-06
4.4044e-07
2.63224e-06
2.0302e-06
2.25142e-06
3.9007e-06
1.57729e-06
4.91746e-06
7.76291e-07
4.35655e-06
8.87769e-08
2.78219e-06
-3.50632e-07
2.41952e-06
-5.98523e-07
3.7604e-06
-6.58082e-07
4.09228e-06
-5.14291e-07
2.18579e-06
-2.24871e-07
-9.29745e-07
1.92608e-07
-3.99628e-06
6.794e-07
-6.01311e-06
1.16106e-06
-6.2527e-06
1.49266e-06
-5.00319e-06
1.69437e-06
-2.94426e-06
1.6156e-06
-1.69741e-07
1.28267e-06
-5.32155e-06
1.80322e-05
2.58072e-06
-2.00002e-07
2.68756e-06
3.33595e-07
2.68916e-06
2.0286e-06
2.41518e-06
4.17468e-06
1.79933e-06
5.53331e-06
9.83294e-07
5.17259e-06
2.31508e-07
3.53398e-06
-2.31286e-07
2.8823e-06
-4.35411e-07
3.9645e-06
-4.43487e-07
4.10034e-06
-2.73911e-07
2.01621e-06
2.51206e-08
-1.22878e-06
4.19207e-07
-4.39037e-06
8.76646e-07
-6.47055e-06
1.31594e-06
-6.69199e-06
1.60455e-06
-5.2918e-06
1.7434e-06
-3.0831e-06
1.62683e-06
-5.31549e-08
1.23959e-06
-4.93434e-06
1.92717e-05
2.36407e-06
-3.07173e-07
2.54071e-06
1.56952e-07
2.65581e-06
1.9135e-06
2.51297e-06
4.31752e-06
1.99026e-06
6.05602e-06
1.19317e-06
5.96969e-06
3.98566e-07
4.32858e-06
-8.96525e-08
3.37051e-06
-2.5707e-07
4.1319e-06
-2.20663e-07
4.06392e-06
-2.95873e-08
1.82513e-06
2.66008e-07
-1.52437e-06
6.50854e-07
-4.77521e-06
1.07687e-06
-6.89657e-06
1.47095e-06
-7.08608e-06
1.71462e-06
-5.53547e-06
1.79273e-06
-3.16119e-06
1.63848e-06
1.01111e-07
1.20192e-06
-4.49782e-06
2.04736e-05
2.08405e-06
-4.51441e-07
2.33046e-06
-8.94689e-08
2.5508e-06
1.69314e-06
2.54412e-06
4.32419e-06
2.14052e-06
6.45962e-06
1.396e-06
6.71421e-06
5.83124e-07
5.14146e-06
6.94544e-08
3.88417e-06
-7.25466e-08
4.27387e-06
-1.8798e-09
3.99323e-06
2.16406e-07
1.60684e-06
5.12207e-07
-1.82018e-06
8.83446e-07
-5.14645e-06
1.27685e-06
-7.28997e-06
1.62349e-06
-7.43273e-06
1.82067e-06
-5.73265e-06
1.84156e-06
-3.18207e-06
1.65297e-06
2.89715e-07
1.17085e-06
-4.01575e-06
2.16443e-05
1.79767e-06
-6.39283e-07
2.11124e-06
-4.0307e-07
2.41031e-06
1.39405e-06
2.51959e-06
4.2149e-06
2.24513e-06
6.73409e-06
1.58235e-06
7.37698e-06
7.78478e-07
5.94533e-06
2.40463e-07
4.42218e-06
1.15643e-07
4.39867e-06
2.31062e-07
3.87779e-06
4.5823e-07
1.37966e-06
7.55995e-07
-2.11794e-06
1.11357e-06
-5.50402e-06
1.47308e-06
-7.64948e-06
1.77046e-06
-7.73011e-06
1.91996e-06
-5.88216e-06
1.8882e-06
-3.15031e-06
1.67211e-06
5.05824e-07
1.1477e-06
-3.4914e-06
2.27919e-05
1.54833e-06
-8.76887e-07
1.92942e-06
-7.84215e-07
2.27598e-06
1.04744e-06
2.46033e-06
4.03054e-06
2.30498e-06
6.88944e-06
1.74421e-06
7.93776e-06
9.76897e-07
6.71265e-06
4.22228e-07
4.97684e-06
3.04105e-07
4.51678e-06
4.49278e-07
3.7326e-06
6.90765e-07
1.13817e-06
9.93811e-07
-2.42099e-06
1.33797e-06
-5.84818e-06
1.66193e-06
-7.97345e-06
1.90848e-06
-7.97667e-06
2.00944e-06
-5.98313e-06
1.93024e-06
-3.07111e-06
1.69738e-06
7.38695e-07
1.13446e-06
-2.92855e-06
2.39263e-05
1.34488e-06
-1.16772e-06
1.80069e-06
-1.24009e-06
2.17798e-06
6.70078e-07
2.39165e-06
3.81684e-06
2.32696e-06
6.95413e-06
1.87598e-06
8.38875e-06
1.1704e-06
7.41822e-06
6.11367e-07
5.53588e-06
4.87081e-07
4.64105e-06
6.52734e-07
3.56693e-06
9.11243e-07
8.79649e-07
1.22318e-06
-2.73293e-06
1.55337e-06
-6.17838e-06
1.83962e-06
-8.2597e-06
2.03394e-06
-8.171e-06
2.08579e-06
-6.03499e-06
1.96512e-06
-2.95044e-06
1.7301e-06
9.73707e-07
1.13274e-06
-2.33128e-06
2.50589e-05
1.17153e-06
-1.51225e-06
1.7131e-06
-1.78173e-06
2.12553e-06
2.57561e-07
2.33581e-06
3.60651e-06
2.32257e-06
6.96737e-06
1.97525e-06
8.73608e-06
1.35119e-06
8.04229e-06
8.04605e-07
6.08246e-06
6.66996e-07
4.77865e-06
8.41548e-07
3.39237e-06
1.11878e-06
6.02409e-07
1.44188e-06
-3.05603e-06
1.75572e-06
-6.49222e-06
2.00171e-06
-8.50569e-06
2.1429e-06
-8.31221e-06
2.14554e-06
-6.03765e-06
1.99104e-06
-2.79596e-06
1.77227e-06
1.19247e-06
1.15349e-06
-1.71261e-06
2.62123e-05
1.0252e-06
-1.91197e-06
1.6517e-06
-2.40831e-06
2.1124e-06
-2.03246e-07
2.307e-06
3.41185e-06
2.30495e-06
6.96941e-06
2.04255e-06
8.99849e-06
1.51224e-06
8.57261e-06
9.9767e-07
6.59703e-06
8.48105e-07
4.92821e-06
1.02194e-06
3.21852e-06
1.31399e-06
3.10362e-07
1.64316e-06
-3.3852e-06
1.93547e-06
-6.78453e-06
2.14002e-06
-8.71025e-06
2.22986e-06
-8.40206e-06
2.18632e-06
-5.99414e-06
2.00591e-06
-2.61557e-06
1.83851e-06
1.35983e-06
1.14912e-06
-1.02336e-06
2.73613e-05
3.27344e-06
-3.97109e-06
6.27529e-06
-5.41051e-06
8.64252e-06
-2.57102e-06
9.4789e-06
2.57512e-06
9.18116e-06
7.26713e-06
8.38645e-06
9.79329e-06
7.14336e-06
9.81576e-06
5.78938e-06
7.95103e-06
5.29893e-06
5.41864e-06
5.89714e-06
2.62028e-06
6.98698e-06
-7.79495e-07
8.1083e-06
-4.50654e-06
8.97923e-06
-7.65546e-06
9.44985e-06
-9.18091e-06
9.38982e-06
-8.34213e-06
8.87481e-06
-5.47932e-06
7.99112e-06
-1.73211e-06
7.82577e-06
1.52474e-06
6.48033e-06
3.21067e-07
2.32637e-05
2.98588e-06
-6.35749e-06
6.26906e-06
-8.69401e-06
8.94158e-06
-5.2441e-06
1.01204e-05
1.39569e-06
9.57756e-06
7.80983e-06
8.45746e-06
1.09136e-05
7.63379e-06
1.06396e-05
7.20792e-06
8.377e-06
7.32451e-06
5.30208e-06
8.04233e-06
1.90245e-06
9.02508e-06
-1.76226e-06
9.88211e-06
-5.36358e-06
1.0353e-05
-8.12633e-06
1.02265e-05
-9.05445e-06
9.55287e-06
-7.66867e-06
8.59645e-06
-4.52329e-06
7.79279e-06
-9.29072e-07
7.58353e-06
1.73301e-06
5.16152e-06
2.74212e-06
2.56201e-05
3.22146e-06
-8.97625e-06
6.68248e-06
-1.21549e-05
9.13732e-06
-7.69878e-06
1.03522e-05
1.80391e-07
9.79462e-06
8.36708e-06
8.2575e-06
1.2451e-05
7.16859e-06
1.1729e-05
7.01103e-06
8.53481e-06
7.54503e-06
4.76817e-06
8.4463e-06
1.0012e-06
9.3587e-06
-2.67463e-06
9.96693e-06
-5.97177e-06
1.00434e-05
-8.20274e-06
9.44372e-06
-8.45475e-06
8.55866e-06
-6.78385e-06
7.76724e-06
-3.73251e-06
7.43795e-06
-6.00786e-07
6.78437e-06
2.38544e-06
-4.34279e-07
9.96048e-06
3.37939e-05
3.55745e-06
-1.18635e-05
7.02064e-06
-1.56177e-05
9.09013e-06
-9.76733e-06
9.9449e-06
-6.74091e-07
9.38318e-06
8.92856e-06
7.64667e-06
1.41877e-05
6.13965e-06
1.32365e-05
5.76747e-06
8.90738e-06
6.31873e-06
4.21708e-06
7.24788e-06
7.21638e-08
8.07177e-06
-3.4984e-06
8.53374e-06
-6.43363e-06
8.34132e-06
-8.01014e-06
7.74191e-06
-7.85521e-06
7.42828e-06
-6.47053e-06
7.48407e-06
-3.78907e-06
7.47114e-06
-5.8879e-07
3.67662e-06
6.17876e-06
-8.10201e-06
2.17359e-05
4.16031e-05
3.73927e-06
-1.48471e-05
6.71721e-06
-1.85951e-05
8.30652e-06
-1.13556e-05
8.84885e-06
-1.21556e-06
8.29944e-06
9.47796e-06
6.59298e-06
1.58944e-05
4.83312e-06
1.4997e-05
4.13078e-06
9.61014e-06
4.46678e-06
3.88128e-06
5.25266e-06
-7.13513e-07
5.93816e-06
-4.18373e-06
6.21887e-06
-6.71409e-06
5.98615e-06
-7.77698e-06
6.17017e-06
-8.03892e-06
7.09255e-06
-7.39312e-06
7.64637e-06
-4.34349e-06
5.55206e-06
1.50469e-06
-3.79216e-06
1.55191e-05
-1.65239e-05
3.44618e-05
4.24546e-05
3.39169e-06
-1.76594e-05
5.50135e-06
-2.07044e-05
6.62459e-06
-1.24782e-05
7.1137e-06
-1.70383e-06
6.76969e-06
9.82208e-06
5.29369e-06
1.73705e-05
3.5014e-06
1.67897e-05
2.53584e-06
1.0576e-05
2.62117e-06
3.79617e-06
3.12714e-06
-1.21928e-06
3.52185e-06
-4.57823e-06
3.564e-06
-6.75572e-06
3.80497e-06
-8.01718e-06
5.42808e-06
-9.66153e-06
7.13032e-06
-9.09523e-06
6.28559e-06
-3.4991e-06
-1.11725e-06
8.90578e-06
-1.38583e-05
2.82542e-05
-2.1411e-05
4.20112e-05
3.61083e-05
2.72065e-06
-1.94156e-05
3.71206e-06
-2.16958e-05
4.48405e-06
-1.32501e-05
5.15926e-06
-2.3785e-06
5.20286e-06
9.77857e-06
4.10138e-06
1.84719e-05
2.42341e-06
1.84679e-05
1.23889e-06
1.17608e-05
1.00619e-06
4.02907e-06
1.11035e-06
-1.32331e-06
1.0631e-06
-4.53063e-06
1.05389e-06
-6.74565e-06
2.27167e-06
-9.23397e-06
4.94717e-06
-1.23362e-05
5.85191e-06
-9.9992e-06
8.72081e-07
1.48077e-06
-1.08024e-05
2.05783e-05
-2.13791e-05
3.88277e-05
-2.1733e-05
4.23663e-05
2.65416e-05
1.69939e-06
-2.07783e-05
2.03915e-06
-2.20361e-05
2.67281e-06
-1.38839e-05
3.5313e-06
-3.23673e-06
4.00314e-06
9.30673e-06
3.37229e-06
1.91025e-05
1.88855e-06
1.99516e-05
4.48135e-07
1.32012e-05
-2.8643e-07
4.76371e-06
-7.16472e-07
-8.93143e-07
-1.15019e-06
-4.09634e-06
-9.684e-07
-6.92644e-06
8.98683e-07
-1.10999e-05
3.29116e-06
-1.47271e-05
1.65958e-06
-8.36577e-06
-7.09569e-06
1.02375e-05
-1.86179e-05
3.2101e-05
-2.3988e-05
4.4198e-05
-1.87801e-05
3.71615e-05
1.81329e-05
1.13537e-06
-2.17725e-05
1.18609e-06
-2.20875e-05
1.64786e-06
-1.43461e-05
2.52335e-06
-4.11203e-06
3.37227e-06
8.45779e-06
3.32158e-06
1.91528e-05
2.12977e-06
2.1143e-05
3.93096e-07
1.49375e-05
-1.05858e-06
6.21528e-06
-2.06047e-06
1.08902e-07
-2.72406e-06
-3.43211e-06
-2.54244e-06
-7.1071e-06
-1.15041e-06
-1.24905e-05
-3.21348e-07
-1.55533e-05
-4.20226e-06
-4.48147e-06
-1.38138e-05
1.98524e-05
-2.22217e-05
4.05111e-05
-2.25494e-05
4.45264e-05
-1.50402e-05
2.9654e-05
1.27485e-05
1.17076e-06
-2.27003e-05
1.21201e-06
-2.21294e-05
1.33708e-06
-1.44714e-05
2.0488e-06
-4.82358e-06
3.23522e-06
7.27143e-06
3.91518e-06
1.84725e-05
3.2487e-06
2.18087e-05
1.40021e-06
1.67853e-05
-7.58985e-07
8.37407e-06
-2.39347e-06
1.7435e-06
-3.26743e-06
-2.55757e-06
-3.56456e-06
-6.80903e-06
-3.49292e-06
-1.25604e-05
-4.14666e-06
-1.48952e-05
-9.22642e-06
6.03519e-07
-1.71033e-05
2.77336e-05
-2.17933e-05
4.5203e-05
-1.90947e-05
4.18266e-05
-1.25086e-05
2.30674e-05
1.06214e-05
1.30643e-06
-2.42088e-05
1.65154e-06
-2.24745e-05
1.38318e-06
-1.42031e-05
1.80289e-06
-5.24322e-06
3.30446e-06
5.77003e-06
4.85833e-06
1.69183e-05
5.08276e-06
2.15834e-05
3.64882e-06
1.82182e-05
1.23834e-06
1.07837e-05
-8.88596e-07
3.87026e-06
-2.26514e-06
-1.18056e-06
-3.44589e-06
-5.62735e-06
-5.14874e-06
-1.08557e-05
-7.47916e-06
-1.25594e-05
-1.14501e-05
4.58132e-06
-1.66673e-05
3.29548e-05
-1.85661e-05
4.71018e-05
-1.52777e-05
3.85347e-05
-1.14383e-05
1.92267e-05
1.10962e-05
1.42735e-06
-2.63143e-05
2.00285e-06
-2.30498e-05
1.4282e-06
-1.36281e-05
1.5252e-06
-5.34023e-06
3.21763e-06
4.07778e-06
5.62527e-06
1.45106e-05
7.08246e-06
2.01255e-05
6.74511e-06
1.85543e-05
4.96102e-06
1.25666e-05
2.78491e-06
6.0457e-06
8.24948e-07
7.79419e-07
-1.36694e-06
-3.43474e-06
-4.87264e-06
-7.34858e-06
-8.67669e-06
-8.75009e-06
-1.08393e-05
6.75202e-06
-1.32561e-05
3.53747e-05
-1.36978e-05
4.75416e-05
-1.15333e-05
3.63652e-05
-1.02268e-05
1.79193e-05
1.24398e-05
1.95433e-06
-2.58197e-05
1.72156e-06
-2.28152e-05
1.06155e-06
-1.29672e-05
9.60758e-07
-5.23936e-06
2.6204e-06
2.4182e-06
5.62662e-06
1.15045e-05
8.39192e-06
1.73597e-05
9.63031e-06
1.73148e-05
9.20197e-06
1.29937e-05
7.71501e-06
7.53161e-06
5.62001e-06
2.87388e-06
2.61892e-06
-4.33606e-07
-1.99052e-06
-2.73858e-06
-7.26794e-06
-3.46922e-06
-8.22455e-06
7.71769e-06
-7.87952e-06
3.50317e-05
-7.8873e-06
4.75462e-05
-7.39661e-06
3.58693e-05
-7.49954e-06
1.80218e-05
1.32405e-05
4.34889e-07
-2.41885e-05
-4.60323e-08
-2.23324e-05
-2.3112e-07
-1.27812e-05
-4.13066e-07
-5.05727e-06
1.01992e-06
9.85172e-07
4.36938e-06
8.15516e-06
8.197e-06
1.35319e-05
1.10595e-05
1.44517e-05
1.23223e-05
1.17298e-05
1.20761e-05
7.77676e-06
1.04867e-05
4.46243e-06
7.50978e-06
2.5427e-06
2.7694e-06
2.00153e-06
-3.29851e-06
2.59909e-06
-4.52161e-06
8.94871e-06
-1.78028e-06
3.22934e-05
-1.59727e-06
4.73596e-05
-2.31459e-06
3.65815e-05
-3.39328e-06
1.91e-05
1.29218e-05
-1.9305e-06
-2.55641e-05
-3.02054e-06
-2.12414e-05
-2.90929e-06
-1.28922e-05
-2.60533e-06
-5.36123e-06
-1.61496e-06
-5.2399e-09
1.66942e-06
4.87076e-06
6.05992e-06
9.14136e-06
1.01702e-05
1.03411e-05
1.29749e-05
8.92468e-06
1.4162e-05
6.58891e-06
1.36901e-05
4.93356e-06
1.15597e-05
4.6723e-06
7.77468e-06
5.7858e-06
2.47437e-06
7.89874e-06
3.49745e-07
1.10754e-05
4.17287e-06
2.84774e-05
5.70651e-06
4.58238e-05
3.89406e-06
3.83896e-05
1.6627e-06
2.13303e-05
1.25816e-05
-3.70684e-06
-1.94846e-05
-6.89803e-06
-1.80503e-05
-7.08265e-06
-1.2708e-05
-6.14822e-06
-6.29585e-06
-4.66923e-06
-1.48432e-06
-1.80645e-06
2.00793e-06
2.59997e-06
4.73489e-06
7.36047e-06
5.58049e-06
1.13467e-05
4.93821e-06
1.38749e-05
4.06024e-06
1.45764e-05
4.23125e-06
1.33934e-05
5.85438e-06
1.05918e-05
8.58631e-06
6.67275e-06
1.18168e-05
3.66473e-06
1.40828e-05
7.98152e-06
2.41685e-05
1.19297e-05
4.18758e-05
1.13922e-05
3.89245e-05
8.36074e-06
2.4361e-05
1.36185e-05
-6.54582e-06
-1.26973e-05
-1.15638e-05
-1.30331e-05
-1.30072e-05
-1.12653e-05
-1.20153e-05
-7.28769e-06
-9.75291e-06
-3.74653e-06
-6.65429e-06
-1.09068e-06
-2.62143e-06
7.0178e-07
1.55244e-06
1.40603e-06
4.73968e-06
1.7499e-06
6.61144e-06
2.18715e-06
7.20207e-06
3.63937e-06
6.89917e-06
6.15629e-06
6.13091e-06
9.35375e-06
5.23518e-06
1.27117e-05
4.63834e-06
1.46786e-05
9.10113e-06
1.97104e-05
1.56514e-05
3.53266e-05
1.85495e-05
3.60258e-05
1.77941e-05
2.51171e-05
1.46139e-05
-8.33654e-06
-5.02368e-06
-1.487e-05
-6.50085e-06
-1.89824e-05
-7.15355e-06
-2.05326e-05
-5.73723e-06
-2.02121e-05
-4.06624e-06
-1.87954e-05
-2.50666e-06
-1.67997e-05
-1.29392e-06
-1.43621e-05
-1.03211e-06
-1.23218e-05
-2.91376e-07
-1.00154e-05
-1.20057e-07
-7.77483e-06
1.39851e-06
-5.67887e-06
4.06036e-06
-3.66481e-06
7.33982e-06
-5.62769e-07
9.6098e-06
2.19289e-06
1.19229e-05
7.10165e-06
1.48034e-05
1.58354e-05
2.65931e-05
2.32265e-05
2.86343e-05
2.71515e-05
2.11936e-05
1.19352e-05
-6.61947e-06
1.14264e-06
-1.20988e-05
-1.02277e-06
-1.83761e-05
-8.77595e-07
-2.28661e-05
-1.24774e-06
-2.57281e-05
-1.20249e-06
-2.73613e-05
-8.72135e-07
-2.86634e-05
8.44856e-09
-2.82556e-05
-1.44129e-06
-2.88292e-05
2.8049e-07
-2.72812e-05
-1.6695e-06
-2.42068e-05
-1.67691e-06
-1.99173e-05
-2.29909e-07
-1.62086e-05
3.63049e-06
-1.0596e-05
3.99673e-06
-6.15551e-06
7.48146e-06
9.70414e-07
7.6756e-06
1.14205e-05
1.61411e-05
2.31776e-05
1.68758e-05
3.19367e-05
1.24347e-05
4.46629e-06
-2.03646e-06
-1.56351e-06
-7.53743e-06
-1.2625e-05
-1.59381e-05
-1.7737e-05
-2.14404e-05
-2.10777e-05
-2.64923e-05
-2.61093e-05
-2.66813e-05
-2.41084e-05
-2.51056e-05
-1.86814e-05
-1.74496e-05
-8.05732e-06
3.17691e-06
1.72762e-05
2.76799e-05
-1.56003e-06
1.56003e-06
5.0351e-07
-2.06362e-06
1.61918e-06
-1.11572e-06
1.41217e-06
2.06985e-07
8.02109e-07
6.10056e-07
2.64552e-07
5.37558e-07
-5.82897e-08
3.22852e-07
-1.79072e-07
1.20792e-07
-1.61336e-07
-1.77321e-08
-5.17529e-08
-1.09585e-07
9.76128e-08
-1.4937e-07
2.28832e-07
-1.31226e-07
3.21036e-07
-9.2209e-08
3.91092e-07
-7.00583e-08
4.62369e-07
-7.12764e-08
5.50132e-07
-8.77567e-08
6.61793e-07
-1.1165e-07
8.06627e-07
-1.44817e-07
1.0127e-06
-2.06054e-07
-2.7335e-07
-1.94665e-06
3.50666e-06
1.13125e-06
-5.14158e-06
2.84783e-06
-2.83236e-06
3.07101e-06
-1.62249e-08
2.35734e-06
1.32372e-06
1.28971e-06
1.60518e-06
4.01819e-07
1.21075e-06
-4.30676e-08
5.65689e-07
-9.48461e-08
3.40532e-08
9.51207e-08
-2.9955e-07
3.84841e-07
-4.39092e-07
6.5371e-07
-4.00098e-07
8.57604e-07
-2.96107e-07
1.0166e-06
-2.2906e-07
1.16965e-06
-2.24325e-07
1.34627e-06
-2.6437e-07
1.56932e-06
-3.34687e-07
1.83675e-06
-4.12237e-07
2.25778e-06
-6.27063e-07
-7.31051e-07
-1.76929e-06
5.27595e-06
1.42055e-06
-8.33148e-06
3.03965e-06
-4.45152e-06
3.5695e-06
-5.46113e-07
3.23856e-06
1.65463e-06
2.24142e-06
2.60231e-06
1.12064e-06
2.33152e-06
4.01716e-07
1.28462e-06
2.11458e-07
2.2432e-07
3.86395e-07
-4.74481e-07
7.06338e-07
-7.59032e-07
1.01804e-06
-7.11797e-07
1.26733e-06
-5.45402e-07
1.46897e-06
-4.30699e-07
1.66051e-06
-4.1587e-07
1.87304e-06
-4.76887e-07
2.13355e-06
-5.9519e-07
2.43524e-06
-7.1392e-07
2.90441e-06
-1.09622e-06
-1.20237e-06
-1.57766e-06
6.8536e-06
1.39817e-06
-1.13074e-05
2.74349e-06
-5.79688e-06
3.37579e-06
-1.17844e-06
3.43143e-06
1.59896e-06
2.79998e-06
3.23372e-06
1.78515e-06
3.34632e-06
9.61076e-07
2.1087e-06
6.40731e-07
5.44672e-07
7.40366e-07
-5.74106e-07
1.01963e-06
-1.03829e-06
1.30838e-06
-1.00055e-06
1.54973e-06
-7.86741e-07
1.75366e-06
-6.34634e-07
1.95059e-06
-6.12798e-07
2.16587e-06
-6.92161e-07
2.42117e-06
-8.5048e-07
2.71082e-06
-1.00356e-06
3.13394e-06
-1.51932e-06
-1.60649e-06
-1.42001e-06
8.27361e-06
1.18963e-06
-1.39171e-05
2.22597e-06
-6.83325e-06
2.85456e-06
-1.80705e-06
3.16306e-06
1.29041e-06
2.9311e-06
3.46562e-06
2.21142e-06
4.06597e-06
1.46005e-06
2.86004e-06
1.07539e-06
9.29341e-07
1.08326e-06
-5.81969e-07
1.28158e-06
-1.23659e-06
1.50596e-06
-1.22491e-06
1.70229e-06
-9.83054e-07
1.87794e-06
-8.10283e-07
2.05542e-06
-7.90265e-07
2.25136e-06
-8.88094e-07
2.47739e-06
-1.0765e-06
2.72952e-06
-1.25568e-06
3.06132e-06
-1.85111e-06
-1.90283e-06
-1.28734e-06
9.56094e-06
8.88176e-07
-1.60927e-05
1.64997e-06
-7.59507e-06
2.24708e-06
-2.40419e-06
2.67019e-06
8.67262e-07
2.73772e-06
3.39802e-06
2.34982e-06
4.4538e-06
1.78189e-06
3.42794e-06
1.41116e-06
1.30006e-06
1.34486e-06
-5.15663e-07
1.44856e-06
-1.34028e-06
1.58701e-06
-1.36334e-06
1.71662e-06
-1.11264e-06
1.84491e-06
-9.38567e-07
1.98712e-06
-9.32455e-07
2.15022e-06
-1.05119e-06
2.33408e-06
-1.26034e-06
2.53617e-06
-1.45775e-06
2.75759e-06
-2.0725e-06
-2.07167e-06
-1.17148e-06
1.07324e-05
5.52252e-07
-1.78165e-05
1.11347e-06
-8.15631e-06
1.68265e-06
-2.97339e-06
2.11539e-06
4.34481e-07
2.34846e-06
3.16489e-06
2.2358e-06
4.56639e-06
1.88403e-06
3.77966e-06
1.58283e-06
1.60124e-06
1.47283e-06
-4.05661e-07
1.48596e-06
-1.35338e-06
1.53108e-06
-1.40843e-06
1.58466e-06
-1.16621e-06
1.65767e-06
-1.01156e-06
1.75826e-06
-1.03302e-06
1.88317e-06
-1.17607e-06
2.0207e-06
-1.39785e-06
2.17024e-06
-1.60726e-06
2.28061e-06
-2.18284e-06
-2.10798e-06
-1.06479e-06
1.17972e-05
2.17261e-07
-1.90986e-05
6.52175e-07
-8.59126e-06
1.18716e-06
-3.5084e-06
1.56789e-06
5.3726e-08
1.86093e-06
2.8718e-06
1.9371e-06
4.49015e-06
1.78093e-06
3.93578e-06
1.57269e-06
1.80945e-06
1.44446e-06
-2.77421e-07
1.37625e-06
-1.28515e-06
1.32823e-06
-1.36038e-06
1.30617e-06
-1.14412e-06
1.32592e-06
-1.03128e-06
1.38703e-06
-1.0941e-06
1.47567e-06
-1.26469e-06
1.5709e-06
-1.49305e-06
1.6739e-06
-1.71022e-06
1.6866e-06
-2.1955e-06
-2.02318e-06
-9.65898e-07
1.27631e-05
-9.19783e-08
-1.99725e-05
2.47406e-07
-8.93068e-06
7.22614e-07
-3.98364e-06
1.03044e-06
-2.54112e-07
1.32986e-06
2.57235e-06
1.51969e-06
4.30025e-06
1.51571e-06
3.93971e-06
1.39837e-06
1.92676e-06
1.26306e-06
-1.42102e-07
1.11822e-06
-1.14028e-06
9.81338e-07
-1.22346e-06
8.93011e-07
-1.05576e-06
8.69785e-07
-1.00803e-06
8.99767e-07
-1.12404e-06
9.60156e-07
-1.32504e-06
1.02501e-06
-1.55787e-06
1.09329e-06
-1.77847e-06
1.03305e-06
-2.13523e-06
-1.84738e-06
-8.87742e-07
1.36508e-05
-3.84971e-07
-2.04754e-05
-1.39244e-07
-9.17646e-06
2.50666e-07
-4.37359e-06
4.92961e-07
-4.96417e-07
7.82484e-07
2.28281e-06
1.03423e-06
4.04847e-06
1.13705e-06
3.83685e-06
1.09277e-06
1.97101e-06
9.44358e-07
6.31801e-09
7.2109e-07
-9.16984e-07
5.06248e-07
-1.00858e-06
3.70007e-07
-9.19487e-07
3.19117e-07
-9.57103e-07
3.29867e-07
-1.13476e-06
3.75323e-07
-1.37046e-06
4.28221e-07
-1.61073e-06
4.75643e-07
-1.82586e-06
3.70474e-07
-2.03004e-06
-1.63343e-06
-8.24972e-07
1.44757e-05
-6.64703e-07
-2.06357e-05
-5.14135e-07
-9.32708e-06
-2.32777e-07
-4.65499e-06
-3.2922e-08
-6.96281e-07
2.36526e-07
2.01336e-06
5.15895e-07
3.76907e-06
6.86363e-07
3.66634e-06
6.86777e-07
1.97058e-06
5.03345e-07
1.89763e-07
2.01452e-07
-6.15053e-07
-6.80932e-08
-7.39001e-07
-2.28112e-07
-7.59435e-07
-2.9093e-07
-8.94248e-07
-2.85292e-07
-1.14036e-06
-2.37343e-07
-1.41837e-06
-1.75741e-07
-1.6723e-06
-1.34471e-07
-1.86711e-06
-2.44463e-07
-1.92004e-06
-1.42313e-06
-7.77601e-07
1.52533e-05
-9.43154e-07
-2.04703e-05
-8.99579e-07
-9.3707e-06
-7.16104e-07
-4.8385e-06
-5.5601e-07
-8.56386e-07
-3.06728e-07
1.76408e-06
1.83983e-09
3.46049e-06
1.92532e-07
3.47562e-06
1.96501e-07
1.9666e-06
-5.5288e-08
4.41573e-07
-4.11974e-07
-2.58329e-07
-7.03302e-07
-4.47641e-07
-8.67061e-07
-5.95644e-07
-9.26237e-07
-8.35038e-07
-9.09122e-07
-1.15744e-06
-8.40511e-07
-1.48694e-06
-7.54281e-07
-1.7585e-06
-7.03153e-07
-1.91822e-06
-7.52906e-07
-1.87028e-06
-1.25801e-06
-7.46906e-07
1.60001e-05
-1.22615e-06
-1.99911e-05
-1.29235e-06
-9.30455e-06
-1.19128e-06
-4.93963e-06
-1.06029e-06
-9.87389e-07
-8.40427e-07
1.54422e-06
-5.53395e-07
3.17344e-06
-3.37623e-07
3.25983e-06
-3.72396e-07
2.00137e-06
-6.85229e-07
7.5443e-07
-1.07769e-06
1.34161e-07
-1.36295e-06
-1.62349e-07
-1.51371e-06
-4.44852e-07
-1.55461e-06
-7.94113e-07
-1.51124e-06
-1.20077e-06
-1.40969e-06
-1.58848e-06
-1.28919e-06
-1.87898e-06
-1.20267e-06
-2.00473e-06
-1.18349e-06
-1.88946e-06
-1.15854e-06
-7.35015e-07
1.67351e-05
-1.519e-06
-1.92072e-05
-1.69661e-06
-9.12699e-06
-1.66466e-06
-4.97163e-06
-1.55528e-06
-1.09679e-06
-1.35818e-06
1.3471e-06
-1.09249e-06
2.90774e-06
-9.1141e-07
3.07873e-06
-1.01715e-06
2.10711e-06
-1.37863e-06
1.11594e-06
-1.76056e-06
5.16112e-07
-2.01864e-06
9.5754e-08
-2.14269e-06
-3.20779e-07
-2.15314e-06
-7.83633e-07
-2.07412e-06
-1.27977e-06
-1.93362e-06
-1.72896e-06
-1.7726e-06
-2.04e-06
-1.63841e-06
-2.13892e-06
-1.55482e-06
-1.97305e-06
-1.12163e-06
-7.4438e-07
1.74793e-05
-1.82661e-06
-1.8125e-05
-2.11724e-06
-8.83641e-06
-2.14371e-06
-4.94523e-06
-2.04948e-06
-1.19105e-06
-1.87316e-06
1.17077e-06
-1.64791e-06
2.68247e-06
-1.53922e-06
2.97002e-06
-1.71793e-06
2.28583e-06
-2.08765e-06
1.48568e-06
-2.43029e-06
8.58777e-07
-2.64847e-06
3.13948e-07
-2.73631e-06
-2.32913e-07
-2.70976e-06
-8.10172e-07
-2.59187e-06
-1.39766e-06
-2.411e-06
-1.90982e-06
-2.20674e-06
-2.24426e-06
-2.02218e-06
-2.32348e-06
-1.88277e-06
-2.11245e-06
-1.14224e-06
-7.775e-07
1.82567e-05
-2.15308e-06
-1.67495e-05
-2.5582e-06
-8.43133e-06
-2.63736e-06
-4.86613e-06
-2.55724e-06
-1.27123e-06
-2.40735e-06
1.02084e-06
-2.24204e-06
2.51713e-06
-2.21701e-06
2.94498e-06
-2.43811e-06
2.50693e-06
-2.77768e-06
1.82526e-06
-3.06588e-06
1.14699e-06
-3.23772e-06
4.85806e-07
-3.28495e-06
-1.8567e-07
-3.2198e-06
-8.75315e-07
-3.0634e-06
-1.55406e-06
-2.84288e-06
-2.13034e-06
-2.59486e-06
-2.49227e-06
-2.36082e-06
-2.55753e-06
-2.17282e-06
-2.30045e-06
-1.21808e-06
-8.37848e-07
1.90943e-05
-2.50023e-06
-1.50872e-05
-3.02148e-06
-7.91013e-06
-3.15328e-06
-4.73439e-06
-3.09322e-06
-1.33134e-06
-2.97967e-06
9.07245e-07
-2.88e-06
2.41743e-06
-2.91812e-06
2.98308e-06
-3.13949e-06
2.72831e-06
-3.42435e-06
2.11013e-06
-3.65262e-06
1.37528e-06
-3.77539e-06
6.08588e-07
-3.77997e-06
-1.81088e-07
-3.67531e-06
-9.79976e-07
-3.48036e-06
-1.749e-06
-3.22089e-06
-2.38982e-06
-2.92981e-06
-2.78336e-06
-2.64816e-06
-2.83918e-06
-2.41734e-06
-2.53127e-06
-1.34907e-06
-9.28006e-07
2.00221e-05
-2.86635e-06
-1.31489e-05
-3.50611e-06
-7.2704e-06
-3.69279e-06
-4.54776e-06
-3.65977e-06
-1.36442e-06
-3.58748e-06
8.34906e-07
-3.53979e-06
2.36971e-06
-3.60354e-06
3.04682e-06
-3.79078e-06
2.91555e-06
-4.00956e-06
2.32892e-06
-4.17523e-06
1.54095e-06
-4.24472e-06
6.78087e-07
-4.2011e-06
-2.2471e-07
-4.0509e-06
-1.13017e-06
-3.81337e-06
-1.98654e-06
-3.51455e-06
-2.68864e-06
-3.18246e-06
-3.11545e-06
-2.85601e-06
-3.16563e-06
-2.58793e-06
-2.79936e-06
-1.5352e-06
-1.0723e-06
2.10941e-05
-3.24732e-06
-1.0974e-05
-4.00467e-06
-6.51307e-06
-4.24719e-06
-4.30529e-06
-4.2402e-06
-1.37145e-06
-4.20158e-06
7.96244e-07
-4.18161e-06
2.34971e-06
-4.2356e-06
3.10081e-06
-4.36729e-06
3.04724e-06
-4.51249e-06
2.47413e-06
-4.60704e-06
1.6355e-06
-4.61126e-06
6.82316e-07
-4.50583e-06
-3.30143e-07
-4.29662e-06
-1.33936e-06
-4.00753e-06
-2.27563e-06
-3.66784e-06
-3.02832e-06
-3.29806e-06
-3.48522e-06
-2.92719e-06
-3.5365e-06
-2.62205e-06
-3.1045e-06
-1.78103e-06
-1.12088e-06
2.22146e-05
-3.64268e-06
-8.45222e-06
-4.48686e-06
-5.66891e-06
-4.79328e-06
-3.99891e-06
-4.80572e-06
-1.35903e-06
-4.77911e-06
7.69602e-07
-4.76279e-06
2.33338e-06
-4.78065e-06
3.11866e-06
-4.84057e-06
3.10717e-06
-4.89744e-06
2.53101e-06
-4.89979e-06
1.63785e-06
-4.81792e-06
6.00461e-07
-4.63197e-06
-5.16074e-07
-4.34913e-06
-1.62217e-06
-3.99947e-06
-2.62525e-06
-3.61855e-06
-3.40919e-06
-3.21619e-06
-3.88753e-06
-2.79695e-06
-3.95572e-06
-2.43654e-06
-3.4649e-06
-2.11966e-06
-1.16063e-05
1.36816e-05
-1.77283e-05
-2.33023e-06
-2.13889e-05
-2.00838e-06
-2.33267e-05
-2.06115e-06
-2.39798e-05
-7.05933e-07
-2.39987e-05
7.88499e-07
-2.36699e-05
2.00456e-06
-2.31622e-05
2.61096e-06
-2.25227e-05
2.46777e-06
-2.16617e-05
1.67007e-06
-2.04516e-05
4.2792e-07
-1.88966e-05
-9.54294e-07
-1.71013e-05
-2.31105e-06
-1.51926e-05
-3.53045e-06
-1.32984e-05
-4.51895e-06
-1.14749e-05
-5.23205e-06
-9.67494e-06
-5.68696e-06
-7.77438e-06
-5.85571e-06
-5.73297e-06
-5.50583e-06
-4.76381e-06
-1.81445e-05
1.00247e-05
-2.21096e-05
1.63485e-06
-2.42848e-05
1.66945e-07
-2.55065e-05
-8.39453e-07
-2.56817e-05
-5.30652e-07
-2.50492e-05
1.56127e-07
-2.3804e-05
7.59529e-07
-2.20776e-05
8.84781e-07
-1.99993e-05
3.89768e-07
-1.77363e-05
-5.92538e-07
-1.54556e-05
-1.8522e-06
-1.3231e-05
-3.17835e-06
-1.10607e-05
-4.48069e-06
-8.93811e-06
-5.65238e-06
-6.88123e-06
-6.57512e-06
-4.93396e-06
-7.17856e-06
-3.16735e-06
-7.45274e-06
-1.58108e-06
-7.44105e-06
7.1895e-07
-7.80478e-06
-7.20393e-06
-1.81633e-05
8.86883e-06
-1.99467e-05
3.41834e-06
-2.06238e-05
8.44182e-07
-2.06412e-05
-8.21789e-07
-1.99888e-05
-1.18286e-06
-1.87481e-05
-1.08425e-06
-1.70356e-05
-9.52541e-07
-1.50432e-05
-1.10729e-06
-1.30117e-05
-1.64133e-06
-1.11282e-05
-2.47557e-06
-9.44264e-06
-3.53733e-06
-7.85673e-06
-4.76389e-06
-6.27265e-06
-6.06446e-06
-4.63843e-06
-7.28633e-06
-2.96022e-06
-8.25309e-06
-1.2969e-06
-8.84165e-06
2.16454e-07
-8.96584e-06
1.13056e-06
-8.35481e-06
9.41466e-07
-7.61516e-06
-6.82188e-06
-1.4117e-05
7.47277e-06
-1.36484e-05
2.94981e-06
-1.29129e-05
1.08927e-07
-1.21728e-05
-1.5618e-06
-1.13016e-05
-2.0538e-06
-1.03042e-05
-2.08145e-06
-9.22208e-06
-2.03451e-06
-8.14824e-06
-2.18095e-06
-7.18567e-06
-2.60375e-06
-6.34309e-06
-3.31803e-06
-5.57328e-06
-4.30709e-06
-4.77575e-06
-5.56143e-06
-3.85231e-06
-6.98798e-06
-2.77564e-06
-8.3631e-06
-1.59257e-06
-9.43625e-06
-3.57227e-07
-1.00771e-05
8.24687e-07
-1.01478e-05
1.68189e-06
-9.2121e-06
1.12646e-06
-7.05973e-06
-5.85382e-06
-7.34505e-06
5.01052e-06
-5.35935e-06
9.64178e-07
-3.66694e-06
-1.58345e-06
-2.57138e-06
-2.65733e-06
-2.01523e-06
-2.60992e-06
-1.86637e-06
-2.23032e-06
-1.91426e-06
-1.98667e-06
-2.01919e-06
-2.0761e-06
-2.13272e-06
-2.49031e-06
-2.17905e-06
-3.27184e-06
-2.1104e-06
-4.37591e-06
-1.87814e-06
-5.79389e-06
-1.45309e-06
-7.4132e-06
-8.75339e-07
-8.94098e-06
-2.40174e-07
-1.00715e-05
4.05045e-07
-1.07223e-05
1.03153e-06
-1.07743e-05
1.59113e-06
-9.77177e-06
1.23435e-06
-6.70306e-06
-4.86507e-06
5.04563e-07
1.4521e-06
3.38551e-06
-1.91672e-06
5.56899e-06
-3.76669e-06
7.00402e-06
-4.09193e-06
7.70044e-06
-3.30586e-06
7.57211e-06
-2.1016e-06
6.72326e-06
-1.13761e-06
5.48759e-06
-8.40385e-07
4.25153e-06
-1.25433e-06
3.23886e-06
-2.25932e-06
2.5008e-06
-3.63802e-06
2.03737e-06
-5.33065e-06
1.80793e-06
-7.18391e-06
1.71999e-06
-8.85311e-06
1.6717e-06
-1.00231e-05
1.62177e-06
-1.06722e-05
1.5945e-06
-1.07469e-05
1.61976e-06
-9.797e-06
1.23064e-06
-6.31402e-06
-4.37055e-06
6.21619e-06
-1.64937e-06
8.03583e-06
-3.73596e-06
9.45328e-06
-5.18323e-06
1.08771e-05
-5.51451e-06
1.22885e-05
-4.71574e-06
1.33856e-05
-3.19723e-06
1.37691e-05
-1.51986e-06
1.31814e-05
-2.51777e-07
1.17434e-05
1.84191e-07
9.87555e-06
-3.91305e-07
8.09471e-06
-1.85714e-06
6.64353e-06
-3.8795e-06
5.49232e-06
-6.03274e-06
4.54487e-06
-7.90567e-06
3.71867e-06
-9.19688e-06
2.97863e-06
-9.932e-06
2.35081e-06
-1.01189e-05
1.81616e-06
-9.26224e-06
1.0759e-06
-5.57382e-06
-3.14319e-06
4.63779e-06
-2.01055e-06
4.84607e-06
-3.94359e-06
5.92239e-06
-6.25854e-06
7.84593e-06
-7.43687e-06
1.00753e-05
-6.94378e-06
1.21677e-05
-5.2881e-06
1.38414e-05
-3.19181e-06
1.48119e-05
-1.22054e-06
1.48545e-05
1.43065e-07
1.39841e-05
4.80064e-07
1.24044e-05
-2.768e-07
1.05254e-05
-2.00018e-06
8.63904e-06
-4.14616e-06
6.9194e-06
-6.1859e-06
5.40743e-06
-7.68477e-06
4.11708e-06
-8.64145e-06
3.04311e-06
-9.04467e-06
2.09448e-06
-8.31347e-06
1.17496e-06
-4.65434e-06
-2.27257e-06
-2.54272e-06
-1.9165e-06
-1.55986e-06
-4.92622e-06
6.57571e-07
-8.47589e-06
3.65016e-06
-1.04293e-05
6.6106e-06
-9.90393e-06
9.10668e-06
-7.7837e-06
1.11211e-05
-5.20547e-06
1.26752e-05
-2.77342e-06
1.36351e-05
-8.15207e-07
1.37855e-05
3.31129e-07
1.31254e-05
3.84444e-07
1.17743e-05
-6.4821e-07
1.00197e-05
-2.39106e-06
8.13007e-06
-4.29595e-06
6.33531e-06
-5.88977e-06
4.79565e-06
-7.10154e-06
3.49465e-06
-7.74343e-06
2.2823e-06
-7.10097e-06
1.12522e-06
-3.49728e-06
-1.40051e-06
-8.25797e-06
-2.83334e-06
-6.35566e-06
-6.82923e-06
-3.59182e-06
-1.12406e-05
-1.95403e-07
-1.38264e-05
3.35958e-06
-1.34592e-05
6.20318e-06
-1.06273e-05
8.29529e-06
-7.29746e-06
9.85588e-06
-4.33362e-06
1.09772e-05
-1.93576e-06
1.15956e-05
-2.86106e-07
1.15484e-05
4.32843e-07
1.08341e-05
6.70977e-08
9.57715e-06
-1.13337e-06
8.00608e-06
-2.72441e-06
6.39245e-06
-4.27582e-06
4.95513e-06
-5.66395e-06
3.64788e-06
-6.43594e-06
2.32442e-06
-5.77737e-06
9.58213e-07
-2.13109e-06
-4.68271e-07
-1.21263e-05
-3.79323e-06
-1.0244e-05
-8.71267e-06
-7.48964e-06
-1.39964e-05
-4.01081e-06
-1.73068e-05
-2.06362e-07
-1.72647e-05
3.17237e-06
-1.40063e-05
5.44478e-06
-9.56991e-06
7.01927e-06
-5.90804e-06
8.13836e-06
-3.05455e-06
8.85447e-06
-1.0016e-06
9.1336e-06
1.54561e-07
8.89336e-06
3.08183e-07
8.16969e-06
-4.09018e-07
7.07378e-06
-1.62802e-06
5.87778e-06
-3.07947e-06
4.73435e-06
-4.52023e-06
3.5422e-06
-5.24356e-06
2.24573e-06
-4.48079e-06
9.71501e-07
-8.56891e-07
7.91895e-08
-1.33179e-05
-4.53253e-06
-1.17331e-05
-1.02981e-05
-9.2063e-06
-1.65241e-05
-6.05702e-06
-2.04577e-05
-2.63884e-06
-2.06849e-05
7.39716e-07
-1.7386e-05
3.10207e-06
-1.19326e-05
4.53815e-06
-7.34422e-06
5.53957e-06
-4.05592e-06
6.26397e-06
-1.72572e-06
6.70773e-06
-2.88697e-07
6.79247e-06
2.2405e-07
6.49822e-06
-1.14227e-07
5.89961e-06
-1.02899e-06
5.17705e-06
-2.35657e-06
4.31738e-06
-3.66028e-06
3.23543e-06
-4.16142e-06
2.01529e-06
-3.26056e-06
7.48497e-07
4.09862e-07
4.90967e-07
-1.05557e-05
-4.84568e-06
-9.477e-06
-1.13763e-05
-7.40276e-06
-1.85975e-05
-4.87744e-06
-2.29827e-05
-2.61209e-06
-2.29521e-05
-2.89746e-07
-1.97104e-05
1.91309e-06
-1.41363e-05
3.08214e-06
-8.51356e-06
3.74648e-06
-4.72036e-06
4.30908e-06
-2.28824e-06
4.78245e-06
-7.61783e-07
5.07511e-06
-6.82172e-08
5.11149e-06
-1.50205e-07
4.94445e-06
-8.616e-07
4.56889e-06
-1.9807e-06
3.836e-06
-2.92715e-06
2.82042e-06
-3.1457e-06
1.69922e-06
-2.13932e-06
6.88977e-07
1.42006e-06
4.77776e-07
-4.00319e-06
-4.68804e-06
-3.3782e-06
-1.20013e-05
-1.89349e-06
-2.00807e-05
-2.42146e-07
-2.46307e-05
4.87136e-07
-2.36803e-05
8.65275e-07
-2.00907e-05
1.99356e-06
-1.52663e-05
2.917e-06
-9.43761e-06
3.21806e-06
-5.02157e-06
3.43421e-06
-2.50436e-06
3.7639e-06
-1.09129e-06
4.11447e-06
-4.18504e-07
4.36485e-06
-4.00272e-07
4.43034e-06
-9.26777e-07
4.14294e-06
-1.69303e-06
3.39271e-06
-2.17671e-06
2.44382e-06
-2.19671e-06
1.35912e-06
-1.0546e-06
3.5184e-07
2.4273e-06
6.05718e-07
5.29803e-06
-4.71564e-06
5.95851e-06
-1.26643e-05
6.7519e-06
-2.08749e-05
7.00547e-06
-2.48805e-05
6.18271e-06
-2.28528e-05
4.16794e-06
-1.80758e-05
3.15578e-06
-1.42563e-05
3.56197e-06
-9.84489e-06
3.81137e-06
-5.27119e-06
3.7634e-06
-2.45629e-06
3.82593e-06
-1.15361e-06
4.05187e-06
-6.44173e-07
4.28488e-06
-6.32997e-07
4.30674e-06
-9.48371e-07
3.91099e-06
-1.29707e-06
3.129e-06
-1.39458e-06
2.25672e-06
-1.32437e-06
1.18308e-06
1.90563e-08
5.62736e-07
3.04759e-06
2.44967e-07
1.57617e-05
-6.48405e-06
1.7428e-05
-1.43342e-05
1.77411e-05
-2.11907e-05
1.59797e-05
-2.31168e-05
1.27167e-05
-1.95835e-05
8.47559e-06
-1.38315e-05
5.00817e-06
-1.07902e-05
4.19707e-06
-9.03532e-06
4.56236e-06
-5.63697e-06
4.66133e-06
-2.5552e-06
4.60248e-06
-1.09454e-06
4.62269e-06
-6.64129e-07
4.62437e-06
-6.34438e-07
4.41987e-06
-7.43675e-07
3.89758e-06
-7.74626e-07
3.12796e-06
-6.24855e-07
2.22559e-06
-4.2194e-07
9.39242e-07
1.30541e-06
3.59534e-07
3.62724e-06
-5.63078e-08
2.76844e-05
-1.06866e-05
2.98955e-05
-1.6547e-05
2.8648e-05
-1.99444e-05
2.40795e-05
-1.85461e-05
1.80001e-05
-1.34981e-05
1.19815e-05
-7.80829e-06
6.8876e-06
-5.69629e-06
4.47376e-06
-6.62295e-06
4.46862e-06
-5.6326e-06
4.85802e-06
-2.94475e-06
4.92384e-06
-1.16025e-06
4.79852e-06
-5.38653e-07
4.57809e-06
-4.13864e-07
4.25173e-06
-4.17193e-07
3.7551e-06
-2.77902e-07
3.08311e-06
4.72177e-08
2.13076e-06
5.3047e-07
7.5216e-07
2.684e-06
7.06867e-07
3.67248e-06
-5.37758e-07
4.13681e-05
-1.30822e-05
3.9894e-05
-1.50719e-05
3.44835e-05
-1.45326e-05
2.66924e-05
-1.07518e-05
1.91121e-05
-5.91265e-06
1.2972e-05
-1.66436e-06
8.16558e-06
-8.89403e-07
4.79635e-06
-3.25466e-06
3.52723e-06
-4.3643e-06
3.5254e-06
-2.94328e-06
3.63169e-06
-1.2666e-06
3.60434e-06
-5.11263e-07
3.43028e-06
-2.39749e-07
3.15706e-06
-1.43911e-07
2.78063e-06
9.8586e-08
2.02247e-06
8.05422e-07
1.01123e-06
1.54174e-06
2.39547e-07
3.45564e-06
5.70715e-07
3.34127e-06
-3.14583e-07
4.451e-05
-9.09701e-06
3.70405e-05
-7.60247e-06
2.80397e-05
-5.52999e-06
1.9404e-05
-2.11403e-06
1.39522e-05
-4.58017e-07
1.06302e-05
1.65931e-06
8.57208e-06
1.16877e-06
5.7579e-06
-4.40848e-07
3.21112e-06
-1.818e-06
2.05212e-06
-1.78472e-06
1.08743e-06
-3.02175e-07
6.25024e-07
-4.89306e-08
3.4993e-07
3.52997e-08
9.39129e-08
1.12058e-07
4.02882e-08
1.52155e-07
-4.71512e-07
1.31716e-06
-7.9601e-07
1.86617e-06
3.79274e-07
2.28028e-06
1.72223e-06
1.99827e-06
3.77933e-07
2.20151e-05
1.40034e-05
9.04491e-06
4.9895e-06
5.15332e-06
6.13387e-06
7.2295e-06
6.4142e-06
4.10768e-06
2.9315e-06
1.26842e-07
-5.33394e-07
-1.58466e-06
-1.92729e-06
-1.07284e-06
-1.6917e-06
-1.85519e-06
1.23258e-06
3.15234e-06
)
;

boundaryField
{
    left_open
    {
        type            calculated;
        value           nonuniform List<scalar> 
40
(
-1.59425e-07
-3.52691e-07
-5.47489e-07
-7.83289e-07
-1.0646e-06
-1.3804e-06
-1.71114e-06
-2.03206e-06
-2.31494e-06
-2.52945e-06
-2.64573e-06
-2.64019e-06
-2.50489e-06
-2.2569e-06
-1.93979e-06
-1.60983e-06
-1.31073e-06
-1.05406e-06
-8.27005e-07
-6.25482e-07
-1.21443e-06
-5.9984e-07
-6.03188e-07
-6.70604e-07
-7.55871e-07
-5.7932e-07
-9.6511e-07
-3.37192e-07
-1.41935e-07
-2.44069e-07
2.01569e-07
6.76875e-07
-2.44752e-06
-2.06316e-06
3.3065e-06
-2.37041e-06
-2.39995e-07
6.63382e-07
4.53358e-07
1.19135e-06
)
;
    }
    right_open
    {
        type            calculated;
        value           nonuniform List<scalar> 
40
(
1.28607e-06
2.7155e-06
3.37575e-06
3.53808e-06
3.35767e-06
2.92646e-06
2.31694e-06
1.60181e-06
8.57257e-07
1.56533e-07
-4.5476e-07
-9.18019e-07
-1.28296e-06
-1.59173e-06
-1.86216e-06
-2.09698e-06
-2.28636e-06
-2.4018e-06
-2.37623e-06
-2.09791e-06
-3.08856e-06
3.16005e-06
5.6003e-07
1.58654e-07
2.45728e-07
7.35844e-07
-1.51421e-07
3.04371e-07
2.53183e-07
2.59953e-08
4.2408e-07
3.36757e-07
7.02227e-07
2.23949e-07
9.23572e-07
6.60895e-07
1.18845e-06
3.47644e-07
1.02981e-06
1.82143e-06
)
;
    }
    base_side
    {
        type            calculated;
        value           uniform 0;
    }
    top
    {
        type            calculated;
        value           nonuniform List<scalar> 
65
(
1.98814e-06
-1.49576e-06
5.09433e-06
3.83628e-06
2.11115e-06
9.28135e-07
3.71311e-06
-1.80307e-06
5.69403e-06
-2.05054e-06
-1.10261e-06
-2.8007e-06
4.62296e-06
-2.42679e-06
6.24541e-06
-1.71704e-06
4.90006e-06
2.77128e-06
2.02764e-06
-1.47561e-06
-1.92433e-06
-1.84813e-06
-1.36054e-06
-1.25206e-06
-1.20595e-06
-1.17157e-06
-1.29405e-06
5.86701e-07
2.92983e-07
1.59842e-07
4.5236e-08
-7.31218e-08
-1.1009e-07
-1.47811e-07
-4.8528e-07
-4.93336e-07
-4.02375e-07
-3.36152e-07
-1.97815e-07
-1.50183e-07
-4.23264e-07
-7.1758e-07
-6.79853e-07
-3.16111e-07
3.6901e-08
-4.1199e-06
4.09219e-07
-5.72168e-07
1.94044e-06
-6.21845e-07
6.78663e-07
7.30039e-08
3.74552e-07
4.88623e-07
-6.08546e-07
2.50141e-06
6.11399e-07
1.08668e-06
4.54831e-07
-7.0217e-07
1.9353e-06
2.02894e-06
-8.07342e-07
7.86809e-08
1.70908e-06
)
;
    }
    front
    {
        type            empty;
        value           nonuniform 0();
    }
    back
    {
        type            empty;
        value           nonuniform 0();
    }
    air_to_aluminum
    {
        type            calculated;
        value           nonuniform List<scalar> 
129
(
0
0
0
0
0
0
0
0
0
0
0
0
0
0
0
0
0
0
0
0
0
0
0
0
0
0
0
0
0
0
-4.23516e-22
0
0
0
0
0
0
0
0
0
0
0
0
0
0
0
0
0
0
0
0
0
3.30872e-24
0
0
0
0
0
0
0
0
0
0
0
0
0
0
0
0
0
0
0
0
0
0
0
0
0
0
0
0
0
0
0
0
0
0
0
0
0
0
0
0
0
0
0
0
0
0
0
0
0
0
0
0
0
0
0
0
0
0
0
0
0
0
0
0
0
0
0
0
0
0
0
0
0
0
0
0
)
;
    }
}


// ************************************************************************* //
