/*--------------------------------*- C++ -*----------------------------------*\
| =========                 |                                                 |
| \\      /  F ield         | OpenFOAM: The Open Source CFD Toolbox           |
|  \\    /   O peration     | Version:                                        |
|   \\  /    A nd           | Website:  www.openfoam.com                      |
|    \\/     M anipulation  |                                                 |
\*---------------------------------------------------------------------------*/
FoamFile
{
    version     2.0;
    format      ascii;
    class       volScalarField;
    location    "1916.0/air";
    object      T;
}
// * * * * * * * * * * * * * * * * * * * * * * * * * * * * * * * * * * * * * //

dimensions      [0 0 0 1 0 0 0];


internalField   nonuniform List<scalar> 
2228
(
307.284
307.349
307.404
307.45
307.219
307.283
307.347
307.408
307.176
307.237
307.306
307.375
307.142
307.202
307.273
307.345
307.113
307.173
307.245
307.318
307.086
307.145
307.218
307.293
307.061
307.117
307.191
307.269
307.035
307.085
307.16
307.245
307.006
307.041
307.121
307.219
306.97
306.977
307.063
307.189
306.924
306.881
306.978
307.149
306.865
306.747
306.856
307.098
306.79
306.569
306.699
307.035
306.68
306.313
306.499
306.963
306.459
305.855
306.176
306.844
305.919
304.921
305.361
306.373
307.45
307.403
307.349
307.283
307.408
307.347
307.282
307.219
307.374
307.305
307.236
307.176
307.344
307.272
307.201
307.142
307.317
307.243
307.17
307.112
307.292
307.215
307.142
307.085
307.268
307.187
307.113
307.059
307.243
307.156
307.08
307.033
307.218
307.116
307.036
307.004
307.187
307.057
306.97
306.967
307.145
306.962
306.857
306.914
307.084
306.801
306.664
306.832
306.994
306.53
306.343
306.705
306.866
306.087
305.851
306.516
306.637
305.351
305.14
306.262
306.014
304.14
304.12
305.774
300.893
304.675
304.051
302.343
300.068
300.94
298.108
295.842
298.585
296.564
294.236
293.241
295.405
293.471
292.686
292.512
293.065
292.465
292.442
292.503
292.499
292.561
292.667
292.761
292.816
292.906
292.974
293.029
293.097
293.124
293.144
293.158
293.185
293.185
293.186
293.186
293.204
293.206
293.209
293.214
293.227
293.24
293.252
293.266
293.364
293.316
293.304
293.319
293.71
293.659
293.578
293.458
293.941
293.942
293.912
293.827
293.929
293.989
294.037
294.049
293.8
293.851
293.919
293.99
293.771
293.773
293.792
293.831
293.837
293.819
293.805
293.799
293.931
293.915
293.9
293.887
293.874
293.878
293.876
293.878
301.206
300.571
300.468
300.455
294.821
294.417
294.271
294.211
292.927
292.805
292.737
292.69
292.488
292.501
292.529
292.566
292.577
292.654
292.731
292.807
292.845
292.92
292.986
293.043
293.074
293.11
293.136
293.154
293.167
293.171
293.173
293.173
293.186
293.188
293.19
293.194
293.222
293.231
293.242
293.254
293.28
293.295
293.312
293.329
293.342
293.369
293.391
293.412
293.405
293.433
293.473
293.503
293.681
293.52
293.5
293.566
293.997
293.866
293.708
293.598
294.042
294.045
293.986
293.882
293.885
293.942
293.984
293.992
293.804
293.822
293.852
293.886
293.875
293.87
293.871
293.882
293.891
293.899
293.912
293.926
300.396
300.373
300.359
294.194
294.185
294.174
292.663
292.646
292.632
292.599
292.625
292.653
292.863
292.902
292.939
293.079
293.101
293.12
293.163
293.167
293.169
293.173
293.172
293.172
293.198
293.202
293.207
293.265
293.273
293.282
293.344
293.354
293.365
293.428
293.439
293.451
293.521
293.533
293.543
293.6
293.613
293.62
293.594
293.626
293.672
293.802
293.755
293.725
293.978
293.956
293.928
293.912
293.926
293.937
293.896
293.909
293.924
293.951
293.972
293.996
300.354
300.35
300.344
294.165
294.158
294.151
292.624
292.62
292.616
292.673
292.684
292.694
292.963
292.975
292.986
293.13
293.135
293.139
293.169
293.17
293.17
293.172
293.172
293.173
293.21
293.212
293.214
293.288
293.291
293.294
293.373
293.377
293.38
293.458
293.462
293.466
293.55
293.553
293.557
293.625
293.628
293.63
293.7
293.711
293.72
293.715
293.713
293.713
293.908
293.898
293.888
293.942
293.943
293.944
293.934
293.939
293.944
294.01
294.011
294.008
300.331
300.306
300.259
294.132
294.099
294.055
292.609
292.601
292.596
292.716
292.749
292.784
293.007
293.036
293.062
293.147
293.156
293.162
293.169
293.169
293.168
293.173
293.174
293.176
293.218
293.224
293.231
293.3
293.31
293.32
293.388
293.399
293.41
293.474
293.485
293.495
293.563
293.571
293.579
293.635
293.642
293.648
293.731
293.733
293.728
293.716
293.73
293.752
293.87
293.849
293.834
293.943
293.939
293.933
293.953
293.966
293.976
293.997
294.011
294.045
300.145
299.948
299.92
299.622
293.974
293.83
293.616
293.335
292.593
292.597
292.621
292.676
292.834
292.9
292.968
293.032
293.093
293.124
293.145
293.157
293.166
293.168
293.167
293.165
293.166
293.165
293.165
293.166
293.18
293.186
293.193
293.202
293.241
293.255
293.269
293.285
293.334
293.352
293.37
293.387
293.426
293.445
293.463
293.479
293.509
293.526
293.541
293.553
293.589
293.6
293.609
293.616
293.656
293.664
293.669
293.674
293.72
293.715
293.718
293.723
293.797
293.865
293.903
293.886
293.829
293.848
293.887
293.933
293.923
293.913
293.911
293.922
293.986
293.993
293.995
293.997
294.064
294.077
294.098
294.116
298.847
297.948
296.969
296.018
293.073
292.95
292.946
293.101
292.769
292.891
293.022
293.132
293.086
293.125
293.147
293.155
293.161
293.161
293.159
293.158
293.163
293.162
293.163
293.165
293.169
293.173
293.177
293.182
293.212
293.222
293.233
293.245
293.301
293.317
293.333
293.35
293.405
293.422
293.439
293.454
293.494
293.508
293.521
293.532
293.564
293.573
293.58
293.589
293.621
293.625
293.63
293.637
293.676
293.679
293.681
293.686
293.726
293.728
293.731
293.735
293.84
293.807
293.795
293.794
293.978
294.024
294.077
294.116
293.946
293.982
294.027
294.081
294.002
294.015
294.035
294.06
294.11
294.122
294.121
294.121
292.883
292.87
292.868
292.864
292.861
292.861
292.865
292.873
292.886
292.901
292.915
292.924
292.928
292.929
292.926
292.92
292.896
292.873
292.463
294.467
292.888
292.873
292.871
292.867
292.865
292.867
292.873
292.885
292.902
292.919
292.934
292.944
292.949
292.951
292.951
292.951
292.927
292.91
292.544
294.372
292.902
292.881
292.879
292.875
292.875
292.88
292.89
292.907
292.928
292.95
292.968
292.98
292.987
292.991
292.995
293.002
292.982
292.965
292.668
294.341
292.922
292.894
292.891
292.888
292.89
292.898
292.914
292.936
292.963
292.988
293.008
293.022
293.03
293.037
293.044
293.057
293.044
293.028
292.775
294.347
292.946
292.91
292.907
292.905
292.91
292.922
292.942
292.969
292.998
293.026
293.046
293.06
293.07
293.078
293.086
293.102
293.095
293.087
292.853
294.366
292.973
292.927
292.925
292.925
292.932
292.947
292.971
293
293.031
293.057
293.076
293.09
293.099
293.108
293.118
293.132
293.124
293.132
292.906
294.387
293.001
292.946
292.943
292.945
292.954
292.972
292.998
293.027
293.056
293.08
293.097
293.109
293.119
293.128
293.139
293.147
293.125
293.157
292.939
294.406
293.03
292.964
292.961
292.964
292.976
292.995
293.02
293.048
293.074
293.094
293.11
293.122
293.132
293.142
293.153
293.143
293.092
293.154
292.955
294.423
293.059
292.984
292.977
292.982
292.994
293.014
293.038
293.063
293.085
293.104
293.119
293.13
293.141
293.153
293.16
293.115
293.03
293.123
292.955
294.438
293.086
293.005
292.991
292.997
293.009
293.028
293.05
293.072
293.093
293.11
293.125
293.137
293.148
293.161
293.156
293.064
292.958
293.07
292.94
294.45
293.109
293.028
293.006
293.01
293.022
293.039
293.059
293.08
293.099
293.116
293.131
293.143
293.155
293.166
293.136
293.002
292.903
293.012
292.914
294.461
293.128
293.052
293.022
293.022
293.033
293.049
293.067
293.087
293.105
293.123
293.137
293.149
293.162
293.167
293.096
292.95
292.88
292.965
292.884
294.471
293.141
293.077
293.04
293.035
293.044
293.058
293.075
293.094
293.113
293.129
293.143
293.155
293.169
293.159
293.041
292.92
292.888
292.941
292.855
294.478
293.15
293.101
293.06
293.05
293.056
293.068
293.084
293.102
293.121
293.137
293.15
293.162
293.174
293.14
292.984
292.914
292.917
292.94
292.831
294.485
293.158
293.123
293.082
293.067
293.07
293.08
293.095
293.112
293.129
293.144
293.156
293.169
293.176
293.113
292.942
292.925
292.956
292.957
292.815
294.49
293.168
293.14
293.103
293.085
293.085
293.094
293.107
293.122
293.138
293.152
293.163
293.176
293.173
293.081
292.922
292.946
292.998
292.985
292.807
294.495
293.184
293.154
293.123
293.104
293.102
293.108
293.119
293.132
293.147
293.16
293.17
293.182
293.165
293.047
292.925
292.973
293.04
293.018
292.805
294.498
293.204
293.169
293.14
293.123
293.118
293.122
293.13
293.142
293.156
293.168
293.177
293.187
293.152
293.016
292.939
293.003
293.082
293.055
292.808
294.502
293.225
293.186
293.157
293.14
293.134
293.135
293.141
293.152
293.165
293.175
293.185
293.19
293.136
292.991
292.959
293.034
293.122
293.094
292.816
294.499
293.244
293.207
293.174
293.156
293.148
293.147
293.152
293.162
293.174
293.183
293.192
293.189
293.119
292.977
292.981
293.066
293.164
293.135
292.828
294.533
293.282
293.27
293.222
293.194
293.182
293.176
293.177
293.185
293.194
293.2
293.205
293.179
293.082
292.988
293.046
293.167
293.286
293.239
292.876
294.053
293.329
293.376
293.316
293.26
293.232
293.219
293.217
293.22
293.222
293.224
293.21
293.149
293.06
293.057
293.171
293.37
293.504
293.383
292.983
294.157
293.362
293.447
293.388
293.312
293.284
293.269
293.258
293.247
293.24
293.235
293.208
293.152
293.111
293.164
293.351
293.674
293.728
293.307
292.821
295.439
293.399
293.491
293.445
293.365
293.345
293.331
293.301
293.271
293.25
293.24
293.221
293.191
293.186
293.275
293.602
294.034
293.786
293.336
294.047
296.09
293.442
293.522
293.495
293.427
293.408
293.415
293.386
293.323
293.273
293.252
293.241
293.231
293.245
293.396
293.88
294.331
294.339
294.522
295.312
295.341
293.479
293.553
293.543
293.495
293.469
293.484
293.49
293.445
293.359
293.288
293.264
293.26
293.289
293.49
294.045
294.614
294.854
295.061
295.054
293.913
293.506
293.611
293.601
293.565
293.534
293.534
293.556
293.557
293.501
293.393
293.309
293.286
293.318
293.507
294.006
294.51
294.574
294.313
293.736
292.903
293.522
293.694
293.704
293.657
293.614
293.592
293.598
293.617
293.609
293.532
293.4
293.32
293.328
293.458
293.819
294.217
294.082
293.485
292.973
292.931
293.546
293.783
293.827
293.791
293.733
293.685
293.66
293.658
293.667
293.636
293.521
293.374
293.334
293.401
293.612
293.932
293.897
293.342
293.016
293.128
293.595
293.872
293.915
293.889
293.852
293.808
293.764
293.732
293.717
293.703
293.624
293.456
293.347
293.368
293.469
293.678
293.835
293.591
293.252
293.187
293.664
293.95
293.958
293.917
293.888
293.873
293.851
293.818
293.783
293.757
293.702
293.551
293.381
293.355
293.407
293.51
293.683
293.769
293.579
293.287
293.752
294.008
293.983
293.93
293.888
293.872
293.874
293.869
293.843
293.809
293.76
293.636
293.45
293.365
293.39
293.446
293.538
293.699
293.805
293.553
293.839
294.043
294.014
293.972
293.916
293.882
293.88
293.889
293.881
293.851
293.806
293.706
293.539
293.421
293.411
293.451
293.503
293.578
293.779
293.773
293.899
294.051
294.038
294.021
293.963
293.908
293.902
293.908
293.906
293.882
293.84
293.759
293.627
293.518
293.488
293.511
293.546
293.575
293.641
293.847
293.908
294.024
294.021
294.041
294.005
293.935
293.915
293.927
293.924
293.901
293.862
293.796
293.7
293.624
293.6
293.611
293.63
293.64
293.631
293.785
293.909
293.962
293.956
294.023
294.035
293.963
293.911
293.921
293.926
293.907
293.873
293.82
293.752
293.706
293.697
293.721
293.752
293.766
293.746
293.748
293.887
293.884
293.858
293.96
294.044
294.011
293.929
293.9
293.899
293.885
293.856
293.816
293.777
293.78
293.849
293.946
293.986
293.948
293.885
293.806
293.843
293.832
293.756
293.844
293.994
294.045
293.982
293.919
293.893
293.876
293.862
293.86
293.895
293.982
294.067
294.126
294.128
294.07
293.987
293.893
293.846
293.859
293.696
293.698
293.847
293.999
294.038
294.011
293.989
293.988
294.012
294.074
294.168
294.233
294.23
294.186
294.142
294.094
294.042
293.975
293.669
293.741
293.68
293.592
293.595
293.703
293.79
293.826
293.871
293.877
293.89
293.922
293.907
293.847
293.814
293.778
293.798
293.817
293.864
293.881
294.486
292.707
292.592
292.622
292.742
292.902
292.986
293
292.998
292.997
293.003
293.03
293.083
293.133
293.148
293.15
293.15
293.15
293.15
293.15
294.467
292.834
292.656
292.646
292.727
292.876
292.979
293.002
293
292.999
293.005
293.032
293.087
293.135
293.149
293.15
293.15
293.15
293.15
293.15
294.494
292.917
292.756
292.718
292.745
292.861
292.97
293.005
293.004
293.002
293.009
293.04
293.097
293.14
293.149
293.15
293.15
293.15
293.15
293.15
294.535
292.938
292.853
292.817
292.796
292.867
292.967
293.008
293.009
293.007
293.016
293.053
293.111
293.145
293.15
293.15
293.15
293.15
293.15
293.15
294.58
292.945
292.947
292.92
292.864
292.892
292.972
293.012
293.015
293.013
293.027
293.072
293.125
293.148
293.15
293.15
293.15
293.15
293.15
293.15
294.626
292.952
293.031
293.006
292.929
292.927
292.984
293.018
293.02
293.021
293.042
293.093
293.137
293.15
293.15
293.15
293.15
293.15
293.15
293.15
294.673
292.963
293.092
293.062
292.983
292.964
293.001
293.025
293.026
293.03
293.061
293.112
293.144
293.15
293.15
293.15
293.15
293.15
293.15
293.15
294.723
292.977
293.123
293.089
293.023
292.998
293.018
293.032
293.032
293.043
293.082
293.128
293.148
293.15
293.15
293.15
293.15
293.15
293.15
293.15
294.776
292.992
293.13
293.099
293.051
293.026
293.034
293.039
293.04
293.059
293.102
293.139
293.15
293.15
293.15
293.15
293.15
293.15
293.15
293.15
294.83
293.004
293.131
293.1
293.069
293.047
293.046
293.045
293.049
293.077
293.119
293.145
293.151
293.15
293.15
293.15
293.15
293.15
293.15
293.15
294.886
293.012
293.131
293.098
293.08
293.062
293.055
293.051
293.062
293.095
293.132
293.149
293.15
293.15
293.15
293.15
293.15
293.15
293.15
293.15
294.941
293.019
293.132
293.096
293.086
293.07
293.061
293.059
293.077
293.112
293.141
293.15
293.15
293.15
293.15
293.15
293.15
293.15
293.15
293.15
294.995
293.025
293.134
293.095
293.088
293.074
293.066
293.069
293.093
293.126
293.146
293.151
293.15
293.15
293.15
293.15
293.15
293.15
293.15
293.15
295.048
293.028
293.136
293.096
293.088
293.077
293.072
293.081
293.108
293.136
293.149
293.15
293.15
293.15
293.15
293.15
293.15
293.15
293.15
293.15
295.098
293.031
293.139
293.098
293.09
293.081
293.08
293.095
293.121
293.143
293.15
293.15
293.15
293.15
293.15
293.15
293.15
293.15
293.15
293.15
295.146
293.031
293.143
293.102
293.093
293.087
293.091
293.109
293.132
293.147
293.15
293.15
293.15
293.15
293.15
293.15
293.15
293.15
293.15
293.15
295.189
293.031
293.148
293.107
293.099
293.096
293.103
293.121
293.139
293.149
293.15
293.15
293.15
293.15
293.15
293.15
293.15
293.15
293.15
293.15
295.229
293.029
293.152
293.114
293.108
293.106
293.115
293.131
293.144
293.15
293.15
293.15
293.15
293.15
293.15
293.15
293.15
293.15
293.15
293.15
295.252
293.026
293.157
293.121
293.117
293.117
293.126
293.138
293.147
293.15
293.15
293.15
293.15
293.15
293.15
293.15
293.15
293.15
293.15
293.15
295.336
293.024
293.16
293.127
293.126
293.127
293.134
293.144
293.149
293.15
293.15
293.15
293.15
293.15
293.15
293.15
293.15
293.15
293.15
293.15
294.283
293.032
293.163
293.139
293.141
293.141
293.145
293.148
293.149
293.149
293.149
293.148
293.148
293.149
293.149
293.149
293.149
293.149
293.149
293.15
293.515
293.099
293.157
293.146
293.148
293.148
293.149
293.148
293.148
293.148
293.149
293.152
293.156
293.159
293.16
293.159
293.159
293.158
293.153
293.149
293.221
293.136
293.151
293.147
293.148
293.148
293.148
293.149
293.151
293.157
293.168
293.185
293.205
293.224
293.245
293.276
293.311
293.317
293.256
293.161
293.155
293.154
293.153
293.15
293.149
293.149
293.151
293.155
293.164
293.181
293.209
293.249
293.295
293.35
293.428
293.541
293.643
293.643
293.495
293.239
293.162
293.172
293.171
293.168
293.162
293.158
293.158
293.164
293.179
293.205
293.249
293.311
293.389
293.487
293.626
293.799
293.919
293.891
293.699
293.343
293.172
293.183
293.189
293.191
293.188
293.184
293.181
293.184
293.194
293.22
293.268
293.347
293.457
293.596
293.774
293.959
294.055
294.013
293.827
293.439
293.198
293.224
293.242
293.246
293.237
293.223
293.213
293.21
293.217
293.235
293.276
293.363
293.502
293.675
293.873
294.031
294.071
294.039
293.889
293.516
293.279
293.332
293.365
293.367
293.343
293.304
293.266
293.242
293.239
293.254
293.292
293.382
293.543
293.744
293.94
294.043
294.042
294.028
293.914
293.573
293.391
293.449
293.473
293.462
293.426
293.375
293.323
293.283
293.269
293.285
293.326
293.427
293.607
293.818
293.982
294.026
294.025
294.014
293.937
293.63
293.488
293.532
293.544
293.53
293.498
293.452
293.401
293.359
293.34
293.353
293.406
293.52
293.7
293.889
293.995
294.001
294.006
294.001
293.962
293.685
293.56
293.601
293.629
293.644
293.638
293.609
293.566
293.523
293.497
293.503
293.554
293.656
293.803
293.938
293.988
293.982
293.989
293.99
293.977
293.706
293.62
293.681
293.753
293.812
293.839
293.83
293.793
293.748
293.714
293.706
293.731
293.793
293.884
293.96
293.974
293.973
293.987
293.985
293.981
293.738
293.674
293.76
293.883
293.995
294.057
294.059
294.013
293.949
293.894
293.859
293.855
293.883
293.928
293.965
293.965
293.967
293.979
293.981
293.977
293.78
293.722
293.812
293.965
294.125
294.231
294.251
294.191
294.104
294.038
293.989
293.944
293.913
293.913
293.94
293.952
293.959
293.964
293.959
293.961
293.83
293.763
293.832
293.972
294.15
294.294
294.347
294.286
294.163
294.106
294.096
294.074
294.016
293.952
293.909
293.892
293.894
293.905
293.909
293.929
293.853
293.804
293.833
293.918
294.065
294.206
294.273
294.232
294.154
294.137
294.174
294.203
294.158
294.055
293.981
293.93
293.88
293.85
293.848
293.891
293.836
294.049
293.892
293.895
293.968
294.066
294.133
294.147
294.158
294.208
294.263
294.307
294.299
294.163
293.994
293.931
293.907
293.861
293.833
293.873
293.807
294.21
294.177
294.022
293.987
294.037
294.103
294.163
294.222
294.248
294.241
294.25
294.26
294.158
293.982
293.901
293.896
293.863
293.833
293.872
293.799
294.212
294.363
294.277
294.111
294.046
294.078
294.118
294.111
294.051
293.986
293.988
294.02
293.962
293.867
293.882
293.908
293.874
293.846
293.882
293.807
294.194
294.167
294.058
293.956
293.885
293.846
293.797
293.735
293.662
293.653
293.674
293.655
293.684
293.731
293.78
293.767
293.732
293.747
293.76
293.694
)
;

boundaryField
{
    left_open
    {
        type            inletOutlet;
        inletValue      uniform 293.15;
        value           nonuniform List<scalar> 
40
(
292.883
292.888
292.902
292.922
292.946
292.973
293.001
293.03
293.059
293.086
293.11
293.128
293.141
293.149
293.157
293.167
293.182
293.202
293.223
293.15
293.281
293.15
293.362
293.15
293.44
293.15
293.506
293.522
293.15
293.15
293.15
293.15
293.829
293.894
293.15
293.15
293.888
293.15
293.845
293.15
)
;
    }
    right_open
    {
        type            inletOutlet;
        inletValue      uniform 293.15;
        value           nonuniform List<scalar> 
40
(
293.15
293.15
293.15
293.15
293.15
293.15
293.15
293.15
293.15
293.15
293.15
293.15
293.15
293.15
293.15
293.15
293.15
293.15
293.15
293.15
293.15
293.15
293.15
293.15
293.15
293.15
293.513
293.15
293.15
293.683
293.15
293.734
293.15
293.15
293.15
293.836
293.806
293.797
293.15
293.15
)
;
    }
    base_side
    {
        type            zeroGradient;
    }
    top
    {
        type            inletOutlet;
        inletValue      uniform 293.15;
        value           nonuniform List<scalar> 
65
(
293.673
293.15
293.682
293.15
293.589
293.692
293.782
293.15
293.867
293.873
293.15
293.915
293.905
293.15
293.812
293.15
293.15
293.81
293.856
293.15
293.87
293.15
293.15
293.874
293.889
293.15
293.15
293.923
293.15
293.15
293.997
293.15
293.15
293.15
293.15
293.15
294.054
294.07
294.081
293.15
294.127
293.15
294.132
293.15
293.15
294.203
293.15
293.15
293.94
293.15
293.837
293.15
293.15
293.66
293.15
293.676
293.15
293.683
293.729
293.779
293.764
293.15
293.745
293.15
293.711
)
;
    }
    front
    {
        type            empty;
    }
    back
    {
        type            empty;
    }
    air_to_aluminum
    {
        type            compressible::turbulentTemperatureCoupledBaffleMixed;
        refValue        nonuniform List<scalar> 
129
(
307.274
307.267
307.252
307.23
307.345
307.397
307.442
307.479
307.479
307.442
307.397
307.345
307.274
307.266
307.252
307.23
307.203
307.229
307.174
307.187
307.144
307.151
307.115
307.119
307.088
307.09
307.062
307.064
307.039
307.04
307.018
307.019
306.999
307
306.982
306.983
306.968
306.969
306.956
306.957
306.946
306.947
306.939
306.94
306.933
306.934
306.931
306.931
306.931
306.932
306.932
306.932
307.468
307.437
307.407
307.379
307.353
307.329
307.307
307.287
307.27
307.254
307.241
307.229
307.22
307.213
307.208
307.206
307.206
307.206
307.206
307.206
307.206
307.206
307.468
307.437
307.407
307.379
307.353
307.329
307.307
307.287
307.27
307.254
307.241
307.229
307.22
307.213
307.208
307.206
307.206
307.205
307.205
307.229
307.186
307.15
307.119
307.09
307.064
307.04
307.018
306.999
306.983
306.968
306.956
306.946
306.938
306.933
306.93
307.203
307.174
307.144
307.115
307.087
307.062
307.038
307.017
306.998
306.982
306.967
306.955
306.945
306.937
306.932
306.93
306.93
306.93
306.929
306.929
)
;
        refGradient     uniform 0;
        valueFraction   nonuniform List<scalar> 
129
(
0.999971
0.999971
0.999971
0.999971
0.999855
0.999855
0.999855
0.999855
0.999855
0.999855
0.999855
0.999855
0.999971
0.999971
0.999971
0.999971
0.999971
0.999855
0.999971
0.999855
0.999971
0.999855
0.999971
0.999855
0.999971
0.999855
0.999971
0.999855
0.999971
0.999855
0.999971
0.999855
0.999971
0.999855
0.999971
0.999855
0.999971
0.999855
0.999971
0.999855
0.999971
0.999855
0.999971
0.999855
0.999971
0.999855
0.999964
0.999971
0.999964
0.999964
0.999855
0.999964
0.999918
0.999918
0.999918
0.999918
0.999918
0.999918
0.999918
0.999918
0.999918
0.999918
0.999918
0.999918
0.999918
0.999918
0.999918
0.999918
0.999964
0.999964
0.999964
0.999964
0.999964
0.999964
0.999918
0.999918
0.999918
0.999918
0.999918
0.999918
0.999918
0.999918
0.999918
0.999918
0.999918
0.999918
0.999918
0.999918
0.999918
0.999964
0.999964
0.999918
0.999964
0.999855
0.999855
0.999855
0.999855
0.999855
0.999855
0.999855
0.999855
0.999855
0.999855
0.999855
0.999855
0.999855
0.999855
0.999855
0.999855
0.999971
0.999971
0.999971
0.999971
0.999971
0.999971
0.999971
0.999971
0.999971
0.999971
0.999971
0.999971
0.999971
0.999971
0.999971
0.999964
0.999964
0.999964
0.999964
0.999971
)
;
        value           nonuniform List<scalar> 
129
(
307.274
307.266
307.251
307.23
307.345
307.397
307.442
307.479
307.479
307.442
307.397
307.345
307.274
307.266
307.251
307.23
307.203
307.229
307.173
307.187
307.144
307.151
307.115
307.119
307.087
307.09
307.062
307.064
307.038
307.04
307.017
307.019
306.998
307
306.982
306.983
306.967
306.969
306.955
306.957
306.946
306.947
306.938
306.939
306.933
306.934
306.93
306.93
306.931
306.932
306.932
306.932
307.468
307.437
307.407
307.379
307.353
307.329
307.307
307.287
307.27
307.254
307.241
307.229
307.22
307.213
307.208
307.206
307.205
307.205
307.205
307.205
307.205
307.205
307.468
307.437
307.407
307.379
307.353
307.329
307.307
307.287
307.27
307.254
307.241
307.229
307.22
307.213
307.208
307.205
307.205
307.205
307.205
307.229
307.186
307.15
307.119
307.09
307.064
307.04
307.018
306.999
306.983
306.968
306.956
306.946
306.938
306.933
306.93
307.203
307.173
307.143
307.114
307.087
307.062
307.038
307.017
306.998
306.981
306.967
306.955
306.945
306.937
306.932
306.93
306.93
306.929
306.929
306.929
)
;
        Tnbr            T;
        thicknessLayers 0();
        kappaLayers     0();
        kappaMethod     fluidThermo;
        kappa           none;
        alphaAni        none;
        alpha           none;
    }
}


// ************************************************************************* //
