/*--------------------------------*- C++ -*----------------------------------*\
| =========                 |                                                 |
| \\      /  F ield         | OpenFOAM: The Open Source CFD Toolbox           |
|  \\    /   O peration     | Version:                                        |
|   \\  /    A nd           | Website:  www.openfoam.com                      |
|    \\/     M anipulation  |                                                 |
\*---------------------------------------------------------------------------*/
FoamFile
{
    version     2.0;
    format      ascii;
    class       volScalarField;
    location    "1881.5/air";
    object      T;
}
// * * * * * * * * * * * * * * * * * * * * * * * * * * * * * * * * * * * * * //

dimensions      [0 0 0 1 0 0 0];


internalField   nonuniform List<scalar> 
2228
(
307.039
307.105
307.159
307.206
306.975
307.038
307.103
307.164
306.932
306.992
307.061
307.13
306.898
306.957
307.028
307.1
306.868
306.927
306.999
307.073
306.841
306.899
306.972
307.048
306.815
306.87
306.944
307.024
306.789
306.837
306.913
307
306.76
306.792
306.872
306.974
306.722
306.724
306.812
306.942
306.669
306.611
306.717
306.901
306.591
306.426
306.564
306.842
306.477
306.142
306.327
306.759
306.316
305.724
305.961
306.645
306.085
305.09
305.351
306.467
305.522
304.046
304.263
306.013
307.206
307.159
307.105
307.039
307.164
307.103
307.039
306.975
307.13
307.061
306.992
306.932
307.1
307.028
306.957
306.898
307.073
306.998
306.926
306.868
307.047
306.969
306.895
306.84
307.021
306.936
306.86
306.812
306.993
306.895
306.816
306.781
306.96
306.835
306.75
306.743
306.916
306.737
306.639
306.69
306.845
306.544
306.415
306.603
306.706
306.094
305.91
306.437
306.407
305.07
304.874
306.151
305.808
303.286
303.29
305.803
304.892
301.176
301.482
305.263
304.033
299.639
299.6
303.629
296.06
296.946
297.847
298.697
293.102
292.872
292.886
293.067
293.057
292.878
292.712
292.593
293.135
293.119
293.091
293.049
293.138
293.14
293.143
293.144
293.146
293.146
293.147
293.149
293.154
293.154
293.154
293.154
293.167
293.167
293.168
293.168
293.228
293.232
293.236
293.239
293.362
293.368
293.374
293.378
293.473
293.479
293.485
293.49
293.555
293.561
293.567
293.574
293.666
293.673
293.681
293.688
293.816
293.827
293.839
293.851
294.003
294.021
294.039
294.057
294.138
294.156
294.191
294.223
294.149
294.15
294.142
294.122
293.939
293.93
293.92
293.909
293.861
293.872
293.883
293.897
293.85
293.841
293.857
293.882
299.387
299.771
300.147
301.083
293.404
293.781
294.194
294.792
292.534
292.537
292.611
292.776
292.994
292.928
292.854
292.778
293.141
293.131
293.112
293.081
293.152
293.155
293.157
293.158
293.154
293.155
293.156
293.158
293.169
293.17
293.17
293.171
293.242
293.244
293.246
293.248
293.382
293.385
293.388
293.39
293.495
293.5
293.504
293.508
293.58
293.586
293.592
293.598
293.696
293.704
293.712
293.72
293.864
293.876
293.887
293.897
294.075
294.089
294.099
294.106
294.236
294.229
294.207
294.17
294.091
294.05
294.003
293.952
293.898
293.889
293.885
293.886
293.912
293.928
293.946
293.964
293.896
293.909
293.914
293.924
301.848
302.455
303.081
295.411
295.98
296.655
292.995
293.226
293.53
292.727
292.703
292.701
293.048
293.017
292.982
293.156
293.153
293.148
293.16
293.161
293.163
293.172
293.173
293.173
293.249
293.249
293.249
293.39
293.391
293.39
293.511
293.513
293.514
293.603
293.607
293.61
293.727
293.731
293.736
293.905
293.91
293.915
294.112
294.115
294.115
294.132
294.099
294.061
293.914
293.889
293.867
293.893
293.902
293.913
293.979
293.989
293.999
293.93
293.928
293.931
303.468
303.661
303.844
297.134
297.399
297.672
293.777
293.923
294.081
292.716
292.732
292.753
292.956
292.942
292.928
293.143
293.14
293.137
293.164
293.164
293.165
293.174
293.174
293.174
293.249
293.249
293.249
293.39
293.39
293.39
293.515
293.516
293.516
293.613
293.614
293.615
293.739
293.74
293.742
293.918
293.919
293.92
294.112
294.109
294.106
294.033
294.018
294.002
293.855
293.849
293.845
293.922
293.927
293.933
294.005
294.007
294.01
293.937
293.939
293.941
304.179
304.612
304.857
298.219
299.019
299.846
294.407
294.924
295.5
292.808
292.922
293.076
292.901
292.864
292.833
293.129
293.115
293.098
293.166
293.166
293.166
293.175
293.176
293.177
293.249
293.249
293.248
293.389
293.388
293.386
293.517
293.517
293.518
293.617
293.62
293.622
293.745
293.748
293.751
293.923
293.925
293.927
294.097
294.077
294.05
293.972
293.927
293.884
293.84
293.837
293.843
293.945
293.963
293.983
294.015
294.02
294.023
293.942
293.941
293.937
303.843
299.589
297.668
298.12
301.024
300.749
299.489
297.422
296.526
297.529
297.746
297.039
293.376
293.867
294.263
294.364
292.802
292.799
292.838
292.891
293.07
293.032
292.997
292.973
293.165
293.161
293.155
293.148
293.179
293.181
293.183
293.184
293.247
293.246
293.244
293.242
293.383
293.378
293.372
293.365
293.517
293.515
293.511
293.505
293.625
293.628
293.628
293.626
293.755
293.758
293.758
293.755
293.928
293.923
293.907
293.87
294.002
293.923
293.835
293.757
293.836
293.796
293.797
293.846
293.865
293.909
293.972
294.04
294.009
294.04
294.062
294.075
294.024
294.02
294.009
293.994
293.929
293.916
293.902
293.89
299.26
300.49
300.304
297.886
295.347
295.592
296.234
294.985
295.828
294.726
294.207
294.14
294.173
293.786
293.379
293.141
292.925
292.92
292.88
292.795
292.961
292.958
292.963
292.951
293.141
293.135
293.132
293.129
293.185
293.185
293.186
293.188
293.24
293.238
293.236
293.235
293.358
293.349
293.34
293.332
293.496
293.485
293.472
293.457
293.62
293.609
293.595
293.574
293.747
293.732
293.701
293.638
293.804
293.718
293.643
293.628
293.723
293.758
293.865
294.007
293.936
294.05
294.162
294.245
294.102
294.148
294.173
294.178
294.076
294.067
294.054
294.039
293.978
293.964
293.952
293.945
293.881
293.856
293.842
293.866
293.15
293.15
293.15
293.15
293.15
293.149
293.126
293.03
292.932
292.905
292.912
292.923
292.932
292.918
292.825
292.716
292.68
292.647
292.633
294.3
293.15
293.15
293.15
293.15
293.15
293.149
293.131
293.038
292.938
292.909
292.917
292.928
292.934
292.91
292.811
292.724
292.714
292.717
292.756
294.267
293.15
293.15
293.15
293.15
293.15
293.15
293.139
293.059
292.953
292.919
292.926
292.937
292.938
292.902
292.802
292.752
292.788
292.836
292.858
294.28
293.15
293.15
293.15
293.15
293.15
293.15
293.146
293.087
292.979
292.932
292.937
292.947
292.942
292.896
292.806
292.797
292.876
292.943
292.904
294.31
293.15
293.15
293.15
293.15
293.15
293.15
293.15
293.113
293.014
292.95
292.949
292.958
292.948
292.895
292.82
292.846
292.952
293.021
292.931
294.346
293.15
293.15
293.15
293.15
293.15
293.15
293.151
293.132
293.052
292.973
292.961
292.969
292.956
292.9
292.84
292.89
293.006
293.065
292.955
294.384
293.15
293.15
293.15
293.15
293.15
293.15
293.151
293.144
293.086
293.003
292.974
292.979
292.965
292.911
292.861
292.924
293.038
293.081
292.979
294.426
293.15
293.15
293.15
293.15
293.15
293.15
293.151
293.15
293.113
293.035
292.989
292.989
292.976
292.926
292.882
292.95
293.056
293.082
292.999
294.47
293.15
293.15
293.15
293.15
293.15
293.15
293.15
293.152
293.132
293.067
293.008
292.998
292.987
292.944
292.903
292.969
293.067
293.081
293.016
294.516
293.15
293.15
293.15
293.15
293.15
293.15
293.15
293.152
293.143
293.095
293.031
293.007
292.998
292.963
292.923
292.983
293.071
293.079
293.03
294.564
293.15
293.15
293.15
293.15
293.15
293.15
293.15
293.151
293.149
293.116
293.056
293.019
293.009
292.983
292.943
292.995
293.072
293.076
293.041
294.615
293.15
293.15
293.15
293.15
293.15
293.15
293.15
293.15
293.151
293.132
293.08
293.035
293.018
293
292.964
293.006
293.069
293.073
293.051
294.668
293.15
293.15
293.15
293.15
293.15
293.15
293.15
293.15
293.152
293.142
293.101
293.053
293.028
293.015
292.985
293.016
293.066
293.071
293.06
294.723
293.15
293.15
293.15
293.15
293.15
293.15
293.15
293.15
293.151
293.148
293.118
293.072
293.04
293.026
293.003
293.026
293.063
293.068
293.066
294.781
293.15
293.15
293.15
293.15
293.15
293.15
293.15
293.15
293.151
293.151
293.131
293.091
293.054
293.035
293.019
293.035
293.061
293.066
293.071
294.842
293.15
293.15
293.15
293.15
293.15
293.15
293.15
293.15
293.15
293.152
293.14
293.107
293.069
293.045
293.031
293.043
293.059
293.065
293.074
294.905
293.15
293.15
293.15
293.15
293.15
293.15
293.15
293.15
293.15
293.152
293.146
293.121
293.085
293.056
293.041
293.05
293.058
293.063
293.075
294.971
293.15
293.15
293.15
293.15
293.15
293.15
293.15
293.15
293.15
293.151
293.149
293.131
293.1
293.068
293.049
293.054
293.057
293.062
293.074
295.041
293.15
293.15
293.15
293.15
293.15
293.15
293.15
293.15
293.149
293.151
293.151
293.139
293.113
293.081
293.057
293.056
293.055
293.062
293.072
295.105
293.15
293.15
293.15
293.15
293.15
293.15
293.15
293.15
293.15
293.15
293.151
293.144
293.124
293.094
293.067
293.059
293.054
293.063
293.07
295.234
293.15
293.149
293.15
293.151
293.151
293.15
293.148
293.146
293.147
293.148
293.15
293.149
293.14
293.121
293.096
293.073
293.061
293.071
293.072
294.39
293.148
293.151
293.173
293.204
293.227
293.226
293.204
293.176
293.156
293.147
293.146
293.148
293.148
293.143
293.131
293.111
293.095
293.092
293.106
293.844
293.153
293.23
293.34
293.437
293.487
293.479
293.414
293.319
293.234
293.179
293.154
293.146
293.146
293.148
293.146
293.137
293.126
293.119
293.115
293.269
293.22
293.413
293.566
293.661
293.709
293.711
293.655
293.533
293.385
293.265
293.193
293.159
293.148
293.146
293.147
293.146
293.142
293.137
293.134
293.142
293.299
293.536
293.679
293.746
293.773
293.786
293.779
293.705
293.552
293.383
293.261
293.193
293.161
293.149
293.146
293.146
293.146
293.145
293.144
293.139
293.344
293.593
293.718
293.766
293.786
293.794
293.807
293.79
293.679
293.499
293.338
293.239
293.188
293.163
293.152
293.148
293.148
293.148
293.148
293.147
293.374
293.628
293.739
293.775
293.799
293.81
293.813
293.82
293.756
293.589
293.406
293.283
293.219
293.185
293.167
293.158
293.154
293.153
293.154
293.154
293.398
293.661
293.759
293.785
293.817
293.838
293.828
293.83
293.796
293.649
293.455
293.318
293.245
293.209
293.188
293.176
293.17
293.166
293.164
293.165
293.438
293.707
293.78
293.794
293.837
293.866
293.849
293.837
293.815
293.684
293.484
293.336
293.263
293.228
293.209
293.196
293.189
293.189
293.199
293.217
293.489
293.76
293.794
293.803
293.861
293.887
293.863
293.842
293.825
293.7
293.494
293.343
293.276
293.244
293.229
293.228
293.241
293.266
293.304
293.342
293.541
293.807
293.8
293.813
293.882
293.899
293.868
293.845
293.829
293.699
293.491
293.347
293.29
293.268
293.271
293.295
293.333
293.375
293.417
293.453
293.594
293.842
293.798
293.825
293.895
293.902
293.871
293.851
293.825
293.687
293.484
293.36
293.318
293.313
293.335
293.37
293.411
293.454
293.498
293.534
293.65
293.864
293.798
293.83
293.9
293.907
293.878
293.856
293.812
293.668
293.484
293.392
293.37
293.383
293.415
293.457
293.504
293.558
293.605
293.643
293.702
293.881
293.799
293.826
293.897
293.911
293.885
293.854
293.792
293.654
293.505
293.45
293.45
293.478
293.522
293.581
293.646
293.701
293.741
293.785
293.766
293.899
293.802
293.812
293.879
293.904
293.882
293.841
293.77
293.655
293.557
293.535
293.553
293.599
293.672
293.754
293.81
293.834
293.875
293.951
293.798
293.923
293.819
293.796
293.842
293.877
293.864
293.823
293.758
293.678
293.633
293.636
293.682
293.764
293.862
293.918
293.906
293.921
293.998
294.101
293.82
293.95
293.862
293.804
293.797
293.818
293.817
293.789
293.747
293.711
293.721
293.785
293.867
293.944
293.989
293.947
293.933
294.003
294.031
294.085
293.84
293.96
293.922
293.878
293.841
293.824
293.819
293.816
293.827
293.875
293.963
294.004
294.003
293.952
293.901
293.935
294.01
293.977
293.904
293.919
293.781
293.896
293.904
293.905
293.901
293.892
293.887
293.89
293.901
293.917
293.927
293.928
293.904
293.887
293.925
293.987
293.973
293.886
293.82
293.83
293.632
293.677
293.675
293.667
293.676
293.686
293.687
293.682
293.683
293.676
293.677
293.708
293.712
293.716
293.754
293.784
293.785
293.804
293.784
293.833
294.339
292.38
292.71
292.777
292.806
292.832
292.854
292.872
292.889
292.903
292.917
292.928
292.938
292.946
292.955
292.963
292.971
292.979
292.985
293.003
294.286
292.496
292.756
292.802
292.822
292.844
292.863
292.879
292.894
292.908
292.921
292.933
292.943
292.952
292.96
292.967
292.974
292.982
292.988
293.008
294.298
292.654
292.849
292.848
292.858
292.873
292.884
292.895
292.906
292.919
292.931
292.943
292.953
292.962
292.97
292.977
292.983
292.989
292.996
293.022
294.339
292.772
292.941
292.907
292.911
292.916
292.916
292.919
292.925
292.935
292.947
292.959
292.969
292.979
292.986
292.992
292.997
293.002
293.01
293.046
294.386
292.845
293.016
292.972
292.973
292.966
292.956
292.95
292.951
292.957
292.967
292.979
292.989
292.999
293.006
293.012
293.015
293.02
293.03
293.076
294.432
292.893
293.074
293.033
293.03
293.013
292.996
292.984
292.98
292.983
292.991
293.002
293.012
293.022
293.029
293.034
293.036
293.04
293.054
293.108
294.474
292.925
293.118
293.08
293.074
293.054
293.033
293.017
293.009
293.01
293.016
293.026
293.036
293.045
293.052
293.056
293.058
293.062
293.08
293.139
294.512
292.948
293.148
293.111
293.104
293.084
293.064
293.047
293.037
293.036
293.041
293.049
293.058
293.067
293.073
293.077
293.08
293.084
293.108
293.166
294.546
292.965
293.168
293.13
293.123
293.106
293.088
293.072
293.062
293.06
293.064
293.071
293.079
293.087
293.094
293.098
293.101
293.107
293.136
293.187
294.576
292.978
293.181
293.141
293.135
293.121
293.107
293.092
293.083
293.081
293.084
293.089
293.097
293.105
293.113
293.118
293.122
293.132
293.165
293.203
294.604
292.987
293.19
293.146
293.144
293.131
293.12
293.108
293.1
293.098
293.1
293.105
293.113
293.122
293.131
293.138
293.145
293.158
293.193
293.217
294.629
292.99
293.192
293.141
293.151
293.138
293.129
293.12
293.114
293.112
293.114
293.119
293.128
293.139
293.151
293.16
293.168
293.186
293.22
293.229
294.652
292.984
293.177
293.118
293.158
293.144
293.136
293.129
293.124
293.123
293.125
293.132
293.143
293.157
293.172
293.183
293.194
293.215
293.248
293.241
294.672
292.962
293.135
293.073
293.166
293.148
293.141
293.135
293.132
293.132
293.135
293.144
293.158
293.176
293.194
293.207
293.22
293.244
293.274
293.253
294.689
292.921
293.058
293.009
293.172
293.153
293.145
293.141
293.139
293.14
293.145
293.157
293.175
293.196
293.215
293.23
293.245
293.272
293.299
293.265
294.703
292.863
292.958
292.943
293.175
293.158
293.149
293.145
293.144
293.147
293.155
293.171
293.192
293.214
293.235
293.251
293.268
293.296
293.322
293.275
294.712
292.797
292.866
292.893
293.169
293.163
293.153
293.149
293.15
293.155
293.166
293.184
293.208
293.231
293.25
293.267
293.287
293.317
293.342
293.286
294.718
292.736
292.81
292.869
293.147
293.169
293.157
293.154
293.156
293.163
293.177
293.198
293.223
293.245
293.262
293.278
293.3
293.334
293.36
293.296
294.711
292.692
292.8
292.866
293.103
293.174
293.162
293.159
293.162
293.171
293.189
293.212
293.237
293.258
293.271
293.284
293.308
293.347
293.374
293.305
294.755
292.673
292.825
292.877
293.044
293.177
293.168
293.164
293.169
293.181
293.201
293.227
293.252
293.271
293.28
293.288
293.31
293.355
293.385
293.313
293.937
292.716
292.936
292.941
292.945
293.176
293.183
293.18
293.188
293.208
293.236
293.269
293.295
293.306
293.304
293.297
293.309
293.365
293.403
293.328
293.663
292.893
293.133
293.089
292.946
293.119
293.214
293.22
293.239
293.274
293.317
293.354
293.372
293.367
293.347
293.317
293.307
293.362
293.418
293.345
294.063
293.33
293.309
293.302
293.089
293.053
293.22
293.267
293.309
293.369
293.42
293.443
293.44
293.424
293.392
293.347
293.326
293.366
293.42
293.356
293.785
293.805
293.486
293.512
293.277
293.157
293.238
293.322
293.398
293.473
293.504
293.5
293.49
293.475
293.432
293.38
293.363
293.395
293.431
293.375
293.307
293.906
293.734
293.721
293.503
293.301
293.312
293.405
293.499
293.55
293.548
293.544
293.55
293.529
293.474
293.426
293.417
293.446
293.466
293.405
293.111
293.778
293.891
293.908
293.749
293.404
293.433
293.51
293.579
293.593
293.594
293.613
293.618
293.581
293.527
293.486
293.483
293.511
293.526
293.447
293.108
293.592
293.908
294.046
293.998
293.508
293.533
293.596
293.631
293.638
293.661
293.683
293.672
293.638
293.596
293.561
293.551
293.573
293.59
293.496
293.134
293.42
293.818
294.102
294.173
293.651
293.593
293.653
293.674
293.694
293.725
293.739
293.732
293.716
293.685
293.648
293.623
293.625
293.639
293.542
293.192
293.322
293.697
294.105
294.279
293.779
293.612
293.694
293.718
293.75
293.784
293.805
293.82
293.821
293.798
293.753
293.705
293.68
293.678
293.58
293.292
293.329
293.626
294.135
294.349
293.821
293.631
293.725
293.76
293.803
293.846
293.889
293.929
293.947
293.931
293.879
293.804
293.739
293.712
293.611
293.399
293.409
293.682
294.314
294.332
293.752
293.644
293.751
293.798
293.85
293.908
293.972
294.031
294.062
294.058
294.012
293.921
293.809
293.742
293.637
293.499
293.601
294.003
294.537
294.089
293.652
293.678
293.777
293.828
293.886
293.954
294.028
294.089
294.122
294.127
294.103
294.031
293.895
293.779
293.664
293.641
294.035
294.427
294.328
293.767
293.647
293.725
293.801
293.85
293.904
293.973
294.044
294.099
294.127
294.132
294.123
294.089
293.976
293.826
293.691
293.975
294.428
294.444
293.943
293.798
293.77
293.768
293.805
293.852
293.904
293.965
294.026
294.072
294.098
294.102
294.097
294.089
294.022
293.872
293.721
294.281
294.446
294.156
293.893
293.954
293.958
293.899
293.851
293.849
293.88
293.929
293.98
294.02
294.043
294.048
294.047
294.058
294.03
293.901
293.742
294.3
294.24
293.975
293.978
293.967
293.943
293.947
293.929
293.895
293.88
293.893
293.921
293.95
293.968
293.975
293.983
294.015
294.017
293.909
293.753
294.144
294.065
293.982
293.996
293.965
293.946
293.931
293.933
293.924
293.902
293.884
293.88
293.884
293.889
293.897
293.921
293.977
293.994
293.898
293.759
294.012
293.979
293.995
293.978
293.954
293.933
293.92
293.905
293.892
293.87
293.844
293.822
293.812
293.816
293.839
293.89
293.96
293.963
293.866
293.757
293.938
293.938
293.953
293.946
293.901
293.86
293.881
293.899
293.886
293.861
293.837
293.821
293.82
293.837
293.874
293.922
293.95
293.897
293.797
293.738
293.87
293.873
293.872
293.83
293.746
293.714
293.755
293.78
293.809
293.8
293.778
293.777
293.765
293.772
293.769
293.76
293.723
293.682
293.676
293.681
)
;

boundaryField
{
    left_open
    {
        type            inletOutlet;
        inletValue      uniform 293.15;
        value           nonuniform List<scalar> 
40
(
293.15
293.15
293.15
293.15
293.15
293.15
293.15
293.15
293.15
293.15
293.15
293.15
293.15
293.15
293.15
293.15
293.15
293.15
293.15
293.15
293.15
293.15
293.15
293.15
293.15
293.15
293.375
293.15
293.15
293.485
293.537
293.15
293.15
293.15
293.76
293.793
293.15
293.837
293.779
293.631
)
;
    }
    right_open
    {
        type            inletOutlet;
        inletValue      uniform 293.15;
        value           nonuniform List<scalar> 
40
(
293.003
293.008
293.022
293.046
293.076
293.108
293.138
293.165
293.186
293.202
293.216
293.228
293.24
293.252
293.264
293.275
293.285
293.295
293.304
293.312
293.327
293.344
293.356
293.374
293.403
293.15
293.492
293.15
293.15
293.609
293.15
293.661
293.687
293.717
293.15
293.749
293.756
293.15
293.15
293.68
)
;
    }
    base_side
    {
        type            zeroGradient;
    }
    top
    {
        type            inletOutlet;
        inletValue      uniform 293.15;
        value           nonuniform List<scalar> 
65
(
293.631
293.677
293.676
293.667
293.674
293.685
293.685
293.678
293.681
293.672
293.15
293.706
293.71
293.15
293.749
293.781
293.15
293.81
293.15
293.829
293.857
293.15
293.15
293.876
293.888
293.904
293.15
293.15
293.929
293.15
293.924
293.927
293.93
293.935
293.937
293.937
293.934
293.927
293.914
293.899
293.886
293.88
293.15
293.15
293.867
293.868
293.15
293.868
293.823
293.739
293.714
293.757
293.15
293.808
293.798
293.776
293.777
293.15
293.772
293.15
293.759
293.719
293.678
293.675
293.68
)
;
    }
    front
    {
        type            empty;
    }
    back
    {
        type            empty;
    }
    air_to_aluminum
    {
        type            compressible::turbulentTemperatureCoupledBaffleMixed;
        refValue        nonuniform List<scalar> 
129
(
307.03
307.022
307.007
306.986
307.101
307.152
307.198
307.235
307.235
307.198
307.152
307.101
307.03
307.022
307.007
306.986
306.959
306.985
306.93
306.942
306.9
306.906
306.871
306.874
306.843
306.846
306.818
306.819
306.794
306.796
306.773
306.774
306.754
306.755
306.738
306.739
306.723
306.724
306.711
306.712
306.701
306.702
306.694
306.695
306.688
306.689
306.685
306.685
306.686
306.686
306.686
306.686
307.224
307.193
307.163
307.135
307.109
307.085
307.063
307.043
307.025
307.01
306.996
306.985
306.976
306.969
306.964
306.961
306.961
306.961
306.961
306.961
306.961
306.961
307.224
307.193
307.163
307.135
307.109
307.085
307.063
307.043
307.025
307.01
306.996
306.985
306.976
306.969
306.964
306.961
306.961
306.961
306.961
306.985
306.942
306.906
306.875
306.846
306.82
306.796
306.775
306.756
306.739
306.725
306.713
306.703
306.695
306.689
306.686
306.959
306.93
306.9
306.871
306.844
306.818
306.795
306.774
306.755
306.738
306.724
306.712
306.702
306.694
306.689
306.686
306.687
306.687
306.686
306.686
)
;
        refGradient     uniform 0;
        valueFraction   nonuniform List<scalar> 
129
(
0.999971
0.999971
0.999971
0.999971
0.999855
0.999855
0.999855
0.999855
0.999855
0.999855
0.999855
0.999855
0.999971
0.999971
0.999971
0.999971
0.999971
0.999855
0.999971
0.999855
0.999971
0.999855
0.999971
0.999855
0.999971
0.999855
0.999971
0.999855
0.999971
0.999855
0.999971
0.999855
0.999971
0.999855
0.999971
0.999855
0.999971
0.999855
0.999971
0.999855
0.999971
0.999855
0.999971
0.999855
0.999971
0.999855
0.999964
0.999971
0.999964
0.999964
0.999855
0.999964
0.999918
0.999918
0.999918
0.999918
0.999918
0.999918
0.999918
0.999918
0.999918
0.999918
0.999918
0.999918
0.999918
0.999918
0.999918
0.999918
0.999964
0.999964
0.999964
0.999964
0.999964
0.999964
0.999918
0.999918
0.999918
0.999918
0.999918
0.999918
0.999918
0.999918
0.999918
0.999918
0.999918
0.999918
0.999918
0.999918
0.999918
0.999964
0.999964
0.999918
0.999964
0.999855
0.999855
0.999855
0.999855
0.999855
0.999855
0.999855
0.999855
0.999855
0.999855
0.999855
0.999855
0.999855
0.999855
0.999855
0.999855
0.999971
0.999971
0.999971
0.999971
0.999971
0.999971
0.999971
0.999971
0.999971
0.999971
0.999971
0.999971
0.999971
0.999971
0.999971
0.999964
0.999964
0.999964
0.999964
0.999971
)
;
        value           nonuniform List<scalar> 
129
(
307.029
307.022
307.007
306.985
307.101
307.152
307.198
307.235
307.235
307.198
307.152
307.101
307.029
307.022
307.007
306.986
306.959
306.985
306.929
306.942
306.899
306.906
306.87
306.874
306.843
306.846
306.817
306.819
306.794
306.796
306.773
306.774
306.754
306.755
306.737
306.739
306.723
306.724
306.711
306.712
306.701
306.702
306.693
306.694
306.688
306.689
306.685
306.685
306.685
306.686
306.686
306.686
307.224
307.193
307.163
307.135
307.109
307.085
307.063
307.043
307.025
307.01
306.996
306.985
306.976
306.969
306.964
306.961
306.961
306.961
306.961
306.961
306.961
306.961
307.224
307.193
307.163
307.135
307.109
307.085
307.063
307.043
307.025
307.01
306.996
306.985
306.976
306.968
306.963
306.961
306.961
306.961
306.961
306.985
306.942
306.906
306.875
306.846
306.82
306.796
306.775
306.756
306.739
306.725
306.713
306.703
306.695
306.689
306.686
306.959
306.929
306.9
306.871
306.843
306.818
306.794
306.773
306.754
306.738
306.723
306.711
306.702
306.694
306.689
306.686
306.687
306.687
306.686
306.686
)
;
        Tnbr            T;
        thicknessLayers 0();
        kappaLayers     0();
        kappaMethod     fluidThermo;
        kappa           none;
        alphaAni        none;
        alpha           none;
    }
}


// ************************************************************************* //
