/*--------------------------------*- C++ -*----------------------------------*\
| =========                 |                                                 |
| \\      /  F ield         | OpenFOAM: The Open Source CFD Toolbox           |
|  \\    /   O peration     | Version:                                        |
|   \\  /    A nd           | Website:  www.openfoam.com                      |
|    \\/     M anipulation  |                                                 |
\*---------------------------------------------------------------------------*/
FoamFile
{
    version     2.0;
    format      ascii;
    class       volScalarField;
    location    "1843.5/aluminum";
    object      T;
}
// * * * * * * * * * * * * * * * * * * * * * * * * * * * * * * * * * * * * * //

dimensions      [0 0 0 1 0 0 0];


internalField   nonuniform List<scalar> 
372
(
306.76
306.771
306.791
306.821
306.753
306.763
306.783
306.813
306.738
306.748
306.767
306.798
306.717
306.725
306.741
306.771
306.86
306.908
306.964
307.033
306.854
306.901
306.953
307.011
306.843
306.891
306.939
306.984
306.832
306.883
306.928
306.965
307.107
307.175
307.267
307.062
307.1
307.135
307.016
307.036
307.051
306.981
306.99
306.997
307.359
307.375
307.359
307.149
307.151
307.149
307.055
307.056
307.055
306.999
306.999
306.999
307.267
307.175
307.107
307.135
307.1
307.062
307.051
307.036
307.016
306.997
306.99
306.981
307.033
306.964
306.907
306.86
307.011
306.953
306.901
306.854
306.984
306.939
306.891
306.843
306.965
306.928
306.883
306.832
306.821
306.791
306.771
306.76
306.813
306.783
306.763
306.753
306.798
306.767
306.748
306.738
306.771
306.741
306.725
306.717
306.69
306.695
306.705
306.716
306.661
306.664
306.669
306.673
306.631
306.633
306.635
306.637
306.602
306.603
306.604
306.605
306.574
306.575
306.576
306.577
306.549
306.55
306.55
306.551
306.526
306.526
306.527
306.527
306.505
306.505
306.505
306.506
306.486
306.486
306.487
306.487
306.469
306.469
306.47
306.47
306.455
306.455
306.455
306.456
306.443
306.443
306.443
306.443
306.433
306.433
306.434
306.434
306.425
306.426
306.426
306.426
306.42
306.42
306.421
306.421
306.417
306.418
306.418
306.418
306.954
306.956
306.958
306.923
306.924
306.924
306.893
306.893
306.893
306.865
306.865
306.865
306.839
306.839
306.839
306.815
306.815
306.815
306.793
306.793
306.793
306.773
306.773
306.773
306.756
306.756
306.756
306.74
306.74
306.74
306.727
306.727
306.727
306.715
306.715
306.715
306.706
306.706
306.706
306.7
306.7
306.7
306.695
306.695
306.695
306.692
306.692
306.692
306.958
306.958
306.958
306.924
306.924
306.924
306.893
306.893
306.893
306.865
306.865
306.865
306.839
306.839
306.839
306.815
306.815
306.815
306.793
306.793
306.793
306.773
306.773
306.773
306.756
306.756
306.756
306.74
306.74
306.74
306.727
306.727
306.727
306.715
306.715
306.715
306.706
306.706
306.706
306.7
306.7
306.7
306.695
306.695
306.695
306.692
306.692
306.692
306.958
306.956
306.954
306.924
306.924
306.923
306.893
306.893
306.893
306.865
306.865
306.865
306.839
306.839
306.839
306.815
306.815
306.815
306.793
306.793
306.793
306.773
306.773
306.773
306.756
306.756
306.756
306.74
306.74
306.74
306.727
306.727
306.727
306.715
306.715
306.715
306.706
306.706
306.706
306.699
306.699
306.699
306.695
306.695
306.695
306.692
306.692
306.692
306.716
306.705
306.695
306.69
306.673
306.669
306.664
306.66
306.637
306.635
306.633
306.631
306.605
306.604
306.603
306.602
306.577
306.576
306.575
306.574
306.551
306.55
306.55
306.549
306.527
306.527
306.526
306.526
306.506
306.506
306.505
306.505
306.487
306.487
306.486
306.486
306.47
306.47
306.47
306.469
306.456
306.456
306.455
306.455
306.444
306.444
306.443
306.443
306.434
306.434
306.433
306.433
306.426
306.426
306.426
306.425
306.421
306.421
306.421
306.42
306.418
306.418
306.418
306.417
)
;

boundaryField
{
    base_hotspot
    {
        type            fixedGradient;
        gradient        uniform 203.252;
    }
    base_adiabatic
    {
        type            zeroGradient;
    }
    front
    {
        type            empty;
    }
    back
    {
        type            empty;
    }
    aluminum_to_air
    {
        type            compressible::turbulentTemperatureCoupledBaffleMixed;
        refValue        nonuniform List<scalar> 
129
(
294.548
294.507
294.511
294.53
306.77
306.835
306.889
306.936
306.936
306.889
306.835
306.769
294.43
294.381
294.383
294.406
294.553
306.77
294.579
306.705
294.605
306.662
294.628
306.628
294.647
306.599
294.662
306.572
294.674
306.548
294.684
306.523
294.694
306.499
294.703
306.471
294.714
306.437
294.726
306.39
294.738
306.32
294.75
306.207
294.749
306.005
296.265
294.803
297.756
299.341
305.531
300.745
306.936
306.894
306.86
306.831
306.804
306.779
306.755
306.732
306.709
306.684
306.655
306.617
306.563
306.48
306.343
306.087
304.944
305.321
304.826
304.067
303.639
303.21
306.936
306.894
306.86
306.829
306.801
306.774
306.747
306.718
306.685
306.646
306.596
306.527
306.434
306.316
306.129
302.48
301.744
305.637
301.395
306.769
306.705
306.662
306.627
306.596
306.566
306.537
306.505
306.468
306.423
306.363
306.279
306.161
306.016
305.856
305.534
294.438
294.471
294.506
294.539
294.572
294.602
294.632
294.66
294.686
294.71
294.732
294.752
294.768
294.781
294.781
299.652
298.475
297.176
295.951
294.835
)
;
        refGradient     uniform 0;
        valueFraction   nonuniform List<scalar> 
129
(
2.89995e-05
2.89995e-05
2.89995e-05
2.89995e-05
0.000144981
0.000144981
0.000144981
0.000144981
0.000144981
0.000144981
0.000144981
0.000144981
2.89995e-05
2.89995e-05
2.89995e-05
2.89995e-05
2.89995e-05
0.000144981
2.89995e-05
0.000144981
2.89995e-05
0.000144981
2.89995e-05
0.000144981
2.89995e-05
0.000144981
2.89995e-05
0.000144981
2.89995e-05
0.000144981
2.89995e-05
0.000144981
2.89995e-05
0.000144981
2.89995e-05
0.000144981
2.89995e-05
0.000144981
2.89995e-05
0.000144981
2.89995e-05
0.000144981
2.89995e-05
0.000144981
2.89995e-05
0.000144981
3.62491e-05
2.89995e-05
3.62491e-05
3.62491e-05
0.000144981
3.62491e-05
8.21599e-05
8.21599e-05
8.21599e-05
8.21599e-05
8.21599e-05
8.21599e-05
8.21599e-05
8.21599e-05
8.21599e-05
8.21599e-05
8.21599e-05
8.21599e-05
8.21599e-05
8.21599e-05
8.21599e-05
8.21599e-05
3.62491e-05
3.62491e-05
3.62491e-05
3.62491e-05
3.62491e-05
3.62491e-05
8.21599e-05
8.21599e-05
8.21599e-05
8.21599e-05
8.21599e-05
8.21599e-05
8.21599e-05
8.21599e-05
8.21599e-05
8.21599e-05
8.21599e-05
8.21599e-05
8.21599e-05
8.21599e-05
8.21599e-05
3.62491e-05
3.62491e-05
8.21599e-05
3.62491e-05
0.000144981
0.000144981
0.000144981
0.000144981
0.000144981
0.000144981
0.000144981
0.000144981
0.000144981
0.000144981
0.000144981
0.000144981
0.000144981
0.000144981
0.000144981
0.000144981
2.89995e-05
2.89995e-05
2.89995e-05
2.89995e-05
2.89995e-05
2.89995e-05
2.89995e-05
2.89995e-05
2.89995e-05
2.89995e-05
2.89995e-05
2.89995e-05
2.89995e-05
2.89995e-05
2.89995e-05
3.62491e-05
3.62491e-05
3.62491e-05
3.62491e-05
2.89995e-05
)
;
        value           nonuniform List<scalar> 
129
(
306.76
306.752
306.737
306.716
306.831
306.882
306.928
306.965
306.965
306.928
306.882
306.831
306.76
306.752
306.737
306.716
306.689
306.715
306.66
306.673
306.63
306.637
306.601
306.605
306.574
306.576
306.548
306.55
306.525
306.527
306.504
306.505
306.485
306.486
306.468
306.47
306.454
306.455
306.442
306.443
306.432
306.433
306.424
306.426
306.419
306.42
306.416
306.416
306.417
306.417
306.417
306.417
306.954
306.923
306.893
306.865
306.839
306.815
306.793
306.773
306.755
306.74
306.726
306.715
306.706
306.699
306.694
306.692
306.692
306.692
306.692
306.692
306.692
306.692
306.954
306.923
306.893
306.865
306.839
306.815
306.793
306.773
306.755
306.74
306.726
306.715
306.706
306.699
306.694
306.692
306.692
306.692
306.691
306.715
306.673
306.637
306.605
306.576
306.55
306.527
306.505
306.486
306.47
306.455
306.443
306.433
306.426
306.421
306.418
306.689
306.66
306.63
306.601
306.574
306.548
306.525
306.504
306.485
306.468
306.454
306.442
306.432
306.425
306.419
306.418
306.417
306.417
306.416
306.416
)
;
        Tnbr            T;
        thicknessLayers 0();
        kappaLayers     0();
        kappaMethod     solidThermo;
        kappa           none;
        alphaAni        none;
        alpha           none;
    }
}


// ************************************************************************* //
