/*--------------------------------*- C++ -*----------------------------------*\
| =========                 |                                                 |
| \\      /  F ield         | OpenFOAM: The Open Source CFD Toolbox           |
|  \\    /   O peration     | Version:                                        |
|   \\  /    A nd           | Website:  www.openfoam.com                      |
|    \\/     M anipulation  |                                                 |
\*---------------------------------------------------------------------------*/
FoamFile
{
    version     2.0;
    format      ascii;
    class       surfaceScalarField;
    location    "140/air";
    object      phi;
}
// * * * * * * * * * * * * * * * * * * * * * * * * * * * * * * * * * * * * * //

dimensions      [1 0 -1 0 0 0 0];
oriented        oriented;


internalField   nonuniform List<scalar> 
4299
(
7.31674e-08
-7.31521e-08
1.1181e-07
-3.86276e-08
7.35049e-08
3.83208e-08
7.35204e-08
6.51633e-08
-1.383e-07
1.11838e-07
-8.52871e-08
7.21329e-08
7.80414e-08
1.45669e-07
3.88281e-08
-1.77113e-07
6.84894e-08
-1.14933e-07
4.33831e-08
1.03163e-07
1.89067e-07
1.99675e-08
-1.97065e-07
3.47916e-08
-1.29742e-07
2.12452e-08
1.16725e-07
2.10328e-07
9.08509e-09
-2.06135e-07
1.51662e-08
-1.35808e-07
8.69513e-09
1.23211e-07
2.19039e-07
3.35675e-09
-2.09476e-07
5.09893e-09
-1.37534e-07
2.56855e-09
1.25757e-07
2.21623e-07
4.92713e-10
-2.09954e-07
4.24137e-10
-1.3745e-07
2.03362e-11
1.26177e-07
2.21659e-07
-8.4001e-10
-2.09099e-07
-1.54331e-09
-1.36732e-07
-9.60746e-10
1.2561e-07
2.20714e-07
-1.57297e-09
-2.0751e-07
-2.22529e-09
-1.36064e-07
-9.91452e-10
1.24392e-07
2.19738e-07
-2.17237e-09
-2.05323e-07
-2.4694e-09
-1.35751e-07
-7.20473e-10
1.22658e-07
2.19033e-07
-3.1415e-09
-2.02166e-07
-2.93379e-09
-1.35943e-07
-4.28639e-10
1.20169e-07
2.18621e-07
-5.17788e-09
-1.96972e-07
-4.52629e-09
-1.36578e-07
-5.22848e-10
1.16182e-07
2.18114e-07
-9.22926e-09
-1.87727e-07
-8.72133e-09
-1.37068e-07
-1.82161e-09
1.093e-07
2.16309e-07
-1.64451e-08
-1.71265e-07
-1.74076e-08
-1.36086e-07
-6.00597e-09
9.79175e-08
2.1032e-07
-2.82811e-08
-1.42965e-07
-3.2192e-08
-1.32153e-07
-1.55298e-08
8.12773e-08
1.94809e-07
-3.80996e-08
-1.04846e-07
-5.17144e-08
-1.18512e-07
-2.71917e-08
5.67824e-08
1.6764e-07
-7.34865e-08
7.3502e-08
-1.11784e-07
3.83128e-08
-7.31516e-08
-3.86171e-08
-7.31363e-08
-7.21122e-08
1.4563e-07
-1.11808e-07
7.80238e-08
-6.51466e-08
-8.52629e-08
-1.38268e-07
-4.33667e-08
1.89012e-07
-6.84655e-08
1.03138e-07
-3.88155e-08
-1.14898e-07
-1.77068e-07
-2.12306e-08
2.10258e-07
-3.4772e-08
1.16695e-07
-1.99588e-08
-1.29695e-07
-1.97011e-07
-8.67674e-09
2.1895e-07
-1.51457e-08
1.23179e-07
-9.0795e-09
-1.35746e-07
-2.06076e-07
-2.53797e-09
2.21504e-07
-5.06788e-09
1.25725e-07
-3.35235e-09
-1.37446e-07
-2.09413e-07
3.76269e-11
2.21482e-07
-3.65728e-10
1.26144e-07
-4.80896e-10
-1.37316e-07
-2.09878e-07
1.08644e-09
2.20411e-07
1.6746e-09
1.25571e-07
8.70572e-10
-1.36496e-07
-2.08992e-07
1.24981e-09
2.19177e-07
2.51345e-09
1.24323e-07
1.66124e-09
-1.35628e-07
-2.07316e-07
1.23146e-09
2.17962e-07
3.11174e-09
1.22459e-07
2.44491e-09
-1.34946e-07
-2.04855e-07
1.41137e-09
2.16566e-07
4.33745e-09
1.19549e-07
3.87973e-09
-1.34472e-07
-2.0096e-07
2.36415e-09
2.14218e-07
7.4642e-09
1.14465e-07
6.97215e-09
-1.33963e-07
-1.93972e-07
5.15185e-09
2.09083e-07
1.45621e-08
1.05072e-07
1.33268e-08
-1.3271e-07
-1.80629e-07
1.1623e-08
1.97476e-07
2.82443e-08
8.84695e-08
2.5807e-08
-1.30255e-07
-1.54806e-07
2.27944e-08
1.74699e-07
4.78966e-08
6.33861e-08
4.61541e-08
-1.28494e-07
-1.08635e-07
1.67282e-08
1.57988e-07
5.21476e-08
2.79848e-08
4.21345e-08
-1.18463e-07
-6.64865e-08
4.93062e-06
2.25154e-06
-7.18213e-06
3.1241e-06
1.80656e-06
1.84755e-06
1.27658e-06
7.9974e-07
1.04786e-06
7.45868e-06
2.48578e-06
-7.69292e-06
6.81278e-06
2.45247e-06
5.81292e-06
2.27644e-06
2.01459e-06
4.59808e-06
5.87057e-06
2.39652e-06
-5.78131e-06
5.73326e-06
2.58978e-06
5.27731e-06
2.73238e-06
2.79221e-06
4.49967e-06
3.70622e-06
2.50197e-06
-3.81171e-06
3.53062e-06
2.76533e-06
3.2153e-06
3.04765e-06
3.30148e-06
2.70597e-06
1.50355e-06
2.72987e-06
-1.73157e-06
1.2444e-06
3.02436e-06
9.37783e-07
3.35412e-06
3.67427e-06
5.6482e-07
-1.28433e-06
2.98607e-06
1.02791e-06
-1.54509e-06
3.28485e-06
-1.77726e-06
3.58599e-06
3.85334e-06
-1.95664e-06
-4.77551e-06
3.20707e-06
4.55424e-06
-4.93133e-06
3.44041e-06
-4.97448e-06
3.62891e-06
3.75469e-06
-4.87597e-06
-7.46254e-06
3.23033e-06
7.43915e-06
-7.38069e-06
3.35848e-06
-7.16842e-06
3.41664e-06
3.40052e-06
-6.81412e-06
-7.34428e-06
2.83158e-06
7.74309e-06
-6.86569e-06
2.87997e-06
-6.30534e-06
2.85641e-06
2.76351e-06
-5.66817e-06
-5.13052e-06
1.96608e-06
5.99657e-06
-4.22984e-06
1.9798e-06
-3.30922e-06
1.93627e-06
1.84113e-06
-2.38641e-06
-3.3206e-06
9.99212e-07
4.28802e-06
-2.34458e-06
1.0043e-06
-1.38589e-06
9.78058e-07
9.2489e-07
-4.69213e-07
-2.63592e-06
2.76853e-07
3.35835e-06
-1.90763e-06
2.7608e-07
-1.19143e-06
2.61925e-07
2.36409e-07
-5.02901e-07
-2.24614e-06
-2.16036e-07
2.73902e-06
-1.74331e-06
-2.26758e-07
-1.23844e-06
-2.42944e-07
-2.63716e-07
-7.38325e-07
-1.94086e-06
-5.53076e-07
2.2779e-06
-1.59449e-06
-5.73128e-07
-1.24245e-06
-5.94984e-07
-6.17837e-07
-8.88325e-07
-1.77924e-06
-7.48295e-07
1.97446e-06
-1.58138e-06
-7.70987e-07
-1.38306e-06
-7.93301e-07
-8.13653e-07
-1.18725e-06
-1.67339e-06
-8.10787e-07
1.73588e-06
-1.61718e-06
-8.27189e-07
-1.56985e-06
-8.40637e-07
-8.4882e-07
-1.53468e-06
-1.47489e-06
-7.71539e-07
1.43565e-06
-1.52645e-06
-7.75634e-07
-1.59368e-06
-7.73404e-07
-7.62743e-07
-1.67976e-06
-1.10795e-06
-6.79632e-07
1.01604e-06
-1.21406e-06
-6.69529e-07
-1.33822e-06
-6.49241e-07
-6.17252e-07
-1.48371e-06
-6.48902e-07
-5.81705e-07
5.50975e-07
-7.60052e-07
-5.58379e-07
-8.86587e-07
-5.22705e-07
-4.70087e-07
-1.03375e-06
-2.76397e-07
1.89734e-07
-3.72962e-07
-4.87388e-07
-6.25457e-07
5.06247e-07
4.3686e-07
1.60325e-07
2.27565e-07
4.27712e-08
1.74546e-07
2.15524e-07
-4.8795e-09
3.30526e-06
1.72969e-06
2.05975e-06
1.47315e-06
9.3737e-07
1.29709e-06
1.24662e-06
-9.34635e-08
3.45681e-06
2.77254e-06
2.22479e-06
2.70522e-06
8.8168e-07
2.64034e-06
2.62864e-06
-5.00095e-07
1.98494e-06
3.49352e-06
1.07515e-06
3.61503e-06
2.96652e-08
3.68595e-06
3.738e-06
-1.07947e-06
1.15995e-07
3.94218e-06
-4.03894e-07
4.13485e-06
-9.73184e-07
4.25533e-06
4.32398e-06
-1.559e-06
-2.07278e-06
4.05808e-06
-2.1271e-06
4.18909e-06
-2.12546e-06
4.25377e-06
4.2651e-06
-2.06639e-06
-4.62917e-06
3.81129e-06
-4.24457e-06
3.80469e-06
-3.73857e-06
3.74815e-06
3.65405e-06
-3.12705e-06
-6.31915e-06
3.31659e-06
-5.69293e-06
3.17889e-06
-4.94835e-06
3.00413e-06
2.80688e-06
-4.10053e-06
-4.96115e-06
2.60977e-06
-4.19101e-06
2.40901e-06
-3.36499e-06
2.17841e-06
1.93535e-06
-2.49311e-06
-1.47802e-06
1.70178e-06
-5.98265e-07
1.52962e-06
2.42017e-07
1.33847e-06
1.14483e-06
1.03286e-06
3.83542e-07
8.49411e-07
1.15665e-06
7.56835e-07
1.83986e-06
6.55536e-07
5.53688e-07
2.43121e-06
1.45135e-07
2.01416e-07
7.42526e-07
1.59472e-07
1.28463e-06
1.13454e-07
6.69974e-08
1.77133e-06
-2.49186e-07
-2.87727e-07
2.23608e-07
-3.13324e-07
6.75772e-07
-3.38712e-07
-3.62298e-07
1.10507e-06
-5.3586e-07
-6.40191e-07
-1.8915e-07
-6.60033e-07
1.46928e-07
-6.74787e-07
-6.81938e-07
4.66573e-07
-9.97395e-07
-8.30039e-07
-8.17879e-07
-8.39545e-07
-6.54428e-07
-8.3823e-07
-8.21299e-07
-5.15054e-07
-1.51543e-06
-8.49281e-07
-1.5166e-06
-8.38369e-07
-1.54373e-06
-8.11081e-07
-7.61249e-07
-1.60376e-06
-1.78765e-06
-7.41388e-07
-1.9199e-06
-7.06106e-07
-2.07846e-06
-6.52509e-07
-5.75247e-07
-2.26444e-06
-1.65296e-06
-5.72135e-07
-1.84643e-06
-5.12634e-07
-2.06107e-06
-4.37862e-07
-3.473e-07
-2.28899e-06
-1.20793e-06
-3.97956e-07
-1.4151e-06
-3.05461e-07
-1.66118e-06
-1.91781e-07
-5.19285e-08
-1.95654e-06
-7.93249e-07
-9.94979e-07
-1.22945e-06
-1.49167e-06
-1.35424e-07
1.30672e-07
-2.73988e-07
1.38682e-07
1.4483e-07
-4.18714e-07
-6.8716e-07
7.24516e-07
-1.28634e-06
7.37989e-07
7.40248e-07
-1.88167e-06
-1.27037e-06
1.49492e-06
-2.02889e-06
1.49659e-06
1.48167e-06
-2.77031e-06
-1.70756e-06
2.12311e-06
-2.32643e-06
2.11548e-06
2.08545e-06
-2.93027e-06
-1.89031e-06
2.45448e-06
-2.21389e-06
2.43904e-06
2.40117e-06
-2.52971e-06
-2.01672e-06
2.4049e-06
-1.95515e-06
2.37751e-06
2.3348e-06
-1.88883e-06
-2.74054e-06
2.01866e-06
-2.33459e-06
1.9718e-06
1.91804e-06
-1.91763e-06
-3.57536e-06
1.49387e-06
-3.0279e-06
1.42474e-06
1.35432e-06
-2.46379e-06
-1.99156e-06
9.9254e-07
-1.48253e-06
9.15934e-07
8.42024e-07
-9.69993e-07
1.45426e-06
5.71314e-07
1.85497e-06
5.1539e-07
4.63572e-07
2.23358e-06
2.73348e-06
2.69152e-07
3.00813e-06
2.40816e-07
2.14772e-07
3.257e-06
2.02259e-06
1.78923e-08
2.25852e-06
4.8856e-09
-6.39643e-09
2.47969e-06
1.33842e-06
-2.15461e-07
1.56387e-06
-2.2056e-07
-2.24355e-07
1.78182e-06
6.37394e-07
-3.86279e-07
7.9961e-07
-3.82773e-07
-3.76598e-07
9.51857e-07
-4.52489e-07
-4.48834e-07
-4.02543e-07
-4.32708e-07
-4.11932e-07
-3.67195e-07
-1.65635e-06
-3.96229e-07
-1.72324e-06
-3.65797e-07
-3.29535e-07
-1.80561e-06
-2.38205e-06
-2.78589e-07
-2.50864e-06
-2.3918e-07
-1.94152e-07
-2.64399e-06
-2.41614e-06
-1.51426e-07
-2.54268e-06
-1.12616e-07
-6.99614e-08
-2.66685e-06
-2.14547e-06
3.75101e-08
-2.33817e-06
8.00948e-08
1.22308e-07
-2.53042e-06
-1.65114e-06
-1.81995e-06
-1.99005e-06
-4.73233e-07
5.45521e-08
-5.27533e-07
5.43311e-08
5.32727e-08
-5.80776e-07
-2.08566e-06
2.58557e-07
-2.28819e-06
2.56877e-07
2.54924e-07
-2.48984e-06
-3.02498e-06
5.13212e-07
-3.27715e-06
5.09025e-07
5.04754e-07
-3.52702e-06
-3.1388e-06
7.21699e-07
-3.34462e-06
7.1478e-07
7.07537e-07
-3.54747e-06
-2.64064e-06
8.32565e-07
-2.75046e-06
8.24523e-07
8.16088e-07
-2.8591e-06
-1.86912e-06
8.12824e-07
-1.85003e-06
8.05381e-07
7.97348e-07
-1.83135e-06
-1.76923e-06
6.64485e-07
-1.62073e-06
6.56932e-07
6.48956e-07
-1.47229e-06
-2.25856e-06
4.59388e-07
-2.05189e-06
4.50394e-07
4.41518e-07
-1.84432e-06
-7.90995e-07
2.80475e-07
-6.12247e-07
2.71731e-07
2.6295e-07
-4.33594e-07
2.36013e-06
1.53974e-07
2.48356e-06
1.48356e-07
1.42502e-07
2.60406e-06
3.34114e-06
6.98543e-08
3.42238e-06
6.71441e-08
6.44578e-08
3.50044e-06
2.55468e-06
-5.13276e-09
2.62824e-06
-6.41641e-09
-7.61797e-09
2.70031e-06
1.85685e-06
-8.01548e-08
1.93078e-06
-8.03466e-08
-8.03444e-08
2.0035e-06
1.00287e-06
-1.31169e-07
1.05242e-06
-1.29894e-07
-1.28348e-07
1.10043e-06
-3.59123e-07
-1.39235e-07
-3.53115e-07
-1.35897e-07
-1.32322e-07
-3.49135e-07
-1.8387e-06
-1.06135e-07
-1.87378e-06
-1.00809e-07
-9.52722e-08
-1.91082e-06
-2.69361e-06
-5.65103e-08
-2.74416e-06
-5.02442e-08
-4.38146e-08
-2.7956e-06
-2.70895e-06
-1.43936e-08
-2.75058e-06
-8.6036e-09
-2.57819e-09
-2.7918e-06
-2.59947e-06
5.46601e-08
-2.66729e-06
5.92272e-08
6.31291e-08
-2.73299e-06
-2.04539e-06
-2.09935e-06
-2.15212e-06
-7.17175e-07
1.36472e-07
-8.47885e-07
1.3077e-07
1.33942e-07
-9.81779e-07
-3.06651e-06
7.1312e-07
-3.63873e-06
7.02917e-07
7.05177e-07
-4.21007e-06
-4.22709e-06
1.41304e-06
-4.90335e-06
1.379e-06
1.35079e-06
-5.54917e-06
-4.10292e-06
1.96825e-06
-4.62117e-06
1.89697e-06
1.82109e-06
-5.09175e-06
-3.15576e-06
2.26459e-06
-3.43432e-06
2.17518e-06
2.07423e-06
-3.68784e-06
-1.77182e-06
2.20485e-06
-1.71726e-06
2.12032e-06
2.02431e-06
-1.66769e-06
-1.05551e-06
1.78815e-06
-6.48947e-07
1.7138e-06
1.63303e-06
-2.57685e-07
-1.26352e-06
1.20772e-06
-6.86097e-07
1.13671e-06
1.06596e-06
-1.18701e-07
7.69757e-08
6.97394e-07
5.81981e-07
6.31951e-07
5.71825e-07
1.07635e-06
2.93317e-06
3.68416e-07
3.23874e-06
3.26509e-07
2.89699e-07
3.52098e-06
3.69963e-06
1.69267e-07
3.87678e-06
1.49401e-07
1.31624e-07
4.03488e-06
2.89689e-06
-2.73152e-08
3.08206e-06
-3.57703e-08
-4.28723e-08
3.25656e-06
2.202e-06
-2.25808e-07
2.38943e-06
-2.23205e-07
-2.18831e-07
2.56539e-06
1.22792e-06
-3.53293e-07
1.34174e-06
-3.37019e-07
-3.18409e-07
1.44132e-06
-3.47336e-07
-3.55076e-07
-3.62359e-07
-3.21979e-07
-2.86805e-07
-3.93946e-07
-2.02582e-06
-2.40045e-07
-2.15564e-06
-1.92125e-07
-1.43763e-07
-2.29865e-06
-2.94634e-06
-8.9264e-08
-3.1025e-06
-3.59194e-08
1.6271e-08
-3.26249e-06
-2.90766e-06
2.66272e-08
-3.01974e-06
7.62062e-08
1.23658e-07
-3.12709e-06
-2.89845e-06
1.92123e-07
-3.03568e-06
2.13462e-07
2.26377e-07
-3.13836e-06
-2.29892e-06
-2.41909e-06
-2.50236e-06
-1.07685e-06
2.53121e-07
-1.31599e-06
2.6716e-07
-1.82561e-06
3.91166e-07
6.63606e-07
-2.55572e-06
-5.25117e-06
1.29401e-06
-6.38757e-06
1.40334e-06
-7.54383e-06
1.54724e-06
1.69905e-06
-8.57943e-06
-6.59738e-06
2.34185e-06
-7.47451e-06
2.28017e-06
-8.12619e-06
2.19869e-06
2.08358e-06
-8.51088e-06
-5.77934e-06
3.02899e-06
-6.25999e-06
2.7605e-06
-6.5304e-06
2.46887e-06
2.16587e-06
-6.61283e-06
-4.05461e-06
3.39515e-06
-4.31961e-06
3.02501e-06
-4.49492e-06
2.64385e-06
2.27452e-06
-4.60381e-06
-1.5745e-06
3.3013e-06
-1.49922e-06
2.94912e-06
-1.44985e-06
2.59395e-06
2.25344e-06
-1.42919e-06
3.75998e-07
2.66748e-06
9.36343e-07
2.38858e-06
1.41922e-06
2.11086e-06
1.84624e-06
1.82621e-06
8.28391e-07
1.7209e-06
1.70943e-06
1.50798e-06
2.51297e-06
1.30772e-06
1.12702e-06
3.23253e-06
1.92398e-06
8.73693e-07
2.70285e-06
7.29495e-07
3.40008e-06
6.10842e-07
5.15756e-07
4.01165e-06
3.96571e-06
4.29133e-07
4.3424e-06
3.52949e-07
4.65702e-06
2.96321e-07
2.55124e-07
4.91773e-06
4.26781e-06
1.96238e-07
4.46379e-06
1.56981e-07
4.63284e-06
1.27283e-07
1.06011e-07
4.78196e-06
3.54108e-06
-8.82845e-08
3.79664e-06
-9.85777e-08
4.02508e-06
-1.01161e-07
-9.63335e-08
4.22742e-06
2.84458e-06
-3.67473e-07
3.08585e-06
-3.39848e-07
3.28965e-06
-3.04961e-07
-2.63967e-07
3.45728e-06
1.58276e-06
-5.08906e-07
1.68019e-06
-4.37264e-07
1.7377e-06
-3.62462e-07
-2.87968e-07
1.76171e-06
-4.82216e-07
-4.20605e-07
-6.0936e-07
-3.10091e-07
-7.63058e-07
-2.08739e-07
-1.21675e-07
-9.29331e-07
-2.57593e-06
-1.43265e-07
-2.87175e-06
-1.42201e-08
-3.16677e-06
8.63183e-08
1.56727e-07
-3.44515e-06
-3.54966e-06
1.4397e-07
-3.8306e-06
2.6677e-07
-4.09763e-06
3.53383e-07
4.03833e-07
-4.34471e-06
-3.30716e-06
3.2412e-07
-3.46889e-06
4.28565e-07
-3.61277e-06
4.97309e-07
5.32135e-07
-3.74105e-06
-3.21693e-06
4.02755e-07
-3.17483e-06
3.8652e-07
-3.03483e-06
3.57357e-07
3.40828e-07
-2.84348e-06
-2.54268e-06
-2.41608e-06
-2.14611e-06
-1.82102e-06
-3.59656e-06
1.04079e-06
-5.04912e-06
1.45252e-06
-6.90688e-06
1.85772e-06
2.1766e-06
-9.0835e-06
-9.37669e-06
1.83792e-06
-9.86244e-06
1.93818e-06
-9.98095e-06
1.97617e-06
1.93379e-06
-9.73818e-06
-8.60768e-06
1.93461e-06
-8.43146e-06
1.76188e-06
-8.03861e-06
1.58328e-06
1.42114e-06
-7.52599e-06
-6.54942e-06
1.8711e-06
-6.39268e-06
1.60509e-06
-6.19143e-06
1.38198e-06
1.21044e-06
-5.98078e-06
-4.67176e-06
1.93888e-06
-4.71857e-06
1.65177e-06
-4.75483e-06
1.41813e-06
1.23872e-06
-4.7832e-06
-1.43501e-06
1.94436e-06
-1.4603e-06
1.67678e-06
-1.4973e-06
1.4549e-06
1.27676e-06
-1.53554e-06
2.16546e-06
1.60494e-06
2.4485e-06
1.39359e-06
2.6874e-06
1.21588e-06
1.07281e-06
2.89125e-06
3.86863e-06
9.6915e-07
4.42675e-06
8.35758e-07
4.91572e-06
7.27161e-07
6.44795e-07
5.34395e-06
4.53963e-06
4.41444e-07
4.99093e-06
3.8468e-07
5.37592e-06
3.42366e-07
3.12246e-07
5.70862e-06
5.13361e-06
2.25614e-07
5.31369e-06
2.04635e-07
5.4663e-06
1.89771e-07
1.79049e-07
5.59952e-06
4.91572e-06
9.18509e-08
5.03667e-06
8.36865e-08
5.14593e-06
8.05044e-08
8.16035e-08
5.24338e-06
4.40424e-06
-8.49668e-08
4.55603e-06
-6.8099e-08
4.68333e-06
-4.6797e-08
-2.17358e-08
4.78667e-06
3.59108e-06
-2.18763e-07
3.69415e-06
-1.71166e-07
3.77016e-06
-1.22811e-07
-7.47036e-08
3.82312e-06
1.75974e-06
-2.16797e-07
1.73934e-06
-1.50757e-07
1.70741e-06
-9.08865e-08
-3.80987e-08
1.67081e-06
-1.09571e-06
-5.04015e-08
-1.25572e-06
9.25928e-09
-1.3953e-06
4.8695e-08
7.81648e-08
-1.51156e-06
-3.69683e-06
2.01302e-07
-3.91219e-06
2.24617e-07
-4.09518e-06
2.31689e-07
2.26515e-07
-4.24354e-06
-4.56673e-06
4.23332e-07
-4.76078e-06
4.18658e-07
-4.92553e-06
3.96435e-07
3.63688e-07
-5.06272e-06
-3.85587e-06
5.38166e-07
-3.9575e-06
5.20283e-07
-4.04505e-06
4.83972e-07
4.35014e-07
-4.11639e-06
-2.64769e-06
3.42398e-07
-2.46236e-06
3.34972e-07
-2.29198e-06
3.13597e-07
2.86219e-07
-2.14318e-06
-1.55109e-06
-1.28517e-06
-1.04391e-06
-7.46153e-07
-8.08925e-07
-4.47198e-07
-2.23907e-08
-7.86535e-07
5.64676e-07
-5.87067e-07
8.82034e-07
-3.17358e-07
9.85477e-07
-1.03442e-07
9.53011e-07
3.24656e-08
8.49841e-07
1.0317e-07
7.14308e-07
1.35532e-07
5.65698e-07
1.4861e-07
4.15983e-07
1.49715e-07
2.76781e-07
1.39202e-07
1.59658e-07
1.17123e-07
7.32118e-08
8.64458e-08
1.96486e-08
5.3563e-08
-7.31498e-09
2.69627e-08
-2.70046e-08
1.96876e-08
-7.80561e-08
5.10476e-08
5.50106e-08
-1.33073e-07
5.14264e-07
-4.59263e-07
5.14267e-07
-1.43821e-06
-1.32044e-06
6.92106e-09
-2.23166e-06
1.06758e-06
-1.64772e-06
1.78264e-06
-1.03242e-06
2.14177e-06
-4.62575e-07
2.21072e-06
-3.64887e-08
2.08955e-06
2.24341e-07
1.85892e-06
3.66162e-07
1.56634e-06
4.41194e-07
1.23955e-06
4.76501e-07
9.03853e-07
4.749e-07
5.8974e-07
4.31236e-07
3.28946e-07
3.47241e-07
1.43029e-07
2.39479e-07
3.02405e-08
1.3975e-07
-4.51398e-08
9.50657e-08
-1.59572e-07
1.65476e-07
6.5619e-08
-3.58269e-07
8.04331e-07
-1.19798e-06
1.3186e-06
-1.57163e-06
-2.21726e-06
-4.13762e-08
-3.76192e-06
1.16588e-06
-2.85499e-06
2.0845e-06
-1.95104e-06
2.65243e-06
-1.0305e-06
2.89247e-06
-2.7653e-07
2.8775e-06
2.39311e-07
2.68567e-06
5.57987e-07
2.37574e-06
7.51125e-07
1.98532e-06
8.66926e-07
1.5452e-06
9.15021e-07
1.0942e-06
8.8223e-07
6.81977e-07
7.59465e-07
3.55756e-07
5.65699e-07
1.35163e-07
3.60343e-07
-3.6574e-09
2.33884e-07
-1.49512e-07
3.11327e-07
4.90797e-08
-5.56865e-07
8.1811e-07
-1.96702e-06
2.13671e-06
-1.49193e-06
-2.96675e-06
-1.06151e-07
-5.1477e-06
1.11988e-06
-4.08101e-06
2.10394e-06
-2.9351e-06
2.77872e-06
-1.70528e-06
3.15429e-06
-6.52101e-07
3.27421e-06
1.19397e-07
3.18985e-06
6.42344e-07
2.94828e-06
9.92691e-07
2.58475e-06
1.23047e-06
2.1277e-06
1.37206e-06
1.61342e-06
1.39652e-06
1.09697e-06
1.27591e-06
6.4578e-07
1.01689e-06
3.09194e-07
6.96928e-07
9.32295e-08
4.49848e-07
-6.46861e-08
4.69239e-07
6.49063e-08
-6.86462e-07
7.55566e-07
-2.65769e-06
2.89228e-06
-1.31792e-06
-3.54252e-06
-1.20632e-07
-6.34499e-06
1.06772e-06
-5.26937e-06
2.04414e-06
-3.91151e-06
2.74362e-06
-2.40477e-06
3.18463e-06
-1.09311e-06
3.40259e-06
-9.85632e-08
3.42873e-06
6.1621e-07
3.28939e-06
1.13203e-06
3.00655e-06
1.51331e-06
2.59851e-06
1.7801e-06
2.09021e-06
1.90481e-06
1.52885e-06
1.83727e-06
9.88588e-07
1.55716e-06
5.45709e-07
1.13981e-06
2.4772e-07
7.47836e-07
8.02738e-08
6.36682e-07
1.30115e-07
-7.36306e-07
6.896e-07
-3.21718e-06
3.58189e-06
-1.10325e-06
-3.96307e-06
-8.35606e-08
-7.36468e-06
1.04394e-06
-6.39687e-06
1.9838e-06
-4.85137e-06
2.66703e-06
-3.088e-06
3.122e-06
-1.54808e-06
3.38867e-06
-3.65231e-07
3.49285e-06
5.12032e-07
3.4475e-06
1.17737e-06
3.26037e-06
1.70045e-06
2.9364e-06
2.10406e-06
2.4847e-06
2.35652e-06
1.93486e-06
2.38711e-06
1.35265e-06
2.13936e-06
8.29114e-07
1.66335e-06
4.49938e-07
1.12701e-06
2.62827e-07
8.23791e-07
2.34835e-07
-7.08317e-07
6.37105e-07
-3.61945e-06
4.219e-06
-8.74931e-07
-4.25521e-06
-4.3343e-09
-8.23528e-06
1.04515e-06
-7.44635e-06
1.93799e-06
-5.74421e-06
2.5909e-06
-3.74092e-06
3.03648e-06
-1.99365e-06
3.31908e-06
-6.47827e-07
3.46584e-06
3.65268e-07
3.48703e-06
1.15619e-06
3.38306e-06
1.80442e-06
3.14911e-06
2.33801e-06
2.77978e-06
2.72585e-06
2.28362e-06
2.88327e-06
1.7064e-06
2.71658e-06
1.13787e-06
2.23187e-06
6.89176e-07
1.57571e-06
4.6065e-07
1.05232e-06
3.61807e-07
-6.09477e-07
5.97435e-07
-3.85508e-06
4.81644e-06
-6.48165e-07
-4.44655e-06
7.86556e-08
-8.9621e-06
1.06304e-06
-8.43074e-06
1.90411e-06
-6.58528e-06
2.52288e-06
-4.35969e-06
2.95226e-06
-2.42304e-06
3.23649e-06
-9.32058e-07
3.40315e-06
1.98611e-07
3.46408e-06
1.09526e-06
3.41957e-06
1.84893e-06
3.26218e-06
2.49539e-06
2.97839e-06
3.00965e-06
2.5588e-06
3.30285e-06
2.02412e-06
3.25126e-06
1.4485e-06
2.80749e-06
9.51457e-07
2.07275e-06
6.70018e-07
1.33375e-06
4.99853e-07
-4.39315e-07
5.68545e-07
-3.92378e-06
5.38499e-06
-4.3263e-07
-4.56422e-06
1.81107e-07
-9.57584e-06
1.0922e-06
-9.34183e-06
1.87839e-06
-7.37147e-06
2.46165e-06
-4.94295e-06
2.87416e-06
-2.83555e-06
3.15647e-06
-1.21437e-06
3.33293e-06
2.216e-08
3.41589e-06
1.01229e-06
3.40848e-06
1.85634e-06
3.30652e-06
2.59735e-06
3.09625e-06
3.21992e-06
2.75803e-06
3.64107e-06
2.28933e-06
3.71997e-06
1.73968e-06
3.35713e-06
1.2204e-06
2.59203e-06
8.85782e-07
1.66837e-06
6.42689e-07
-1.96223e-07
5.5355e-07
-3.83464e-06
5.93855e-06
-2.33321e-07
-4.63559e-06
2.92679e-07
-1.01018e-05
1.12913e-06
-1.01783e-05
1.85847e-06
-8.10082e-06
2.40548e-06
-5.48996e-06
2.80184e-06
-3.2319e-06
3.08255e-06
-1.49508e-06
3.26592e-06
-1.61213e-07
3.36195e-06
9.16259e-07
3.37595e-06
1.84234e-06
3.30934e-06
2.66395e-06
3.15399e-06
3.37528e-06
2.88886e-06
3.9062e-06
2.49512e-06
4.1137e-06
1.99525e-06
3.85701e-06
1.47952e-06
3.10776e-06
1.10059e-06
2.0473e-06
7.85676e-07
1.18689e-07
5.49573e-07
-3.59854e-06
6.48814e-06
-4.22594e-08
-4.69175e-06
4.0818e-07
-1.05523e-05
1.17101e-06
-1.09411e-05
1.84287e-06
-8.77267e-06
2.35359e-06
-6.00068e-06
2.73472e-06
-3.61304e-06
3.01483e-06
-1.77518e-06
3.20479e-06
-3.51179e-07
3.31006e-06
8.10993e-07
3.33633e-06
1.81606e-06
3.29002e-06
2.71026e-06
3.17105e-06
3.49424e-06
2.96393e-06
4.11332e-06
2.64253e-06
4.4351e-06
2.20548e-06
4.29406e-06
1.71476e-06
3.59848e-06
1.30555e-06
2.45651e-06
9.23954e-07
5.00284e-07
5.54606e-07
-3.22919e-06
7.04276e-06
1.22339e-07
-4.71253e-06
5.23175e-07
-1.09531e-05
1.21546e-06
-1.16334e-05
1.83043e-06
-9.38765e-06
2.30571e-06
-6.47596e-06
2.67287e-06
-3.98019e-06
2.95321e-06
-2.05552e-06
3.14962e-06
-5.47581e-07
3.26223e-06
6.98377e-07
3.29577e-06
1.78252e-06
3.26e-06
2.74603e-06
3.16249e-06
3.59176e-06
2.99683e-06
4.27898e-06
2.73775e-06
4.69418e-06
2.36687e-06
4.66494e-06
1.91614e-06
4.0492e-06
1.49253e-06
2.88012e-06
1.05356e-06
9.39255e-07
5.67178e-07
-2.74282e-06
7.60996e-06
2.70925e-07
-4.70562e-06
6.33255e-07
-1.13155e-05
1.26048e-06
-1.22606e-05
1.82016e-06
-9.94733e-06
2.26173e-06
-6.91752e-06
2.61657e-06
-4.33504e-06
2.8978e-06
-2.33675e-06
3.09999e-06
-7.49772e-07
3.21822e-06
5.8015e-07
3.25585e-06
1.74488e-06
3.22468e-06
2.7772e-06
3.13813e-06
3.6783e-06
2.99934e-06
4.41777e-06
2.78941e-06
4.9041e-06
2.4808e-06
4.97355e-06
2.0783e-06
4.4517e-06
1.65524e-06
3.30318e-06
1.17158e-06
1.42291e-06
5.85963e-07
-2.1572e-06
8.19594e-06
3.87649e-07
-4.70311e-06
7.35304e-07
-1.16631e-05
1.30443e-06
-1.28297e-05
1.81109e-06
-1.0454e-05
2.22143e-06
-7.32786e-06
2.56603e-06
-4.67964e-06
2.8486e-06
-2.61932e-06
3.05535e-06
-9.5653e-07
3.17698e-06
4.58518e-07
3.21599e-06
1.70586e-06
3.18562e-06
2.80756e-06
3.10332e-06
3.7606e-06
2.98024e-06
4.54085e-06
2.80633e-06
5.07801e-06
2.55182e-06
5.22806e-06
2.20001e-06
4.80352e-06
1.78979e-06
3.71339e-06
1.27578e-06
1.93692e-06
6.0973e-07
-1.49115e-06
8.80568e-06
4.82382e-07
-4.72048e-06
8.28597e-07
-1.20093e-05
1.34574e-06
-1.33469e-05
1.8023e-06
-1.09106e-05
2.18455e-06
-7.71011e-06
2.52113e-06
-5.01622e-06
2.80518e-06
-2.90337e-06
3.01471e-06
-1.16606e-06
3.13701e-06
3.36223e-07
3.17458e-06
1.66828e-06
3.14224e-06
2.8399e-06
3.06012e-06
3.84271e-06
2.94515e-06
4.65581e-06
2.79612e-06
5.22703e-06
2.58595e-06
5.43823e-06
2.28311e-06
5.10635e-06
1.89489e-06
4.10161e-06
1.36505e-06
2.46675e-06
6.37434e-07
-7.63535e-07
9.44314e-06
5.6157e-07
-4.76532e-06
9.13082e-07
-1.23609e-05
1.38326e-06
-1.38171e-05
1.79303e-06
-1.13203e-05
2.15072e-06
-8.06779e-06
2.4814e-06
-5.3469e-06
2.76657e-06
-3.18854e-06
2.97646e-06
-1.37596e-06
3.0962e-06
2.16477e-07
3.12939e-06
1.63508e-06
3.09279e-06
2.87649e-06
3.00848e-06
3.92701e-06
2.89705e-06
4.76723e-06
2.76461e-06
5.35946e-06
2.58936e-06
5.61347e-06
2.33139e-06
5.36432e-06
1.97138e-06
4.46162e-06
1.4395e-06
2.99863e-06
6.68344e-07
7.61573e-09
1.01115e-05
6.27812e-07
-4.84254e-06
9.8883e-07
-1.27219e-05
1.41614e-06
-1.42444e-05
1.7826e-06
-1.16868e-05
2.11941e-06
-8.4046e-06
2.44593e-06
-5.67343e-06
2.7311e-06
-3.47371e-06
2.93823e-06
-1.58309e-06
3.05179e-06
1.0291e-07
3.07759e-06
1.60925e-06
3.03486e-06
2.9192e-06
2.94713e-06
4.01472e-06
2.83697e-06
4.87738e-06
2.7157e-06
5.48072e-06
2.56758e-06
5.76159e-06
2.34951e-06
5.58239e-06
2.02159e-06
4.78954e-06
1.50021e-06
3.52001e-06
7.02989e-07
8.0483e-07
1.08145e-05
6.82933e-07
-4.95584e-06
1.05608e-06
-1.3095e-05
1.44363e-06
-1.46319e-05
1.77032e-06
-1.20135e-05
2.08997e-06
-8.72424e-06
2.41341e-06
-5.99687e-06
2.69643e-06
-3.75673e-06
2.89677e-06
-1.78343e-06
3.00012e-06
-4.5137e-10
3.01571e-06
1.59365e-06
2.96551e-06
2.96939e-06
2.87407e-06
4.10613e-06
2.76465e-06
4.98678e-06
2.6517e-06
5.59365e-06
2.52504e-06
5.88824e-06
2.34216e-06
5.76527e-06
2.04864e-06
5.08305e-06
1.55016e-06
4.01849e-06
7.41072e-07
1.61391e-06
1.15556e-05
7.28544e-07
-5.10811e-06
1.11501e-06
-1.34815e-05
1.46468e-06
-1.49816e-05
1.7555e-06
-1.23043e-05
2.06159e-06
-9.03033e-06
2.3819e-06
-6.31718e-06
2.65925e-06
-4.03409e-06
2.84757e-06
-1.97176e-06
2.93629e-06
-8.91824e-08
2.93928e-06
1.59064e-06
2.88117e-06
3.02747e-06
2.78676e-06
4.20051e-06
2.67894e-06
5.09457e-06
2.5736e-06
5.69898e-06
2.46497e-06
5.99686e-06
2.31351e-06
5.91672e-06
2.0558e-06
5.34075e-06
1.59167e-06
4.48262e-06
7.83965e-07
2.42162e-06
1.23396e-05
7.63799e-07
-5.29905e-06
1.1635e-06
-1.38812e-05
1.47741e-06
-1.52955e-05
1.73747e-06
-1.25644e-05
2.03274e-06
-9.3256e-06
2.34805e-06
-6.63249e-06
2.61466e-06
-4.30069e-06
2.78423e-06
-2.14135e-06
2.85332e-06
-1.5829e-07
2.84184e-06
1.60209e-06
2.77648e-06
3.09281e-06
2.68094e-06
4.29602e-06
2.57699e-06
5.19849e-06
2.48049e-06
5.79545e-06
2.38877e-06
6.08857e-06
2.26625e-06
6.03923e-06
2.04575e-06
5.56124e-06
1.6273e-06
4.90106e-06
8.21601e-07
3.22731e-06
1.31612e-05
3.27959e-06
-6.40899e-06
4.89297e-06
-1.54946e-05
5.91662e-06
-1.63192e-05
6.7113e-06
-1.33591e-05
7.78373e-06
-1.0398e-05
8.9251e-06
-7.77385e-06
9.77372e-06
-5.14931e-06
1.0204e-05
-2.57171e-06
1.02872e-05
-2.41533e-07
1.00876e-05
1.8015e-06
9.73657e-06
3.44364e-06
9.33727e-06
4.69514e-06
8.97489e-06
5.56072e-06
8.70486e-06
6.06536e-06
8.52204e-06
6.27131e-06
8.31179e-06
6.24943e-06
7.83245e-06
6.04055e-06
6.81275e-06
5.92074e-06
5.38877e-06
4.65126e-06
1.13679e-05
3.61979e-06
-8.13239e-06
5.12395e-06
-1.69988e-05
5.66807e-06
-1.68633e-05
6.18889e-06
-1.38799e-05
7.07103e-06
-1.12801e-05
7.83125e-06
-8.53402e-06
8.13268e-06
-5.45074e-06
8.00236e-06
-2.44145e-06
7.6082e-06
1.52473e-07
7.10548e-06
2.304e-06
6.62824e-06
3.92063e-06
6.26398e-06
5.05915e-06
6.07392e-06
5.75057e-06
6.08872e-06
6.05041e-06
6.28949e-06
6.07043e-06
6.58714e-06
5.95171e-06
6.74566e-06
5.88197e-06
6.59477e-06
6.07158e-06
6.1359e-06
5.11007e-06
9.81092e-06
3.69269e-06
-1.02254e-05
4.89517e-06
-1.82013e-05
5.00554e-06
-1.69736e-05
5.34656e-06
-1.42209e-05
5.89809e-06
-1.18316e-05
5.9937e-06
-8.62953e-06
5.52023e-06
-4.97722e-06
4.74175e-06
-1.66303e-06
3.90518e-06
9.88885e-07
3.23928e-06
2.96967e-06
2.76542e-06
4.39423e-06
2.53478e-06
5.28954e-06
2.58345e-06
5.7017e-06
2.942e-06
5.69171e-06
3.59932e-06
5.413e-06
4.4708e-06
5.08016e-06
5.24682e-06
5.10589e-06
5.64496e-06
5.67338e-06
5.19924e-06
5.55569e-06
9.22881e-06
3.57466e-06
-1.24714e-05
4.27253e-06
-1.88991e-05
4.04797e-06
-1.67491e-05
4.21006e-06
-1.43829e-05
4.20788e-06
-1.18292e-05
3.46818e-06
-7.88964e-06
2.24124e-06
-3.75019e-06
9.97339e-07
-4.19151e-07
9.07734e-09
1.97702e-06
-7.24812e-07
3.70335e-06
-1.17193e-06
4.84111e-06
-1.29213e-06
5.4095e-06
-1.02363e-06
5.43302e-06
-3.13513e-07
4.98148e-06
8.42794e-07
4.25663e-06
2.27494e-06
3.64797e-06
3.67647e-06
3.70427e-06
4.58879e-06
4.76085e-06
4.18824e-06
5.95589e-06
9.6051e-06
3.23444e-06
-1.46621e-05
3.34057e-06
-1.90053e-05
2.90271e-06
-1.63112e-05
2.80356e-06
-1.42837e-05
2.11713e-06
-1.11425e-05
6.45825e-07
-6.41808e-06
-9.94777e-07
-2.10947e-06
-2.37492e-06
9.6099e-07
-3.44722e-06
3.04922e-06
-4.23778e-06
4.49373e-06
-4.69258e-06
5.29568e-06
-4.75037e-06
5.46709e-06
-4.36772e-06
5.05022e-06
-3.50789e-06
4.12157e-06
-2.14988e-06
2.89855e-06
-4.02697e-07
1.90065e-06
1.42664e-06
1.87463e-06
2.67876e-06
3.50824e-06
2.46572e-06
6.16829e-06
1.03388e-05
2.66445e-06
-1.65759e-05
2.21786e-06
-1.85587e-05
1.67506e-06
-1.57684e-05
1.21131e-06
-1.38197e-05
-1.17029e-07
-9.81378e-06
-1.92659e-06
-4.60822e-06
-3.64396e-06
-3.91983e-07
-5.03764e-06
2.35468e-06
-6.20698e-06
4.21846e-06
-7.09552e-06
5.38207e-06
-7.66111e-06
5.86104e-06
-7.88859e-06
5.69439e-06
-7.71815e-06
4.87966e-06
-7.01119e-06
3.41452e-06
-5.63046e-06
1.51772e-06
-3.6353e-06
-9.45404e-08
-1.60936e-06
-1.51267e-07
-2.79333e-07
2.17807e-06
-2.06083e-07
6.0945e-06
1.11597e-05
1.83898e-06
-1.79718e-05
1.04346e-06
-1.77632e-05
4.00064e-07
-1.51249e-05
-4.23384e-07
-1.29959e-05
-2.04817e-06
-8.18852e-06
-3.96079e-06
-2.6953e-06
-5.64227e-06
1.28961e-06
-7.11321e-06
3.8256e-06
-8.42217e-06
5.52726e-06
-9.53121e-06
6.49087e-06
-1.03769e-05
6.7065e-06
-1.08095e-05
6.12679e-06
-1.06242e-05
4.69403e-06
-9.74022e-06
2.53024e-06
-8.31413e-06
9.14491e-08
-6.6809e-06
-1.72747e-06
-5.05657e-06
-1.7749e-06
-3.84753e-06
9.69447e-07
-3.68883e-06
5.93524e-06
1.20239e-05
6.632e-07
-1.86722e-05
-3.34252e-09
-1.70967e-05
-7.81388e-07
-1.43468e-05
-1.9158e-06
-1.18611e-05
-3.64034e-06
-6.46347e-06
-5.50153e-06
-8.3384e-07
-7.18498e-06
2.97312e-06
-8.79093e-06
5.43147e-06
-1.03382e-05
7.07431e-06
-1.16864e-05
7.83884e-06
-1.25549e-05
7.57465e-06
-1.26456e-05
6.21709e-06
-1.19492e-05
3.99712e-06
-1.08923e-05
1.47292e-06
-1.00212e-05
-7.79661e-07
-9.3857e-06
-2.36245e-06
-8.60204e-06
-2.55731e-06
-7.6806e-06
4.9314e-08
-7.18009e-06
5.43469e-06
1.22818e-05
-4.74256e-07
-1.89908e-05
-1.1974e-06
-1.63735e-05
-1.89003e-06
-1.3654e-05
-3.17931e-06
-1.05713e-05
-4.87056e-06
-4.77169e-06
-6.65856e-06
9.54402e-07
-8.40302e-06
4.71759e-06
-1.01945e-05
7.22283e-06
-1.1917e-05
8.79652e-06
-1.32027e-05
9.12418e-06
-1.3636e-05
8.00751e-06
-1.31227e-05
5.70327e-06
-1.20866e-05
2.96065e-06
-1.11774e-05
5.6354e-07
-1.07717e-05
-1.18541e-06
-1.08175e-05
-2.31649e-06
-1.09048e-05
-2.46892e-06
-1.0335e-05
-5.18147e-07
-9.18039e-06
4.28219e-06
1.08449e-05
-1.32265e-06
-1.91036e-05
-2.0886e-06
-1.56076e-05
-2.9009e-06
-1.28415e-05
-4.19173e-06
-9.27988e-06
-5.78234e-06
-3.18052e-06
-7.50944e-06
2.6817e-06
-9.32669e-06
6.53479e-06
-1.12153e-05
9.11122e-06
-1.28636e-05
1.04444e-05
-1.37878e-05
1.00479e-05
-1.37441e-05
7.96331e-06
-1.30061e-05
4.96495e-06
-1.20891e-05
2.04355e-06
-1.12979e-05
-2.2776e-07
-1.07652e-05
-1.71817e-06
-1.07184e-05
-2.36329e-06
-1.10281e-05
-2.159e-06
-1.08622e-05
-6.82589e-07
-9.27984e-06
2.70299e-06
7.56505e-06
-2.11116e-06
-1.90636e-05
-2.81272e-06
-1.49061e-05
-3.73548e-06
-1.19185e-05
-4.97029e-06
-8.04443e-06
-6.42014e-06
-1.73008e-06
-8.067e-06
4.32871e-06
-9.86636e-06
8.33402e-06
-1.16522e-05
1.08968e-05
-1.30092e-05
1.18009e-05
-1.35634e-05
1.06015e-05
-1.33755e-05
7.77502e-06
-1.28438e-05
4.43306e-06
-1.21708e-05
1.3705e-06
-1.13022e-05
-1.09643e-06
-1.0429e-05
-2.59141e-06
-9.91423e-06
-2.87806e-06
-9.7938e-06
-2.27946e-06
-9.48663e-06
-9.89592e-07
-7.94436e-06
1.16179e-06
3.91123e-06
-2.72076e-06
-1.89455e-05
-3.37615e-06
-1.42507e-05
-4.36815e-06
-1.09263e-05
-5.53401e-06
-6.87789e-06
-6.80828e-06
-4.55204e-07
-8.29584e-06
5.81639e-06
-9.91734e-06
9.95531e-06
-1.14056e-05
1.23845e-05
-1.23967e-05
1.27914e-05
-1.27397e-05
1.09441e-05
-1.2668e-05
7.70303e-06
-1.24255e-05
4.19045e-06
-1.18984e-05
8.434e-07
-1.09714e-05
-2.02365e-06
-9.84872e-06
-3.71412e-06
-8.92411e-06
-3.80268e-06
-8.33681e-06
-2.86675e-06
-7.65647e-06
-1.66993e-06
-6.21522e-06
-2.79458e-07
1.05455e-06
-3.12888e-06
-1.88044e-05
-3.76275e-06
-1.36168e-05
-4.8023e-06
-9.88651e-06
-5.90846e-06
-5.77101e-06
-6.97031e-06
6.07305e-07
-8.18148e-06
7.02765e-06
-9.45419e-06
1.12277e-05
-1.05025e-05
1.34323e-05
-1.11121e-05
1.34005e-05
-1.13147e-05
1.11463e-05
-1.13392e-05
7.72745e-06
-1.12513e-05
4.10243e-06
-1.086e-05
4.51961e-07
-1.00662e-05
-2.81764e-06
-8.91718e-06
-4.86325e-06
-7.76825e-06
-4.95164e-06
-6.93775e-06
-3.69725e-06
-6.11615e-06
-2.49153e-06
-4.81918e-06
-1.57644e-06
-1.02564e-06
-3.33169e-06
-1.86623e-05
-3.9597e-06
-1.29889e-05
-5.05316e-06
-8.79286e-06
-6.13391e-06
-4.68955e-06
-6.96298e-06
1.4371e-06
-7.77966e-06
7.84442e-06
-8.55314e-06
1.20009e-05
-9.04788e-06
1.39265e-05
-9.21782e-06
1.35699e-05
-9.18774e-06
1.11159e-05
-9.11342e-06
7.65314e-06
-8.99688e-06
3.98591e-06
-8.7797e-06
2.34644e-07
-8.34076e-06
-3.25683e-06
-7.47969e-06
-5.72449e-06
-6.3773e-06
-6.05407e-06
-5.52253e-06
-4.55202e-06
-4.77627e-06
-3.23779e-06
-3.75604e-06
-2.59666e-06
-2.50378e-06
-3.3264e-06
-1.85179e-05
-3.96701e-06
-1.23483e-05
-5.14944e-06
-7.61029e-06
-6.27544e-06
-3.56284e-06
-6.90248e-06
2.06496e-06
-7.23396e-06
8.17604e-06
-7.37982e-06
1.21464e-05
-7.20769e-06
1.37538e-05
-6.8248e-06
1.31865e-05
-6.40408e-06
1.0695e-05
-6.04363e-06
7.29275e-06
-5.74547e-06
3.68786e-06
-5.63637e-06
1.25501e-07
-5.66995e-06
-3.22341e-06
-5.40951e-06
-5.98507e-06
-4.69075e-06
-6.77287e-06
-4.04126e-06
-5.20151e-06
-3.53487e-06
-3.74418e-06
-2.87776e-06
-3.25377e-06
-3.40708e-06
-3.10738e-06
-1.83577e-05
-3.79306e-06
-1.16626e-05
-5.13013e-06
-6.27312e-06
-6.44509e-06
-2.24722e-06
-6.94988e-06
2.57066e-06
-6.75448e-06
7.98088e-06
-6.16348e-06
1.15551e-05
-5.21114e-06
1.2801e-05
-4.13948e-06
1.21144e-05
-3.19256e-06
9.74783e-06
-2.45453e-06
6.55474e-06
-1.91167e-06
3.14508e-06
-1.82161e-06
3.54649e-08
-2.19795e-06
-2.84713e-06
-2.67667e-06
-5.50632e-06
-2.67271e-06
-6.77675e-06
-2.47733e-06
-5.39688e-06
-2.34725e-06
-3.87426e-06
-2.09723e-06
-3.50379e-06
-3.76844e-06
-2.67176e-06
-1.81673e-05
-3.4587e-06
-1.08757e-05
-5.04756e-06
-4.68422e-06
-6.78821e-06
-5.05956e-07
-7.35275e-06
3.13621e-06
-6.62261e-06
7.25114e-06
-5.18581e-06
1.0118e-05
-3.35202e-06
1.09668e-05
-1.47528e-06
1.02373e-05
4.2758e-08
8.22953e-06
1.26798e-06
5.32942e-06
2.00285e-06
2.41018e-06
2.18295e-06
-1.44702e-07
1.66037e-06
-2.32459e-06
6.36937e-07
-4.48267e-06
-3.68729e-07
-5.7708e-06
-9.11378e-07
-4.85419e-06
-1.24098e-06
-3.54466e-06
-1.37121e-06
-3.37356e-06
-3.704e-06
-2.01653e-06
-1.79661e-05
-2.92613e-06
-9.96614e-06
-5.11027e-06
-2.50007e-06
-7.32307e-06
1.70742e-06
-8.20391e-06
4.01814e-06
-7.00106e-06
6.04885e-06
-4.68685e-06
7.80365e-06
-1.93323e-06
8.21288e-06
7.63507e-07
7.54021e-06
3.12814e-06
5.86466e-06
4.79011e-06
3.66729e-06
5.68635e-06
1.51381e-06
5.89366e-06
-3.52166e-07
5.42968e-06
-1.86068e-06
4.08347e-06
-3.13615e-06
2.1962e-06
-3.88303e-06
5.4488e-07
-3.20272e-06
-3.39626e-07
-2.66016e-06
-7.24581e-07
-2.9886e-06
-3.41254e-06
-1.25489e-06
-1.77658e-05
-1.99116e-06
-9.22989e-06
-4.88768e-06
3.9644e-07
-8.94115e-06
5.76149e-06
-1.05089e-05
5.58708e-06
-8.35046e-06
3.89115e-06
-4.88111e-06
4.33433e-06
-1.13052e-06
4.46207e-06
2.25033e-06
4.15915e-06
5.29198e-06
2.82282e-06
7.52058e-06
1.43853e-06
8.71066e-06
3.23575e-07
9.00301e-06
-6.44658e-07
8.58912e-06
-1.44684e-06
7.07628e-06
-1.62305e-06
4.63456e-06
-1.44079e-06
1.78668e-06
-3.54604e-07
3.03149e-07
-1.17663e-06
-1.86441e-07
-2.49901e-06
-3.048e-06
-5.0587e-07
-1.73306e-06
-5.07036e-06
-1.10234e-05
-1.35821e-05
-1.00603e-05
-5.78329e-06
-1.27362e-06
2.14271e-06
5.42076e-06
7.63211e-06
8.23779e-06
8.11436e-06
7.47038e-06
6.30159e-06
4.89333e-06
2.60626e-06
8.73823e-07
1.68171e-07
-5.04097e-07
5.04101e-07
-7.55174e-08
-4.28591e-07
5.52034e-08
-1.30728e-07
2.03558e-08
3.48437e-08
6.55595e-09
1.37981e-08
-1.4366e-08
2.09213e-08
-4.4668e-08
3.03015e-08
-8.7491e-08
4.28225e-08
-1.33437e-07
4.59452e-08
-1.67232e-07
3.37932e-08
-1.8753e-07
2.02972e-08
-2.05052e-07
1.75213e-08
-2.24904e-07
1.98504e-08
-2.42112e-07
1.7207e-08
-2.50486e-07
8.37277e-09
-2.49338e-07
-1.14945e-09
-2.43213e-07
-6.12594e-09
-2.37555e-07
-5.65963e-09
-2.35773e-07
-1.78499e-09
7.53409e-10
-8.05387e-07
1.30949e-06
-1.30927e-07
-1.10306e-06
8.60544e-08
-3.47717e-07
9.12775e-09
1.11767e-07
-3.71597e-08
6.00841e-08
-1.25215e-07
1.08976e-07
-2.57197e-07
1.62283e-07
-4.22445e-07
2.0807e-07
-5.67118e-07
1.90617e-07
-6.41099e-07
1.07772e-07
-6.49725e-07
2.89226e-08
-6.3512e-07
2.91502e-09
-6.25038e-07
9.76665e-09
-6.18582e-07
1.07507e-08
-6.04393e-07
-5.81803e-09
-5.78453e-07
-2.7091e-08
-5.47698e-07
-3.68817e-08
-5.23569e-07
-2.97901e-08
-5.13264e-07
-1.20949e-08
2.14919e-10
-8.38561e-07
2.14806e-06
-1.5154e-07
-1.79009e-06
4.17016e-08
-5.40965e-07
-4.7364e-08
2.00829e-07
-1.39136e-07
1.51855e-07
-3.13053e-07
2.82893e-07
-5.66199e-07
4.15428e-07
-8.46011e-07
4.87881e-07
-1.04545e-06
3.90056e-07
-1.10627e-06
1.68592e-07
-1.06833e-06
-9.02134e-09
-1.00563e-06
-5.9788e-08
-9.55376e-07
-4.04858e-08
-9.14926e-07
-2.97011e-08
-8.70189e-07
-5.05564e-08
-8.15979e-07
-8.13023e-08
-7.60473e-07
-9.23886e-08
-7.17678e-07
-7.25877e-08
-6.96296e-07
-3.3482e-08
-3.71519e-09
-7.92257e-07
2.94032e-06
-1.9289e-07
-2.38946e-06
-6.48759e-08
-6.68985e-07
-1.47584e-07
2.83535e-07
-2.97357e-07
3.01628e-07
-5.71153e-07
5.56688e-07
-9.39517e-07
7.83791e-07
-1.28655e-06
8.34908e-07
-1.47213e-06
5.75644e-07
-1.47311e-06
1.69563e-07
-1.38129e-06
-1.00841e-07
-1.28625e-06
-1.54832e-07
-1.21513e-06
-1.116e-07
-1.15644e-06
-8.83963e-08
-1.09348e-06
-1.1352e-07
-1.02165e-06
-1.53131e-07
-9.50412e-07
-1.63628e-07
-8.94356e-07
-1.28646e-07
-8.62968e-07
-6.4875e-08
-1.12478e-08
-7.36119e-07
3.67646e-06
-2.66391e-07
-2.85919e-06
-2.05812e-07
-7.29567e-07
-2.87417e-07
3.65138e-07
-5.08256e-07
5.22466e-07
-8.83917e-07
9.32349e-07
-1.33434e-06
1.23421e-06
-1.68204e-06
1.18261e-06
-1.79682e-06
6.90418e-07
-1.72397e-06
9.67125e-08
-1.59732e-06
-2.27493e-07
-1.49657e-06
-2.55584e-07
-1.42836e-06
-1.79805e-07
-1.37182e-06
-1.44945e-07
-1.3084e-06
-1.7694e-07
-1.23443e-06
-2.271e-07
-1.15971e-06
-2.3835e-07
-1.09799e-06
-1.90366e-07
-1.05988e-06
-1.03e-07
-2.15605e-08
-6.8795e-07
4.36442e-06
-3.61228e-07
-3.18591e-06
-3.59e-07
-7.31798e-07
-4.62963e-07
4.691e-07
-7.63534e-07
8.23036e-07
-1.22627e-06
1.39509e-06
-1.70749e-06
1.71543e-06
-1.99633e-06
1.47144e-06
-2.01734e-06
7.11433e-07
-1.88931e-06
-3.132e-08
-1.75726e-06
-3.59552e-07
-1.67288e-06
-3.39959e-07
-1.62456e-06
-2.28132e-07
-1.58553e-06
-1.83976e-07
-1.53628e-06
-2.26191e-07
-1.47325e-06
-2.9013e-07
-1.40505e-06
-3.06559e-07
-1.34385e-06
-2.51562e-07
-1.30214e-06
-1.44715e-07
-3.36964e-08
-6.49001e-07
5.01344e-06
-4.65826e-07
-3.36909e-06
-5.20365e-07
-6.77261e-07
-6.69239e-07
6.17974e-07
-1.04909e-06
1.20288e-06
-1.56873e-06
1.91473e-06
-2.02739e-06
2.17408e-06
-2.22317e-06
1.66723e-06
-2.16181e-06
6.50068e-07
-2.01238e-06
-1.80755e-07
-1.89914e-06
-4.72799e-07
-1.8435e-06
-3.95596e-07
-1.82383e-06
-2.47801e-07
-1.81086e-06
-1.96948e-07
-1.78431e-06
-2.52749e-07
-1.73945e-06
-3.34994e-07
-1.68264e-06
-3.63363e-07
-1.62492e-06
-3.09292e-07
-1.5814e-06
-1.88231e-07
-4.70726e-08
-6.1854e-07
5.632e-06
-5.73569e-07
-3.41405e-06
-6.88546e-07
-5.62284e-07
-8.98567e-07
8.27994e-07
-1.34631e-06
1.65062e-06
-1.88463e-06
2.45305e-06
-2.27968e-06
2.56913e-06
-2.37778e-06
1.76532e-06
-2.26577e-06
5.3805e-07
-2.12592e-06
-3.20604e-07
-2.04448e-06
-5.54241e-07
-2.02185e-06
-4.18227e-07
-2.03349e-06
-2.36161e-07
-2.04922e-06
-1.8122e-07
-2.04758e-06
-2.54399e-07
-2.02174e-06
-3.6083e-07
-1.9761e-06
-4.09005e-07
-1.92176e-06
-3.63637e-07
-1.87688e-06
-2.33113e-07
-6.15282e-08
-5.98929e-07
6.23095e-06
-6.81677e-07
-3.3313e-06
-8.62204e-07
-3.81758e-07
-1.14017e-06
1.10596e-06
-1.63544e-06
2.1459e-06
-2.15544e-06
2.97305e-06
-2.4655e-06
2.87919e-06
-2.48382e-06
1.78364e-06
-2.35658e-06
4.10811e-07
-2.24627e-06
-4.30926e-07
-2.20035e-06
-6.00161e-07
-2.20994e-06
-4.08634e-07
-2.25128e-06
-1.94827e-07
-2.29361e-06
-1.38896e-07
-2.31375e-06
-2.34259e-07
-2.30287e-06
-3.71715e-07
-2.26476e-06
-4.47111e-07
-2.21198e-06
-4.16423e-07
-2.16529e-06
-2.79807e-07
-7.72305e-08
-5.88273e-07
6.81925e-06
-7.87897e-07
-3.13168e-06
-1.03828e-06
-1.31374e-07
-1.38133e-06
1.44901e-06
-1.89928e-06
2.66385e-06
-2.37251e-06
3.44627e-06
-2.59567e-06
3.10236e-06
-2.56347e-06
1.75143e-06
-2.44983e-06
2.97164e-07
-2.37791e-06
-5.02846e-07
-2.36581e-06
-6.12265e-07
-2.40376e-06
-3.7069e-07
-2.46998e-06
-1.28604e-07
-2.53316e-06
-7.57224e-08
-2.56837e-06
-1.99054e-07
-2.56576e-06
-3.74329e-07
-2.53029e-06
-4.82579e-07
-2.47664e-06
-4.70069e-07
-2.42717e-06
-3.29278e-07
-9.46281e-08
-5.8539e-07
7.40467e-06
-8.91501e-07
-2.82556e-06
-1.21181e-06
1.8894e-07
-1.60941e-06
1.84661e-06
-2.12567e-06
3.18011e-06
-2.5357e-06
3.8563e-06
-2.68461e-06
3.25126e-06
-2.63265e-06
1.69947e-06
-2.5515e-06
2.16009e-07
-2.51948e-06
-5.34865e-07
-2.53686e-06
-5.94895e-07
-2.59717e-06
-3.10383e-07
-2.68109e-06
-4.46859e-08
-2.75706e-06
2.44996e-10
-2.79905e-06
-1.57065e-07
-2.79761e-06
-3.75767e-07
-2.76006e-06
-5.20132e-07
-2.70309e-06
-5.27037e-07
-2.64949e-06
-3.82884e-07
-1.14456e-07
-5.89524e-07
7.99422e-06
-9.91515e-07
-2.42357e-06
-1.37687e-06
5.74298e-07
-1.8138e-06
2.28354e-06
-2.30828e-06
3.67459e-06
-2.65055e-06
4.19856e-06
-2.74588e-06
3.34659e-06
-2.70043e-06
1.65401e-06
-2.66193e-06
1.77501e-07
-2.66763e-06
-5.29166e-07
-2.70895e-06
-5.53574e-07
-2.78417e-06
-2.35169e-07
-2.87712e-06
4.82588e-08
-2.95697e-06
8.00919e-08
-2.99768e-06
-1.1636e-07
-2.99126e-06
-3.82181e-07
-2.94764e-06
-5.63758e-07
-2.88493e-06
-5.89744e-07
-2.82546e-06
-4.42358e-07
-1.37752e-07
-6.00004e-07
8.59425e-06
-1.08638e-06
-1.93719e-06
-1.52774e-06
1.01566e-06
-1.98718e-06
2.74298e-06
-2.44595e-06
4.13336e-06
-2.72521e-06
4.47781e-06
-2.78991e-06
3.41129e-06
-2.77049e-06
1.63458e-06
-2.77884e-06
1.85847e-07
-2.81884e-06
-4.8917e-07
-2.87818e-06
-4.94244e-07
-2.96006e-06
-1.53289e-07
-3.05283e-06
1.41025e-07
-3.128e-06
1.55261e-07
-3.16064e-06
-8.37268e-08
-3.14451e-06
-3.98308e-07
-3.09154e-06
-6.16725e-07
-3.02063e-06
-6.60651e-07
-2.95321e-06
-5.09781e-07
-1.65885e-07
-6.16215e-07
9.21049e-06
-1.17458e-06
-1.37882e-06
-1.6598e-06
1.50088e-06
-2.12575e-06
3.20894e-06
-2.54125e-06
4.54885e-06
-2.76817e-06
4.70473e-06
-2.82347e-06
3.46659e-06
-2.84298e-06
1.65409e-06
-2.89909e-06
2.41951e-07
-2.97007e-06
-4.18191e-07
-3.04168e-06
-4.22645e-07
-3.12192e-06
-7.30475e-08
-3.20556e-06
2.24661e-07
-3.26854e-06
2.18237e-07
-3.2879e-06
-6.43637e-08
-3.25863e-06
-4.27582e-07
-3.19354e-06
-6.81819e-07
-3.11182e-06
-7.42369e-07
-3.03404e-06
-5.87558e-07
-2.00591e-07
-6.37661e-07
9.84818e-06
-1.25489e-06
-7.61593e-07
-1.77008e-06
2.01606e-06
-2.22883e-06
3.6677e-06
-2.59889e-06
4.91891e-06
-2.78679e-06
4.89262e-06
-2.85002e-06
3.52982e-06
-2.91596e-06
1.72003e-06
-3.01931e-06
3.45294e-07
-3.11881e-06
-3.18696e-07
-3.19782e-06
-3.43652e-07
-3.26876e-06
-2.10258e-09
-3.33504e-06
2.90937e-07
-3.37949e-06
2.62685e-07
-3.38176e-06
-6.21007e-08
-3.33687e-06
-4.72464e-07
-3.25712e-06
-7.61571e-07
-3.16175e-06
-8.37742e-07
-3.07089e-06
-6.78414e-07
-2.44047e-07
-6.64099e-07
1.05123e-05
-1.32671e-06
-9.89803e-08
-1.85739e-06
2.54674e-06
-2.29808e-06
4.10839e-06
-2.62444e-06
5.24526e-06
-2.78668e-06
5.05486e-06
-2.8705e-06
3.61363e-06
-2.98636e-06
1.83588e-06
-3.13605e-06
4.94989e-07
-3.26293e-06
-1.91826e-07
-3.34606e-06
-2.60534e-07
-3.40136e-06
5.3197e-08
-3.44295e-06
3.32519e-07
-3.46338e-06
2.83121e-07
-3.44559e-06
-7.98929e-08
-3.38327e-06
-5.34787e-07
-3.28647e-06
-8.5837e-07
-3.17429e-06
-9.49918e-07
-3.06727e-06
-7.85435e-07
-2.98983e-07
-6.96126e-07
1.12084e-05
-1.39001e-06
5.94899e-07
-1.92203e-06
3.07876e-06
-2.33664e-06
4.52301e-06
-2.62332e-06
5.53194e-06
-2.77166e-06
5.20321e-06
-2.88408e-06
3.72605e-06
-3.05032e-06
2.00212e-06
-3.2455e-06
6.90167e-07
-3.40023e-06
-3.71137e-08
-3.4866e-06
-1.74175e-07
-3.52196e-06
8.85494e-08
-3.53255e-06
3.43112e-07
-3.52376e-06
2.74325e-07
-3.4831e-06
-1.20546e-07
-3.4018e-06
-6.16095e-07
-3.28576e-06
-9.74407e-07
-3.15338e-06
-1.0823e-06
-3.02668e-06
-9.12132e-07
-3.68839e-07
-7.34348e-07
1.19428e-05
-1.4462e-06
1.30675e-06
-1.96542e-06
3.59799e-06
-2.34837e-06
4.90595e-06
-2.60034e-06
5.78391e-06
-2.74395e-06
5.34681e-06
-2.88873e-06
3.87084e-06
-3.1034e-06
2.21679e-06
-3.34305e-06
9.29814e-07
-3.52769e-06
1.4751e-07
-3.61951e-06
-8.23649e-08
-3.63376e-06
1.02786e-07
-3.60854e-06
3.17891e-07
-3.56502e-06
2.30812e-07
-3.49781e-06
-1.87756e-07
-3.3956e-06
-7.18309e-07
-3.25839e-06
-1.11162e-06
-3.10248e-06
-1.23821e-06
-2.95229e-06
-1.06233e-06
-4.57914e-07
-7.81389e-07
1.27242e-05
-1.49782e-06
2.02318e-06
-1.98957e-06
4.08974e-06
-2.33722e-06
5.2536e-06
-2.55945e-06
6.00614e-06
-2.70453e-06
5.4919e-06
-2.88167e-06
4.04798e-06
-3.14043e-06
2.47556e-06
-3.42267e-06
1.21205e-06
-3.64025e-06
3.65077e-07
-3.74319e-06
2.05551e-08
-3.73982e-06
9.93972e-08
-3.67694e-06
2.55011e-07
-3.59321e-06
1.47088e-07
-3.49364e-06
-2.87324e-07
-3.36651e-06
-8.45439e-07
-3.20556e-06
-1.27258e-06
-3.02305e-06
-1.42072e-06
-2.84579e-06
-1.23958e-06
-5.71118e-07
-8.24203e-07
1.35484e-05
-1.54845e-06
2.74743e-06
-1.99632e-06
4.53761e-06
-2.306e-06
5.56328e-06
-2.50305e-06
6.20319e-06
-2.65314e-06
5.64199e-06
-2.85969e-06
4.25453e-06
-3.15571e-06
2.77159e-06
-3.47582e-06
1.53216e-06
-3.72788e-06
6.17118e-07
-3.85048e-06
1.43128e-07
-3.83989e-06
8.87882e-08
-3.7445e-06
1.59623e-07
-3.61797e-06
2.05642e-08
-3.47824e-06
-4.27055e-07
-3.31744e-06
-1.00624e-06
-3.1256e-06
-1.46443e-06
-2.91218e-06
-1.63414e-06
-2.70641e-06
-1.44536e-06
-7.1792e-07
-5.82505e-06
1.02899e-05
-6.70468e-06
3.62707e-06
-7.79235e-06
5.62528e-06
-8.61463e-06
6.38556e-06
-9.22353e-06
6.81208e-06
-9.92111e-06
6.33957e-06
-1.10104e-05
5.34389e-06
-1.24963e-05
4.25753e-06
-1.40902e-05
3.12617e-06
-1.54147e-05
1.94151e-06
-1.61577e-05
8.85981e-07
-1.61984e-05
1.29336e-07
-1.56598e-05
-3.79068e-07
-1.48063e-05
-8.32949e-07
-1.38281e-05
-1.40524e-06
-1.27442e-05
-2.0902e-06
-1.149e-05
-2.71855e-06
-1.01265e-05
-2.99762e-06
-8.82471e-06
-2.74719e-06
-1.87801e-06
-6.69037e-06
7.24207e-06
-6.69273e-06
3.62944e-06
-6.97608e-06
5.90864e-06
-7.27105e-06
6.68054e-06
-7.64148e-06
7.1825e-06
-8.33992e-06
7.03802e-06
-9.55164e-06
6.55571e-06
-1.12523e-05
5.95843e-06
-1.31984e-05
5.07241e-06
-1.49963e-05
3.73946e-06
-1.62475e-05
2.13709e-06
-1.66806e-05
5.62166e-07
-1.63436e-05
-7.16205e-07
-1.53945e-05
-1.78199e-06
-1.40134e-05
-2.78626e-06
-1.2278e-05
-3.82531e-06
-1.00816e-05
-4.91471e-06
-7.29925e-06
-5.77967e-06
-4.21168e-06
-5.83455e-06
-4.50687e-06
-5.72991e-06
5.44592e-06
-5.85244e-06
3.75199e-06
-5.75958e-06
5.81578e-06
-5.69307e-06
6.61403e-06
-5.82572e-06
7.31514e-06
-6.34929e-06
7.5616e-06
-7.35045e-06
7.55698e-06
-8.7977e-06
7.40597e-06
-1.05409e-05
6.81597e-06
-1.23038e-05
5.50265e-06
-1.37454e-05
3.57879e-06
-1.46151e-05
1.43185e-06
-1.47572e-05
-5.74148e-07
-1.42486e-05
-2.29061e-06
-1.31849e-05
-3.84965e-06
-1.16205e-05
-5.38919e-06
-9.4518e-06
-7.08272e-06
-6.35065e-06
-8.88003e-06
-2.18406e-06
-1.00004e-05
-7.6513e-06
-5.20328e-06
4.66834e-06
-4.98413e-06
3.53285e-06
-4.40479e-06
5.23644e-06
-4.05705e-06
6.2663e-06
-3.95282e-06
7.2109e-06
-4.21012e-06
7.81889e-06
-4.82225e-06
8.16918e-06
-5.74223e-06
8.32618e-06
-6.89046e-06
7.96464e-06
-8.11425e-06
6.72691e-06
-9.20432e-06
4.66921e-06
-1.00013e-05
2.22901e-06
-1.04044e-05
-1.71062e-07
-1.02871e-05
-2.40783e-06
-9.70015e-06
-4.43648e-06
-8.71636e-06
-6.37269e-06
-7.35911e-06
-8.43952e-06
-5.46101e-06
-1.07775e-05
-2.60607e-06
-1.28547e-05
-1.01828e-05
-4.6507e-06
4.53555e-06
-4.14441e-06
3.02649e-06
-3.09272e-06
4.18475e-06
-2.47527e-06
5.64885e-06
-2.17242e-06
6.90805e-06
-2.17737e-06
7.82384e-06
-2.40747e-06
8.39931e-06
-2.80113e-06
8.71999e-06
-3.34323e-06
8.50707e-06
-4.02068e-06
7.4048e-06
-4.73646e-06
5.38538e-06
-5.36183e-06
2.85462e-06
-5.77958e-06
2.46742e-07
-5.84814e-06
-2.33932e-06
-5.50608e-06
-4.77862e-06
-4.83394e-06
-7.04493e-06
-4.01744e-06
-9.25608e-06
-3.28508e-06
-1.15098e-05
-2.10113e-06
-1.40385e-05
-1.20374e-05
-1.65132e-06
4.65057e-06
-2.02776e-06
3.4025e-06
-1.60476e-06
3.76165e-06
-9.22845e-07
4.96691e-06
-5.3293e-07
6.51812e-06
-3.73547e-07
7.66445e-06
-3.44891e-07
8.37065e-06
-3.62952e-07
8.7381e-06
-4.5898e-07
8.60326e-06
-7.07976e-07
7.65407e-06
-1.13408e-06
5.81176e-06
-1.65949e-06
3.38019e-06
-2.1141e-06
7.01384e-07
-2.34704e-06
-2.10647e-06
-2.2551e-06
-4.87071e-06
-1.86343e-06
-7.4368e-06
-1.33019e-06
-9.78955e-06
-1.06519e-06
-1.17751e-05
-1.00406e-06
-1.40997e-05
-1.29688e-05
3.45624e-06
4.08525e-06
2.73976e-06
4.1187e-06
1.5679e-06
4.93328e-06
9.95533e-07
5.53919e-06
1.05881e-06
6.45481e-06
1.22588e-06
7.49736e-06
1.3664e-06
8.2301e-06
1.55265e-06
8.55183e-06
1.76066e-06
8.39527e-06
1.85899e-06
7.55582e-06
1.74339e-06
5.92745e-06
1.45469e-06
3.66893e-06
1.12333e-06
1.03271e-06
8.73911e-07
-1.85714e-06
7.57581e-07
-4.75451e-06
7.83586e-07
-7.46298e-06
8.13531e-07
-9.81969e-06
7.32077e-07
-1.16939e-05
7.83196e-08
-1.34462e-05
-1.2696e-05
6.82084e-06
2.60907e-06
7.14175e-06
3.79795e-06
5.92016e-06
6.15478e-06
4.05639e-06
7.40288e-06
2.95269e-06
7.55847e-06
2.71667e-06
7.73333e-06
2.84417e-06
8.10254e-06
3.12157e-06
8.27437e-06
3.49245e-06
8.0243e-06
3.84398e-06
7.20422e-06
4.04984e-06
5.72151e-06
4.08567e-06
3.63301e-06
4.01505e-06
1.10324e-06
3.88199e-06
-1.72419e-06
3.71887e-06
-4.59153e-06
3.48847e-06
-7.23273e-06
3.06601e-06
-9.39737e-06
2.36727e-06
-1.09953e-05
9.05064e-07
-1.19842e-05
-1.13376e-05
7.06137e-06
1.25677e-06
8.3623e-06
2.49706e-06
8.64672e-06
5.8702e-06
7.31621e-06
8.73327e-06
5.50157e-06
9.37307e-06
4.444e-06
8.79085e-06
4.25084e-06
8.29562e-06
4.52345e-06
8.00166e-06
5.00297e-06
7.54465e-06
5.54236e-06
6.66468e-06
6.01957e-06
5.24414e-06
6.36733e-06
3.28509e-06
6.57246e-06
8.97972e-07
6.617e-06
-1.76885e-06
6.48119e-06
-4.45585e-06
6.09317e-06
-6.84485e-06
5.3192e-06
-8.62353e-06
4.05942e-06
-9.73566e-06
2.0583e-06
-9.98329e-06
-9.63665e-06
6.14712e-06
7.09195e-07
7.34686e-06
1.29722e-06
8.85434e-06
4.36244e-06
9.17931e-06
8.40806e-06
8.09691e-06
1.04554e-05
6.73181e-06
1.01559e-05
6.01833e-06
9.00899e-06
6.03947e-06
7.98037e-06
6.51004e-06
7.07393e-06
7.17425e-06
6.00029e-06
7.86014e-06
4.55807e-06
8.4561e-06
2.68897e-06
8.89454e-06
4.59374e-07
9.10965e-06
-1.98412e-06
9.00748e-06
-4.35383e-06
8.46863e-06
-6.30613e-06
7.36705e-06
-7.52206e-06
5.61348e-06
-7.98223e-06
2.95373e-06
-7.32376e-06
-6.57176e-06
5.45863e-06
4.93938e-07
5.90798e-06
8.4781e-07
7.43601e-06
2.83415e-06
9.08283e-06
6.7609e-06
9.60633e-06
9.93162e-06
9.09821e-06
1.06638e-05
8.43328e-06
9.67373e-06
8.2111e-06
8.20233e-06
8.50354e-06
6.78124e-06
9.13256e-06
5.37103e-06
9.8935e-06
3.79689e-06
1.06185e-05
1.96374e-06
1.11658e-05
-8.81392e-08
1.14164e-05
-2.23491e-06
1.12066e-05
-4.14417e-06
1.04241e-05
-5.52374e-06
9.01604e-06
-6.11408e-06
6.95432e-06
-5.92063e-06
4.07845e-06
-4.44809e-06
-3.12634e-06
4.93151e-06
3.49099e-07
4.80282e-06
9.76497e-07
5.55398e-06
2.08287e-06
7.44738e-06
4.86726e-06
9.30433e-06
8.07443e-06
1.03047e-05
9.66329e-06
1.06107e-05
9.36749e-06
1.0755e-05
8.05772e-06
1.10742e-05
6.46169e-06
1.16195e-05
4.8254e-06
1.22817e-05
3.13443e-06
1.28915e-05
1.35368e-06
1.3271e-05
-4.67887e-07
1.32486e-05
-2.21259e-06
1.26906e-05
-3.5862e-06
1.15575e-05
-4.39067e-06
9.89971e-06
-4.45637e-06
7.8159e-06
-3.83691e-06
5.52986e-06
-2.16224e-06
-5.64238e-07
3.85771e-06
3.14503e-07
3.65961e-06
1.1746e-06
3.8203e-06
1.92217e-06
5.18243e-06
3.50508e-06
7.41279e-06
5.84402e-06
9.53312e-06
7.54293e-06
1.10567e-05
7.8438e-06
1.20693e-05
7.04504e-06
1.28171e-05
5.71373e-06
1.3447e-05
4.19537e-06
1.39636e-05
2.61768e-06
1.42777e-05
1.03957e-06
1.42642e-05
-4.54415e-07
1.37946e-05
-1.74295e-06
1.28327e-05
-2.62421e-06
1.14205e-05
-2.97839e-06
9.67366e-06
-2.70953e-06
7.72836e-06
-1.89165e-06
5.80596e-06
-2.4e-07
1.32843e-06
1.57174e-06
4.1353e-07
1.6654e-06
1.08089e-06
1.97642e-06
1.61111e-06
2.97005e-06
2.51142e-06
4.89505e-06
3.91907e-06
7.25516e-06
5.18296e-06
9.4238e-06
5.67536e-06
1.11138e-05
5.35527e-06
1.23207e-05
4.50701e-06
1.31202e-05
3.39601e-06
1.3554e-05
2.18403e-06
1.36143e-05
9.79474e-07
1.32755e-05
-1.15438e-07
1.25053e-05
-9.72606e-07
1.13587e-05
-1.47759e-06
9.93232e-06
-1.55188e-06
8.34519e-06
-1.12234e-06
6.69321e-06
-2.39674e-07
5.05782e-06
1.39526e-06
2.6552e-06
-1.69392e-06
5.9583e-07
-1.32531e-06
7.12158e-07
-5.54679e-07
8.40323e-07
5.83097e-07
1.37347e-06
2.25182e-06
2.25019e-06
4.37477e-06
3.05994e-06
6.53541e-06
3.51473e-06
8.36969e-06
3.52106e-06
9.71928e-06
3.15751e-06
1.05671e-05
2.54825e-06
1.09429e-05
1.80839e-06
1.08822e-05
1.04024e-06
1.04227e-05
3.44039e-07
9.64113e-06
-1.90917e-07
8.6213e-06
-4.57681e-07
7.47076e-06
-4.01248e-07
6.25398e-06
9.45153e-08
4.94138e-06
1.07294e-06
3.51291e-06
2.82363e-06
3.68698e-06
-4.54076e-06
8.92984e-07
-4.21412e-06
3.85446e-07
-3.42662e-06
5.27491e-08
-2.35163e-06
2.98373e-07
-8.98452e-07
7.96868e-07
8.98177e-07
1.26314e-06
2.7878e-06
1.62493e-06
4.43713e-06
1.87158e-06
5.66342e-06
1.93109e-06
6.43059e-06
1.78098e-06
6.76955e-06
1.46936e-06
6.74548e-06
1.06427e-06
6.43517e-06
6.54357e-07
5.91965e-06
3.24657e-07
5.30398e-06
1.58069e-07
4.61981e-06
2.83011e-07
3.8466e-06
8.67785e-07
2.85954e-06
2.06e-06
1.39185e-06
4.29122e-06
5.08491e-06
-5.45095e-06
1.28114e-06
-5.38786e-06
3.22311e-07
-5.13674e-06
-1.98354e-07
-4.75784e-06
-8.04724e-08
-4.05793e-06
9.69938e-08
-2.91034e-06
1.15553e-07
-1.50996e-06
2.24535e-07
-1.873e-07
5.48879e-07
8.76934e-07
8.66808e-07
1.5956e-06
1.06226e-06
2.0268e-06
1.03813e-06
2.24874e-06
8.42327e-07
2.29801e-06
6.05109e-07
2.20342e-06
4.19294e-07
2.01972e-06
3.41831e-07
1.73754e-06
5.65232e-07
1.32959e-06
1.27576e-06
6.9521e-07
2.69434e-06
1.81741e-07
4.80458e-06
4.59172e-06
-4.24846e-06
1.41311e-06
-4.31564e-06
3.89444e-07
-4.63723e-06
1.23294e-07
-5.22029e-06
5.02722e-07
-5.67434e-06
5.51177e-07
-5.55441e-06
-4.30344e-09
-4.98839e-06
-3.41449e-07
-4.22009e-06
-2.19404e-07
-3.40259e-06
4.93266e-08
-2.71129e-06
3.70977e-07
-2.16458e-06
4.9144e-07
-1.71791e-06
3.95676e-07
-1.41597e-06
3.03181e-07
-1.32361e-06
3.26954e-07
-1.31343e-06
3.31672e-07
-1.37377e-06
6.25585e-07
-1.46922e-06
1.37119e-06
-1.55452e-06
2.77958e-06
-9.40216e-07
4.19013e-06
3.68842e-06
-1.6874e-06
9.57291e-07
-1.59441e-06
2.96416e-07
-2.52376e-06
1.05269e-06
-4.01628e-06
1.99541e-06
-5.59835e-06
2.13346e-06
-6.48411e-06
8.81606e-07
-6.60618e-06
-2.193e-07
-6.57061e-06
-2.54939e-07
-6.30869e-06
-2.12595e-07
-5.98214e-06
4.44029e-08
-5.65685e-06
1.66133e-07
-5.26279e-06
1.59671e-09
-4.9629e-06
3.26732e-09
-4.95093e-06
3.14967e-07
-4.80391e-06
1.8464e-07
-4.59776e-06
4.19403e-07
-4.08587e-06
8.59257e-07
-3.25217e-06
1.94583e-06
-1.49638e-06
2.43432e-06
1.82685e-06
2.07423e-07
4.636e-07
-6.7687e-07
-2.51183e-06
-4.35927e-06
-5.29183e-06
-5.52236e-06
-5.7803e-06
-5.93435e-06
-6.08297e-06
-6.41939e-06
-6.29298e-06
-6.09687e-06
-6.41652e-06
-6.14304e-06
-5.8471e-06
-4.71749e-06
-3.65703e-06
-1.52177e-06
)
;

boundaryField
{
    left_open
    {
        type            calculated;
        value           nonuniform List<scalar> 
40
(
1.25612e-06
2.31145e-06
2.46846e-06
2.24141e-06
1.89368e-06
1.5238e-06
1.16707e-06
8.39498e-07
5.50297e-07
3.04694e-07
9.84164e-08
-1.01561e-07
-2.77844e-07
-3.90158e-07
-4.65021e-07
-5.16734e-07
-5.50587e-07
-5.69637e-07
-5.76275e-07
-5.72866e-07
-2.16965e-06
-1.89641e-06
-1.59969e-06
-1.32863e-06
-1.0438e-06
-7.50686e-07
-4.43083e-07
3.72812e-08
7.92779e-07
1.43551e-06
2.0711e-06
2.60263e-06
2.98775e-06
3.18964e-06
3.18198e-06
2.94718e-06
2.48134e-06
1.8153e-06
1.0546e-06
3.19597e-07
)
;
    }
    right_open
    {
        type            calculated;
        value           nonuniform List<scalar> 
40
(
-2.36533e-07
-5.12732e-07
-6.92371e-07
-8.55441e-07
-1.04957e-06
-1.29001e-06
-1.56803e-06
-1.86242e-06
-2.14958e-06
-2.40978e-06
-2.62966e-06
-2.80216e-06
-2.92508e-06
-2.99934e-06
-3.02744e-06
-3.01234e-06
-2.95682e-06
-2.86321e-06
-2.73259e-06
-2.55961e-06
-7.66463e-06
-1.58276e-06
9.60671e-07
-7.42421e-08
-2.46298e-07
-7.24609e-08
-1.94559e-07
-4.53286e-07
3.57113e-07
-1.11264e-07
6.32862e-07
2.96756e-06
3.91309e-06
3.73087e-06
2.48097e-06
-6.1953e-09
6.74696e-07
-3.69544e-08
3.65047e-07
1.08165e-07
)
;
    }
    base_side
    {
        type            calculated;
        value           uniform 0;
    }
    top
    {
        type            calculated;
        value           nonuniform List<scalar> 
65
(
-1.75795e-05
-8.00271e-06
3.73372e-06
1.17151e-05
8.14715e-06
3.70123e-07
5.75548e-08
-4.75289e-08
7.42388e-07
-4.55139e-07
-7.72696e-07
-2.82325e-07
-5.21402e-07
-8.02983e-07
-4.5421e-07
-3.23473e-08
1.9326e-06
5.5581e-07
-1.79336e-06
-2.6901e-06
-4.95043e-07
-4.61814e-07
-4.0828e-07
-3.32018e-07
-2.30163e-07
-1.03731e-07
4.26951e-08
2.10295e-07
1.96981e-07
2.48907e-07
2.9241e-07
1.1001e-07
1.13186e-07
1.15898e-07
3.38936e-07
3.3365e-07
3.09663e-07
4.43102e-07
2.5995e-07
8.74114e-08
1.57662e-08
7.24823e-08
6.90521e-08
7.23522e-08
-1.15258e-08
3.76882e-09
4.02632e-08
2.19319e-06
3.83042e-06
3.98104e-06
1.81432e-06
1.13735e-08
3.12278e-09
-5.84447e-08
1.93107e-07
5.02466e-07
-1.24744e-07
-1.92771e-07
6.3447e-07
-8.87744e-08
1.23541e-07
-2.70275e-07
8.8512e-07
2.99043e-07
1.96937e-07
)
;
    }
    front
    {
        type            empty;
        value           nonuniform 0();
    }
    back
    {
        type            empty;
        value           nonuniform 0();
    }
    air_to_aluminum
    {
        type            calculated;
        value           nonuniform List<scalar> 
129
(
3.30872e-24
0
0
0
0
0
0
0
0
0
0
0
0
0
0
0
0
0
0
0
-5.29396e-23
0
0
0
0
0
0
0
0
0
0
0
0
0
0
0
0
1.32349e-23
0
0
0
0
0
0
0
0
0
0
0
0
0
0
0
0
0
0
0
0
0
0
0
0
-2.64698e-23
0
-2.64698e-23
0
0
0
0
0
-2.64698e-23
0
0
0
0
0
0
0
0
0
0
0
0
0
0
0
0
0
0
0
0
0
0
0
0
0
0
0
0
0
0
0
0
0
0
0
1.32349e-23
0
0
0
0
0
0
0
-5.29396e-23
0
0
0
0
0
0
0
0
0
0
0
0
0
0
)
;
    }
}


// ************************************************************************* //
