/*--------------------------------*- C++ -*----------------------------------*\
| =========                 |                                                 |
| \\      /  F ield         | OpenFOAM: The Open Source CFD Toolbox           |
|  \\    /   O peration     | Version:                                        |
|   \\  /    A nd           | Website:  www.openfoam.com                      |
|    \\/     M anipulation  |                                                 |
\*---------------------------------------------------------------------------*/
FoamFile
{
    version     2.0;
    format      ascii;
    class       surfaceScalarField;
    location    "1923.0/air";
    object      phi;
}
// * * * * * * * * * * * * * * * * * * * * * * * * * * * * * * * * * * * * * //

dimensions      [1 0 -1 0 0 0 0];
oriented        oriented;


internalField   nonuniform List<scalar> 
4299
(
6.96799e-08
-6.96667e-08
1.067e-07
-3.70069e-08
7.03026e-08
3.64108e-08
7.03158e-08
6.30151e-08
-1.32669e-07
1.08346e-07
-8.23251e-08
7.00824e-08
7.46882e-08
1.40411e-07
3.81822e-08
-1.70838e-07
6.82501e-08
-1.1238e-07
4.38251e-08
9.91264e-08
1.8425e-07
1.97758e-08
-1.906e-07
3.70199e-08
-1.29611e-07
2.39672e-08
1.12192e-07
2.0823e-07
7.826e-09
-1.98413e-07
1.91173e-08
-1.40889e-07
1.39507e-08
1.17372e-07
2.22194e-07
-9.93228e-11
-1.98301e-07
1.05197e-08
-1.51497e-07
1.16e-08
1.16303e-07
2.33807e-07
-1.01633e-08
-1.88127e-07
6.74826e-09
-1.68401e-07
1.57212e-08
1.07339e-07
2.4954e-07
-2.63815e-08
-1.6174e-07
3.93129e-09
-1.98719e-07
2.7446e-08
8.38222e-08
2.76994e-07
-5.86423e-08
-1.03106e-07
-2.81384e-09
-2.54588e-07
4.95252e-08
3.1451e-08
3.26518e-07
-1.16851e-07
1.37083e-08
-2.0614e-08
-3.50945e-07
8.42675e-08
-7.35353e-08
4.1076e-07
-1.89507e-07
2.03145e-07
-5.69416e-08
-4.83718e-07
1.26648e-07
-2.57343e-07
5.37345e-07
-2.45315e-07
4.48407e-07
-7.7257e-08
-6.51874e-07
1.64092e-07
-4.98861e-07
7.01363e-07
-1.67758e-07
6.1624e-07
2.827e-08
-8.47418e-07
1.99028e-07
-6.69103e-07
9.00478e-07
3.04017e-08
5.86139e-07
1.79378e-07
-9.95013e-07
1.62449e-07
-6.50299e-07
1.06348e-06
3.69228e-08
5.49842e-07
-4.53892e-08
-9.10953e-07
-1.49812e-07
-5.43253e-07
9.14636e-07
-5.79218e-07
1.12984e-06
-1.0719e-06
-4.1866e-07
-9.33759e-07
-6.82077e-07
-1.93308e-08
-7.03106e-08
7.03239e-08
-1.06726e-07
3.64284e-08
-6.9707e-08
-3.70053e-08
-6.96937e-08
-7.01193e-08
1.40456e-07
-1.08413e-07
7.47352e-08
-6.30567e-08
-8.23481e-08
-1.32737e-07
-4.38668e-08
1.84337e-07
-6.83395e-08
9.92212e-08
-3.82295e-08
-1.12445e-07
-1.70953e-07
-2.40039e-08
2.08354e-07
-3.71878e-08
1.12418e-07
-1.99139e-08
-1.29705e-07
-1.90854e-07
-1.38956e-08
2.22263e-07
-1.9564e-08
1.181e-07
-8.404e-09
-1.40852e-07
-1.99245e-07
-1.12522e-08
2.33528e-07
-1.17682e-08
1.18629e-07
-1.3702e-09
-1.51237e-07
-2.00602e-07
-1.45116e-08
2.48053e-07
-1.04534e-08
1.14584e-07
4.761e-09
-1.66439e-07
-1.95828e-07
-2.39058e-08
2.71972e-07
-1.42787e-08
1.04969e-07
1.18398e-08
-1.92545e-07
-1.83975e-07
-4.08867e-08
3.12872e-07
-2.2871e-08
8.69661e-08
2.19503e-08
-2.37353e-07
-1.62011e-07
-6.68627e-08
3.79748e-07
-3.43428e-08
5.44594e-08
3.83217e-08
-3.10003e-07
-1.23676e-07
-1.00418e-07
4.80179e-07
-3.99402e-08
-6.00681e-09
6.70103e-08
-4.16942e-07
-5.66533e-08
-1.30358e-07
6.10548e-07
-1.5787e-08
-1.20578e-07
1.19049e-07
-5.51782e-07
6.24023e-08
-1.16379e-07
7.26931e-07
8.13049e-08
-3.18298e-07
2.07255e-07
-6.77778e-07
2.69646e-07
2.41579e-08
7.02762e-07
2.87945e-07
-5.82172e-07
3.13629e-07
-7.03557e-07
5.83235e-07
2.25943e-07
4.76758e-07
4.40819e-07
-7.97166e-07
2.4894e-07
-5.1177e-07
8.32127e-07
2.62322e-07
2.14158e-07
-2.27091e-08
-5.12243e-07
-2.66032e-07
-2.68395e-07
5.66146e-07
-1.58673e-06
7.74944e-06
-6.11356e-06
-7.97553e-06
6.448e-06
-1.32809e-05
5.33475e-06
3.9059e-06
-1.72049e-05
-1.50503e-05
1.12679e-05
1.1596e-05
-1.83946e-05
9.82222e-06
-2.05317e-05
7.43813e-06
4.35919e-06
-2.10706e-05
-2.22432e-05
1.0965e-05
2.25656e-05
-2.11238e-05
8.68364e-06
-1.92392e-05
5.4958e-06
2.22357e-06
-1.71689e-05
-1.99286e-05
7.59671e-06
2.33027e-05
-1.62453e-05
4.98359e-06
-1.32024e-05
2.42631e-06
5.58832e-07
-1.15548e-05
-1.3418e-05
3.84999e-06
1.71765e-05
-1.07962e-05
2.36242e-06
-9.76721e-06
1.39618e-06
9.54608e-07
-1.01615e-05
-1.33422e-05
2.16171e-06
1.50327e-05
-1.27792e-05
1.79999e-06
-1.30075e-05
1.62518e-06
1.51996e-06
-1.35721e-05
-1.51773e-05
1.34862e-06
1.59895e-05
-1.46659e-05
1.28823e-06
-1.4288e-05
1.24713e-06
1.20225e-06
-1.39703e-05
-1.29611e-05
2.42842e-07
1.40663e-05
-1.19863e-05
3.12987e-07
-1.11256e-05
3.86067e-07
4.50002e-07
-1.03737e-05
-1.06834e-05
-1.13572e-06
1.20615e-05
-9.42175e-06
-9.49178e-07
-8.26213e-06
-7.74019e-07
-6.09005e-07
-7.20357e-06
-7.80791e-06
-2.165e-06
8.83734e-06
-6.8167e-06
-1.94024e-06
-5.849e-06
-1.74159e-06
-1.56563e-06
-4.89223e-06
-2.99964e-06
-2.58322e-06
3.41792e-06
-2.59749e-06
-2.34233e-06
-2.20234e-06
-2.13663e-06
-1.98899e-06
-1.77884e-06
1.06564e-06
-2.60532e-06
-1.04347e-06
1.12397e-06
-2.40067e-06
1.18415e-06
-2.19684e-06
-2.04752e-06
1.24268e-06
2.65787e-06
-2.45638e-06
-2.80689e-06
2.61454e-06
-2.3574e-06
2.62717e-06
-2.2095e-06
-2.06715e-06
2.64677e-06
3.13531e-06
-2.1674e-06
-3.42431e-06
2.95564e-06
-2.17774e-06
2.87443e-06
-2.1283e-06
-2.04151e-06
2.84877e-06
4.39639e-06
-1.58009e-06
-4.98366e-06
3.89556e-06
-1.67686e-06
3.50277e-06
-1.73549e-06
-1.74164e-06
3.20291e-06
5.86633e-06
-7.13792e-07
-6.73251e-06
5.04656e-06
-8.56968e-07
4.30614e-06
-9.94972e-07
-1.09495e-06
3.65952e-06
6.07992e-06
2.20955e-07
-7.01446e-06
5.16446e-06
5.86734e-08
4.28479e-06
-1.15146e-07
-2.7513e-07
3.46507e-06
4.03619e-06
9.02463e-07
-4.71752e-06
3.37447e-06
7.20552e-07
2.72089e-06
5.38568e-07
3.81514e-07
2.06435e-06
1.17229e-06
9.41881e-07
-1.21165e-06
9.61668e-07
9.31239e-07
7.33503e-07
7.66779e-07
7.1535e-07
3.99699e-07
-3.45343e-06
5.08652e-06
-2.46996e-06
-1.75088e-06
-1.03505e-06
-1.78135e-05
1.67618e-06
-1.78917e-05
-4.14102e-07
-1.74889e-05
-1.13602e-06
-1.17163e-06
-1.6364e-05
-2.08554e-05
1.36173e-06
-2.08128e-05
-5.18786e-07
-2.09195e-05
-1.05006e-06
-1.07374e-06
-2.10269e-05
-1.58634e-05
1.65846e-08
-1.54976e-05
-8.95071e-07
-1.55273e-05
-1.02197e-06
-8.82619e-07
-1.57186e-05
-1.13303e-05
-2.10497e-07
-1.18375e-05
-3.85691e-07
-1.26117e-05
-2.4541e-07
-6.71589e-08
-1.34254e-05
-1.12395e-05
8.69742e-07
-1.24988e-05
8.74987e-07
-1.36259e-05
8.8256e-07
8.93629e-07
-1.45862e-05
-1.41365e-05
1.4345e-06
-1.46148e-05
1.35342e-06
-1.5018e-05
1.28585e-06
1.23956e-06
-1.5364e-05
-1.36937e-05
1.15784e-06
-1.34619e-05
1.1215e-06
-1.32752e-05
1.09908e-06
1.09197e-06
-1.31277e-05
-9.72511e-06
5.0903e-07
-9.17084e-06
5.66983e-07
-8.69805e-06
6.26076e-07
6.87546e-07
-8.29382e-06
-6.24557e-06
-4.49408e-07
-5.38544e-06
-2.93556e-07
-4.61815e-06
-1.41615e-07
4.72314e-09
-3.93569e-06
-3.94501e-06
-1.3965e-06
-3.01694e-06
-1.2215e-06
-2.12357e-06
-1.03487e-06
-8.38514e-07
-1.28024e-06
-1.29021e-06
-1.88496e-06
-7.19419e-07
-1.79209e-06
-7.5372e-08
-1.67869e-06
-1.52853e-06
6.14894e-07
1.33087e-06
-1.97311e-06
1.49161e-06
-1.95275e-06
1.75045e-06
-1.93742e-06
-1.87785e-06
2.09992e-06
2.65259e-06
-1.97893e-06
2.65785e-06
-1.958e-06
2.69029e-06
-1.96982e-06
-1.95156e-06
2.76407e-06
2.82675e-06
-1.95692e-06
2.77746e-06
-1.90872e-06
2.70025e-06
-1.89261e-06
-1.85724e-06
2.60597e-06
2.95033e-06
-1.70437e-06
2.69828e-06
-1.6567e-06
2.42564e-06
-1.61998e-06
-1.5652e-06
2.13361e-06
3.09201e-06
-1.13683e-06
2.57209e-06
-1.13679e-06
2.07964e-06
-1.12757e-06
-1.09467e-06
1.60911e-06
2.71401e-06
-3.85718e-07
2.02904e-06
-4.51818e-07
1.41189e-06
-5.1045e-07
-5.55064e-07
8.72247e-07
1.40644e-06
2.72272e-07
7.71183e-07
1.83486e-07
1.60711e-07
1.00049e-07
3.61801e-08
-4.30503e-07
-2.87546e-07
9.5954e-07
-9.26675e-07
8.22648e-07
-1.46725e-06
6.40662e-07
6.16914e-07
-2.04796e-06
1.49975e-07
-1.41979e-06
-2.47544e-06
-3.40182e-06
-1.57293e-05
-6.44867e-07
-1.51173e-05
-6.19862e-07
-5.7397e-07
-1.45493e-05
-2.10961e-05
-5.79618e-07
-2.11883e-05
-5.30732e-07
-4.73596e-07
-2.12909e-05
-1.58947e-05
-4.03408e-07
-1.60822e-05
-3.42925e-07
-2.80671e-07
-1.62748e-05
-1.38592e-05
3.11373e-08
-1.42796e-05
7.82358e-08
1.24546e-07
-1.46842e-05
-1.50674e-05
5.12628e-07
-1.55101e-05
5.21127e-07
5.32246e-07
-1.59177e-05
-1.55383e-05
6.86918e-07
-1.5699e-05
6.81872e-07
6.80149e-07
-1.58469e-05
-1.30646e-05
6.23761e-07
-1.30101e-05
6.2732e-07
6.32924e-07
-1.29629e-05
-8.08864e-06
4.18476e-07
-7.90135e-06
4.39923e-07
4.61996e-07
-7.73051e-06
-3.58242e-06
6.50058e-08
-3.25254e-06
1.09859e-07
1.53318e-07
-2.94404e-06
-8.26254e-07
-3.8895e-07
-3.9236e-07
-3.24021e-07
-2.60064e-07
2.10218e-08
1.01387e-06
-7.87775e-07
1.41037e-06
-7.2038e-07
-6.48492e-07
1.79895e-06
2.3217e-06
-1.00946e-06
2.55449e-06
-9.5306e-07
-8.84716e-07
2.79084e-06
2.81855e-06
-1.06388e-06
2.87807e-06
-1.01251e-06
-9.44557e-07
2.93799e-06
2.544e-06
-1.00188e-06
2.47591e-06
-9.44377e-07
-8.6918e-07
2.40058e-06
1.96245e-06
-8.30695e-07
1.78727e-06
-7.69175e-07
-6.90879e-07
1.609e-06
1.34619e-06
-5.67771e-07
1.08725e-06
-5.10217e-07
-4.35104e-07
8.31486e-07
6.082e-07
-3.03732e-07
3.66609e-07
-2.68628e-07
-2.13146e-07
1.44656e-07
-7.44855e-07
1.06412e-08
-1.0279e-06
1.44379e-08
2.37996e-08
-1.26482e-06
-2.4426e-06
4.05287e-07
-2.81724e-06
3.89094e-07
3.07216e-07
-3.10064e-06
-4.01985e-06
-4.71589e-06
-5.47359e-06
-1.43688e-05
-1.82308e-07
-1.41965e-05
-1.73894e-07
-1.6554e-07
-1.40323e-05
-2.13169e-05
-1.56956e-07
-2.13442e-05
-1.47229e-07
-1.35945e-07
-2.13744e-05
-1.63519e-05
-7.97427e-08
-1.64278e-05
-7.1292e-08
-6.28952e-08
-1.65007e-05
-1.48197e-05
5.6011e-08
-1.49522e-05
6.1367e-08
6.66443e-08
-1.50815e-05
-1.60528e-05
1.91184e-07
-1.6184e-05
1.9264e-07
1.94249e-07
-1.63116e-05
-1.58953e-05
2.39525e-07
-1.59423e-05
2.39655e-07
2.40177e-07
-1.59882e-05
-1.2949e-05
2.25678e-07
-1.29359e-05
2.26488e-07
2.27393e-07
-1.29231e-05
-7.67361e-06
1.68745e-07
-7.61862e-06
1.71465e-07
1.74219e-07
-7.56548e-06
-2.83937e-06
6.40119e-08
-2.73727e-06
6.93047e-08
7.49058e-08
-2.63802e-06
1.63203e-07
-7.81734e-08
3.02918e-07
-7.04157e-08
-6.20126e-08
4.39829e-07
1.9338e-06
-2.12965e-07
2.06713e-06
-2.03695e-07
-1.93759e-07
2.19893e-06
2.87273e-06
-2.9482e-07
2.95419e-06
-2.85112e-07
-2.74779e-07
3.03526e-06
2.95802e-06
-3.14822e-07
2.9776e-06
-3.04673e-07
-2.93791e-07
2.99665e-06
2.37197e-06
-2.86192e-07
2.34251e-06
-2.752e-07
-2.63394e-07
2.31213e-06
1.54608e-06
-2.23263e-07
1.48307e-06
-2.12182e-07
-2.00032e-07
1.41972e-06
7.42394e-07
-1.34164e-07
6.54071e-07
-1.23854e-07
-1.11919e-07
5.65963e-07
7.34255e-08
-6.29304e-08
4.46258e-09
-5.4888e-08
-4.3081e-08
-6.43728e-08
-1.33784e-06
1.00941e-08
-1.40285e-06
1.01246e-08
1.95711e-08
-1.46549e-06
-3.17081e-06
8.02741e-08
-3.22584e-06
6.51514e-08
8.31293e-08
-3.28939e-06
-5.64095e-06
-5.79238e-06
-5.99724e-06
-1.35984e-05
-4.37219e-07
-1.32476e-05
-3.53267e-07
-2.58344e-07
-1.2991e-05
-2.14995e-05
-3.13333e-07
-2.16152e-05
-2.38546e-07
-1.62678e-07
-2.17116e-05
-1.66697e-05
-1.43972e-07
-1.68269e-05
-8.10316e-08
-1.48854e-08
-1.69744e-05
-1.54415e-05
2.16512e-07
-1.57837e-05
2.61652e-07
3.05667e-07
-1.61039e-05
-1.66539e-05
5.58939e-07
-1.69689e-05
5.76755e-07
5.957e-07
-1.72589e-05
-1.61149e-05
6.85578e-07
-1.62316e-05
6.93459e-07
7.03128e-07
-1.6339e-05
-1.28857e-05
6.481e-07
-1.28512e-05
6.59017e-07
6.71399e-07
-1.28195e-05
-7.42545e-06
5.07982e-07
-7.2981e-06
5.31589e-07
5.55268e-07
-7.18205e-06
-2.37304e-06
2.42833e-07
-2.12806e-06
2.86446e-07
3.28141e-07
-1.90109e-06
8.09509e-07
-1.26879e-07
1.15782e-06
-6.19127e-08
-1.17008e-09
1.48707e-06
2.56208e-06
-4.89885e-07
2.91133e-06
-4.11022e-07
-3.34429e-07
3.24472e-06
3.26519e-06
-7.19686e-07
3.48993e-06
-6.35631e-07
-5.53003e-07
3.70863e-06
3.04891e-06
-7.71866e-07
3.09724e-06
-6.83881e-07
-5.99049e-07
3.14337e-06
2.22221e-06
-6.819e-07
2.12817e-06
-5.89794e-07
-5.04631e-07
2.0338e-06
1.23793e-06
-5.0008e-07
1.05616e-06
-4.08009e-07
-3.25095e-07
8.76646e-07
3.17609e-07
-2.51714e-07
7.18525e-08
-1.62247e-07
-8.43617e-08
-1.68882e-07
-2.64373e-07
-5.17065e-08
-4.62504e-07
3.58872e-08
1.17119e-07
-6.63987e-07
-1.62214e-06
1.04957e-07
-1.7456e-06
1.59367e-07
2.10605e-07
-1.83908e-06
-3.35816e-06
1.73744e-07
-3.41681e-06
2.18036e-07
1.86083e-07
-3.39227e-06
-7.10805e-06
-6.02097e-06
-5.09609e-06
-1.25569e-05
-2.2154e-07
-1.32455e-05
1.76712e-07
-1.41912e-05
6.78152e-07
1.1853e-06
-1.48097e-05
-2.18416e-05
-9.23008e-08
-2.18296e-05
1.6438e-07
-2.16065e-05
4.54717e-07
7.26795e-07
-2.11485e-05
-1.71721e-05
1.05871e-07
-1.72944e-05
2.86955e-07
-1.73066e-05
4.67061e-07
6.35738e-07
-1.72154e-05
-1.66455e-05
6.48005e-07
-1.7138e-05
7.79886e-07
-1.75771e-05
9.06444e-07
1.0263e-06
-1.79675e-05
-1.77127e-05
1.10187e-06
-1.81072e-05
1.1744e-06
-1.84507e-05
1.24997e-06
1.32623e-06
-1.87506e-05
-1.65095e-05
1.27235e-06
-1.66536e-05
1.3184e-06
-1.67743e-05
1.37073e-06
1.42695e-06
-1.68751e-05
-1.27636e-05
1.21641e-06
-1.27124e-05
1.26714e-06
-1.26633e-05
1.32166e-06
1.37791e-06
-1.26143e-05
-7.00399e-06
1.03822e-06
-6.84979e-06
1.11282e-06
-6.71406e-06
1.18583e-06
1.25601e-06
-6.59225e-06
-1.53951e-06
6.76365e-07
-1.21907e-06
7.92117e-07
-9.32546e-07
8.99049e-07
9.97489e-07
-6.74268e-07
2.01667e-06
1.46639e-07
2.4927e-06
3.15917e-07
2.9245e-06
4.67056e-07
6.02076e-07
3.31969e-06
3.79454e-06
-4.02972e-07
4.30397e-06
-1.93349e-07
4.78436e-06
-1.32102e-08
1.64758e-07
5.22175e-06
4.08461e-06
-7.78722e-07
4.44489e-06
-5.5341e-07
4.78854e-06
-3.56648e-07
-1.86875e-07
5.14035e-06
3.2309e-06
-8.66094e-07
3.33676e-06
-6.59131e-07
3.4747e-06
-4.94445e-07
-3.64928e-07
3.65288e-06
1.88096e-06
-7.13177e-07
1.76716e-06
-5.45257e-07
1.70925e-06
-4.36456e-07
-3.68119e-07
1.71251e-06
5.69849e-07
-4.06356e-07
2.95512e-07
-2.70899e-07
6.24204e-08
-2.03345e-07
-1.78727e-07
-1.26953e-07
-5.84209e-07
8.95633e-09
-9.87498e-07
1.3236e-07
-1.37965e-06
1.88766e-07
2.00328e-07
-1.75876e-06
-1.03841e-06
3.83357e-07
-1.43302e-06
5.26932e-07
-1.84821e-06
6.03885e-07
6.3315e-07
-2.28111e-06
-1.94593e-06
4.90204e-07
-2.0419e-06
6.2288e-07
-2.16089e-06
7.22839e-07
7.84906e-07
-2.31271e-06
-3.27913e-06
3.77086e-07
-3.03255e-06
3.76309e-07
-2.74397e-06
4.34257e-07
4.99205e-07
-2.45828e-06
-3.64537e-06
-2.39632e-06
-1.8216e-06
-1.27874e-06
-1.64394e-05
1.6297e-06
-1.85229e-05
2.08321e-06
-2.10896e-05
2.56624e-06
2.96238e-06
-2.40525e-05
-2.05145e-05
9.95124e-07
-1.96753e-05
1.24359e-06
-1.85805e-05
1.47122e-06
1.59546e-06
-1.72138e-05
-1.7011e-05
7.90954e-07
-1.67032e-05
9.35835e-07
-1.63012e-05
1.06932e-06
1.14908e-06
-1.58548e-05
-1.83142e-05
1.13776e-06
-1.86179e-05
1.23952e-06
-1.88741e-05
1.32562e-06
1.37896e-06
-1.9104e-05
-1.90138e-05
1.40095e-06
-1.92459e-05
1.47167e-06
-1.94538e-05
1.53342e-06
1.57766e-06
-1.96525e-05
-1.69587e-05
1.48456e-06
-1.70279e-05
1.5409e-06
-1.70869e-05
1.59235e-06
1.63338e-06
-1.71426e-05
-1.25637e-05
1.43394e-06
-1.25103e-05
1.48758e-06
-1.24543e-05
1.53633e-06
1.57613e-06
-1.23971e-05
-6.48047e-06
1.32207e-06
-6.37557e-06
1.38261e-06
-6.27476e-06
1.43546e-06
1.47665e-06
-6.17532e-06
-4.39834e-07
1.08741e-06
-2.25677e-07
1.16824e-06
-2.91686e-08
1.23875e-06
1.29646e-06
1.50822e-07
3.68545e-06
7.21407e-07
4.02712e-06
8.26309e-07
4.34765e-06
9.17946e-07
9.96592e-07
4.64724e-06
5.63084e-06
3.12352e-07
6.01832e-06
4.38811e-07
6.38918e-06
5.47018e-07
6.39985e-07
6.74568e-06
5.49693e-06
-4.40618e-08
5.85202e-06
8.38589e-08
6.20818e-06
1.90963e-07
2.82274e-07
6.56596e-06
3.86942e-06
-2.60486e-07
4.12601e-06
-1.72615e-07
4.41366e-06
-9.6579e-08
-2.91893e-08
4.72522e-06
1.77347e-06
-3.21374e-07
1.88241e-06
-2.81477e-07
2.02587e-06
-2.39967e-07
-1.95555e-07
2.19231e-06
-2.75021e-07
-1.73289e-07
-3.87679e-07
-1.68802e-07
-4.74852e-07
-1.5278e-07
-1.21917e-07
-5.48478e-07
-2.12409e-06
1.91986e-07
-2.47463e-06
1.81672e-07
-2.80701e-06
1.79532e-07
1.88678e-07
-3.11768e-06
-2.72456e-06
6.35341e-07
-3.16986e-06
6.2687e-07
-3.60717e-06
6.16731e-07
6.1176e-07
-4.03038e-06
-2.49785e-06
8.20395e-07
-2.7077e-06
8.3663e-07
-2.932e-06
8.40922e-07
8.34717e-07
-3.15508e-06
-2.14997e-06
5.12051e-07
-1.93188e-06
6.18502e-07
-1.73382e-06
6.42809e-07
7.40028e-07
-1.63919e-06
-6.4607e-07
-2.75505e-08
1.14766e-07
3.5752e-07
-3.14923e-07
-6.12161e-07
1.81901e-07
-4.96677e-07
3.36498e-07
-1.54479e-07
4.07199e-07
-7.05845e-08
5.01831e-07
-9.4512e-08
6.16497e-07
-1.14547e-07
7.28588e-07
-1.11979e-07
7.84547e-07
-5.58611e-08
7.4834e-07
3.62855e-08
6.19042e-07
1.29361e-07
4.28216e-07
1.90879e-07
2.31208e-07
1.97055e-07
8.30317e-08
1.48223e-07
1.46483e-08
6.84301e-08
1.70217e-08
-2.32993e-09
-2.49398e-08
4.19757e-08
-3.81429e-07
3.5622e-07
-1.60679e-07
-2.21269e-07
1.6648e-06
-1.82545e-06
1.66546e-06
-8.25967e-07
-1.62096e-06
6.10764e-08
-1.38356e-06
3.51349e-07
-4.44633e-07
5.74131e-07
-2.93258e-07
8.18267e-07
-3.3854e-07
1.11758e-06
-4.13758e-07
1.42317e-06
-4.17467e-07
1.64534e-06
-2.77949e-07
1.71143e-06
-2.97346e-08
1.58971e-06
2.51129e-07
1.29918e-06
4.81442e-07
9.14658e-07
5.81616e-07
5.46168e-07
5.16749e-07
2.92542e-07
3.22094e-07
1.70948e-07
1.19304e-07
-3.21545e-08
2.45088e-07
-6.64875e-07
9.88676e-07
-4.97453e-07
-3.89174e-07
2.13349e-06
-4.45634e-06
3.79967e-06
-1.00877e-06
-2.53544e-06
-1.79557e-07
-2.21258e-06
1.86492e-07
-8.10565e-07
5.00786e-07
-6.07458e-07
8.41267e-07
-6.78929e-07
1.26136e-06
-8.33759e-07
1.69212e-06
-8.48145e-07
2.03799e-06
-6.23754e-07
2.21956e-06
-2.11262e-07
2.18976e-06
2.80951e-07
1.94359e-06
7.2762e-07
1.5344e-06
9.90813e-07
1.07204e-06
9.79123e-07
6.86325e-07
7.07834e-07
4.25928e-07
3.79731e-07
1.47514e-07
5.23513e-07
-5.0653e-07
1.64248e-06
-4.72884e-07
-4.23253e-07
2.04602e-06
-6.97519e-06
5.84646e-06
-8.77874e-07
-3.16723e-06
-2.90343e-07
-2.79987e-06
7.36334e-08
-1.17443e-06
4.29215e-07
-9.62957e-07
8.34935e-07
-1.08457e-06
1.33379e-06
-1.33254e-06
1.8385e-06
-1.35278e-06
2.25374e-06
-1.03894e-06
2.50492e-06
-4.62408e-07
2.54732e-06
2.38548e-07
2.36872e-06
9.06205e-07
2.00051e-06
1.35901e-06
1.52903e-06
1.45059e-06
1.08e-06
1.15687e-06
7.24799e-07
7.34947e-07
4.5128e-07
7.9704e-07
-1.10594e-07
2.20416e-06
-7.97223e-08
-4.54457e-07
1.94085e-06
-8.99569e-06
7.78811e-06
-5.14906e-07
-3.49718e-06
-2.12486e-07
-3.10198e-06
1.0344e-07
-1.49024e-06
4.65036e-07
-1.32448e-06
9.14848e-07
-1.53432e-06
1.46244e-06
-1.88006e-06
2.0072e-06
-1.89745e-06
2.45374e-06
-1.48541e-06
2.73318e-06
-7.41811e-07
2.80752e-06
1.64209e-07
2.6687e-06
1.04499e-06
2.34106e-06
1.6866e-06
1.89071e-06
1.90091e-06
1.42468e-06
1.62288e-06
1.0226e-06
1.13704e-06
7.82618e-07
1.03702e-06
4.8256e-07
2.50409e-06
3.49399e-07
-3.21546e-07
1.85447e-06
-1.05007e-05
9.64341e-06
-3.58083e-08
-3.59155e-06
3.68063e-08
-3.17417e-06
2.69858e-07
-1.72314e-06
6.15769e-07
-1.67032e-06
1.08625e-06
-2.00473e-06
1.65314e-06
-2.44687e-06
2.2123e-06
-2.45651e-06
2.66862e-06
-1.94165e-06
2.9563e-06
-1.02943e-06
3.04018e-06
8.03475e-08
2.91577e-06
1.16937e-06
2.6091e-06
1.99322e-06
2.17828e-06
2.33168e-06
1.7148e-06
2.08633e-06
1.29767e-06
1.55416e-06
1.08165e-06
1.25305e-06
9.82836e-07
2.60282e-06
7.98513e-07
-1.37362e-07
1.7763e-06
-1.14783e-05
1.14206e-05
4.65459e-07
-3.58033e-06
3.99971e-07
-3.10816e-06
5.40198e-07
-1.86314e-06
8.46188e-07
-1.97621e-06
1.30722e-06
-2.46568e-06
1.86308e-06
-3.00263e-06
2.41453e-06
-3.00785e-06
2.86815e-06
-2.39515e-06
3.15815e-06
-1.31935e-06
3.24827e-06
-9.73365e-09
3.13257e-06
1.28507e-06
2.83695e-06
2.28881e-06
2.4184e-06
2.75018e-06
1.96179e-06
2.5429e-06
1.54501e-06
1.97092e-06
1.33442e-06
1.46364e-06
1.34063e-06
2.59654e-06
1.18901e-06
1.42208e-08
1.71537e-06
-1.20046e-05
1.31368e-05
8.78591e-07
-3.62888e-06
8.13227e-07
-3.04226e-06
8.76922e-07
-1.92647e-06
1.11715e-06
-2.21629e-06
1.53499e-06
-2.88343e-06
2.05226e-06
-3.51978e-06
2.57751e-06
-3.53296e-06
3.0192e-06
-2.83671e-06
3.3094e-06
-1.60943e-06
3.40956e-06
-1.09837e-07
3.30954e-06
1.3851e-06
3.0298e-06
2.56853e-06
2.62451e-06
3.15543e-06
2.17687e-06
2.99049e-06
1.76691e-06
2.38086e-06
1.54749e-06
1.68305e-06
1.59007e-06
2.55393e-06
1.50022e-06
1.04105e-07
1.67058e-06
-1.21748e-05
1.48082e-05
1.14925e-06
-3.82507e-06
1.2049e-06
-3.09745e-06
1.24498e-06
-1.96608e-06
1.40249e-06
-2.37357e-06
1.74458e-06
-3.22538e-06
2.201e-06
-3.97607e-06
2.68652e-06
-4.01832e-06
3.10864e-06
-3.25868e-06
3.39541e-06
-1.89608e-06
3.50693e-06
-2.21281e-07
3.43021e-06
1.46185e-06
3.17791e-06
2.82083e-06
2.79598e-06
3.53733e-06
2.36413e-06
3.4223e-06
1.96613e-06
2.77885e-06
1.73243e-06
1.91675e-06
1.77078e-06
2.51555e-06
1.73168e-06
1.43303e-07
1.63468e-06
-1.20778e-05
1.64438e-05
1.27814e-06
-4.19397e-06
1.52328e-06
-3.34221e-06
1.6028e-06
-2.04505e-06
1.68192e-06
-2.45234e-06
1.92657e-06
-3.46985e-06
2.30771e-06
-4.35706e-06
2.74581e-06
-4.45626e-06
3.14266e-06
-3.65537e-06
3.42043e-06
-2.17372e-06
3.53907e-06
-3.39834e-07
3.48653e-06
1.51444e-06
3.2704e-06
3.03698e-06
2.92501e-06
3.88271e-06
2.52073e-06
3.82656e-06
2.14256e-06
3.15701e-06
1.89853e-06
2.16079e-06
1.91641e-06
2.49766e-06
1.91498e-06
1.449e-07
1.6069e-06
-1.17697e-05
1.80515e-05
1.29418e-06
-4.72851e-06
1.7478e-06
-3.79554e-06
1.91126e-06
-2.20793e-06
1.9343e-06
-2.47496e-06
2.07839e-06
-3.61368e-06
2.38058e-06
-4.65907e-06
2.76988e-06
-4.84539e-06
3.13886e-06
-4.0242e-06
3.40226e-06
-2.43699e-06
3.51964e-06
-4.57127e-07
3.48356e-06
1.55057e-06
3.30354e-06
3.21702e-06
3.00403e-06
4.18223e-06
2.64044e-06
4.19014e-06
2.29307e-06
3.50438e-06
2.04995e-06
2.40391e-06
2.049e-06
2.49862e-06
2.07394e-06
1.20176e-07
1.58854e-06
-1.12843e-05
1.96409e-05
1.23763e-06
-5.40886e-06
1.88569e-06
-4.44335e-06
2.14788e-06
-2.46955e-06
2.14169e-06
-2.46826e-06
2.19954e-06
-3.67123e-06
2.43069e-06
-4.89001e-06
2.77618e-06
-5.19072e-06
3.11932e-06
-4.36718e-06
3.36619e-06
-2.68374e-06
3.47297e-06
-5.63823e-07
3.43833e-06
1.58526e-06
3.28335e-06
3.37203e-06
3.03027e-06
4.43534e-06
2.71735e-06
4.50307e-06
2.41289e-06
3.80885e-06
2.18637e-06
2.63045e-06
2.18019e-06
2.50484e-06
2.22547e-06
7.51555e-08
1.58198e-06
-1.06408e-05
2.12237e-05
1.14978e-06
-6.20967e-06
1.96013e-06
-5.25346e-06
2.31098e-06
-2.81984e-06
2.29643e-06
-2.45316e-06
2.29203e-06
-3.66645e-06
2.46867e-06
-5.06641e-06
2.78112e-06
-5.50298e-06
3.10671e-06
-4.6926e-06
3.341e-06
-2.91792e-06
3.43001e-06
-6.52748e-07
3.37684e-06
1.63848e-06
3.22487e-06
3.52404e-06
3.00747e-06
4.65277e-06
2.74839e-06
4.76218e-06
2.49746e-06
4.05981e-06
2.30465e-06
2.82328e-06
2.3144e-06
2.49516e-06
2.38268e-06
7.1796e-09
1.59081e-06
-9.84902e-06
2.28153e-05
1.06833e-06
-7.09849e-06
1.99618e-06
-6.18108e-06
2.41228e-06
-3.23541e-06
2.40192e-06
-2.44221e-06
2.36114e-06
-3.62525e-06
2.50382e-06
-5.20881e-06
2.79886e-06
-5.79782e-06
3.1226e-06
-5.01616e-06
3.35581e-06
-3.151e-06
3.42419e-06
-7.21039e-07
3.33026e-06
1.73247e-06
3.14986e-06
3.70447e-06
2.94542e-06
4.85725e-06
2.73434e-06
4.9733e-06
2.54367e-06
4.25053e-06
2.40054e-06
2.96644e-06
2.45243e-06
2.44336e-06
2.55717e-06
-9.72116e-08
1.61981e-06
-8.9117e-06
2.44358e-05
1.02371e-06
-8.03254e-06
2.012e-06
-7.16915e-06
2.46689e-06
-3.68979e-06
2.4678e-06
-2.44251e-06
2.41423e-06
-3.57122e-06
2.54395e-06
-5.33821e-06
2.84123e-06
-6.09487e-06
3.18595e-06
-5.36069e-06
3.43621e-06
-3.4011e-06
3.48598e-06
-7.70715e-07
3.33008e-06
1.88842e-06
3.0837e-06
3.95089e-06
2.85856e-06
5.08243e-06
2.67975e-06
5.15216e-06
2.55052e-06
4.37981e-06
2.46978e-06
3.04723e-06
2.59461e-06
2.31864e-06
2.76109e-06
-2.63305e-07
1.67472e-06
-7.82535e-06
2.6111e-05
1.01681e-06
-8.96788e-06
2.01676e-06
-8.16886e-06
2.4879e-06
-4.16042e-06
2.50496e-06
-2.45895e-06
2.45869e-06
-3.52443e-06
2.5954e-06
-5.47458e-06
2.91786e-06
-6.41706e-06
3.31123e-06
-5.75383e-06
3.59984e-06
-3.68954e-06
3.63665e-06
-8.07421e-07
3.40199e-06
2.12314e-06
3.05126e-06
4.30167e-06
2.76387e-06
5.36988e-06
2.59208e-06
5.32402e-06
2.51916e-06
4.45281e-06
2.5085e-06
3.05795e-06
2.74291e-06
2.08437e-06
3.00718e-06
-5.27166e-07
1.76104e-06
-6.57921e-06
2.78724e-05
1.02108e-06
-9.88849e-06
2.01316e-06
-9.16063e-06
2.48594e-06
-4.63271e-06
2.52309e-06
-2.49546e-06
2.50043e-06
-3.50123e-06
2.66302e-06
-5.63676e-06
3.0362e-06
-6.78995e-06
3.50701e-06
-6.22438e-06
3.85342e-06
-4.03573e-06
3.88351e-06
-8.37401e-07
3.55988e-06
2.44683e-06
3.07227e-06
4.78933e-06
2.67844e-06
5.76377e-06
2.48076e-06
5.52177e-06
2.45268e-06
4.48096e-06
2.51297e-06
2.99773e-06
2.901e-06
1.69652e-06
3.30523e-06
-9.3096e-07
1.88165e-06
-5.15562e-06
2.97542e-05
1.02158e-06
-1.07902e-05
2.00237e-06
-1.0141e-05
2.46904e-06
-5.09886e-06
2.52989e-06
-2.55565e-06
2.54332e-06
-3.51407e-06
2.75003e-06
-5.84303e-06
3.20182e-06
-7.24141e-06
3.77621e-06
-6.79848e-06
4.19281e-06
-4.45208e-06
4.21858e-06
-8.6305e-07
3.80223e-06
2.8632e-06
3.15682e-06
5.43477e-06
2.61656e-06
6.3041e-06
2.35576e-06
5.78266e-06
2.35558e-06
4.48123e-06
2.47977e-06
2.87361e-06
3.07201e-06
1.10448e-06
3.65365e-06
-1.51209e-06
2.02913e-06
-3.53109e-06
3.17832e-05
1.00664e-06
-1.16935e-05
1.98514e-06
-1.1119e-05
2.44381e-06
-5.55696e-06
2.53152e-06
-2.64268e-06
2.58932e-06
-3.57124e-06
2.85836e-06
-6.11158e-06
3.41801e-06
-7.80067e-06
4.11507e-06
-7.4952e-06
4.60287e-06
-4.9396e-06
4.61926e-06
-8.79302e-07
4.11106e-06
3.37139e-06
3.3022e-06
6.24361e-06
2.58698e-06
7.01939e-06
2.22639e-06
6.14335e-06
2.23312e-06
4.47459e-06
2.41037e-06
2.69645e-06
3.26037e-06
2.5469e-07
4.02167e-06
-2.27275e-06
2.18331e-06
-1.69277e-06
3.39661e-05
9.87799e-07
-1.26235e-05
1.96021e-06
-1.20909e-05
2.4149e-06
-6.011e-06
2.53143e-06
-2.75848e-06
2.63968e-06
-3.67882e-06
2.99071e-06
-6.46207e-06
3.68218e-06
-8.49172e-06
4.50395e-06
-8.31657e-06
5.04851e-06
-5.48383e-06
5.04288e-06
-8.73517e-07
4.44807e-06
3.96612e-06
3.48853e-06
7.20306e-06
2.58824e-06
7.91971e-06
2.09937e-06
6.63233e-06
2.08603e-06
4.48803e-06
2.3265e-06
2.45608e-06
3.46799e-06
-8.86671e-07
4.33142e-06
-3.13549e-06
2.22733e-06
4.1112e-07
3.61924e-05
4.06994e-06
-1.64691e-05
7.43267e-06
-1.54508e-05
9.26652e-06
-7.8415e-06
1.00603e-05
-3.54878e-06
1.11001e-05
-4.7155e-06
1.35589e-05
-8.91811e-06
1.75916e-05
-1.25219e-05
2.16407e-05
-1.23629e-05
2.39635e-05
-7.80467e-06
2.37288e-05
-6.38284e-07
2.07584e-05
6.93541e-06
1.59393e-05
1.20207e-05
1.08903e-05
1.29682e-05
7.50461e-06
1.00184e-05
6.68388e-06
5.30934e-06
8.52439e-06
6.16145e-07
1.41346e-05
-6.49699e-06
1.6707e-05
-5.70753e-06
8.34213e-06
8.76354e-06
3.84218e-05
3.83544e-06
-1.97607e-05
6.84391e-06
-1.84559e-05
8.50833e-06
-9.50165e-06
9.69207e-06
-4.72794e-06
1.18726e-05
-6.89167e-06
1.63353e-05
-1.33769e-05
2.17616e-05
-1.79435e-05
2.59199e-05
-1.6516e-05
2.76851e-05
-9.5662e-06
2.69951e-05
5.24339e-08
2.32199e-05
1.07082e-05
1.74745e-05
1.77627e-05
1.10853e-05
1.93551e-05
6.03307e-06
1.50705e-05
4.01129e-06
7.3318e-06
6.23434e-06
-1.60657e-06
8.36199e-06
-8.61562e-06
3.16189e-06
-5.10166e-07
-4.64545e-06
1.65175e-05
4.54001e-05
3.30237e-06
-2.3108e-05
5.88149e-06
-2.1032e-05
7.24547e-06
-1.08614e-05
8.506e-06
-5.98329e-06
1.18014e-05
-1.01816e-05
1.72014e-05
-1.8771e-05
2.14633e-05
-2.21974e-05
2.364e-05
-1.86855e-05
2.42882e-05
-1.02103e-05
2.31743e-05
1.16663e-06
1.99852e-05
1.38932e-05
1.48163e-05
2.29254e-05
8.58865e-06
2.55779e-05
2.99377e-06
2.06636e-05
1.85364e-07
1.01402e-05
-1.39391e-06
-2.45409e-08
-8.04357e-06
-1.93991e-06
-1.47679e-05
6.21774e-06
-2.0175e-05
2.18821e-05
4.78015e-05
2.9744e-06
-2.59227e-05
4.589e-06
-2.26434e-05
5.20039e-06
-1.14698e-05
6.15733e-06
-6.93583e-06
9.78293e-06
-1.38024e-05
1.30501e-05
-2.20291e-05
1.32197e-05
-2.23584e-05
1.26892e-05
-1.81534e-05
1.30505e-05
-1.05738e-05
1.24443e-05
1.77037e-06
1.12759e-05
1.50555e-05
8.00408e-06
2.61883e-05
3.20664e-06
3.03674e-05
-1.94099e-06
2.58062e-05
-6.75262e-06
1.49498e-05
-1.42342e-05
7.47805e-06
-2.42882e-05
8.15783e-06
-2.9394e-05
1.13981e-05
-3.02378e-05
2.28278e-05
4.09532e-05
2.35572e-06
-2.7938e-05
2.76528e-06
-2.30512e-05
2.2085e-06
-1.09112e-05
2.76666e-06
-7.49168e-06
4.67512e-06
-1.57072e-05
2.97096e-06
-2.03159e-05
-6.7873e-08
-1.93223e-05
-3.57503e-07
-1.78788e-05
8.23117e-07
-1.17661e-05
1.82026e-06
7.72177e-07
1.80853e-06
1.50646e-05
2.38563e-07
2.77499e-05
-3.14026e-06
3.37358e-05
-7.34323e-06
3.00001e-05
-1.34359e-05
2.10436e-05
-2.36361e-05
1.77016e-05
-3.28113e-05
1.73607e-05
-3.55093e-05
1.41889e-05
-3.10826e-05
1.85982e-05
2.72316e-05
1.46886e-06
-3.00745e-05
4.14685e-07
-2.1995e-05
-1.34723e-06
-9.14898e-06
-1.6831e-06
-7.15636e-06
-3.78207e-06
-1.36034e-05
-8.56887e-06
-1.55315e-05
-9.78869e-06
-1.81243e-05
-7.53104e-06
-2.01523e-05
-5.41611e-06
-1.38829e-05
-4.45558e-06
-1.83916e-07
-5.16293e-06
1.57812e-05
-6.60119e-06
2.9187e-05
-8.59621e-06
3.57209e-05
-1.18104e-05
3.32035e-05
-1.8266e-05
2.75036e-05
-2.75977e-05
2.70461e-05
-3.37717e-05
2.35265e-05
-3.37211e-05
1.4159e-05
-2.71913e-05
1.21488e-05
1.51542e-05
4.50587e-07
-2.91005e-05
-2.18101e-06
-1.93611e-05
-5.09371e-06
-6.23733e-06
-7.43327e-06
-4.81832e-06
-1.24472e-05
-8.58974e-06
-1.67062e-05
-1.12916e-05
-1.63128e-05
-1.85336e-05
-1.42149e-05
-2.2236e-05
-1.21622e-05
-1.59124e-05
-1.09946e-05
-1.3438e-06
-1.09235e-05
1.57128e-05
-1.13915e-05
2.96533e-05
-1.22848e-05
3.66028e-05
-1.49342e-05
3.58407e-05
-2.12689e-05
3.38412e-05
-2.88367e-05
3.46134e-05
-3.24773e-05
2.71429e-05
-3.09786e-05
1.26481e-05
-2.45567e-05
5.72439e-06
6.58131e-06
-9.64817e-07
-2.6959e-05
-4.55636e-06
-1.57679e-05
-8.41344e-06
-2.38198e-06
-1.27685e-05
-4.65998e-07
-1.87579e-05
-2.61132e-06
-2.2514e-05
-7.55527e-06
-2.38015e-05
-1.72374e-05
-2.39408e-05
-2.20559e-05
-2.23998e-05
-1.74152e-05
-1.98212e-05
-3.91454e-06
-1.7698e-05
1.35696e-05
-1.6135e-05
2.80685e-05
-1.55312e-05
3.59776e-05
-1.76792e-05
3.79717e-05
-2.35407e-05
3.9699e-05
-2.93525e-05
4.04162e-05
-3.14687e-05
2.92403e-05
-2.94266e-05
1.06019e-05
-2.25286e-05
-1.1792e-06
-1.88941e-06
-3.15949e-06
-2.72401e-05
-6.4347e-06
-1.24918e-05
-1.08493e-05
2.0303e-06
-1.62465e-05
4.92503e-06
-2.23926e-05
3.51921e-06
-2.72601e-05
-2.69975e-06
-3.13263e-05
-1.31506e-05
-3.38476e-05
-1.94919e-05
-3.32362e-05
-1.79854e-05
-2.97846e-05
-7.34991e-06
-2.55355e-05
9.29583e-06
-2.18389e-05
2.43319e-05
-1.97622e-05
3.38684e-05
-2.10208e-05
3.92094e-05
-2.5194e-05
4.38626e-05
-2.83888e-05
4.36006e-05
-2.87733e-05
2.96177e-05
-2.63173e-05
8.14985e-06
-2.00364e-05
-7.46525e-06
-9.86687e-06
-4.29742e-06
-2.77518e-05
-7.30112e-06
-9.48749e-06
-1.17594e-05
6.48549e-06
-1.73437e-05
1.05013e-05
-2.35056e-05
9.66526e-06
-2.95763e-05
3.36309e-06
-3.56088e-05
-7.10001e-06
-4.02492e-05
-1.48181e-05
-4.15024e-05
-1.66914e-05
-3.87275e-05
-1.00922e-05
-3.35135e-05
4.07496e-06
-2.84239e-05
1.92008e-05
-2.51312e-05
3.05384e-05
-2.45121e-05
3.85712e-05
-2.51967e-05
4.45389e-05
-2.4425e-05
4.28223e-05
-2.19631e-05
2.71558e-05
-1.85193e-05
4.70546e-06
-1.34302e-05
-1.2567e-05
-1.44594e-05
-4.31895e-06
-2.6184e-05
-7.06316e-06
-6.74254e-06
-1.1153e-05
1.05719e-05
-1.63195e-05
1.56592e-05
-2.19683e-05
1.52995e-05
-2.82258e-05
9.61391e-06
-3.51889e-05
-1.24785e-07
-4.15692e-05
-8.417e-06
-4.5314e-05
-1.29162e-05
-4.46365e-05
-1.07284e-05
-3.98714e-05
-6.68078e-07
-3.40163e-05
1.33173e-05
-2.93648e-05
2.58386e-05
-2.59964e-05
3.51737e-05
-2.22916e-05
4.08236e-05
-1.72575e-05
3.77832e-05
-1.22212e-05
2.21186e-05
-7.71449e-06
1.91315e-07
-4.54284e-06
-1.57435e-05
-1.55843e-05
-3.79256e-06
-2.44131e-05
-6.0588e-06
-4.47566e-06
-9.3792e-06
1.38891e-05
-1.37435e-05
2.00154e-05
-1.85049e-05
2.00477e-05
-2.41665e-05
1.52692e-05
-3.0792e-05
6.5102e-06
-3.76213e-05
-1.57628e-06
-4.32164e-05
-7.31068e-06
-4.51974e-05
-8.72217e-06
-4.22173e-05
-3.60672e-06
-3.59802e-05
7.09712e-06
-2.9411e-05
1.92352e-05
-2.30918e-05
2.88042e-05
-1.57651e-05
3.34623e-05
-7.67524e-06
2.96735e-05
-8.66865e-07
1.53e-05
2.85826e-06
-3.53705e-06
2.02166e-06
-1.4908e-05
-1.46059e-05
-3.16859e-06
-2.20225e-05
-4.76322e-06
-2.88042e-06
-6.9557e-06
1.6079e-05
-1.01681e-05
2.32208e-05
-1.36616e-05
2.35292e-05
-1.8156e-05
1.9755e-05
-2.35454e-05
1.19065e-05
-2.93561e-05
4.24746e-06
-3.50697e-05
-1.59331e-06
-3.91609e-05
-4.63266e-06
-3.91453e-05
-3.60827e-06
-3.40908e-05
2.08107e-06
-2.59987e-05
1.11696e-05
-1.69027e-05
1.96971e-05
-7.20974e-06
2.37425e-05
1.87303e-06
2.05721e-05
8.19257e-06
8.97881e-06
8.80564e-06
-4.14416e-06
5.12058e-06
-1.12211e-05
-1.22927e-05
-2.71713e-06
-2.06635e-05
-3.66514e-06
-1.93175e-06
-4.52262e-06
1.69346e-05
-6.26868e-06
2.49615e-05
-8.04692e-06
2.5298e-05
-1.07667e-05
2.24632e-05
-1.46771e-05
1.58157e-05
-1.86999e-05
8.28071e-06
-2.28603e-05
2.57811e-06
-2.68604e-05
-6.32824e-07
-2.92727e-05
-1.20608e-06
-2.77201e-05
5.27793e-07
-2.14013e-05
4.87512e-06
-1.19458e-05
1.02729e-05
-1.62408e-06
1.34409e-05
7.30493e-06
1.16579e-05
1.15757e-05
4.72311e-06
1.00153e-05
-2.57705e-06
6.03176e-06
-7.23777e-06
-9.68572e-06
-2.58235e-06
-1.80657e-05
-3.14397e-06
-1.36947e-06
-2.72022e-06
1.651e-05
-2.88035e-06
2.51175e-05
-2.81916e-06
2.5231e-05
-3.06866e-06
2.27026e-05
-4.91361e-06
1.76521e-05
-7.5147e-06
1.08816e-05
-1.01231e-05
5.19206e-06
-1.26775e-05
1.9271e-06
-1.48578e-05
9.72425e-07
-1.56346e-05
1.29569e-06
-1.3072e-05
2.30731e-06
-6.84684e-06
4.0539e-06
1.42131e-06
5.18492e-06
9.03388e-06
4.05554e-06
1.25859e-05
1.17533e-06
1.15626e-05
-1.55375e-06
8.29771e-06
-3.97334e-06
-6.37164e-06
-2.8472e-06
-1.56652e-05
-3.40792e-06
-8.08042e-07
-1.98049e-06
1.50825e-05
-6.23089e-07
2.37569e-05
8.60367e-07
2.37442e-05
2.90396e-06
2.06543e-05
3.75525e-06
1.67932e-05
3.03117e-06
1.15999e-05
1.49488e-06
6.72593e-06
-8.85538e-08
3.51014e-06
-1.44831e-06
2.33219e-06
-2.22818e-06
2.07429e-06
-1.4567e-06
1.53399e-06
1.71238e-06
8.83619e-07
7.13715e-06
-2.40976e-07
1.2687e-05
-1.49613e-06
1.54278e-05
-1.56722e-06
1.45702e-05
-6.96973e-07
1.1026e-05
-4.28922e-07
-2.07767e-06
-3.92759e-06
-1.13376e-05
-4.74434e-06
9.52333e-09
-2.57533e-06
1.2914e-05
2.41258e-07
2.09384e-05
2.81491e-06
2.11678e-05
5.96017e-06
1.75079e-05
8.70532e-06
1.40457e-05
9.80189e-06
1.05e-05
9.53309e-06
6.99187e-06
8.49153e-06
4.54979e-06
7.63373e-06
3.18937e-06
7.35261e-06
2.35663e-06
7.73436e-06
1.15457e-06
9.47013e-06
-8.50598e-07
1.27517e-05
-3.52289e-06
1.6147e-05
-4.89347e-06
1.7315e-05
-2.73788e-06
1.55889e-05
1.02747e-06
1.16879e-05
3.47216e-06
2.59671e-06
-6.0297e-06
-8.0503e-06
-7.21414e-06
1.195e-06
-4.48617e-06
1.0187e-05
-1.65202e-07
1.6617e-05
3.50441e-06
1.74959e-05
7.31263e-06
1.36987e-05
1.07958e-05
1.05626e-05
1.27256e-05
8.57027e-06
1.35544e-05
6.16299e-06
1.32355e-05
4.86878e-06
1.29855e-05
3.44029e-06
1.30788e-05
2.26523e-06
1.3561e-05
6.74321e-07
1.41326e-05
-1.42189e-06
1.47722e-05
-4.16354e-06
1.53941e-05
-5.518e-06
1.4528e-05
-1.87533e-06
1.17823e-05
3.77075e-06
8.38656e-06
6.86763e-06
6.26652e-06
-8.95703e-06
-1.95776e-06
-1.14869e-05
3.72593e-06
-7.98193e-06
6.68333e-06
-2.06055e-06
1.06966e-05
2.26073e-06
1.31739e-05
7.86388e-06
8.09487e-06
1.23464e-05
6.08003e-06
1.41758e-05
6.74121e-06
1.60365e-05
4.30281e-06
1.57301e-05
5.17573e-06
1.62234e-05
2.94771e-06
1.69673e-05
1.522e-06
1.63789e-05
1.26297e-06
1.4158e-05
7.98569e-07
1.04931e-05
-4.99585e-07
7.25306e-06
-2.28041e-06
5.31842e-06
5.61752e-08
3.17876e-06
5.90901e-06
2.74398e-06
7.30287e-06
7.79911e-06
-8.83921e-06
-1.56279e-05
-1.19123e-05
-4.36706e-06
-4.48063e-06
5.94808e-06
1.20484e-05
1.23414e-05
1.67383e-05
1.27311e-05
1.326e-05
1.43812e-05
1.10224e-05
5.56847e-06
3.8559e-07
-3.10049e-06
-9.06534e-07
-6.70514e-06
-1.12297e-06
-2.18062e-06
2.18056e-06
4.87046e-07
-2.66777e-06
1.47887e-06
-9.91825e-07
9.2056e-07
5.58425e-07
4.30451e-07
4.90266e-07
3.16129e-07
1.1437e-07
4.45552e-07
-1.29604e-07
5.80916e-07
-1.35737e-07
5.72831e-07
7.75251e-09
5.06781e-07
6.5916e-08
4.95149e-07
1.16209e-08
5.27088e-07
-3.19502e-08
5.45446e-07
-1.84311e-08
5.33715e-07
1.16244e-08
5.22008e-07
1.16449e-08
5.25224e-07
-3.22662e-09
5.35893e-07
-1.06661e-08
5.48672e-07
-1.27771e-08
5.59989e-07
-1.13168e-08
-6.95593e-09
-2.66684e-06
4.84733e-06
1.13064e-06
-6.46536e-06
2.63735e-06
-2.49855e-06
2.26883e-06
9.27039e-07
1.42957e-06
1.32969e-06
9.50394e-07
5.93636e-07
9.92682e-07
-1.72009e-07
1.1747e-06
-3.18109e-07
1.18208e-06
-3.26383e-12
1.09193e-06
1.55879e-07
1.06334e-06
4.0172e-08
1.08097e-06
-4.95958e-08
1.06066e-06
1.80905e-09
9.89858e-07
8.23036e-08
9.17525e-07
8.39069e-08
8.69124e-07
4.51609e-08
8.43079e-07
1.53827e-08
8.36983e-07
-6.6792e-09
8.45815e-07
-2.01493e-08
-1.69355e-08
-2.48049e-06
7.32776e-06
1.28622e-06
-1.02322e-05
2.72336e-06
-3.9357e-06
2.76516e-06
8.85344e-07
2.13769e-06
1.95732e-06
1.52641e-06
1.20505e-06
1.38084e-06
-2.64702e-08
1.47132e-06
-4.08894e-07
1.46707e-06
3.82671e-09
1.38179e-06
2.40902e-07
1.33288e-06
8.90191e-08
1.29467e-06
-1.14119e-08
1.19323e-06
1.03159e-07
1.03527e-06
2.40143e-07
8.76032e-07
2.43069e-07
7.46167e-07
1.75016e-07
6.56679e-07
1.04874e-07
6.12389e-07
3.76121e-08
6.05228e-07
-1.29885e-08
-2.34926e-08
-2.28095e-06
9.60865e-06
1.07328e-06
-1.35865e-05
2.2507e-06
-5.11312e-06
2.59657e-06
5.39564e-07
2.38164e-06
2.17242e-06
1.8939e-06
1.69294e-06
1.64967e-06
2.17805e-07
1.61178e-06
-3.71251e-07
1.55809e-06
5.70837e-08
1.46802e-06
3.3067e-07
1.38479e-06
1.72155e-07
1.26012e-06
1.13214e-07
1.04805e-06
3.15132e-07
7.83884e-07
5.04182e-07
5.24839e-07
5.02056e-07
3.0471e-07
3.95141e-07
1.48681e-07
2.60906e-07
6.30216e-08
1.23272e-07
3.90638e-08
1.09694e-08
-2.42931e-08
-2.10403e-06
1.17126e-05
7.02273e-07
-1.63929e-05
1.56016e-06
-5.97104e-06
2.07634e-06
2.34579e-08
2.24316e-06
2.00576e-06
1.99621e-06
1.94007e-06
1.77004e-06
4.44063e-07
1.63912e-06
-2.40515e-07
1.5249e-06
1.70891e-07
1.41114e-06
4.4411e-07
1.26833e-06
3.14839e-07
1.02819e-06
3.53299e-07
6.87283e-07
6.55933e-07
3.10394e-07
8.80959e-07
-4.79939e-08
8.60411e-07
-3.48869e-07
6.96015e-07
-5.60523e-07
4.72561e-07
-6.75973e-07
2.38722e-07
-7.18377e-07
5.33736e-08
-1.92692e-08
-1.9403e-06
1.36529e-05
3.0462e-07
-1.86379e-05
9.02578e-07
-6.56905e-06
1.48929e-06
-5.63225e-07
1.89109e-06
1.60409e-06
1.87724e-06
1.9541e-06
1.73658e-06
5.84838e-07
1.56206e-06
-6.61375e-08
1.39715e-06
3.35418e-07
1.24092e-06
6.00022e-07
1.00639e-06
5.49251e-07
6.2764e-07
7.31972e-07
1.5777e-07
1.12569e-06
-3.28734e-07
1.36739e-06
-7.73312e-07
1.30497e-06
-1.13743e-06
1.06014e-06
-1.38782e-06
7.22947e-07
-1.5247e-06
3.75599e-07
-1.57809e-06
1.06767e-07
-1.06107e-08
-1.78368e-06
1.54365e-05
-3.96423e-08
-2.03821e-05
4.18132e-07
-7.02691e-06
1.01235e-06
-1.15746e-06
1.47006e-06
1.14647e-06
1.62061e-06
1.80372e-06
1.57676e-06
6.28812e-07
1.39002e-06
1.20484e-07
1.18605e-06
5.39023e-07
9.65391e-07
8.20401e-07
6.06871e-07
9.07655e-07
8.26588e-08
1.2561e-06
-5.12657e-07
1.72091e-06
-1.08385e-06
1.93854e-06
-1.59429e-06
1.81541e-06
-2.00004e-06
1.46589e-06
-2.27383e-06
9.96738e-07
-2.42332e-06
5.25087e-07
-2.48309e-06
1.66537e-07
-1.95191e-10
-1.6297e-06
1.70662e-05
-2.35695e-07
-2.17762e-05
9.43425e-08
-7.35704e-06
6.6269e-07
-1.72586e-06
1.05615e-06
7.53071e-07
1.30366e-06
1.55636e-06
1.33103e-06
6.01558e-07
1.13807e-06
3.13326e-07
8.94764e-07
7.82004e-07
5.81025e-07
1.1339e-06
7.36757e-08
1.4149e-06
-5.86889e-07
1.91658e-06
-1.27336e-06
2.40731e-06
-1.91125e-06
2.57641e-06
-2.46459e-06
2.36874e-06
-2.89371e-06
1.89501e-06
-3.1796e-06
1.28263e-06
-3.33544e-06
6.80925e-07
-3.39836e-06
2.29456e-07
1.07624e-08
-1.47569e-06
1.85419e-05
-4.06077e-07
-2.28459e-05
-1.20713e-07
-7.6425e-06
3.73734e-07
-2.22038e-06
6.73451e-07
4.53382e-07
9.78722e-07
1.25122e-06
1.03223e-06
5.48142e-07
8.20672e-07
5.24754e-07
5.2058e-07
1.08182e-06
8.117e-08
1.57313e-06
-5.70998e-07
2.06698e-06
-1.3393e-06
2.68481e-06
-2.09284e-06
3.16081e-06
-2.77373e-06
3.25729e-06
-3.34995e-06
2.94496e-06
-3.78938e-06
2.33444e-06
-4.08004e-06
1.57329e-06
-4.2382e-06
8.39084e-07
-4.30209e-06
2.93348e-07
2.17578e-08
-1.32362e-06
1.98656e-05
-5.29416e-07
-2.36403e-05
-2.89428e-07
-7.88259e-06
1.1257e-07
-2.62247e-06
3.31658e-07
2.34292e-07
6.69474e-07
9.13498e-07
6.96649e-07
5.21022e-07
4.44227e-07
7.77041e-07
6.00449e-08
1.46577e-06
-5.26126e-07
2.15916e-06
-1.30533e-06
2.84611e-06
-2.14565e-06
3.52508e-06
-2.93971e-06
3.95485e-06
-3.64217e-06
3.95975e-06
-4.22639e-06
3.52918e-06
-4.66766e-06
2.77571e-06
-4.95843e-06
1.86406e-06
-5.11624e-06
9.96892e-07
-5.17965e-06
3.5676e-07
3.24413e-08
-1.17931e-06
2.10449e-05
-6.18208e-07
-2.42015e-05
-4.49749e-07
-8.05115e-06
-1.49149e-07
-2.92316e-06
3.5171e-08
4.99497e-08
3.7198e-07
5.76754e-07
3.24145e-07
5.6888e-07
1.258e-08
1.08848e-06
-5.07158e-07
1.98534e-06
-1.22824e-06
2.88015e-06
-2.09592e-06
3.71373e-06
-2.97667e-06
4.4058e-06
-3.78794e-06
4.76611e-06
-4.49513e-06
4.66694e-06
-5.07707e-06
4.11113e-06
-5.51448e-06
3.21312e-06
-5.80198e-06
2.15156e-06
-5.95728e-06
1.15219e-06
-6.01899e-06
4.18475e-07
4.25552e-08
-1.04451e-06
2.20894e-05
-6.90656e-07
-2.45555e-05
-5.93896e-07
-8.148e-06
-3.71859e-07
-3.14529e-06
-1.83892e-07
-1.38051e-07
6.10376e-08
3.31867e-07
-9.26445e-08
7.22561e-07
-5.16478e-07
1.5122e-06
-1.16267e-06
2.63142e-06
-1.99476e-06
3.71218e-06
-2.9132e-06
4.63213e-06
-3.80755e-06
5.30014e-06
-4.61739e-06
5.57595e-06
-5.31678e-06
5.36632e-06
-5.88891e-06
4.68326e-06
-6.31774e-06
3.64195e-06
-6.59869e-06
2.43251e-06
-6.74924e-06
1.30274e-06
-6.80798e-06
4.77223e-07
5.18391e-08
-9.19923e-07
2.30094e-05
-7.59705e-07
-2.47159e-05
-7.22019e-07
-8.18576e-06
-5.51124e-07
-3.31627e-06
-4.02015e-07
-2.87195e-07
-2.91017e-07
2.20899e-07
-5.61796e-07
9.93334e-07
-1.12045e-06
2.07079e-06
-1.89155e-06
3.40246e-06
-2.79539e-06
4.61598e-06
-3.73176e-06
5.56848e-06
-4.61853e-06
6.1869e-06
-5.41256e-06
6.36997e-06
-6.09429e-06
6.04806e-06
-6.64982e-06
5.23878e-06
-7.06495e-06
4.05708e-06
-7.33553e-06
2.70309e-06
-7.4787e-06
1.44591e-06
-7.53301e-06
5.31532e-07
5.99754e-08
-8.06901e-07
2.38163e-05
-8.37938e-07
-2.4685e-05
-8.50267e-07
-8.1735e-06
-7.24776e-07
-3.44183e-06
-6.45152e-07
-3.66846e-07
-6.92422e-07
2.682e-07
-1.10988e-06
1.41079e-06
-1.80234e-06
2.76321e-06
-2.66631e-06
4.26639e-06
-3.60285e-06
5.5525e-06
-4.53121e-06
6.49683e-06
-5.3941e-06
7.04979e-06
-6.16061e-06
7.13648e-06
-6.81555e-06
6.703e-06
-7.34698e-06
5.77022e-06
-7.74226e-06
4.45236e-06
-7.99781e-06
2.95864e-06
-8.13046e-06
1.57856e-06
-8.1786e-06
5.79667e-07
6.65639e-08
-7.06955e-07
2.45232e-05
-9.38255e-07
-2.44538e-05
-9.9988e-07
-8.11193e-06
-9.26704e-07
-3.51505e-06
-9.41705e-07
-3.51854e-07
-1.16799e-06
4.94529e-07
-1.73791e-06
1.98073e-06
-2.54208e-06
3.56737e-06
-3.45828e-06
5.18258e-06
-4.39482e-06
6.48902e-06
-5.29555e-06
7.39756e-06
-6.12141e-06
7.87565e-06
-6.8495e-06
7.86457e-06
-7.46776e-06
7.32125e-06
-7.96625e-06
6.26871e-06
-8.33434e-06
4.82045e-06
-8.56943e-06
3.19373e-06
-8.68801e-06
1.69713e-06
-8.72799e-06
6.19653e-07
7.11122e-08
-6.2162e-07
2.51448e-05
-1.07327e-06
-2.40023e-05
-1.19271e-06
-7.99251e-06
-1.18807e-06
-3.51972e-06
-1.31934e-06
-2.20558e-07
-1.72912e-06
9.04371e-07
-2.43406e-06
2.6857e-06
-3.31234e-06
4.44565e-06
-4.24229e-06
6.11251e-06
-5.15387e-06
7.40059e-06
-6.0118e-06
8.25548e-06
-6.78863e-06
8.65249e-06
-7.46675e-06
8.54269e-06
-8.03703e-06
7.89153e-06
-8.49245e-06
6.72413e-06
-8.8252e-06
5.15321e-06
-9.03401e-06
3.40254e-06
-9.13474e-06
1.79786e-06
-9.16445e-06
6.49362e-07
7.30362e-08
-5.53634e-07
2.56984e-05
-1.2542e-06
-2.33018e-05
-1.44915e-06
-7.79757e-06
-1.53379e-06
-3.43506e-06
-1.79498e-06
4.06825e-08
-2.37018e-06
1.47965e-06
-3.17468e-06
3.49024e-06
-4.08572e-06
5.3567e-06
-4.99827e-06
7.02506e-06
-5.86634e-06
8.26866e-06
-6.66841e-06
9.05756e-06
-7.38387e-06
9.36795e-06
-7.99913e-06
9.15796e-06
-8.50892e-06
8.40132e-06
-8.91049e-06
7.1257e-06
-9.19964e-06
5.44236e-06
-9.37645e-06
3.57934e-06
-9.4557e-06
1.87711e-06
-9.47297e-06
6.66638e-07
7.166e-08
-5.02773e-07
2.62011e-05
-1.49067e-06
-2.2314e-05
-1.78673e-06
-7.50149e-06
-1.97733e-06
-3.24442e-06
-2.36706e-06
4.30492e-07
-3.07058e-06
2.18326e-06
-3.93175e-06
4.35146e-06
-4.83885e-06
6.26381e-06
-5.71081e-06
7.89701e-06
-6.5207e-06
9.07855e-06
-7.25417e-06
9.79103e-06
-7.89474e-06
1.00085e-05
-8.43313e-06
9.69635e-06
-8.8695e-06
8.83769e-06
-9.20684e-06
7.46303e-06
-9.44496e-06
5.68048e-06
-9.58485e-06
3.71923e-06
-9.63948e-06
1.93174e-06
-9.64227e-06
6.69429e-07
6.62156e-08
-4.93961e-07
2.66949e-05
-1.79083e-06
-2.10172e-05
-2.21691e-06
-7.07537e-06
-2.51761e-06
-2.94365e-06
-3.01576e-06
9.28745e-07
-3.80172e-06
2.9693e-06
-4.6788e-06
5.22857e-06
-5.55329e-06
7.13831e-06
-6.36737e-06
8.71109e-06
-7.10586e-06
9.81704e-06
-7.75727e-06
1.04424e-05
-8.30854e-06
1.05598e-05
-8.75594e-06
1.01438e-05
-9.10685e-06
9.18859e-06
-9.37112e-06
7.72731e-06
-9.55256e-06
5.86192e-06
-9.65214e-06
3.81881e-06
-9.67993e-06
1.95953e-06
-9.66646e-06
6.55955e-07
5.58272e-08
-3.826e-07
2.70772e-05
-2.17275e-06
-1.92272e-05
-2.72565e-06
-6.52241e-06
-3.14501e-06
-2.52419e-06
-3.7104e-06
1.49423e-06
-4.53425e-06
3.79323e-06
-5.39504e-06
6.08939e-06
-6.21864e-06
7.96191e-06
-6.96341e-06
9.45585e-06
-7.61885e-06
1.04725e-05
-8.17371e-06
1.09973e-05
-8.619e-06
1.10051e-05
-8.95902e-06
1.04838e-05
-9.21141e-06
9.44098e-06
-9.39493e-06
7.91083e-06
-9.51709e-06
5.98408e-06
-9.57664e-06
3.87836e-06
-9.57798e-06
1.96087e-06
-9.54669e-06
6.24665e-07
3.91223e-08
-7.23157e-06
1.02542e-05
-1.32137e-05
-1.32452e-05
-1.6133e-05
-3.6028e-06
-1.92201e-05
5.63284e-07
-2.20104e-05
4.28477e-06
-2.50391e-05
6.82215e-06
-2.78113e-05
8.86157e-06
-3.01974e-05
1.0348e-05
-3.21048e-05
1.13632e-05
-3.35259e-05
1.18936e-05
-3.44837e-05
1.19551e-05
-3.50528e-05
1.15742e-05
-3.53653e-05
1.07963e-05
-3.55767e-05
9.65239e-06
-3.57881e-05
8.12221e-06
-3.59801e-05
6.17612e-06
-3.60458e-05
3.94398e-06
-3.59031e-05
1.81818e-06
-3.56198e-05
3.41365e-07
-1.0146e-07
-1.11151e-05
4.15363e-06
-1.93569e-05
-5.00355e-06
-2.37124e-05
7.52967e-07
-2.70741e-05
3.92509e-06
-2.95982e-05
6.80894e-06
-3.15242e-05
8.74823e-06
-3.27631e-05
1.01004e-05
-3.33323e-05
1.09172e-05
-3.32722e-05
1.13031e-05
-3.26875e-05
1.13089e-05
-3.1732e-05
1.09996e-05
-3.06006e-05
1.04429e-05
-2.95026e-05
9.69828e-06
-2.86195e-05
8.76928e-06
-2.8025e-05
7.52772e-06
-2.75965e-05
5.74766e-06
-2.70909e-05
3.4384e-06
-2.63848e-05
1.1121e-06
-2.55547e-05
-4.88761e-07
-6.09618e-07
-1.65624e-05
4.86088e-06
-2.36096e-05
2.04367e-06
-2.7648e-05
4.79146e-06
-3.03697e-05
6.64676e-06
-3.18351e-05
8.27428e-06
-3.22931e-05
9.20626e-06
-3.18411e-05
9.64839e-06
-3.06272e-05
9.70336e-06
-2.88275e-05
9.50343e-06
-2.66608e-05
9.14221e-06
-2.43736e-05
8.71233e-06
-2.2222e-05
8.29131e-06
-2.04482e-05
7.9243e-06
-1.92503e-05
7.57125e-06
-1.8667e-05
6.9442e-06
-1.83255e-05
5.40592e-06
-1.7508e-05
2.62061e-06
-1.58845e-05
-5.11496e-07
-1.3644e-05
-2.72931e-06
-2.18987e-06
-2.08842e-05
6.64115e-06
-2.49861e-05
6.14551e-06
-2.75514e-05
7.35675e-06
-2.89505e-05
8.04585e-06
-2.90736e-05
8.39738e-06
-2.81141e-05
8.24684e-06
-2.62707e-05
7.80502e-06
-2.37946e-05
7.22732e-06
-2.09625e-05
6.67131e-06
-1.80676e-05
6.24731e-06
-1.5414e-05
6.05867e-06
-1.33159e-05
6.19297e-06
-1.20767e-05
6.68466e-06
-1.19607e-05
7.45454e-06
-1.29542e-05
7.93679e-06
-1.42367e-05
6.68733e-06
-1.41654e-05
2.54814e-06
-1.15939e-05
-3.08374e-06
-7.248e-06
-7.0754e-06
-5.76171e-06
-2.09821e-05
7.97078e-06
-2.2901e-05
8.06447e-06
-2.39406e-05
8.39628e-06
-2.40035e-05
8.10874e-06
-2.30031e-05
7.39704e-06
-2.1108e-05
6.35179e-06
-1.85541e-05
5.25123e-06
-1.56226e-05
4.296e-06
-1.26052e-05
3.65408e-06
-9.78538e-06
3.42763e-06
-7.46738e-06
3.74068e-06
-6.0319e-06
4.75722e-06
-5.86157e-06
6.51362e-06
-7.21842e-06
8.81023e-06
-9.92021e-06
1.0637e-05
-1.27359e-05
9.50122e-06
-1.35201e-05
3.33082e-06
-1.10444e-05
-5.56035e-06
-5.78906e-06
-1.23306e-05
-1.07319e-05
-1.75754e-05
8.4036e-06
-1.81099e-05
8.5989e-06
-1.80548e-05
8.34116e-06
-1.7277e-05
7.33097e-06
-1.5752e-05
5.87221e-06
-1.36393e-05
4.23912e-06
-1.11517e-05
2.76371e-06
-8.50829e-06
1.65268e-06
-5.93374e-06
1.07956e-06
-3.62224e-06
1.11613e-06
-1.77045e-06
1.88888e-06
-7.27075e-07
3.71363e-06
-1.08079e-06
6.86652e-06
-3.15706e-06
1.08849e-05
-6.49652e-06
1.39746e-05
-9.73818e-06
1.27411e-05
-1.1157e-05
4.74841e-06
-9.76441e-06
-6.95367e-06
-5.63532e-06
-1.64599e-05
-1.53671e-05
-1.21469e-05
8.15351e-06
-1.18608e-05
8.31279e-06
-1.12423e-05
7.7227e-06
-1.0212e-05
6.30074e-06
-8.77446e-06
4.43479e-06
-7.04844e-06
2.51327e-06
-5.16477e-06
8.80176e-07
-3.2038e-06
-3.08225e-07
-1.30626e-06
-8.18033e-07
4.83195e-07
-6.7347e-07
1.93108e-06
4.40745e-07
2.78904e-06
2.85529e-06
2.67765e-06
6.97706e-06
9.01778e-07
1.26589e-05
-2.15226e-06
1.70263e-05
-5.03919e-06
1.56265e-05
-6.82635e-06
6.53484e-06
-6.87761e-06
-6.90311e-06
-4.92258e-06
-1.8416e-05
-1.92142e-05
-5.73396e-06
7.71204e-06
-5.14769e-06
7.72656e-06
-4.34807e-06
6.92317e-06
-3.35936e-06
5.31215e-06
-2.20059e-06
3.27615e-06
-9.34771e-07
1.24756e-06
3.8794e-07
-4.42491e-07
1.58908e-06
-1.50941e-06
2.6673e-06
-1.89636e-06
3.59817e-06
-1.60457e-06
4.50067e-06
-4.62199e-07
5.16411e-06
2.19123e-06
5.36754e-06
6.77266e-06
4.48232e-06
1.35421e-05
2.25582e-06
1.92503e-05
-3.17249e-07
1.8198e-05
-2.19549e-06
8.41269e-06
-3.37156e-06
-5.72733e-06
-3.57267e-06
-1.82156e-05
-2.10888e-05
7.9672e-07
7.0654e-06
1.4344e-06
7.08846e-06
2.20669e-06
6.15068e-06
3.09557e-06
4.42319e-06
4.05606e-06
2.31562e-06
5.03061e-06
2.72967e-07
5.95058e-06
-1.36248e-06
6.71117e-06
-2.26995e-06
7.1431e-06
-2.3282e-06
7.16792e-06
-1.62937e-06
7.01771e-06
-3.12303e-07
6.97508e-06
2.23303e-06
7.00275e-06
6.74375e-06
6.77319e-06
1.37696e-05
5.54828e-06
2.04724e-05
3.53624e-06
2.02081e-05
1.31549e-06
1.06329e-05
-5.70997e-07
-3.8407e-06
-1.95588e-06
-1.68308e-05
-2.24376e-05
5.88143e-06
5.82986e-06
6.84755e-06
6.12115e-06
7.6846e-06
5.31272e-06
8.46515e-06
3.64194e-06
9.22213e-06
1.55811e-06
9.90112e-06
-4.06367e-07
1.04917e-05
-1.95306e-06
1.0807e-05
-2.58502e-06
1.06977e-05
-2.21846e-06
1.01183e-05
-1.0496e-06
9.14631e-06
6.59859e-07
8.2001e-06
3.1786e-06
7.57571e-06
7.36664e-06
7.37265e-06
1.39703e-05
6.7557e-06
2.10863e-05
5.31623e-06
2.16453e-05
3.16155e-06
1.27867e-05
1.18566e-06
-1.86445e-06
-8.82414e-07
-1.47631e-05
-2.22753e-05
8.37179e-06
4.20279e-06
9.72085e-06
4.77077e-06
1.07607e-05
4.27154e-06
1.15286e-05
2.8729e-06
1.20951e-05
9.90796e-07
1.25087e-05
-8.20311e-07
1.26607e-05
-2.10477e-06
1.24207e-05
-2.3444e-06
1.1737e-05
-1.53388e-06
1.06972e-05
-9.02529e-09
9.339e-06
2.01841e-06
7.90302e-06
4.61395e-06
6.72989e-06
8.53799e-06
6.19363e-06
1.45038e-05
5.84086e-06
2.14355e-05
5.00565e-06
2.24775e-05
3.56318e-06
1.4228e-05
1.98004e-06
-2.80714e-07
-1.30949e-07
-1.26511e-05
-1.92187e-05
8.33543e-06
2.43323e-06
9.85464e-06
3.25097e-06
1.099e-05
3.1354e-06
1.17176e-05
2.14467e-06
1.20892e-05
6.19114e-07
1.2066e-05
-7.96677e-07
1.14841e-05
-1.52191e-06
1.03823e-05
-1.24162e-06
9.04104e-06
-1.91823e-07
7.69309e-06
1.33918e-06
6.42389e-06
3.28731e-06
5.11505e-06
5.92164e-06
3.91303e-06
9.73762e-06
3.21347e-06
1.51998e-05
3.13501e-06
2.15096e-05
2.93725e-06
2.26713e-05
2.81636e-06
1.43478e-05
2.10905e-06
4.27278e-07
4.08176e-07
-1.09489e-05
-2.01225e-05
6.3757e-06
7.83167e-07
7.80937e-06
1.8176e-06
8.81082e-06
2.13426e-06
9.25961e-06
1.69639e-06
8.99972e-06
8.79747e-07
7.84434e-06
3.59368e-07
5.93584e-06
3.86785e-07
3.91371e-06
7.80363e-07
2.3378e-06
1.3838e-06
1.29409e-06
2.38217e-06
5.04396e-07
4.07554e-06
-2.58273e-07
6.68179e-06
-1.06382e-06
1.05393e-05
-1.48728e-06
1.56179e-05
-8.81765e-07
2.08981e-05
2.35765e-07
2.15492e-05
1.91949e-06
1.26638e-05
2.12019e-06
2.2702e-07
7.86085e-07
-9.61337e-06
-1.91217e-05
3.22116e-06
-2.45256e-07
4.12597e-06
9.13294e-07
4.45618e-06
1.80452e-06
3.85968e-06
2.29311e-06
2.13318e-06
2.60593e-06
-3.7898e-07
2.87081e-06
-2.90013e-06
2.90722e-06
-4.82094e-06
2.70023e-06
-6.03104e-06
2.59244e-06
-6.68382e-06
3.03276e-06
-7.01596e-06
4.40454e-06
-7.28406e-06
6.94554e-06
-7.43506e-06
1.06845e-05
-6.99444e-06
1.51706e-05
-5.05856e-06
1.89561e-05
-1.64806e-06
1.81354e-05
1.77639e-06
9.23987e-06
2.62131e-06
-6.17928e-07
1.06342e-06
-8.0544e-06
-1.8809e-05
-7.41946e-07
-5.18453e-08
-1.08343e-06
1.25453e-06
-2.08592e-06
2.80639e-06
-3.96874e-06
4.17495e-06
-6.49984e-06
5.13582e-06
-9.05297e-06
5.42271e-06
-1.11732e-05
5.02612e-06
-1.2698e-05
4.22341e-06
-1.3638e-05
3.53038e-06
-1.40294e-05
3.42155e-06
-1.39732e-05
4.34481e-06
-1.35898e-05
6.55785e-06
-1.27438e-05
9.83342e-06
-1.08641e-05
1.32857e-05
-7.12737e-06
1.52157e-05
-1.73307e-06
1.274e-05
2.71109e-06
4.79515e-06
4.12648e-06
-2.03402e-06
2.12358e-06
-6.05103e-06
-1.25509e-05
-4.57144e-06
1.40134e-06
-6.13853e-06
2.82068e-06
-8.04074e-06
4.7073e-06
-1.01978e-05
6.33053e-06
-1.23136e-05
7.25019e-06
-1.40817e-05
7.18921e-06
-1.55201e-05
6.46285e-06
-1.66123e-05
5.3136e-06
-1.73457e-05
4.26151e-06
-1.75163e-05
3.58963e-06
-1.70042e-05
3.82999e-06
-1.58764e-05
5.42693e-06
-1.40381e-05
7.99189e-06
-1.09094e-05
1.01539e-05
-5.94847e-06
1.02525e-05
2.76512e-07
6.51344e-06
5.09857e-06
-2.83546e-08
6.78583e-06
-3.72237e-06
4.05259e-06
-3.3186e-06
-4.3686e-06
-6.00517e-06
3.37533e-06
-7.87607e-06
4.69036e-06
-9.64851e-06
6.4782e-06
-1.10694e-05
7.74997e-06
-1.2007e-05
8.18631e-06
-1.24055e-05
7.58626e-06
-1.28287e-05
6.88448e-06
-1.32679e-05
5.75103e-06
-1.38215e-05
4.81319e-06
-1.39259e-05
3.692e-06
-1.31199e-05
3.02181e-06
-1.14926e-05
3.7974e-06
-9.2149e-06
5.71174e-06
-5.64586e-06
6.58246e-06
-3.53585e-07
4.95813e-06
5.6419e-06
5.17289e-07
9.65125e-06
-4.03667e-06
9.77333e-06
-3.84426e-06
5.81341e-06
6.39925e-07
-2.73615e-06
-3.94077e-06
4.16027e-06
-4.89657e-06
5.64504e-06
-5.81098e-06
7.39125e-06
-6.05754e-06
7.99537e-06
-5.67927e-06
7.80689e-06
-4.22995e-06
6.13579e-06
-3.5633e-06
6.21678e-06
-3.14114e-06
5.32788e-06
-3.66916e-06
5.3404e-06
-3.61998e-06
3.64208e-06
-2.38718e-06
1.78836e-06
-5.65683e-07
1.97521e-06
1.43174e-06
3.71354e-06
4.51076e-06
3.50266e-06
8.77899e-06
6.89759e-07
1.21439e-05
-2.84525e-06
1.34905e-05
-5.38046e-06
1.17372e-05
-2.09e-06
6.66565e-06
5.71052e-06
8.84255e-06
-1.01844e-07
2.62253e-06
8.3884e-07
4.70404e-06
1.89898e-06
6.33132e-06
2.30532e-06
7.5886e-06
3.55836e-06
6.55327e-06
7.71934e-06
1.97462e-06
8.60394e-06
5.33214e-06
1.02604e-05
3.6725e-06
9.00201e-06
6.59938e-06
8.98898e-06
3.65676e-06
1.08446e-05
-6.64288e-08
1.31552e-05
-3.35051e-07
1.37222e-05
3.14625e-06
1.45123e-05
2.71271e-06
1.49644e-05
2.41605e-07
1.30638e-05
-9.39722e-07
1.04767e-05
-2.79118e-06
7.53931e-06
8.46199e-07
5.88911e-06
7.35869e-06
7.81412e-06
4.83435e-06
7.29258e-06
9.75403e-06
8.25312e-06
7.87172e-06
1.79854e-05
1.39918e-05
1.84821e-05
1.29992e-05
1.32633e-05
1.54887e-05
1.82407e-05
1.44397e-05
1.10837e-05
9.02927e-06
4.63918e-06
1.35749e-06
7.59963e-07
6.84207e-06
)
;

boundaryField
{
    left_open
    {
        type            calculated;
        value           nonuniform List<scalar> 
40
(
9.2727e-07
1.83498e-06
1.92352e-06
1.50999e-06
8.45209e-07
1.30477e-07
-4.76515e-07
-8.30037e-07
-9.53137e-07
-9.09354e-07
-7.59745e-07
-5.57342e-07
-3.4898e-07
-1.79476e-07
-8.9588e-08
-8.14188e-08
-1.00446e-07
-1.19828e-07
-1.03335e-07
-5.7779e-08
-2.23819e-07
-5.43723e-07
4.57666e-08
-1.58356e-07
-3.39007e-07
6.68711e-07
-1.41965e-06
-1.1711e-06
3.4414e-06
4.80948e-06
2.75478e-06
2.02467e-06
7.79681e-07
1.3604e-06
-1.39171e-08
4.48491e-07
-3.98782e-07
2.74436e-06
2.86646e-06
7.00858e-06
)
;
    }
    right_open
    {
        type            calculated;
        value           nonuniform List<scalar> 
40
(
5.66944e-07
8.55795e-07
6.11785e-07
3.98643e-08
-7.23401e-07
-1.58675e-06
-2.49351e-06
-3.40931e-06
-4.31308e-06
-5.19033e-06
-6.02911e-06
-6.81727e-06
-7.54114e-06
-8.18518e-06
-8.73254e-06
-9.16637e-06
-9.4716e-06
-9.63682e-06
-9.65607e-06
-9.52998e-06
-3.54792e-05
-2.50466e-05
-1.20638e-05
-3.67599e-06
-8.17986e-07
-1.00023e-06
-1.07664e-06
-1.70074e-06
-6.07455e-07
-1.04831e-06
-3.18578e-06
1.31301e-06
-2.16735e-07
7.46483e-07
-4.12894e-06
-4.12648e-06
4.16385e-06
-4.91119e-06
6.91209e-06
-1.58249e-06
)
;
    }
    base_side
    {
        type            calculated;
        value           uniform 0;
    }
    top
    {
        type            calculated;
        value           nonuniform List<scalar> 
65
(
-1.25919e-07
1.05037e-05
2.9712e-06
3.15411e-06
1.32813e-05
-2.33238e-06
-1.8659e-08
6.44984e-06
-9.32026e-08
9.1766e-06
2.41972e-06
4.0117e-07
4.62321e-06
6.25305e-06
4.68376e-06
1.2064e-06
-2.13634e-06
1.17061e-05
1.7242e-06
1.17571e-05
-6.90872e-07
-5.19477e-08
4.80257e-08
-2.23349e-10
-2.25412e-07
2.39058e-06
1.69407e-06
1.54116e-06
1.02255e-06
1.08447e-06
1.06425e-06
2.47411e-07
2.1635e-07
2.87773e-07
1.28397e-06
-8.68973e-07
-7.38642e-07
-1.07341e-06
-8.72526e-07
-1.39987e-07
-4.32708e-08
-1.20196e-07
4.37681e-10
5.01074e-07
4.97607e-07
-1.85246e-06
2.25023e-06
3.87598e-06
9.08584e-06
6.93107e-06
-8.13545e-06
9.32521e-06
-8.09974e-07
1.20831e-05
3.39836e-06
-2.28862e-06
-3.08353e-06
6.94281e-06
6.06339e-06
2.30144e-06
3.45218e-06
4.90371e-07
1.44416e-06
1.27949e-06
1.62373e-05
)
;
    }
    front
    {
        type            empty;
        value           nonuniform 0();
    }
    back
    {
        type            empty;
        value           nonuniform 0();
    }
    air_to_aluminum
    {
        type            calculated;
        value           nonuniform List<scalar> 
129
(
0
0
0
0
0
6.61744e-24
0
0
0
0
0
0
0
-2.11758e-22
0
0
0
0
0
0
0
0
0
0
0
0
0
0
8.47033e-22
0
8.47033e-22
0
0
0
0
0
0
0
0
0
0
0
0
0
0
0
0
0
0
0
0
0
0
0
0
0
0
0
0
0
0
0
0
0
0
0
0
0
0
0
0
0
0
0
0
0
1.32349e-23
0
0
0
0
0
0
0
0
0
0
0
0
0
0
0
0
1.32349e-23
0
0
0
0
0
0
0
0
0
0
0
0
0
0
0
0
0
0
0
0
0
0
0
0
0
0
0
0
0
0
0
0
0
0
0
)
;
    }
}


// ************************************************************************* //
