/*--------------------------------*- C++ -*----------------------------------*\
| =========                 |                                                 |
| \\      /  F ield         | OpenFOAM: The Open Source CFD Toolbox           |
|  \\    /   O peration     | Version:                                        |
|   \\  /    A nd           | Website:  www.openfoam.com                      |
|    \\/     M anipulation  |                                                 |
\*---------------------------------------------------------------------------*/
FoamFile
{
    version     2.0;
    format      ascii;
    class       volScalarField;
    location    "1899.5/aluminum";
    object      T;
}
// * * * * * * * * * * * * * * * * * * * * * * * * * * * * * * * * * * * * * //

dimensions      [0 0 0 1 0 0 0];


internalField   nonuniform List<scalar> 
372
(
307.158
307.168
307.188
307.218
307.15
307.16
307.18
307.211
307.135
307.145
307.164
307.195
307.114
307.122
307.139
307.168
307.257
307.305
307.361
307.431
307.251
307.298
307.35
307.409
307.24
307.288
307.336
307.382
307.229
307.28
307.326
307.363
307.504
307.572
307.665
307.459
307.497
307.532
307.414
307.434
307.448
307.378
307.388
307.394
307.757
307.772
307.757
307.546
307.549
307.546
307.453
307.453
307.453
307.396
307.396
307.396
307.665
307.572
307.504
307.532
307.497
307.459
307.448
307.434
307.414
307.394
307.388
307.378
307.431
307.361
307.305
307.257
307.409
307.351
307.298
307.251
307.382
307.336
307.288
307.24
307.363
307.326
307.28
307.229
307.218
307.188
307.168
307.158
307.211
307.18
307.16
307.15
307.195
307.164
307.145
307.135
307.168
307.139
307.122
307.114
307.087
307.092
307.102
307.113
307.057
307.061
307.066
307.07
307.028
307.03
307.032
307.034
306.999
307
307.001
307.002
306.971
306.972
306.973
306.973
306.946
306.946
306.947
306.947
306.922
306.923
306.923
306.924
306.901
306.902
306.902
306.902
306.882
306.883
306.883
306.883
306.865
306.866
306.866
306.866
306.851
306.851
306.852
306.852
306.839
306.839
306.84
306.84
306.829
306.829
306.83
306.83
306.821
306.822
306.822
306.822
306.816
306.816
306.817
306.817
306.813
306.813
306.814
306.814
307.351
307.353
307.355
307.321
307.321
307.322
307.291
307.291
307.291
307.263
307.263
307.263
307.236
307.236
307.236
307.212
307.212
307.212
307.19
307.19
307.19
307.17
307.17
307.17
307.153
307.153
307.153
307.137
307.137
307.137
307.124
307.124
307.124
307.112
307.112
307.112
307.103
307.103
307.103
307.096
307.096
307.096
307.091
307.091
307.091
307.088
307.088
307.088
307.356
307.356
307.356
307.322
307.322
307.322
307.291
307.291
307.291
307.263
307.263
307.263
307.236
307.236
307.236
307.212
307.212
307.212
307.19
307.19
307.19
307.17
307.17
307.17
307.153
307.153
307.153
307.137
307.137
307.137
307.124
307.124
307.124
307.112
307.112
307.112
307.103
307.103
307.103
307.096
307.096
307.096
307.091
307.091
307.091
307.088
307.088
307.088
307.355
307.353
307.351
307.322
307.321
307.321
307.291
307.291
307.291
307.263
307.263
307.263
307.236
307.236
307.236
307.212
307.212
307.212
307.19
307.19
307.19
307.17
307.17
307.17
307.153
307.153
307.153
307.137
307.137
307.137
307.123
307.123
307.123
307.112
307.112
307.112
307.103
307.103
307.103
307.096
307.096
307.096
307.091
307.091
307.091
307.088
307.088
307.088
307.113
307.102
307.092
307.087
307.07
307.066
307.061
307.057
307.034
307.032
307.029
307.028
307.002
307.001
307
306.999
306.973
306.973
306.972
306.971
306.947
306.947
306.946
306.946
306.924
306.923
306.923
306.922
306.902
306.902
306.902
306.901
306.883
306.883
306.883
306.882
306.866
306.866
306.866
306.865
306.852
306.852
306.851
306.851
306.84
306.84
306.839
306.839
306.83
306.83
306.83
306.829
306.822
306.822
306.822
306.822
306.817
306.817
306.817
306.816
306.814
306.814
306.814
306.814
)
;

boundaryField
{
    base_hotspot
    {
        type            fixedGradient;
        gradient        uniform 203.252;
    }
    base_adiabatic
    {
        type            zeroGradient;
    }
    front
    {
        type            empty;
    }
    back
    {
        type            empty;
    }
    aluminum_to_air
    {
        type            compressible::turbulentTemperatureCoupledBaffleMixed;
        refValue        nonuniform List<scalar> 
129
(
294.518
294.491
294.506
294.537
307.167
307.232
307.287
307.333
307.333
307.287
307.232
307.167
294.311
294.238
294.235
294.271
294.573
307.167
294.612
307.103
294.653
307.059
294.696
307.025
294.742
306.995
294.788
306.968
294.835
306.941
294.88
306.914
294.924
306.883
294.966
306.842
295.006
306.785
295.042
306.7
295.074
306.576
295.103
306.406
295.118
306.177
296.082
295.193
297.185
298.369
305.71
299.52
307.333
307.292
307.258
307.228
307.2
307.175
307.15
307.125
307.097
307.064
307.019
306.956
306.871
306.761
306.59
306.148
302.156
302.214
302.118
301.961
301.865
301.764
307.333
307.291
307.257
307.226
307.198
307.169
307.137
307.097
307.041
306.961
306.861
306.746
306.611
306.43
306.206
301.569
301.33
306.012
301.313
307.167
307.102
307.059
307.023
306.992
306.96
306.924
306.876
306.809
306.719
306.617
306.513
306.397
306.21
305.822
304.494
294.322
294.376
294.43
294.482
294.532
294.58
294.625
294.669
294.711
294.752
294.791
294.829
294.866
294.903
294.933
298.873
301.712
303.044
299.759
295.005
)
;
        refGradient     uniform 0;
        valueFraction   nonuniform List<scalar> 
129
(
2.89995e-05
2.89995e-05
2.89995e-05
2.89995e-05
0.000144981
0.000144981
0.000144981
0.000144981
0.000144981
0.000144981
0.000144981
0.000144981
2.89995e-05
2.89995e-05
2.89995e-05
2.89995e-05
2.89995e-05
0.000144981
2.89995e-05
0.000144981
2.89995e-05
0.000144981
2.89995e-05
0.000144981
2.89995e-05
0.000144981
2.89995e-05
0.000144981
2.89995e-05
0.000144981
2.89995e-05
0.000144981
2.89995e-05
0.000144981
2.89995e-05
0.000144981
2.89995e-05
0.000144981
2.89995e-05
0.000144981
2.89995e-05
0.000144981
2.89995e-05
0.000144981
2.89995e-05
0.000144981
3.62491e-05
2.89995e-05
3.62491e-05
3.62491e-05
0.000144981
3.62491e-05
8.21599e-05
8.21599e-05
8.21599e-05
8.21599e-05
8.21599e-05
8.21599e-05
8.21599e-05
8.21599e-05
8.21599e-05
8.21599e-05
8.21599e-05
8.21599e-05
8.21599e-05
8.21599e-05
8.21599e-05
8.21599e-05
3.62491e-05
3.62491e-05
3.62491e-05
3.62491e-05
3.62491e-05
3.62491e-05
8.21599e-05
8.21599e-05
8.21599e-05
8.21599e-05
8.21599e-05
8.21599e-05
8.21599e-05
8.21599e-05
8.21599e-05
8.21599e-05
8.21599e-05
8.21599e-05
8.21599e-05
8.21599e-05
8.21599e-05
3.62491e-05
3.62491e-05
8.21599e-05
3.62491e-05
0.000144981
0.000144981
0.000144981
0.000144981
0.000144981
0.000144981
0.000144981
0.000144981
0.000144981
0.000144981
0.000144981
0.000144981
0.000144981
0.000144981
0.000144981
0.000144981
2.89995e-05
2.89995e-05
2.89995e-05
2.89995e-05
2.89995e-05
2.89995e-05
2.89995e-05
2.89995e-05
2.89995e-05
2.89995e-05
2.89995e-05
2.89995e-05
2.89995e-05
2.89995e-05
2.89995e-05
3.62491e-05
3.62491e-05
3.62491e-05
3.62491e-05
2.89995e-05
)
;
        value           nonuniform List<scalar> 
129
(
307.157
307.149
307.135
307.113
307.229
307.28
307.325
307.362
307.362
307.325
307.28
307.229
307.157
307.149
307.135
307.113
307.086
307.112
307.057
307.07
307.027
307.034
306.998
307.002
306.97
306.973
306.945
306.947
306.922
306.923
306.9
306.902
306.881
306.883
306.865
306.866
306.85
306.852
306.838
306.839
306.828
306.829
306.821
306.822
306.815
306.816
306.812
306.812
306.813
306.813
306.813
306.813
307.351
307.32
307.29
307.262
307.236
307.212
307.19
307.17
307.152
307.137
307.123
307.112
307.102
307.095
307.09
307.088
307.087
307.088
307.088
307.088
307.088
307.088
307.351
307.32
307.29
307.262
307.236
307.212
307.19
307.17
307.152
307.137
307.123
307.112
307.102
307.095
307.09
307.088
307.087
307.087
307.087
307.112
307.07
307.034
307.002
306.973
306.947
306.923
306.902
306.883
306.866
306.852
306.839
306.83
306.822
306.817
306.814
307.086
307.057
307.027
306.998
306.97
306.945
306.922
306.9
306.881
306.865
306.85
306.838
306.828
306.821
306.816
306.814
306.814
306.814
306.813
306.813
)
;
        Tnbr            T;
        thicknessLayers 0();
        kappaLayers     0();
        kappaMethod     solidThermo;
        kappa           none;
        alphaAni        none;
        alpha           none;
    }
}


// ************************************************************************* //
