/*--------------------------------*- C++ -*----------------------------------*\
| =========                 |                                                 |
| \\      /  F ield         | OpenFOAM: The Open Source CFD Toolbox           |
|  \\    /   O peration     | Version:                                        |
|   \\  /    A nd           | Website:  www.openfoam.com                      |
|    \\/     M anipulation  |                                                 |
\*---------------------------------------------------------------------------*/
FoamFile
{
    version     2.0;
    format      ascii;
    class       volScalarField;
    location    "1800.5/air";
    object      rho;
}
// * * * * * * * * * * * * * * * * * * * * * * * * * * * * * * * * * * * * * //

dimensions      [1 -3 0 0 0 0 0];


internalField   nonuniform List<scalar> 
2228
(
1.15199
1.15174
1.15154
1.15137
1.15223
1.152
1.15175
1.15153
1.1524
1.15218
1.15192
1.15166
1.15254
1.15233
1.15206
1.15178
1.15266
1.15247
1.15219
1.15189
1.15277
1.15261
1.15232
1.15199
1.1529
1.1528
1.15249
1.1521
1.15306
1.15309
1.15274
1.15223
1.15329
1.15361
1.15319
1.15242
1.15368
1.15465
1.15409
1.15274
1.15433
1.15651
1.15588
1.15329
1.15527
1.15907
1.1585
1.15409
1.15626
1.16146
1.16096
1.15486
1.15695
1.16286
1.16265
1.15555
1.15711
1.16322
1.16404
1.15642
1.15704
1.16325
1.16553
1.15787
1.15137
1.15154
1.15174
1.15199
1.15152
1.15175
1.15199
1.15223
1.15165
1.15191
1.15217
1.1524
1.15177
1.15205
1.15231
1.15253
1.15187
1.15216
1.15242
1.15264
1.15196
1.15225
1.15252
1.15274
1.15205
1.15235
1.15262
1.15283
1.15214
1.15246
1.15275
1.15293
1.15223
1.15262
1.15292
1.15303
1.15235
1.15283
1.15316
1.15316
1.15249
1.15315
1.15353
1.15334
1.1527
1.15367
1.15415
1.1536
1.15299
1.15455
1.15516
1.15401
1.15343
1.15602
1.15677
1.15463
1.15426
1.15855
1.15916
1.15552
1.15689
1.1627
1.16241
1.15701
1.19613
1.19361
1.18934
1.18287
1.20449
1.20528
1.20411
1.19893
1.20517
1.20645
1.20272
1.19216
1.20534
1.20402
1.19649
1.18689
1.20134
1.19756
1.19025
1.18453
1.19386
1.18989
1.18577
1.18451
1.18909
1.18737
1.18721
1.18951
1.19091
1.19154
1.19374
1.19729
1.19748
1.19861
1.20059
1.20291
1.2034
1.20393
1.20461
1.20518
1.20517
1.20518
1.20511
1.20495
1.20477
1.20464
1.20449
1.20434
1.20435
1.20427
1.2042
1.20416
1.20416
1.20409
1.20403
1.20397
1.20375
1.20363
1.20349
1.20335
1.20345
1.20331
1.20313
1.20295
1.20336
1.20337
1.20336
1.20332
1.20293
1.20305
1.20316
1.20325
1.20298
1.20319
1.20335
1.20344
1.20283
1.20301
1.20316
1.20325
1.17577
1.17151
1.16923
1.1638
1.18777
1.17523
1.17089
1.1693
1.18326
1.18299
1.18778
1.19115
1.18562
1.19368
1.20199
1.20593
1.18707
1.19571
1.20263
1.20556
1.18842
1.19524
1.20088
1.20434
1.19421
1.19958
1.20365
1.20563
1.2013
1.20436
1.20567
1.20577
1.20477
1.20568
1.20572
1.20537
1.20543
1.20536
1.20512
1.20484
1.20473
1.20451
1.20435
1.20425
1.20422
1.20415
1.20413
1.20413
1.20414
1.20413
1.20412
1.20411
1.2039
1.20381
1.2037
1.2036
1.20319
1.20305
1.20293
1.20288
1.20278
1.20263
1.20253
1.20247
1.20323
1.20311
1.20297
1.20283
1.20331
1.20334
1.20334
1.20332
1.20346
1.20345
1.2034
1.20334
1.20327
1.20323
1.20317
1.20313
1.15806
1.15994
1.1675
1.16816
1.1721
1.18128
1.19287
1.19516
1.19852
1.2067
1.20683
1.20677
1.20635
1.20654
1.20656
1.2058
1.20623
1.20614
1.20612
1.20622
1.20614
1.20562
1.20554
1.20544
1.20505
1.20482
1.2046
1.20463
1.2045
1.20437
1.20422
1.2042
1.20418
1.20413
1.20412
1.20411
1.20408
1.20405
1.204
1.20352
1.20348
1.20343
1.20292
1.20296
1.20297
1.20247
1.20249
1.20249
1.20273
1.20266
1.2026
1.20328
1.20325
1.20321
1.20327
1.20322
1.20316
1.20313
1.2032
1.20339
1.17284
1.17499
1.17656
1.18792
1.19085
1.1932
1.20071
1.20169
1.20248
1.20672
1.20671
1.20671
1.20657
1.20656
1.20653
1.20593
1.20582
1.20571
1.20594
1.20582
1.20569
1.20533
1.20527
1.20521
1.20448
1.20443
1.20439
1.20429
1.20426
1.20423
1.20417
1.20416
1.20415
1.20409
1.20408
1.20406
1.20393
1.20388
1.20382
1.20338
1.20333
1.20327
1.20292
1.20289
1.20284
1.20246
1.20244
1.20241
1.20257
1.20255
1.20254
1.20318
1.20317
1.20316
1.20314
1.20313
1.20314
1.20361
1.20374
1.20387
1.17845
1.17941
1.17921
1.19633
1.19822
1.1982
1.20362
1.20428
1.20454
1.20672
1.20674
1.20677
1.20647
1.20633
1.20616
1.20554
1.20532
1.20512
1.20545
1.20515
1.20489
1.20509
1.20493
1.20478
1.20435
1.20434
1.20433
1.20418
1.20416
1.20416
1.20414
1.20414
1.20414
1.20403
1.20399
1.20399
1.20368
1.20351
1.20344
1.20313
1.20294
1.20284
1.20275
1.20263
1.20258
1.20235
1.20228
1.20225
1.20251
1.20249
1.20247
1.20313
1.20309
1.20307
1.20322
1.20339
1.2035
1.20411
1.20426
1.2043
1.17784
1.17537
1.1747
1.17807
1.19677
1.19488
1.19546
1.1992
1.20466
1.20467
1.20518
1.20636
1.2068
1.20679
1.20669
1.20646
1.20589
1.20552
1.20515
1.20481
1.20486
1.20459
1.20439
1.20427
1.20462
1.20439
1.20427
1.20421
1.20457
1.20436
1.20424
1.20419
1.20428
1.20422
1.20418
1.20417
1.20416
1.20417
1.20417
1.20418
1.20415
1.20416
1.20417
1.20418
1.20402
1.20406
1.20407
1.20403
1.20343
1.20341
1.20336
1.20327
1.20278
1.20274
1.2027
1.20265
1.20257
1.20257
1.20256
1.20254
1.20223
1.20225
1.20231
1.20234
1.20239
1.20224
1.20211
1.20206
1.203
1.20282
1.20257
1.20236
1.20356
1.20348
1.20333
1.20314
1.20431
1.20428
1.20423
1.20413
1.18492
1.19078
1.19401
1.19592
1.20357
1.20541
1.20534
1.20464
1.20727
1.2069
1.2057
1.20465
1.20603
1.2054
1.20478
1.20437
1.20455
1.20438
1.2043
1.20427
1.20422
1.20422
1.20423
1.20425
1.2042
1.20421
1.20422
1.20422
1.20419
1.20419
1.20419
1.2042
1.20418
1.20419
1.20419
1.2042
1.20419
1.2042
1.2042
1.20419
1.20417
1.20415
1.20412
1.20407
1.20396
1.20386
1.20375
1.20364
1.20317
1.20308
1.20299
1.2029
1.2026
1.20255
1.2025
1.20244
1.20252
1.20248
1.20245
1.20242
1.20236
1.20235
1.20234
1.20232
1.20203
1.20201
1.20199
1.20198
1.20221
1.20212
1.20206
1.20201
1.20296
1.20283
1.20273
1.20267
1.20397
1.20378
1.20359
1.20344
1.20432
1.20432
1.20432
1.20432
1.20432
1.20432
1.20431
1.20427
1.20424
1.20453
1.205
1.20522
1.2053
1.20535
1.20544
1.20559
1.20569
1.20582
1.20616
1.19885
1.20432
1.20431
1.20431
1.20431
1.20431
1.20431
1.20431
1.20429
1.20424
1.20448
1.20495
1.20519
1.20528
1.20534
1.20542
1.20555
1.20562
1.20571
1.20571
1.199
1.20431
1.20431
1.20431
1.20431
1.20431
1.20431
1.20432
1.2043
1.20426
1.2044
1.20484
1.20513
1.20524
1.20531
1.20539
1.20548
1.20544
1.20535
1.20533
1.19896
1.20431
1.20431
1.20431
1.20431
1.20431
1.20431
1.20431
1.20431
1.20428
1.20433
1.20469
1.20502
1.20518
1.20526
1.20534
1.20539
1.20519
1.20484
1.2052
1.19887
1.20431
1.20431
1.20431
1.20431
1.20431
1.20431
1.20431
1.20431
1.20429
1.2043
1.20454
1.20489
1.20509
1.2052
1.20526
1.20526
1.20492
1.20434
1.20513
1.19876
1.20431
1.20431
1.20431
1.20431
1.20431
1.20431
1.20431
1.20431
1.20431
1.20429
1.20443
1.20474
1.20498
1.20513
1.20518
1.20512
1.20467
1.20401
1.20507
1.19867
1.20431
1.20431
1.20431
1.20431
1.20431
1.20431
1.20431
1.20431
1.20431
1.20429
1.20436
1.2046
1.20485
1.20504
1.20508
1.20498
1.20446
1.20391
1.205
1.1986
1.20431
1.20431
1.20432
1.20432
1.20432
1.20431
1.20431
1.20431
1.20431
1.2043
1.20432
1.20449
1.20472
1.20494
1.20499
1.20484
1.2043
1.20394
1.20493
1.19852
1.20431
1.20431
1.20431
1.20432
1.20432
1.20432
1.20432
1.20431
1.20432
1.20431
1.20431
1.20441
1.20459
1.20482
1.20491
1.20472
1.2042
1.20398
1.20494
1.1984
1.20431
1.20431
1.20431
1.20431
1.20431
1.20431
1.20431
1.20431
1.20432
1.20431
1.2043
1.20435
1.20447
1.20469
1.20484
1.20461
1.20413
1.20397
1.20496
1.19831
1.20431
1.20431
1.20431
1.20431
1.20431
1.20431
1.20431
1.20431
1.20431
1.20432
1.20431
1.20432
1.20438
1.20458
1.20477
1.20454
1.20409
1.20397
1.20489
1.19822
1.20431
1.20431
1.20431
1.20431
1.20431
1.20431
1.20431
1.20431
1.20431
1.20431
1.20431
1.2043
1.20433
1.2045
1.20471
1.20449
1.20409
1.20401
1.20477
1.19798
1.20431
1.20431
1.20431
1.20431
1.20431
1.20431
1.20431
1.20431
1.20431
1.20431
1.20431
1.2043
1.20431
1.20443
1.20466
1.20447
1.20412
1.20407
1.20468
1.19751
1.20431
1.20431
1.20431
1.20431
1.20431
1.20431
1.20431
1.20431
1.20431
1.20431
1.20431
1.2043
1.20429
1.20439
1.20461
1.20447
1.20417
1.20414
1.20464
1.19691
1.20431
1.20431
1.20431
1.20431
1.20431
1.20431
1.20431
1.20431
1.20431
1.20431
1.20431
1.2043
1.20429
1.20435
1.20456
1.20448
1.20423
1.20421
1.20465
1.19639
1.20431
1.20431
1.20431
1.20431
1.20431
1.20431
1.20431
1.20431
1.20431
1.20431
1.20431
1.20431
1.20429
1.20433
1.20452
1.20449
1.2043
1.20427
1.20469
1.19607
1.2043
1.2043
1.2043
1.2043
1.20431
1.20431
1.20431
1.20431
1.20431
1.20431
1.20431
1.20431
1.20429
1.20431
1.20448
1.20449
1.20436
1.20433
1.20475
1.19592
1.2043
1.2043
1.2043
1.20431
1.20431
1.20431
1.20431
1.2043
1.2043
1.2043
1.20431
1.20431
1.20429
1.2043
1.20445
1.2045
1.20442
1.20438
1.20481
1.19588
1.2043
1.2043
1.20431
1.20431
1.20431
1.20431
1.2043
1.2043
1.2043
1.2043
1.2043
1.20431
1.2043
1.2043
1.20442
1.20449
1.20446
1.20443
1.20486
1.19594
1.2043
1.20431
1.20432
1.20432
1.20432
1.20431
1.20429
1.20429
1.20429
1.2043
1.2043
1.20431
1.2043
1.20429
1.20439
1.20449
1.2045
1.20446
1.20488
1.19577
1.2043
1.20431
1.2043
1.20428
1.20426
1.20424
1.2042
1.20417
1.20418
1.20423
1.20429
1.20431
1.20432
1.2043
1.20435
1.20445
1.20453
1.20451
1.20483
1.20057
1.20431
1.20412
1.20375
1.20347
1.20343
1.20352
1.20357
1.20356
1.20359
1.20373
1.20395
1.20416
1.20428
1.20431
1.20432
1.20439
1.20448
1.20452
1.20456
1.20283
1.20422
1.20332
1.20239
1.20185
1.20176
1.2021
1.20256
1.20283
1.20289
1.203
1.20331
1.20373
1.20409
1.20427
1.20432
1.20436
1.20443
1.2045
1.20438
1.20328
1.20401
1.20249
1.20141
1.20095
1.2008
1.20089
1.2014
1.20202
1.20234
1.20243
1.20264
1.20311
1.20367
1.20408
1.20427
1.20434
1.20439
1.20451
1.20415
1.20318
1.20369
1.20198
1.20127
1.20121
1.20117
1.20091
1.2008
1.20122
1.20178
1.20206
1.20219
1.20252
1.20313
1.20374
1.20412
1.20429
1.20436
1.20455
1.20365
1.20175
1.2034
1.20192
1.20166
1.20187
1.20196
1.2017
1.20112
1.20088
1.20124
1.20171
1.20195
1.20215
1.20262
1.20331
1.20388
1.2042
1.20433
1.20452
1.20265
1.19849
1.2032
1.20213
1.20206
1.20223
1.20232
1.20216
1.2017
1.20109
1.20099
1.20138
1.20177
1.20198
1.20228
1.2029
1.2036
1.20407
1.20428
1.2043
1.2012
1.19518
1.20303
1.20236
1.20222
1.20217
1.20222
1.20214
1.20189
1.20142
1.20105
1.20122
1.20164
1.20192
1.20212
1.2026
1.20333
1.20392
1.2042
1.20373
1.20002
1.19501
1.20294
1.20246
1.20202
1.2017
1.2018
1.20194
1.20178
1.20157
1.20128
1.20128
1.20162
1.20194
1.20209
1.20242
1.2031
1.20374
1.20409
1.20297
1.2
1.19848
1.20287
1.20236
1.20143
1.20095
1.20132
1.20178
1.2016
1.20156
1.20151
1.20152
1.20177
1.20204
1.20213
1.20233
1.20292
1.20356
1.20393
1.20235
1.20088
1.2026
1.20283
1.20208
1.20072
1.20036
1.20107
1.20174
1.20154
1.20152
1.20171
1.20183
1.20203
1.2022
1.20219
1.20229
1.20277
1.20339
1.20363
1.20193
1.20184
1.20475
1.20277
1.20171
1.20025
1.20021
1.20107
1.20165
1.2016
1.20157
1.20189
1.20211
1.20226
1.2023
1.2022
1.20224
1.20267
1.20325
1.20312
1.20167
1.20257
1.20508
1.2027
1.2014
1.20013
1.20029
1.20113
1.20163
1.20167
1.20174
1.20202
1.20223
1.20231
1.20226
1.20215
1.20222
1.20265
1.20304
1.20242
1.20158
1.20314
1.20478
1.20263
1.20126
1.20019
1.20044
1.20123
1.20167
1.20175
1.20185
1.20204
1.20217
1.2022
1.20217
1.20215
1.20231
1.20261
1.20258
1.20178
1.20183
1.20377
1.20444
1.20263
1.20129
1.20034
1.20058
1.20131
1.20173
1.20184
1.20194
1.20208
1.20216
1.20216
1.20214
1.20216
1.20226
1.20232
1.20194
1.20151
1.20247
1.20427
1.20405
1.20268
1.20146
1.20054
1.20066
1.20131
1.20179
1.20198
1.20211
1.20219
1.20211
1.20188
1.20165
1.20158
1.20167
1.20169
1.20141
1.2017
1.20318
1.20416
1.20374
1.20284
1.20182
1.20085
1.20072
1.20123
1.20177
1.20206
1.20218
1.20209
1.20163
1.20087
1.20027
1.20027
1.20069
1.20102
1.2012
1.20204
1.20347
1.20349
1.20335
1.20298
1.20231
1.20133
1.2009
1.20115
1.20163
1.20197
1.20211
1.20194
1.2012
1.19993
1.19893
1.19898
1.19984
1.20065
1.20123
1.20216
1.20293
1.20263
1.20271
1.20287
1.20271
1.20199
1.20144
1.20133
1.20158
1.20188
1.20206
1.20199
1.20133
1.19991
1.19842
1.19803
1.19886
1.19999
1.20087
1.20159
1.20168
1.20174
1.20242
1.20268
1.20268
1.20266
1.20248
1.20222
1.2021
1.20212
1.20215
1.20218
1.20195
1.2012
1.19992
1.19887
1.19867
1.19913
1.19982
1.20029
1.20057
1.20124
1.20223
1.19871
1.2059
1.20625
1.20617
1.20599
1.20578
1.20559
1.20546
1.2054
1.20537
1.20534
1.20531
1.20528
1.20526
1.20524
1.20521
1.20518
1.20515
1.20513
1.20505
1.19878
1.2055
1.20607
1.20607
1.20595
1.20578
1.2056
1.20547
1.20539
1.20535
1.20532
1.20529
1.20526
1.20523
1.20521
1.20519
1.20516
1.20514
1.20512
1.20506
1.19868
1.20525
1.20572
1.20578
1.20578
1.20571
1.20559
1.20546
1.20538
1.20532
1.20528
1.20524
1.20521
1.20518
1.20515
1.20513
1.20511
1.20509
1.20507
1.20503
1.19854
1.20525
1.2053
1.20536
1.20549
1.20555
1.20552
1.20543
1.20535
1.20528
1.20522
1.20517
1.20513
1.20509
1.20506
1.20504
1.20502
1.20501
1.20499
1.20496
1.19838
1.20526
1.20493
1.20496
1.20517
1.20534
1.20539
1.20536
1.20529
1.20521
1.20514
1.20508
1.20502
1.20498
1.20495
1.20492
1.20491
1.2049
1.20489
1.20486
1.19828
1.20518
1.20474
1.20469
1.20491
1.20512
1.20524
1.20526
1.20521
1.20513
1.20505
1.20497
1.2049
1.20485
1.20482
1.2048
1.20478
1.20478
1.20477
1.20475
1.19825
1.20505
1.20468
1.20456
1.20474
1.20495
1.2051
1.20514
1.20511
1.20503
1.20493
1.20485
1.20477
1.20473
1.20469
1.20467
1.20466
1.20466
1.20466
1.20465
1.1982
1.20498
1.20465
1.20453
1.20466
1.20483
1.20497
1.20503
1.20501
1.20492
1.20482
1.20472
1.20465
1.20461
1.20458
1.20457
1.20456
1.20456
1.20456
1.20455
1.19811
1.20501
1.20457
1.20452
1.20462
1.20475
1.20487
1.20493
1.2049
1.2048
1.20469
1.2046
1.20454
1.20451
1.20449
1.20448
1.20448
1.20448
1.20448
1.20447
1.19802
1.20502
1.20444
1.20452
1.2046
1.20469
1.20479
1.20483
1.20479
1.20468
1.20457
1.2045
1.20446
1.20443
1.20442
1.20441
1.20441
1.20441
1.20441
1.20441
1.19789
1.20493
1.20435
1.20451
1.20458
1.20465
1.20473
1.20474
1.20467
1.20456
1.20447
1.20442
1.2044
1.20438
1.20437
1.20437
1.20436
1.20437
1.20437
1.20437
1.19758
1.2048
1.20433
1.2045
1.20456
1.20462
1.20466
1.20465
1.20456
1.20447
1.2044
1.20437
1.20436
1.20435
1.20434
1.20434
1.20434
1.20434
1.20434
1.20434
1.19703
1.2047
1.20431
1.20448
1.20454
1.20458
1.20459
1.20455
1.20447
1.2044
1.20436
1.20434
1.20433
1.20433
1.20432
1.20432
1.20432
1.20432
1.20432
1.20432
1.19638
1.20465
1.20429
1.20445
1.2045
1.20452
1.20452
1.20446
1.2044
1.20435
1.20433
1.20433
1.20432
1.20432
1.20432
1.20431
1.20431
1.20431
1.20431
1.20431
1.19587
1.20464
1.20428
1.20442
1.20445
1.20446
1.20444
1.20439
1.20435
1.20433
1.20432
1.20432
1.20432
1.20432
1.20431
1.20431
1.20431
1.20431
1.20431
1.20431
1.19557
1.20466
1.20426
1.20439
1.2044
1.20441
1.20438
1.20435
1.20433
1.20432
1.20431
1.20431
1.20431
1.20431
1.20432
1.20431
1.20431
1.20431
1.20431
1.20431
1.19546
1.2047
1.20424
1.20437
1.20436
1.20436
1.20434
1.20433
1.20432
1.20431
1.20431
1.20431
1.20431
1.20431
1.20431
1.20431
1.20431
1.20431
1.20431
1.2043
1.19549
1.20475
1.20423
1.20435
1.20433
1.20433
1.20432
1.20431
1.20431
1.20431
1.20431
1.20431
1.2043
1.2043
1.2043
1.2043
1.20431
1.20431
1.20431
1.20431
1.19564
1.20481
1.20421
1.20434
1.20432
1.20432
1.20431
1.20431
1.20431
1.20431
1.2043
1.2043
1.20429
1.20428
1.20427
1.20427
1.20429
1.2043
1.20431
1.20431
1.19561
1.20484
1.20421
1.20433
1.20431
1.20431
1.20431
1.20431
1.2043
1.2043
1.20429
1.20428
1.20426
1.20424
1.20423
1.20423
1.20424
1.20427
1.2043
1.20431
1.20044
1.20484
1.20421
1.20432
1.2043
1.2043
1.2043
1.20429
1.20428
1.20426
1.20424
1.20421
1.20418
1.20415
1.20413
1.20411
1.2041
1.20412
1.20416
1.20423
1.20321
1.20452
1.20424
1.2043
1.20428
1.20428
1.20426
1.20424
1.20421
1.20418
1.20414
1.2041
1.20406
1.20403
1.20399
1.20395
1.20391
1.20386
1.20383
1.20392
1.20386
1.20437
1.20425
1.20426
1.20425
1.20424
1.20422
1.2042
1.20417
1.20413
1.20409
1.20405
1.20401
1.20398
1.20395
1.20392
1.20386
1.20375
1.20357
1.20363
1.20415
1.20427
1.20422
1.2042
1.20419
1.20418
1.20416
1.20413
1.2041
1.20406
1.20403
1.20399
1.20395
1.20392
1.20391
1.20393
1.20392
1.2038
1.20349
1.20346
1.20425
1.2042
1.20417
1.20413
1.20407
1.20402
1.20396
1.20389
1.20381
1.20377
1.20375
1.20376
1.20375
1.20375
1.20376
1.20383
1.20393
1.20389
1.20349
1.20339
1.20423
1.20419
1.20412
1.20401
1.20387
1.20371
1.20354
1.20335
1.20319
1.20312
1.20315
1.20324
1.20335
1.20341
1.20347
1.20361
1.20384
1.20393
1.20352
1.20334
1.20421
1.20416
1.20398
1.20372
1.20345
1.20317
1.20289
1.20264
1.20247
1.20242
1.20247
1.20261
1.20281
1.20298
1.20314
1.20338
1.20371
1.20391
1.20354
1.2033
1.20421
1.20402
1.20363
1.2032
1.20282
1.2025
1.20228
1.20217
1.20213
1.20212
1.20215
1.20224
1.20241
1.20263
1.20289
1.20325
1.20362
1.20385
1.20354
1.20327
1.20414
1.20372
1.20313
1.20261
1.20229
1.20216
1.20212
1.20212
1.20213
1.20211
1.2021
1.20214
1.20227
1.20248
1.20283
1.20326
1.20357
1.20376
1.2035
1.20327
1.20398
1.20331
1.20262
1.20224
1.20215
1.20217
1.2022
1.20222
1.20218
1.2021
1.20203
1.20206
1.20222
1.20252
1.20297
1.20334
1.20349
1.20362
1.20341
1.20325
1.20372
1.2029
1.20229
1.20213
1.20219
1.20228
1.20231
1.20228
1.20219
1.20203
1.20193
1.20199
1.20226
1.20272
1.20317
1.20332
1.20329
1.20343
1.20331
1.20324
1.20325
1.2025
1.20212
1.20213
1.20226
1.20237
1.20238
1.2023
1.20214
1.20195
1.20184
1.20199
1.20244
1.20296
1.20318
1.20309
1.203
1.20324
1.20319
1.20324
1.20262
1.20219
1.20207
1.20219
1.20236
1.20243
1.2024
1.20227
1.20207
1.20185
1.20179
1.20209
1.20263
1.20295
1.20295
1.20279
1.20275
1.20308
1.20307
1.20325
1.20228
1.20211
1.20215
1.20233
1.20246
1.20247
1.20236
1.2022
1.20197
1.20177
1.20178
1.20219
1.20258
1.20267
1.20264
1.20253
1.20255
1.20293
1.20297
1.20325
1.20233
1.20226
1.20233
1.2025
1.20255
1.20244
1.20227
1.20212
1.20188
1.2017
1.20182
1.20217
1.20232
1.20232
1.20232
1.20232
1.20238
1.20278
1.20288
1.20325
1.2023
1.2023
1.20242
1.2026
1.20259
1.20238
1.20216
1.2021
1.20182
1.20167
1.20183
1.202
1.20203
1.20203
1.20206
1.20212
1.20226
1.20265
1.20278
1.20322
1.20198
1.20208
1.20233
1.20263
1.2026
1.20229
1.20207
1.20211
1.20184
1.20168
1.20177
1.20186
1.20191
1.20194
1.20199
1.20208
1.20228
1.20258
1.20268
1.20314
1.20196
1.20205
1.20231
1.20267
1.2026
1.20219
1.20199
1.20214
1.20204
1.20179
1.20189
1.20202
1.20203
1.20205
1.20215
1.20227
1.20241
1.20255
1.20259
1.20295
1.20255
1.20248
1.20258
1.20281
1.20267
1.20211
1.20187
1.20219
1.2024
1.2022
1.2023
1.20231
1.20223
1.2022
1.20222
1.20229
1.20235
1.2024
1.20245
1.20284
1.20323
1.20313
1.20311
1.20309
1.2029
1.20262
1.20247
1.20269
1.20292
1.20288
1.2029
1.20289
1.20285
1.20281
1.2027
1.20267
1.20253
1.20252
1.2025
1.20296
)
;

boundaryField
{
    left_open
    {
        type            calculated;
        value           nonuniform List<scalar> 
40
(
1.20432
1.20432
1.20431
1.20431
1.20431
1.20431
1.20431
1.20431
1.20431
1.20431
1.20431
1.20431
1.20431
1.20431
1.20431
1.20431
1.2043
1.2043
1.2043
1.2043
1.2043
1.2043
1.2043
1.20429
1.20429
1.20429
1.20428
1.20428
1.20428
1.20285
1.20282
1.20427
1.20427
1.20266
1.20266
1.20273
1.20288
1.203
1.20287
1.20268
)
;
    }
    right_open
    {
        type            calculated;
        value           nonuniform List<scalar> 
40
(
1.20505
1.20505
1.20503
1.20496
1.20486
1.20475
1.20465
1.20455
1.20447
1.20441
1.20437
1.20434
1.20431
1.20431
1.20431
1.20431
1.2043
1.2043
1.2043
1.2043
1.2043
1.20393
1.20363
1.20429
1.20429
1.20334
1.20428
1.20326
1.20428
1.20325
1.20324
1.20427
1.20325
1.20325
1.20325
1.20322
1.20314
1.20296
1.20425
1.20296
)
;
    }
    base_side
    {
        type            calculated;
        value           nonuniform List<scalar> 
40
(
1.20432
1.20432
1.20432
1.20432
1.20432
1.20432
1.20431
1.20427
1.20424
1.20454
1.205
1.20522
1.2053
1.20535
1.20544
1.20559
1.20569
1.20582
1.20616
1.19885
1.19871
1.2059
1.20625
1.20617
1.20599
1.20578
1.20559
1.20546
1.2054
1.20537
1.20534
1.20531
1.20528
1.20526
1.20524
1.20521
1.20518
1.20515
1.20513
1.20505
)
;
    }
    top
    {
        type            calculated;
        value           nonuniform List<scalar> 
65
(
1.20267
1.20268
1.20266
1.2025
1.20224
1.2021
1.20212
1.20214
1.20218
1.20425
1.20425
1.20019
1.20425
1.19864
1.19905
1.19972
1.2002
1.20059
1.20139
1.20242
1.20297
1.20311
1.20322
1.20327
1.20326
1.20321
1.20315
1.20311
1.20312
1.20321
1.2034
1.20363
1.20376
1.20425
1.20425
1.20425
1.20425
1.20425
1.20425
1.20425
1.20425
1.20425
1.20425
1.20349
1.20336
1.2032
1.20313
1.20311
1.20309
1.2029
1.20262
1.20425
1.20269
1.20293
1.20289
1.2029
1.20289
1.20285
1.20281
1.2027
1.20268
1.20254
1.20425
1.2025
1.20296
)
;
    }
    front
    {
        type            empty;
    }
    back
    {
        type            empty;
    }
    air_to_aluminum
    {
        type            calculated;
        value           nonuniform List<scalar> 
129
(
1.15203
1.15206
1.15211
1.15219
1.15176
1.15157
1.1514
1.15126
1.15126
1.1514
1.15157
1.15176
1.15203
1.15206
1.15211
1.15219
1.15229
1.1522
1.1524
1.15236
1.15252
1.15249
1.15262
1.15261
1.15273
1.15272
1.15282
1.15281
1.15291
1.1529
1.15299
1.15298
1.15306
1.15305
1.15312
1.15311
1.15317
1.15317
1.15322
1.15321
1.15325
1.15325
1.15328
1.15328
1.1533
1.1533
1.15331
1.15331
1.15331
1.15331
1.15331
1.15331
1.1513
1.15142
1.15153
1.15163
1.15173
1.15182
1.15191
1.15198
1.15204
1.1521
1.15215
1.1522
1.15223
1.15226
1.15227
1.15228
1.15228
1.15228
1.15228
1.15228
1.15228
1.15228
1.1513
1.15142
1.15153
1.15163
1.15173
1.15182
1.15191
1.15198
1.15204
1.1521
1.15215
1.15219
1.15223
1.15225
1.15227
1.15228
1.15228
1.15228
1.15228
1.1522
1.15236
1.15249
1.15261
1.15272
1.15281
1.1529
1.15298
1.15305
1.15312
1.15317
1.15321
1.15325
1.15328
1.1533
1.15331
1.1523
1.15241
1.15252
1.15262
1.15273
1.15282
1.15291
1.15299
1.15306
1.15312
1.15317
1.15322
1.15326
1.15328
1.1533
1.15331
1.15331
1.15331
1.15331
1.15331
)
;
    }
}


// ************************************************************************* //
