/*--------------------------------*- C++ -*----------------------------------*\
| =========                 |                                                 |
| \\      /  F ield         | OpenFOAM: The Open Source CFD Toolbox           |
|  \\    /   O peration     | Version:                                        |
|   \\  /    A nd           | Website:  www.openfoam.com                      |
|    \\/     M anipulation  |                                                 |
\*---------------------------------------------------------------------------*/
FoamFile
{
    version     2.0;
    format      ascii;
    class       volScalarField;
    location    "1836.0/air";
    object      T;
}
// * * * * * * * * * * * * * * * * * * * * * * * * * * * * * * * * * * * * * //

dimensions      [0 0 0 1 0 0 0];


internalField   nonuniform List<scalar> 
2228
(
306.716
306.782
306.836
306.882
306.652
306.715
306.78
306.841
306.609
306.669
306.738
306.807
306.575
306.634
306.705
306.777
306.545
306.604
306.676
306.75
306.518
306.576
306.648
306.725
306.493
306.547
306.62
306.7
306.466
306.514
306.589
306.676
306.438
306.471
306.55
306.65
306.402
306.407
306.493
306.62
306.353
306.304
306.405
306.58
306.278
306.131
306.258
306.524
306.163
305.842
306.011
306.44
305.99
305.394
305.604
306.319
305.752
304.746
304.933
306.103
305.308
303.832
303.853
305.527
306.882
306.836
306.782
306.716
306.841
306.779
306.715
306.652
306.807
306.738
306.669
306.609
306.777
306.704
306.633
306.575
306.749
306.673
306.601
306.544
306.722
306.642
306.569
306.516
306.695
306.605
306.528
306.485
306.663
306.55
306.463
306.447
306.619
306.451
306.339
306.388
306.549
306.266
306.105
306.291
306.442
305.959
305.744
306.147
306.302
305.563
305.337
305.979
306.16
305.201
305.022
305.844
306.06
304.995
304.856
305.778
306.017
304.946
304.762
305.743
305.806
304.802
304.597
305.599
296.066
297.125
298.202
299.154
293.125
293.037
293.135
293.365
293.108
292.974
292.825
292.703
293.152
293.127
293.073
292.991
293.159
293.158
293.154
293.137
293.168
293.166
293.165
293.166
293.178
293.173
293.17
293.169
293.185
293.18
293.175
293.172
293.189
293.185
293.181
293.177
293.191
293.188
293.184
293.181
293.191
293.188
293.186
293.183
293.189
293.187
293.186
293.184
293.179
293.179
293.179
293.179
293.147
293.146
293.145
293.144
293.21
293.223
293.236
293.248
293.384
293.407
293.428
293.445
293.5
293.51
293.516
293.519
293.534
293.528
293.522
293.525
293.511
293.503
293.509
293.541
293.446
293.46
293.483
293.512
299.919
300.16
300.104
300.202
293.731
294.101
294.382
294.577
292.634
292.628
292.672
292.744
292.889
292.785
292.692
292.623
293.1
293.041
292.963
292.875
293.161
293.144
293.11
293.055
293.169
293.167
293.155
293.128
293.171
293.17
293.165
293.15
293.174
293.172
293.168
293.16
293.178
293.175
293.173
293.167
293.181
293.179
293.177
293.174
293.182
293.181
293.179
293.177
293.178
293.177
293.176
293.175
293.143
293.141
293.14
293.138
293.259
293.267
293.273
293.275
293.458
293.466
293.47
293.471
293.521
293.526
293.535
293.55
293.544
293.585
293.642
293.705
293.603
293.685
293.767
293.833
293.544
293.576
293.605
293.627
300.254
300.257
300.249
294.697
294.763
294.814
292.811
292.864
292.921
292.584
292.567
292.56
292.805
292.756
292.71
293.001
292.957
292.909
293.094
293.062
293.023
293.128
293.105
293.075
293.145
293.13
293.109
293.159
293.151
293.139
293.17
293.165
293.16
293.175
293.173
293.17
293.173
293.172
293.17
293.135
293.134
293.131
293.274
293.272
293.268
293.47
293.468
293.465
293.565
293.575
293.583
293.749
293.773
293.789
293.863
293.875
293.883
293.641
293.65
293.663
300.254
300.26
300.268
294.847
294.863
294.879
292.962
292.985
293.008
292.559
292.561
292.565
292.682
292.668
292.656
292.876
292.859
292.841
292.994
292.978
292.962
293.051
293.037
293.023
293.091
293.08
293.069
293.128
293.121
293.115
293.154
293.151
293.148
293.168
293.166
293.165
293.169
293.168
293.167
293.13
293.129
293.128
293.265
293.263
293.261
293.462
293.46
293.458
293.587
293.588
293.589
293.795
293.796
293.797
293.886
293.886
293.885
293.672
293.676
293.68
300.29
300.382
300.584
294.908
294.975
295.113
293.055
293.136
293.246
292.575
292.599
292.638
292.633
292.607
292.588
292.809
292.762
292.719
292.93
292.88
292.83
292.993
292.946
292.896
293.046
293.007
292.964
293.1
293.075
293.046
293.141
293.128
293.113
293.162
293.156
293.149
293.165
293.163
293.159
293.126
293.123
293.12
293.256
293.249
293.24
293.454
293.447
293.438
293.589
293.586
293.579
293.797
293.788
293.771
293.885
293.881
293.87
293.689
293.702
293.711
301.159
302.497
303.626
303.856
295.64
297.979
301.237
301.442
293.524
294.991
298.36
300.287
292.725
293.245
295.248
298.061
292.573
292.624
293.22
295.061
292.665
292.603
292.627
293.194
292.765
292.694
292.657
292.776
292.827
292.754
292.732
292.83
292.901
292.824
292.778
292.812
293.002
292.939
292.878
292.835
293.089
293.052
293.011
292.966
293.138
293.121
293.101
293.079
293.154
293.146
293.138
293.128
293.116
293.11
293.104
293.098
293.227
293.207
293.185
293.161
293.423
293.4
293.373
293.343
293.561
293.528
293.485
293.436
293.736
293.674
293.6
293.521
293.851
293.814
293.775
293.733
293.721
293.726
293.741
293.763
302.542
300.579
298.603
296.766
297.744
295.122
293.703
293.151
297.499
293.668
292.547
292.732
298.381
295.85
293.349
292.571
297.045
297.318
295.926
294.283
294.692
296.28
296.84
296.238
293.434
294.759
296.087
296.722
293.196
294.022
295.151
296.157
293
293.422
294.084
294.812
292.832
292.905
293.084
293.363
292.923
292.888
292.874
292.919
293.055
293.033
293.018
293.038
293.12
293.116
293.127
293.173
293.093
293.094
293.115
293.179
293.137
293.113
293.095
293.098
293.308
293.27
293.228
293.185
293.386
293.336
293.288
293.238
293.443
293.372
293.311
293.261
293.681
293.627
293.574
293.524
293.788
293.816
293.833
293.831
292.982
292.896
292.855
292.819
292.794
292.777
292.766
292.759
292.755
292.753
292.751
292.752
292.759
292.778
292.782
292.759
292.73
292.721
292.826
294.463
292.951
292.871
292.839
292.81
292.79
292.777
292.768
292.763
292.76
292.758
292.757
292.758
292.766
292.783
292.781
292.758
292.735
292.743
292.921
294.448
292.93
292.86
292.836
292.812
292.795
292.784
292.777
292.773
292.771
292.769
292.768
292.769
292.778
292.792
292.789
292.774
292.762
292.775
292.971
294.479
292.936
292.874
292.852
292.83
292.814
292.802
292.795
292.791
292.788
292.785
292.783
292.783
292.791
292.804
292.809
292.811
292.808
292.806
292.969
294.525
292.968
292.911
292.888
292.864
292.846
292.833
292.823
292.816
292.81
292.804
292.799
292.799
292.806
292.821
292.839
292.858
292.862
292.848
292.957
294.575
293.014
292.964
292.939
292.914
292.892
292.874
292.861
292.851
292.839
292.826
292.816
292.815
292.823
292.843
292.87
292.898
292.907
292.897
292.949
294.626
293.062
293.021
292.997
292.972
292.947
292.925
292.909
292.894
292.877
292.853
292.834
292.831
292.841
292.864
292.895
292.919
292.93
292.941
292.948
294.679
293.101
293.073
293.053
293.03
293.005
292.982
292.962
292.945
292.923
292.89
292.854
292.845
292.858
292.882
292.909
292.92
292.93
292.972
292.952
294.733
293.126
293.11
293.096
293.079
293.059
293.036
293.015
292.997
292.976
292.937
292.884
292.858
292.872
292.894
292.914
292.912
292.919
292.985
292.96
294.789
293.14
293.132
293.125
293.114
293.1
293.083
293.063
293.046
293.027
292.993
292.926
292.872
292.88
292.902
292.914
292.905
292.908
292.986
292.97
294.847
293.147
293.143
293.14
293.135
293.127
293.116
293.101
293.086
293.07
293.046
292.982
292.898
292.885
292.904
292.913
292.9
292.903
292.988
292.979
294.904
293.149
293.148
293.147
293.144
293.141
293.135
293.127
293.116
293.104
293.087
293.041
292.944
292.892
292.904
292.91
292.898
292.906
292.994
292.986
294.96
293.15
293.149
293.149
293.148
293.147
293.145
293.14
293.134
293.126
293.115
293.088
293.006
292.917
292.905
292.907
292.9
292.914
293.006
292.992
295.013
293.15
293.15
293.15
293.15
293.149
293.148
293.147
293.144
293.139
293.133
293.118
293.065
292.968
292.921
292.911
292.908
292.929
293.022
292.997
295.063
293.15
293.15
293.15
293.15
293.15
293.15
293.149
293.148
293.146
293.142
293.136
293.108
293.03
292.96
292.932
292.928
292.954
293.043
293.001
295.108
293.15
293.15
293.15
293.15
293.15
293.15
293.15
293.149
293.149
293.147
293.144
293.133
293.085
293.017
292.975
292.964
292.987
293.067
293.004
295.146
293.15
293.15
293.15
293.15
293.15
293.15
293.15
293.15
293.15
293.149
293.148
293.144
293.121
293.072
293.03
293.013
293.026
293.093
293.006
295.175
293.15
293.15
293.15
293.15
293.15
293.15
293.15
293.15
293.15
293.15
293.149
293.148
293.14
293.112
293.08
293.063
293.065
293.117
293.006
295.195
293.15
293.149
293.149
293.149
293.149
293.149
293.15
293.15
293.15
293.15
293.15
293.15
293.148
293.136
293.116
293.102
293.097
293.138
293.006
295.194
293.149
293.148
293.148
293.148
293.149
293.149
293.149
293.149
293.15
293.15
293.15
293.15
293.15
293.146
293.135
293.126
293.119
293.154
293.006
295.249
293.154
293.154
293.152
293.151
293.15
293.149
293.148
293.148
293.149
293.149
293.15
293.15
293.15
293.15
293.149
293.149
293.143
293.169
293.018
294.204
293.208
293.2
293.183
293.167
293.158
293.154
293.153
293.152
293.152
293.152
293.152
293.151
293.151
293.151
293.151
293.152
293.149
293.163
293.092
293.48
293.294
293.307
293.242
293.2
293.187
293.186
293.189
293.192
293.192
293.19
293.186
293.18
293.175
293.172
293.17
293.168
293.165
293.165
293.138
293.226
293.363
293.416
293.304
293.247
293.243
293.252
293.257
293.258
293.257
293.252
293.245
293.236
293.226
293.216
293.209
293.202
293.197
293.19
293.172
293.165
293.417
293.494
293.353
293.296
293.296
293.292
293.28
293.272
293.267
293.263
293.255
293.243
293.23
293.219
293.211
293.206
293.203
293.201
293.194
293.169
293.459
293.541
293.383
293.321
293.298
293.266
293.245
293.239
293.237
293.234
293.227
293.22
293.218
293.221
293.223
293.217
293.206
293.199
293.2
293.182
293.49
293.56
293.389
293.312
293.265
293.234
293.225
293.223
293.222
293.221
293.226
293.243
293.268
293.288
293.289
293.266
293.231
293.204
293.197
293.189
293.505
293.565
293.381
293.291
293.247
293.234
293.233
293.228
293.229
293.244
293.276
293.322
293.367
293.391
293.382
293.337
293.27
293.215
293.195
293.195
293.517
293.563
293.369
293.279
293.25
293.249
293.249
293.248
293.261
293.297
293.352
293.414
293.462
293.482
293.467
293.408
293.311
293.226
293.197
293.196
293.515
293.56
293.363
293.283
293.271
293.27
293.269
293.276
293.301
293.351
293.418
293.48
293.515
293.524
293.514
293.462
293.346
293.232
293.196
293.196
293.504
293.561
293.367
293.304
293.306
293.296
293.288
293.303
293.337
293.396
293.465
293.514
293.527
293.525
293.524
293.489
293.367
293.232
293.193
293.196
293.491
293.564
293.377
293.335
293.351
293.33
293.307
293.323
293.366
293.431
293.496
293.528
293.526
293.524
293.522
293.498
293.379
293.226
293.185
293.194
293.476
293.57
293.392
293.365
293.393
293.37
293.337
293.346
293.393
293.46
293.516
293.533
293.527
293.531
293.523
293.506
293.389
293.221
293.168
293.179
293.476
293.577
293.406
293.388
293.425
293.415
293.386
293.387
293.428
293.487
293.528
293.53
293.525
293.536
293.524
293.519
293.41
293.23
293.149
293.147
293.466
293.585
293.417
293.399
293.443
293.463
293.454
293.451
293.474
293.511
293.531
293.519
293.523
293.535
293.525
293.535
293.447
293.272
293.174
293.177
293.475
293.596
293.432
293.391
293.426
293.466
293.488
293.499
293.51
293.522
293.521
293.504
293.526
293.529
293.529
293.553
293.491
293.356
293.279
293.316
293.488
293.608
293.474
293.397
293.392
293.408
293.431
293.459
293.482
293.493
293.489
293.507
293.531
293.518
293.538
293.575
293.53
293.454
293.415
293.454
293.484
293.617
293.543
293.466
293.434
293.429
293.435
293.447
293.461
293.477
293.5
293.526
293.525
293.496
293.554
293.598
293.557
293.523
293.519
293.536
293.517
293.635
293.621
293.585
293.566
293.556
293.548
293.543
293.542
293.54
293.536
293.521
293.486
293.465
293.555
293.607
293.58
293.564
293.561
293.537
293.486
293.62
293.634
293.607
293.56
293.515
293.493
293.484
293.471
293.453
293.444
293.43
293.41
293.421
293.478
293.499
293.512
293.51
293.485
293.451
294.403
292.594
292.644
292.821
292.938
292.968
292.963
292.954
292.952
292.962
292.992
293.044
293.105
293.141
293.15
293.15
293.15
293.15
293.15
293.15
294.374
292.709
292.677
292.821
292.935
292.972
292.97
292.961
292.956
292.963
292.988
293.039
293.102
293.141
293.15
293.15
293.15
293.15
293.15
293.15
294.394
292.811
292.772
292.868
292.95
292.982
292.981
292.972
292.965
292.968
292.99
293.04
293.103
293.143
293.15
293.15
293.15
293.15
293.15
293.15
294.431
292.856
292.891
292.944
292.982
292.997
292.995
292.985
292.977
292.978
292.999
293.048
293.111
293.145
293.15
293.15
293.15
293.15
293.15
293.15
294.471
292.883
293.002
293.012
293.015
293.015
293.01
293
292.992
292.993
293.015
293.064
293.122
293.147
293.15
293.15
293.15
293.15
293.15
293.15
294.512
292.908
293.079
293.054
293.04
293.034
293.026
293.017
293.009
293.012
293.036
293.085
293.133
293.149
293.15
293.15
293.15
293.15
293.15
293.15
294.555
292.933
293.111
293.074
293.059
293.051
293.043
293.034
293.029
293.034
293.06
293.106
293.141
293.15
293.15
293.15
293.15
293.15
293.15
293.15
294.597
292.951
293.125
293.086
293.075
293.067
293.06
293.053
293.05
293.059
293.086
293.124
293.146
293.15
293.15
293.15
293.15
293.15
293.15
293.15
294.637
292.963
293.134
293.096
293.089
293.083
293.077
293.073
293.073
293.083
293.109
293.136
293.149
293.15
293.15
293.15
293.15
293.15
293.15
293.15
294.674
292.973
293.141
293.106
293.102
293.098
293.095
293.092
293.094
293.106
293.126
293.144
293.15
293.15
293.15
293.15
293.15
293.15
293.15
293.15
294.707
292.98
293.148
293.116
293.115
293.113
293.111
293.11
293.113
293.124
293.138
293.148
293.15
293.15
293.15
293.15
293.15
293.15
293.15
293.15
294.737
292.985
293.155
293.125
293.126
293.125
293.124
293.125
293.128
293.136
293.144
293.149
293.15
293.15
293.15
293.15
293.15
293.15
293.15
293.15
294.763
292.989
293.161
293.132
293.135
293.134
293.134
293.135
293.138
293.143
293.148
293.15
293.15
293.15
293.15
293.15
293.15
293.15
293.15
293.15
294.785
292.99
293.166
293.138
293.142
293.141
293.141
293.142
293.144
293.147
293.149
293.15
293.15
293.15
293.15
293.15
293.15
293.15
293.15
293.15
294.803
292.991
293.169
293.141
293.146
293.145
293.146
293.146
293.147
293.149
293.15
293.15
293.15
293.15
293.15
293.15
293.15
293.15
293.15
293.15
294.818
292.991
293.172
293.143
293.148
293.147
293.148
293.148
293.149
293.149
293.15
293.15
293.15
293.15
293.15
293.15
293.15
293.15
293.15
293.15
294.829
292.991
293.174
293.144
293.149
293.149
293.149
293.149
293.149
293.15
293.15
293.15
293.15
293.15
293.15
293.15
293.151
293.151
293.151
293.15
294.837
292.991
293.175
293.145
293.15
293.149
293.149
293.149
293.15
293.15
293.15
293.15
293.15
293.15
293.15
293.152
293.155
293.155
293.152
293.15
294.833
292.993
293.176
293.145
293.15
293.149
293.15
293.15
293.15
293.15
293.15
293.15
293.15
293.15
293.152
293.157
293.165
293.167
293.158
293.15
294.881
293
293.175
293.145
293.15
293.149
293.15
293.15
293.15
293.15
293.15
293.149
293.149
293.15
293.156
293.171
293.191
293.196
293.172
293.15
294.061
293.027
293.171
293.146
293.15
293.15
293.15
293.15
293.15
293.149
293.149
293.148
293.148
293.157
293.191
293.255
293.321
293.323
293.239
293.155
293.574
293.089
293.16
293.148
293.15
293.15
293.149
293.149
293.149
293.147
293.145
293.147
293.164
293.226
293.362
293.541
293.64
293.566
293.374
293.175
293.427
293.123
293.153
293.149
293.149
293.149
293.148
293.147
293.146
293.144
293.145
293.16
293.22
293.372
293.619
293.837
293.879
293.758
293.533
293.237
293.278
293.155
293.148
293.15
293.147
293.146
293.145
293.144
293.143
293.144
293.154
293.197
293.321
293.569
293.863
294.015
293.983
293.881
293.677
293.337
293.418
293.235
293.15
293.154
293.149
293.144
293.142
293.142
293.143
293.15
293.176
293.257
293.457
293.77
294.021
294.062
294.003
293.938
293.771
293.417
294.46
293.563
293.203
293.163
293.166
293.16
293.147
293.142
293.146
293.162
293.207
293.338
293.609
293.929
294.081
294.041
294.004
293.963
293.838
293.482
295.61
294.24
293.36
293.18
293.208
293.215
293.188
293.161
293.155
293.179
293.249
293.435
293.753
294.028
294.081
294.021
294.008
293.97
293.889
293.539
296.039
294.803
293.57
293.206
293.273
293.296
293.266
293.215
293.183
293.205
293.303
293.542
293.871
294.078
294.072
294.038
294.02
293.967
293.929
293.591
295.513
294.891
293.602
293.258
293.36
293.381
293.353
293.288
293.231
293.251
293.381
293.653
293.959
294.099
294.076
294.076
294.04
293.957
293.955
293.633
294.546
294.612
293.478
293.339
293.448
293.46
293.43
293.356
293.299
293.329
293.486
293.761
294.019
294.105
294.083
294.096
294.05
293.945
293.977
293.681
293.849
294.264
293.355
293.431
293.527
293.53
293.502
293.433
293.396
293.446
293.611
293.856
294.055
294.101
294.075
294.081
294.032
293.931
293.99
293.732
293.569
294.012
293.319
293.516
293.598
293.597
293.584
293.538
293.524
293.589
293.739
293.932
294.069
294.084
294.055
294.052
293.996
293.911
293.996
293.778
293.539
293.876
293.36
293.577
293.663
293.662
293.674
293.657
293.664
293.726
293.844
293.978
294.061
294.052
294.028
294.018
293.946
293.89
293.994
293.815
293.546
293.846
293.468
293.604
293.724
293.717
293.746
293.756
293.774
293.828
293.908
293.991
294.033
294.016
294
293.962
293.885
293.881
293.989
293.846
293.332
293.804
293.64
293.644
293.785
293.765
293.782
293.816
293.814
293.854
293.909
293.957
293.975
293.957
293.926
293.875
293.838
293.898
293.999
293.874
293.121
293.631
293.744
293.74
293.846
293.858
293.783
293.842
293.83
293.842
293.853
293.861
293.86
293.848
293.834
293.827
293.857
293.952
294.047
293.912
293.097
293.399
293.681
293.787
293.889
293.964
293.917
293.787
293.756
293.828
293.904
293.94
293.941
293.923
293.908
293.917
293.959
294.04
294.116
293.961
293.194
293.241
293.536
293.721
293.855
293.968
294.023
294.035
294.03
293.993
293.924
293.848
293.789
293.762
293.791
293.881
293.984
294.071
294.142
293.979
293.426
293.344
293.461
293.616
293.753
293.89
294.028
294.168
294.297
294.375
294.362
294.23
294.018
293.821
293.713
293.707
293.779
293.91
294.044
293.947
293.806
293.762
293.766
293.84
293.938
294.035
294.096
294.105
294.073
293.978
293.961
293.892
293.799
293.7
293.663
293.69
293.75
293.804
293.826
293.764
)
;

boundaryField
{
    left_open
    {
        type            inletOutlet;
        inletValue      uniform 293.15;
        value           nonuniform List<scalar> 
40
(
292.985
292.954
292.932
292.938
292.969
293.016
293.063
293.102
293.127
293.14
293.15
293.15
293.15
293.15
293.15
293.15
293.15
293.15
293.15
293.15
293.15
293.205
293.15
293.36
293.15
293.15
293.15
293.503
293.15
293.15
293.503
293.15
293.15
293.476
293.15
293.476
293.488
293.484
293.517
293.484
)
;
    }
    right_open
    {
        type            inletOutlet;
        inletValue      uniform 293.15;
        value           nonuniform List<scalar> 
40
(
293.15
293.15
293.15
293.15
293.15
293.15
293.15
293.15
293.15
293.15
293.15
293.15
293.15
293.15
293.15
293.15
293.15
293.15
293.15
293.15
293.15
293.15
293.15
293.15
293.15
293.15
293.15
293.59
293.15
293.15
293.727
293.15
293.15
293.843
293.868
293.15
293.952
293.15
293.943
293.76
)
;
    }
    base_side
    {
        type            zeroGradient;
    }
    top
    {
        type            inletOutlet;
        inletValue      uniform 293.15;
        value           nonuniform List<scalar> 
65
(
293.484
293.15
293.633
293.605
293.556
293.15
293.15
293.483
293.469
293.452
293.15
293.43
293.41
293.42
293.477
293.15
293.511
293.509
293.15
293.451
293.442
293.452
293.47
293.497
293.529
293.56
293.15
293.62
293.637
293.15
293.15
293.67
293.675
293.15
293.15
293.704
293.715
293.73
293.15
293.15
293.15
293.15
293.15
293.15
293.15
293.15
293.78
293.782
293.856
293.955
293.15
294.104
293.15
294.064
293.15
293.956
293.15
293.781
293.69
293.663
293.693
293.15
293.15
293.825
293.76
)
;
    }
    front
    {
        type            empty;
    }
    back
    {
        type            empty;
    }
    air_to_aluminum
    {
        type            compressible::turbulentTemperatureCoupledBaffleMixed;
        refValue        nonuniform List<scalar> 
129
(
306.707
306.699
306.685
306.663
306.778
306.829
306.875
306.912
306.912
306.874
306.829
306.778
306.707
306.699
306.684
306.663
306.636
306.662
306.607
306.62
306.577
306.584
306.548
306.552
306.521
306.523
306.495
306.497
306.472
306.473
306.451
306.452
306.432
306.433
306.415
306.416
306.401
306.402
306.389
306.39
306.379
306.38
306.371
306.372
306.366
306.367
306.363
306.363
306.364
306.364
306.364
306.364
306.9
306.869
306.839
306.811
306.785
306.761
306.739
306.719
306.702
306.686
306.673
306.661
306.652
306.645
306.64
306.638
306.638
306.638
306.638
306.638
306.638
306.638
306.9
306.869
306.839
306.811
306.785
306.761
306.739
306.719
306.702
306.686
306.673
306.661
306.652
306.645
306.64
306.638
306.638
306.638
306.638
306.662
306.619
306.584
306.552
306.523
306.497
306.473
306.452
306.433
306.417
306.402
306.39
306.38
306.373
306.368
306.365
306.636
306.607
306.577
306.548
306.521
306.495
306.472
306.451
306.432
306.416
306.401
306.389
306.38
306.372
306.367
306.365
306.365
306.365
306.364
306.364
)
;
        refGradient     uniform 0;
        valueFraction   nonuniform List<scalar> 
129
(
0.999971
0.999971
0.999971
0.999971
0.999855
0.999855
0.999855
0.999855
0.999855
0.999855
0.999855
0.999855
0.999971
0.999971
0.999971
0.999971
0.999971
0.999855
0.999971
0.999855
0.999971
0.999855
0.999971
0.999855
0.999971
0.999855
0.999971
0.999855
0.999971
0.999855
0.999971
0.999855
0.999971
0.999855
0.999971
0.999855
0.999971
0.999855
0.999971
0.999855
0.999971
0.999855
0.999971
0.999855
0.999971
0.999855
0.999964
0.999971
0.999964
0.999964
0.999855
0.999964
0.999918
0.999918
0.999918
0.999918
0.999918
0.999918
0.999918
0.999918
0.999918
0.999918
0.999918
0.999918
0.999918
0.999918
0.999918
0.999918
0.999964
0.999964
0.999964
0.999964
0.999964
0.999964
0.999918
0.999918
0.999918
0.999918
0.999918
0.999918
0.999918
0.999918
0.999918
0.999918
0.999918
0.999918
0.999918
0.999918
0.999918
0.999964
0.999964
0.999918
0.999964
0.999855
0.999855
0.999855
0.999855
0.999855
0.999855
0.999855
0.999855
0.999855
0.999855
0.999855
0.999855
0.999855
0.999855
0.999855
0.999855
0.999971
0.999971
0.999971
0.999971
0.999971
0.999971
0.999971
0.999971
0.999971
0.999971
0.999971
0.999971
0.999971
0.999971
0.999971
0.999964
0.999964
0.999964
0.999964
0.999971
)
;
        value           nonuniform List<scalar> 
129
(
306.706
306.699
306.684
306.663
306.778
306.829
306.875
306.912
306.912
306.874
306.829
306.778
306.706
306.699
306.684
306.663
306.636
306.662
306.607
306.62
306.577
306.584
306.548
306.552
306.52
306.523
306.495
306.497
306.472
306.473
306.451
306.452
306.432
306.433
306.415
306.416
306.401
306.402
306.389
306.39
306.379
306.38
306.371
306.372
306.366
306.367
306.363
306.363
306.363
306.364
306.364
306.364
306.9
306.869
306.839
306.811
306.785
306.761
306.739
306.719
306.702
306.686
306.673
306.661
306.652
306.645
306.64
306.637
306.637
306.637
306.637
306.637
306.637
306.637
306.9
306.869
306.839
306.811
306.785
306.761
306.739
306.719
306.702
306.686
306.673
306.661
306.652
306.645
306.64
306.637
306.637
306.637
306.637
306.662
306.619
306.584
306.552
306.523
306.497
306.473
306.452
306.433
306.417
306.402
306.39
306.38
306.373
306.368
306.365
306.636
306.606
306.577
306.548
306.52
306.495
306.472
306.451
306.432
306.415
306.401
306.389
306.379
306.372
306.367
306.365
306.365
306.364
306.364
306.364
)
;
        Tnbr            T;
        thicknessLayers 0();
        kappaLayers     0();
        kappaMethod     fluidThermo;
        kappa           none;
        alphaAni        none;
        alpha           none;
    }
}


// ************************************************************************* //
