/*--------------------------------*- C++ -*----------------------------------*\
| =========                 |                                                 |
| \\      /  F ield         | OpenFOAM: The Open Source CFD Toolbox           |
|  \\    /   O peration     | Version:                                        |
|   \\  /    A nd           | Website:  www.openfoam.com                      |
|    \\/     M anipulation  |                                                 |
\*---------------------------------------------------------------------------*/
FoamFile
{
    version     2.0;
    format      ascii;
    class       volVectorField;
    location    "1836.0/air";
    object      U;
}
// * * * * * * * * * * * * * * * * * * * * * * * * * * * * * * * * * * * * * //

dimensions      [0 1 -1 0 0 0 0];


internalField   nonuniform List<vector> 
2228
(
(0.000279675 -0.000273211 0)
(0.000854976 -0.000125328 0)
(0.000871869 0.000130736 0)
(0.000291599 0.000275824 0)
(0.000215779 -0.00090995 0)
(0.000860027 -0.000548026 0)
(0.000933729 0.000495298 0)
(0.000265543 0.000938371 0)
(0.000119844 -0.00134809 0)
(0.00053825 -0.000868878 0)
(0.000607105 0.000770779 0)
(0.000155951 0.00143405 0)
(5.84256e-05 -0.00159445 0)
(0.00028739 -0.0010628 0)
(0.000337334 0.000937206 0)
(8.04251e-05 0.00172629 0)
(2.06112e-05 -0.00171133 0)
(0.000137069 -0.00117329 0)
(0.000185534 0.00101718 0)
(4.51874e-05 0.0018792 0)
(-9.16753e-06 -0.00175212 0)
(5.15137e-05 -0.00125174 0)
(0.000127402 0.00104301 0)
(3.78987e-05 0.00197277 0)
(-4.0003e-05 -0.00174177 0)
(-3.05936e-07 -0.00133975 0)
(0.000138195 0.00103161 0)
(5.21226e-05 0.00206389 0)
(-8.0609e-05 -0.00168286 0)
(-4.06423e-05 -0.0014777 0)
(0.000209213 0.000983377 0)
(8.85819e-05 0.00219742 0)
(-0.000142022 -0.00156097 0)
(-9.01922e-05 -0.00171381 0)
(0.000346102 0.000884786 0)
(0.000154558 0.0024226 0)
(-0.000236507 -0.00134081 0)
(-0.000180731 -0.0021098 0)
(0.000554438 0.000704348 0)
(0.000261956 0.00280228 0)
(-0.000379752 -0.00095769 0)
(-0.000382593 -0.00274114 0)
(0.000808412 0.000379411 0)
(0.000423001 0.00340916 0)
(-0.000585588 -0.000313276 0)
(-0.00082202 -0.00365741 0)
(0.000986346 -0.000236774 0)
(0.000634201 0.00427958 0)
(-0.000860573 0.000873269 0)
(-0.00162138 -0.0047247 0)
(0.000680244 -0.0014252 0)
(0.000816629 0.00525558 0)
(-0.00122699 0.00271889 0)
(-0.00266816 -0.00555621 0)
(-0.00079664 -0.0032991 0)
(0.000677806 0.00589157 0)
(-0.00123399 0.00508725 0)
(-0.0027327 -0.00546984 0)
(-0.00303503 -0.00503114 0)
(-0.000284305 0.00513558 0)
(0.000599426 0.00431368 0)
(0.000635978 -0.00386692 0)
(-0.00267679 -0.00554567 0)
(-0.00166543 0.00293819 0)
(-0.000293023 0.00027676 0)
(-0.000874357 0.000129966 0)
(-0.000854428 -0.000126608 0)
(-0.000278818 -0.000272661 0)
(-0.000268274 0.000943131 0)
(-0.000939146 0.00049312 0)
(-0.000859319 -0.000552804 0)
(-0.000214315 -0.000907083 0)
(-0.000160933 0.00144552 0)
(-0.000618083 0.00076561 0)
(-0.000536593 -0.000881426 0)
(-0.000116349 -0.00134122 0)
(-9.07891e-05 0.0017523 0)
(-0.000361769 0.000926411 0)
(-0.000283208 -0.00109258 0)
(-4.91103e-05 -0.001578 0)
(-6.78771e-05 0.00193685 0)
(-0.000241228 0.000995508 0)
(-0.000126399 -0.00124034 0)
(3.90269e-06 -0.00167608 0)
(-8.66462e-05 0.00209819 0)
(-0.00024858 0.00100046 0)
(-2.93356e-05 -0.00139696 0)
(6.31336e-05 -0.00168023 0)
(-0.000152017 0.00233061 0)
(-0.000384637 0.000946675 0)
(4.47827e-05 -0.00164782 0)
(0.000147044 -0.00159057 0)
(-0.000281613 0.0027433 0)
(-0.000667331 0.000809151 0)
(0.000145899 -0.00210872 0)
(0.000285123 -0.0013645 0)
(-0.000493078 0.00346361 0)
(-0.0010822 0.000513154 0)
(0.000352973 -0.00292158 0)
(0.000497337 -0.000923714 0)
(-0.000773735 0.00457923 0)
(-0.00149339 -9.20096e-05 0)
(0.000757818 -0.00418425 0)
(0.000765042 -0.000151461 0)
(-0.00103818 0.00601701 0)
(-0.00161725 -0.00119668 0)
(0.00130516 -0.00580347 0)
(0.00104071 0.00107837 0)
(-0.0011336 0.007503 0)
(-0.00121007 -0.00281055 0)
(0.00156503 -0.00746831 0)
(0.00125085 0.00260166 0)
(-0.000918851 0.0086459 0)
(-0.000352811 -0.00448044 0)
(0.000988319 -0.00878954 0)
(0.00115948 0.00404519 0)
(-0.000264899 0.00902647 0)
(0.00115714 -0.00533211 0)
(-8.87301e-06 -0.00926583 0)
(0.000688574 0.00512107 0)
(0.000956718 0.00767179 0)
(0.00422423 -0.00447013 0)
(0.000419104 -0.00810838 0)
(2.83991e-05 0.00540603 0)
(0.00400113 0.00102795 0)
(0.00945359 -0.00359064 0)
(0.00367227 -0.00442082 0)
(-0.00052772 0.00427009 0)
(0.0467293 0.0471845 0)
(0.044385 0.0385108 0)
(0.0342558 0.0284869 0)
(0.0259558 0.0196928 0)
(0.0543833 0.0339302 0)
(0.0562432 0.0327207 0)
(0.0553121 0.0298348 0)
(0.0532548 0.0263175 0)
(0.0467454 0.0283906 0)
(0.0478567 0.0291736 0)
(0.0483084 0.0292207 0)
(0.0478954 0.028677 0)
(0.0384932 0.0284993 0)
(0.0387371 0.0301712 0)
(0.038735 0.0313065 0)
(0.0383726 0.0320113 0)
(0.0293623 0.0267188 0)
(0.0298102 0.0292943 0)
(0.0301511 0.0315348 0)
(0.0302962 0.0334011 0)
(0.0199978 0.0232552 0)
(0.0208322 0.0264286 0)
(0.0216388 0.0294138 0)
(0.0223433 0.032117 0)
(0.0109592 0.0189925 0)
(0.0119776 0.0224011 0)
(0.013011 0.025721 0)
(0.014002 0.0288667 0)
(0.0023886 0.0145793 0)
(0.00343465 0.0180982 0)
(0.00450025 0.0215875 0)
(0.00553104 0.0249762 0)
(-0.00556692 0.0102378 0)
(-0.0045264 0.0138747 0)
(-0.00348556 0.0174868 0)
(-0.00246131 0.0210525 0)
(-0.0131739 0.00611703 0)
(-0.0121003 0.009671 0)
(-0.0109983 0.0132439 0)
(-0.00986627 0.0168291 0)
(-0.0210351 0.00181986 0)
(-0.0198845 0.00510814 0)
(-0.018658 0.00844666 0)
(-0.0173442 0.0118119 0)
(-0.0298829 -0.00267765 0)
(-0.02863 0.000200055 0)
(-0.027261 0.00311692 0)
(-0.0257525 0.00603717 0)
(-0.0391777 -0.00729733 0)
(-0.0378815 -0.00514387 0)
(-0.0364033 -0.00296062 0)
(-0.0346821 -0.000780347 0)
(-0.0422569 -0.0115199 0)
(-0.0407937 -0.0104499 0)
(-0.03914 -0.0093324 0)
(-0.0371925 -0.0081975 0)
(-0.035494 -0.0177489 0)
(-0.03368 -0.0178305 0)
(-0.0316299 -0.0178449 0)
(-0.0292417 -0.0178012 0)
(-0.027804 -0.0246587 0)
(-0.0259508 -0.026325 0)
(-0.0238249 -0.0279175 0)
(-0.0213452 -0.0293986 0)
(-0.0239674 -0.030248 0)
(-0.0230673 -0.0334448 0)
(-0.0220416 -0.0363703 0)
(-0.0209139 -0.0389177 0)
(-0.0246027 -0.0286051 0)
(-0.0266307 -0.0320135 0)
(-0.0287806 -0.0346542 0)
(-0.0311728 -0.0365312 0)
(-0.0285583 -0.0175198 0)
(-0.0350467 -0.0184737 0)
(-0.0409598 -0.0190926 0)
(-0.0463537 -0.01954 0)
(-0.0366252 0.0187576 0)
(-0.041636 0.016465 0)
(-0.0456608 0.00960693 0)
(-0.0484715 0.00323697 0)
(0.0216572 0.0124699 0)
(0.0198719 0.00587181 0)
(0.0174891 -0.000515562 0)
(0.0151955 -0.00423811 0)
(0.0510506 0.0224569 0)
(0.0487597 0.0186583 0)
(0.0459517 0.0148357 0)
(0.0424699 0.0112776 0)
(0.0468272 0.0275843 0)
(0.045257 0.026089 0)
(0.0432564 0.0243853 0)
(0.0408012 0.0226643 0)
(0.0376476 0.0323072 0)
(0.0366027 0.0322148 0)
(0.0352899 0.0318157 0)
(0.0337398 0.0312412 0)
(0.0301691 0.0348412 0)
(0.0297705 0.0357979 0)
(0.0291411 0.0362472 0)
(0.0283293 0.036225 0)
(0.0228645 0.0344379 0)
(0.0231857 0.0362507 0)
(0.0233237 0.0374241 0)
(0.0233088 0.0378518 0)
(0.0148904 0.0317212 0)
(0.0156567 0.0341179 0)
(0.0162968 0.0358433 0)
(0.0168127 0.0366658 0)
(0.00649444 0.028162 0)
(0.00737026 0.0309791 0)
(0.00813267 0.0331863 0)
(0.0087519 0.034504 0)
(-0.00147168 0.0245068 0)
(-0.000544201 0.0277195 0)
(0.00028685 0.0304852 0)
(0.000965644 0.0325583 0)
(-0.00871504 0.0203858 0)
(-0.00756252 0.023828 0)
(-0.0064394 0.027018 0)
(-0.00539895 0.0297759 0)
(-0.0159443 0.015183 0)
(-0.0144629 0.0185083 0)
(-0.0129143 0.0217045 0)
(-0.0113307 0.0246577 0)
(-0.0240925 0.00895305 0)
(-0.0222854 0.011831 0)
(-0.0203344 0.0146206 0)
(-0.0182561 0.017256 0)
(-0.0327475 0.00138889 0)
(-0.0306006 0.00353049 0)
(-0.0282505 0.00561804 0)
(-0.0257128 0.00762162 0)
(-0.0349775 -0.00702621 0)
(-0.0325038 -0.00581232 0)
(-0.0297996 -0.00455514 0)
(-0.0269123 -0.00325312 0)
(-0.0265588 -0.0176483 0)
(-0.0236143 -0.0173399 0)
(-0.0204612 -0.0168255 0)
(-0.0171399 -0.0160605 0)
(-0.0185783 -0.03066 0)
(-0.0155705 -0.0315851 0)
(-0.0123801 -0.0320516 0)
(-0.00907675 -0.0319682 0)
(-0.0197472 -0.0409919 0)
(-0.018554 -0.0424974 0)
(-0.0173443 -0.0433175 0)
(-0.0161239 -0.0434015 0)
(-0.0337639 -0.0378441 0)
(-0.0365591 -0.0387011 0)
(-0.0394909 -0.0390964 0)
(-0.0422856 -0.0391582 0)
(-0.051542 -0.0198344 0)
(-0.0571504 -0.0200965 0)
(-0.0632232 -0.0207186 0)
(-0.0685543 -0.022246 0)
(-0.050186 0.00099048 0)
(-0.0522078 0.00480564 0)
(-0.056325 0.0101052 0)
(-0.0604331 0.000128785 0)
(0.0150091 -0.00680764 0)
(0.0152937 -0.00852813 0)
(0.0156027 -0.00998774 0)
(0.0396077 0.00865372 0)
(0.0374861 0.00685065 0)
(0.0353175 0.00510363 0)
(0.0386625 0.0213955 0)
(0.0369831 0.0206019 0)
(0.0352295 0.0199253 0)
(0.032409 0.0307495 0)
(0.031383 0.0304301 0)
(0.0303299 0.030194 0)
(0.0276368 0.0359374 0)
(0.0271297 0.035609 0)
(0.0266293 0.0352339 0)
(0.0232364 0.0376677 0)
(0.0231818 0.0372322 0)
(0.0231441 0.0365626 0)
(0.0171242 0.036603 0)
(0.0173442 0.0360957 0)
(0.0175777 0.0351888 0)
(0.00907998 0.0347572 0)
(0.00927576 0.034412 0)
(0.00949143 0.0336013 0)
(0.00130682 0.0334883 0)
(0.00147319 0.0337291 0)
(0.00161171 0.0335438 0)
(-0.00470694 0.0314653 0)
(-0.00427774 0.0323882 0)
(-0.00390144 0.032989 0)
(-0.0101067 0.0266922 0)
(-0.00924189 0.0279679 0)
(-0.00839427 0.0290309 0)
(-0.0165639 0.0191491 0)
(-0.0153094 0.0203938 0)
(-0.0140357 0.0215082 0)
(-0.0236249 0.00910286 0)
(-0.022066 0.0101051 0)
(-0.020488 0.0110299 0)
(-0.0245605 -0.00218424 0)
(-0.0228064 -0.00138954 0)
(-0.0210393 -0.000603291 0)
(-0.0144529 -0.0152283 0)
(-0.0124882 -0.0144899 0)
(-0.0105039 -0.013644 0)
(-0.00648197 -0.0314177 0)
(-0.00457537 -0.030765 0)
(-0.00268343 -0.0299036 0)
(-0.0151411 -0.0427391 0)
(-0.0144485 -0.0419607 0)
(-0.0137431 -0.0408949 0)
(-0.0441793 -0.038605 0)
(-0.0456959 -0.037915 0)
(-0.0467729 -0.0369332 0)
(-0.0724251 -0.0237483 0)
(-0.0753665 -0.024574 0)
(-0.0777388 -0.0252235 0)
(-0.0614229 -0.00314754 0)
(-0.0630238 0.00105188 0)
(-0.065369 -0.000730986 0)
(0.0159015 -0.0107757 0)
(0.0161683 -0.0110917 0)
(0.0163403 -0.0113165 0)
(0.0338281 0.00393011 0)
(0.0330844 0.00334539 0)
(0.032295 0.00277457 0)
(0.0339899 0.0195534 0)
(0.0333289 0.0194571 0)
(0.0326518 0.0193351 0)
(0.029629 0.0300812 0)
(0.0292463 0.0300763 0)
(0.0288737 0.0300806 0)
(0.0263527 0.0349187 0)
(0.0262077 0.0347537 0)
(0.0260791 0.0346132 0)
(0.0231744 0.0359129 0)
(0.0231864 0.0355341 0)
(0.0232221 0.035169 0)
(0.0177318 0.034287 0)
(0.0178029 0.0337547 0)
(0.0179011 0.0331983 0)
(0.00948538 0.0327417 0)
(0.00951122 0.032201 0)
(0.00954459 0.0315836 0)
(0.00152715 0.0331234 0)
(0.00150843 0.0328073 0)
(0.00147818 0.0323923 0)
(-0.0037432 0.0331611 0)
(-0.00365938 0.033182 0)
(-0.00360416 0.0331365 0)
(-0.00785656 0.0295877 0)
(-0.00758106 0.0298459 0)
(-0.00732462 0.0300787 0)
(-0.0131752 0.0221556 0)
(-0.0127253 0.0224766 0)
(-0.012275 0.0227871 0)
(-0.0194168 0.0115903 0)
(-0.0188631 0.0118784 0)
(-0.018298 0.0121695 0)
(-0.0198584 -7.10384e-05 0)
(-0.0192456 0.000237098 0)
(-0.0186223 0.000584285 0)
(-0.00914487 -0.0129859 0)
(-0.0084255 -0.0125861 0)
(-0.00772153 -0.0121061 0)
(-0.00145085 -0.0291381 0)
(-0.000793767 -0.0286416 0)
(-0.000135972 -0.0279812 0)
(-0.013371 -0.039811 0)
(-0.0131566 -0.0391395 0)
(-0.0129821 -0.0383142 0)
(-0.0473883 -0.0360776 0)
(-0.0476333 -0.035639 0)
(-0.0481932 -0.0352649 0)
(-0.0790997 -0.0257377 0)
(-0.0797637 -0.0260096 0)
(-0.0808223 -0.0263551 0)
(-0.0672633 -0.0075631 0)
(-0.0672403 -0.0074506 0)
(-0.0681237 -0.00149895 0)
(0.0167775 -0.0116204 0)
(0.0175901 -0.0116085 0)
(0.0186161 -0.0109782 0)
(0.0307792 0.00176975 0)
(0.02842 0.000596829 0)
(0.0261439 0.000127741 0)
(0.0313198 0.0191251 0)
(0.0292281 0.0190448 0)
(0.0270551 0.0194971 0)
(0.028145 0.0301455 0)
(0.0271283 0.0304604 0)
(0.0261243 0.0311705 0)
(0.0258206 0.0344188 0)
(0.0255535 0.0342582 0)
(0.0253777 0.0343261 0)
(0.0232898 0.0345266 0)
(0.023505 0.0335058 0)
(0.0238348 0.0324875 0)
(0.0181324 0.0321246 0)
(0.0184996 0.0301848 0)
(0.0189793 0.0280104 0)
(0.00967792 0.0302834 0)
(0.00968679 0.0278591 0)
(0.00974916 0.0250555 0)
(0.00145361 0.0314183 0)
(0.00110954 0.0295473 0)
(0.000694411 0.0272645 0)
(-0.00348741 0.0328997 0)
(-0.00353714 0.032228 0)
(-0.00371231 0.0311869 0)
(-0.00682001 0.0304266 0)
(-0.00617429 0.030681 0)
(-0.00560939 0.03066 0)
(-0.0114161 0.023313 0)
(-0.010172 0.0239104 0)
(-0.00895664 0.0243197 0)
(-0.0172245 0.0126768 0)
(-0.0156439 0.0133086 0)
(-0.0140714 0.0138213 0)
(-0.017446 0.00119264 0)
(-0.0157397 0.00197977 0)
(-0.0140687 0.00272157 0)
(-0.00641534 -0.0111765 0)
(-0.00464382 -0.00981511 0)
(-0.00297988 -0.00837979 0)
(0.00107673 -0.0265977 0)
(0.00271357 -0.0245753 0)
(0.00426407 -0.0224223 0)
(-0.0124638 -0.0367282 0)
(-0.011702 -0.0343008 0)
(-0.0109268 -0.0316051 0)
(-0.048469 -0.0343267 0)
(-0.0492413 -0.0325008 0)
(-0.0497294 -0.0303378 0)
(-0.082085 -0.0266244 0)
(-0.0840981 -0.0269902 0)
(-0.0858021 -0.0269607 0)
(-0.0691541 -0.00311209 0)
(-0.0715749 -0.0104104 0)
(-0.0708302 -0.0159143 0)
(0.0196605 -0.00998593 0)
(0.0189945 0.00141906 0)
(0.0118636 0.0161546 0)
(0.000530217 0.0221993 0)
(0.0229127 0.00267249 0)
(0.0192849 0.0218124 0)
(0.0139861 0.0541787 0)
(0.000999883 0.0644597 0)
(0.0240231 0.0219835 0)
(0.0211536 0.0389312 0)
(0.0204483 0.0784336 0)
(0.0152566 0.106882 0)
(0.0248554 0.0330848 0)
(0.0240943 0.0432599 0)
(0.0264985 0.0753893 0)
(0.0297823 0.118585 0)
(0.0253283 0.034947 0)
(0.025883 0.0388352 0)
(0.0287739 0.0557113 0)
(0.0356123 0.0937881 0)
(0.0245768 0.031312 0)
(0.0260346 0.0310673 0)
(0.0286492 0.0364967 0)
(0.0342637 0.0578042 0)
(0.0199671 0.0249311 0)
(0.02157 0.021863 0)
(0.0237263 0.0224595 0)
(0.0271742 0.0328408 0)
(0.00991652 0.0208799 0)
(0.0100304 0.0162755 0)
(0.0102853 0.0151457 0)
(0.0112246 0.0217983 0)
(-9.69244e-05 0.0236571 0)
(-0.00161094 0.0192308 0)
(-0.00335931 0.016935 0)
(-0.00469875 0.0196242 0)
(-0.00422336 0.0292852 0)
(-0.00537972 0.0264726 0)
(-0.00687777 0.0240196 0)
(-0.00827613 0.0230778 0)
(-0.00498448 0.0302381 0)
(-0.00448731 0.029114 0)
(-0.00425262 0.0276025 0)
(-0.0041076 0.0260093 0)
(-0.00734732 0.0245695 0)
(-0.00544777 0.02438 0)
(-0.00372556 0.0236877 0)
(-0.00214706 0.022555 0)
(-0.0119357 0.0143138 0)
(-0.00932264 0.0146056 0)
(-0.00689178 0.0144512 0)
(-0.00467174 0.013857 0)
(-0.011888 0.00365601 0)
(-0.00943954 0.00470703 0)
(-0.00733131 0.00554929 0)
(-0.00556976 0.00614807 0)
(-0.000930132 -0.00626561 0)
(0.00129655 -0.00340218 0)
(0.00306274 -0.000447623 0)
(0.00427136 0.00249795 0)
(0.00619806 -0.0191086 0)
(0.00831442 -0.0144151 0)
(0.00997241 -0.00931927 0)
(0.0111468 -0.00396791 0)
(-0.00978706 -0.027378 0)
(-0.0082834 -0.0212356 0)
(-0.00690209 -0.0145183 0)
(-0.00573813 -0.00751383 0)
(-0.0499826 -0.0265558 0)
(-0.0497478 -0.0208904 0)
(-0.0488937 -0.0145863 0)
(-0.0475472 -0.0080361 0)
(-0.0873037 -0.0265274 0)
(-0.0892109 -0.0245627 0)
(-0.0900721 -0.0217575 0)
(-0.0902238 -0.0183093 0)
(-0.0706342 -0.0170101 0)
(-0.070611 -0.0105886 0)
(-0.0739998 -0.00866196 0)
(-0.0776194 -0.00597746 0)
(-0.00581753 0.019514 0)
(-0.0150387 0.0254382 0)
(-0.0280373 0.0387469 0)
(-0.0355334 0.0517747 0)
(-0.0101859 0.0495871 0)
(-0.0181588 0.0468438 0)
(-0.0245396 0.0505563 0)
(-0.0265676 0.0515309 0)
(0.00580768 0.0929873 0)
(-0.0039977 0.0650911 0)
(-0.00960204 0.0560891 0)
(-0.0102728 0.051827 0)
(0.0283907 0.133785 0)
(0.0204348 0.112709 0)
(0.00932953 0.081796 0)
(0.000924882 0.0613383 0)
(0.042707 0.133188 0)
(0.0440522 0.14717 0)
(0.0376325 0.132775 0)
(0.0257671 0.104937 0)
(0.0433997 0.0969999 0)
(0.0518878 0.135655 0)
(0.0548941 0.154313 0)
(0.0504889 0.148561 0)
(0.0334645 0.0603151 0)
(0.0421962 0.101026 0)
(0.0498899 0.138038 0)
(0.0545361 0.158352 0)
(0.0142283 0.0408573 0)
(0.0204708 0.0728254 0)
(0.0284175 0.108844 0)
(0.0382826 0.139315 0)
(-0.00432828 0.0300304 0)
(-0.000781021 0.0491524 0)
(0.00602761 0.0740622 0)
(0.0168744 0.0990336 0)
(-0.00874529 0.0249785 0)
(-0.00718924 0.0307244 0)
(-0.00282328 0.0402713 0)
(0.00438728 0.0523149 0)
(-0.00374949 0.0247026 0)
(-0.00275625 0.0240256 0)
(-0.000522301 0.0243323 0)
(0.00222986 0.0270755 0)
(-0.000648453 0.0210764 0)
(0.000844364 0.0194049 0)
(0.00238844 0.0180638 0)
(0.00309075 0.0197395 0)
(-0.0026841 0.0129275 0)
(-0.000930024 0.012045 0)
(0.000685971 0.0123822 0)
(0.000632911 0.017534 0)
(-0.00423428 0.00658829 0)
(-0.00322216 0.0072356 0)
(-0.00261275 0.00930144 0)
(-0.00356741 0.0161916 0)
(0.00489504 0.005373 0)
(0.0048888 0.00822406 0)
(0.00430801 0.011228 0)
(0.00285808 0.0153783 0)
(0.0119301 0.00146445 0)
(0.0122189 0.00683251 0)
(0.0118855 0.0120729 0)
(0.0111641 0.0171472 0)
(-0.00492389 -0.000403176 0)
(-0.0042711 0.00668133 0)
(-0.00351476 0.0135999 0)
(-0.00264433 0.0198739 0)
(-0.0457798 -0.00153537 0)
(-0.0436974 0.00450038 0)
(-0.0414091 0.00987289 0)
(-0.0393397 0.0147374 0)
(-0.0892314 -0.0141846 0)
(-0.0878298 -0.00928687 0)
(-0.0860304 -0.00398954 0)
(-0.0837136 0.00158517 0)
(-0.080108 -0.00531088 0)
(-0.0832032 -0.00183252 0)
(-0.0867583 -0.000376846 0)
(-0.0900424 -0.000740767 0)
(-0.0158874 -8.1575e-05 0)
(-0.0139739 -6.59085e-05 0)
(-0.012966 -5.85389e-05 0)
(-0.0119176 -5.13657e-05 0)
(-0.0109466 -4.93344e-05 0)
(-0.010095 -3.75136e-05 0)
(-0.00943827 -1.56339e-05 0)
(-0.00881896 -4.71857e-07 0)
(-0.00773301 -2.88854e-05 0)
(-0.00567198 -9.75441e-05 0)
(-0.00291131 -0.000124655 0)
(-0.000598383 -8.0615e-05 0)
(0.000266056 -4.18349e-05 0)
(-0.00130332 4.11273e-05 0)
(-0.00581131 0.000244976 0)
(-0.0126416 0.00052021 0)
(-0.0183156 0.000573359 0)
(-0.0146851 -0.000337548 0)
(0.00801235 -0.00133846 0)
(0.0188736 0.00222108 0)
(-0.0342707 -0.000454694 0)
(-0.0307139 -0.000459591 0)
(-0.0289967 -0.000384694 0)
(-0.0270464 -0.000367438 0)
(-0.0252278 -0.000342416 0)
(-0.023551 -0.00028785 0)
(-0.022005 -0.000245043 0)
(-0.0201798 -0.000312491 0)
(-0.0173169 -0.000579445 0)
(-0.0129095 -0.000928847 0)
(-0.00758835 -0.000998195 0)
(-0.00326338 -0.000588812 0)
(-0.00257779 0.000156857 0)
(-0.00858842 0.00124571 0)
(-0.0199765 0.00220758 0)
(-0.0306719 0.00217273 0)
(-0.0336266 0.000412024 0)
(-0.0231567 -0.00412386 0)
(0.00346885 -0.00786041 0)
(0.0303429 0.0056344 0)
(-0.043446 -0.000961739 0)
(-0.0392179 -0.0009566 0)
(-0.0374151 -0.000794677 0)
(-0.0351842 -0.000779117 0)
(-0.0330892 -0.000738612 0)
(-0.0310481 -0.000673032 0)
(-0.0289917 -0.000669421 0)
(-0.0264916 -0.000885252 0)
(-0.0228946 -0.00142467 0)
(-0.0178393 -0.00205212 0)
(-0.011991 -0.00210878 0)
(-0.00747358 -0.00107065 0)
(-0.00824703 0.000951211 0)
(-0.0174941 0.00331252 0)
(-0.0300231 0.00437452 0)
(-0.0372723 0.00302786 0)
(-0.0354697 -0.000609046 0)
(-0.0243991 -0.00769906 0)
(-0.00191648 -0.0148881 0)
(0.0329325 0.0094629 0)
(-0.046072 -0.00151607 0)
(-0.0419118 -0.00146518 0)
(-0.0403007 -0.00121344 0)
(-0.0381411 -0.00121512 0)
(-0.0361141 -0.00117143 0)
(-0.0340886 -0.00111334 0)
(-0.0320217 -0.0011605 0)
(-0.0295716 -0.0015148 0)
(-0.0262167 -0.00229367 0)
(-0.0216428 -0.0031597 0)
(-0.0164199 -0.00313646 0)
(-0.0127242 -0.0012852 0)
(-0.0148457 0.00215448 0)
(-0.0244246 0.00542653 0)
(-0.0338282 0.00594305 0)
(-0.0358182 0.00308051 0)
(-0.0313989 -0.00182485 0)
(-0.0219767 -0.0105006 0)
(-0.00434317 -0.0215316 0)
(0.0325571 0.0131464 0)
(-0.0439568 -0.00201972 0)
(-0.0405158 -0.00190534 0)
(-0.0391818 -0.00158366 0)
(-0.0373084 -0.00160727 0)
(-0.035583 -0.0015615 0)
(-0.0338779 -0.00150639 0)
(-0.032209 -0.0015845 0)
(-0.0303335 -0.00203631 0)
(-0.0278254 -0.00300032 0)
(-0.0243531 -0.00405724 0)
(-0.0203191 -0.00391742 0)
(-0.0177137 -0.00125977 0)
(-0.0202091 0.00334094 0)
(-0.0278015 0.00700666 0)
(-0.0325766 0.00663702 0)
(-0.0303224 0.00253363 0)
(-0.025084 -0.00293869 0)
(-0.0174997 -0.0125378 0)
(-0.0049854 -0.0274364 0)
(0.0310132 0.0163793 0)
(-0.0385043 -0.00239403 0)
(-0.0362306 -0.0022406 0)
(-0.0351373 -0.00188589 0)
(-0.0336359 -0.00192243 0)
(-0.0323137 -0.00186665 0)
(-0.03107 -0.0017976 0)
(-0.0299805 -0.00187471 0)
(-0.0289113 -0.00237381 0)
(-0.0275399 -0.00346504 0)
(-0.0254892 -0.00467823 0)
(-0.0228465 -0.0044526 0)
(-0.0211224 -0.00117116 0)
(-0.0230996 0.00419277 0)
(-0.0277472 0.0078415 0)
(-0.0283758 0.00655342 0)
(-0.0237963 0.00162685 0)
(-0.0187138 -0.00398655 0)
(-0.0121902 -0.0139189 0)
(-0.00455786 -0.0324378 0)
(0.0288879 0.0192123 0)
(-0.0309249 -0.00258987 0)
(-0.0299592 -0.00246911 0)
(-0.0289994 -0.00212646 0)
(-0.0278287 -0.00215787 0)
(-0.0268801 -0.00208084 0)
(-0.0260778 -0.00197815 0)
(-0.0255373 -0.00201741 0)
(-0.0252522 -0.00250253 0)
(-0.0250729 -0.0036507 0)
(-0.0246165 -0.00499633 0)
(-0.0234675 -0.00478043 0)
(-0.0223201 -0.00114233 0)
(-0.0233241 0.00460797 0)
(-0.025156 0.00800823 0)
(-0.0230011 0.00598451 0)
(-0.0179113 0.000601301 0)
(-0.0134563 -0.00506151 0)
(-0.00695147 -0.0148196 0)
(-0.00342613 -0.0364958 0)
(0.0264192 0.0217559 0)
(-0.0222572 -0.00260058 0)
(-0.0224415 -0.0026151 0)
(-0.0215016 -0.00232853 0)
(-0.0205341 -0.00233321 0)
(-0.0198429 -0.00222241 0)
(-0.0193704 -0.00207025 0)
(-0.0192311 -0.00203954 0)
(-0.0195204 -0.00244113 0)
(-0.020348 -0.00354835 0)
(-0.02151 -0.00498464 0)
(-0.0220569 -0.00490836 0)
(-0.0214012 -0.00120747 0)
(-0.0213313 0.00463253 0)
(-0.020999 0.00771581 0)
(-0.0174077 0.00523761 0)
(-0.0128905 -0.000346097 0)
(-0.00936995 -0.00618284 0)
(-0.0023326 -0.0154153 0)
(-0.00182885 -0.0396351 0)
(0.0237287 0.024073 0)
(-0.0132829 -0.00247329 0)
(-0.0142582 -0.002706 0)
(-0.0132845 -0.0025183 0)
(-0.0123783 -0.00247907 0)
(-0.0117944 -0.00232013 0)
(-0.0115123 -0.00210596 0)
(-0.0116212 -0.00198898 0)
(-0.0122228 -0.00225192 0)
(-0.0136517 -0.00319504 0)
(-0.0161558 -0.00461839 0)
(-0.0186457 -0.0047916 0)
(-0.0188282 -0.00134406 0)
(-0.0177862 0.004361 0)
(-0.016001 0.00716423 0)
(-0.0118124 0.00450421 0)
(-0.00798067 -0.00109365 0)
(-0.00574765 -0.00725927 0)
(0.00148396 -0.0159549 0)
(8.04793e-05 -0.041872 0)
(0.0208811 0.0261879 0)
(-0.004498 -0.00228987 0)
(-0.00579275 -0.00275798 0)
(-0.00482889 -0.0027084 0)
(-0.003894 -0.00262435 0)
(-0.00328779 -0.00240471 0)
(-0.00305689 -0.00211276 0)
(-0.00329494 -0.00190317 0)
(-0.00404831 -0.00201407 0)
(-0.0056623 -0.00269343 0)
(-0.00885314 -0.00392183 0)
(-0.0132119 -0.00434674 0)
(-0.0150023 -0.00146706 0)
(-0.0133088 0.00388213 0)
(-0.0106152 0.00647825 0)
(-0.00620946 0.00382003 0)
(-0.00268775 -0.00161555 0)
(-0.00183672 -0.00811038 0)
(0.00469523 -0.016616 0)
(0.00220351 -0.043258 0)
(0.0179207 0.0281131 0)
(0.00388879 -0.00201415 0)
(0.00272659 -0.00279999 0)
(0.00355962 -0.00289479 0)
(0.00454527 -0.00278402 0)
(0.00524293 -0.00249939 0)
(0.00552739 -0.0021149 0)
(0.00527847 -0.00180077 0)
(0.00444684 -0.00177161 0)
(0.00280877 -0.00217656 0)
(-0.000356378 -0.00302249 0)
(-0.00579591 -0.00352105 0)
(-0.00993861 -0.00142558 0)
(-0.0083627 0.00328727 0)
(-0.00511246 0.00572858 0)
(-0.000693714 0.00313137 0)
(0.00262839 -0.00196871 0)
(0.00254955 -0.00864179 0)
(0.00778762 -0.0170419 0)
(0.00448634 -0.043988 0)
(0.0148967 0.029891 0)
(0.0115484 -0.00178746 0)
(0.0109702 -0.00286554 0)
(0.0117023 -0.00307146 0)
(0.0127132 -0.00295934 0)
(0.013511 -0.00261474 0)
(0.0138968 -0.00213199 0)
(0.0137256 -0.00170069 0)
(0.012912 -0.00152594 0)
(0.0112754 -0.00170464 0)
(0.00833136 -0.00213104 0)
(0.00308976 -0.00238308 0)
(-0.00324675 -0.00104034 0)
(-0.00312886 0.00271593 0)
(0.000357378 0.00494623 0)
(0.00466092 0.0024419 0)
(0.00750671 -0.00224867 0)
(0.00705267 -0.00897542 0)
(0.0110074 -0.0173042 0)
(0.00698955 -0.0440179 0)
(0.0118603 0.0315681 0)
(0.0185576 -0.00166681 0)
(0.0185797 -0.00297841 0)
(0.0193953 -0.00324956 0)
(0.0204387 -0.00314524 0)
(0.0213245 -0.00274998 0)
(0.0218233 -0.0021708 0)
(0.0217715 -0.00161793 0)
(0.0210548 -0.00128887 0)
(0.0194901 -0.00124957 0)
(0.0167385 -0.00133879 0)
(0.0121628 -0.00118992 0)
(0.00541043 -0.000216336 0)
(0.00280273 0.00237586 0)
(0.00571866 0.0041386 0)
(0.00974988 0.00183497 0)
(0.0120942 -0.0024881 0)
(0.0115745 -0.00916511 0)
(0.0144696 -0.0174139 0)
(0.00974646 -0.0433686 0)
(0.00886806 0.0331843 0)
(0.0248841 -0.00162943 0)
(0.0253924 -0.00313973 0)
(0.0263966 -0.00344903 0)
(0.0275186 -0.00334695 0)
(0.0285034 -0.00290459 0)
(0.0291266 -0.00223318 0)
(0.0292187 -0.00156036 0)
(0.0286536 -0.00107568 0)
(0.0272446 -0.00082394 0)
(0.0247176 -0.000628582 0)
(0.0207896 -0.000117889 0)
(0.0149068 0.000833514 0)
(0.010273 0.00245705 0)
(0.0113353 0.00347392 0)
(0.0146933 0.00130217 0)
(0.0166193 -0.00270094 0)
(0.0163037 -0.00926979 0)
(0.0183005 -0.0173641 0)
(0.0127844 -0.0420335 0)
(0.00598359 0.034782 0)
(0.0303572 -0.00166824 0)
(0.0312633 -0.00334005 0)
(0.032494 -0.003678 0)
(0.0337364 -0.00357377 0)
(0.0348505 -0.00308344 0)
(0.0356253 -0.00232339 0)
(0.035892 -0.00153493 0)
(0.0355262 -0.000899223 0)
(0.0343487 -0.000444294 0)
(0.0321227 -2.06036e-06 0)
(0.0287534 0.000774606 0)
(0.024059 0.00185209 0)
(0.0190883 0.00293095 0)
(0.0179927 0.00315908 0)
(0.0200364 0.000901595 0)
(0.0214935 -0.00290565 0)
(0.0214958 -0.00932496 0)
(0.0226026 -0.0171237 0)
(0.0161161 -0.0400115 0)
(0.00327819 0.036408 0)
(0.0347521 -0.0017816 0)
(0.0360159 -0.00356963 0)
(0.0374868 -0.0039362 0)
(0.0388823 -0.00383125 0)
(0.0401646 -0.00329248 0)
(0.0411322 -0.00244825 0)
(0.041616 -0.00155036 0)
(0.0414999 -0.000771461 0)
(0.0406227 -0.000126793 0)
(0.0387832 0.000534565 0)
(0.0359556 0.00149803 0)
(0.0323282 0.00270758 0)
(0.0281682 0.00356258 0)
(0.0258984 0.00321613 0)
(0.0264417 0.000724253 0)
(0.0272217 -0.00306131 0)
(0.0273556 -0.00931022 0)
(0.0274073 -0.01664 0)
(0.0197355 -0.0373092 0)
(0.000825309 0.0381294 0)
(0.0378077 -0.00197496 0)
(0.0394297 -0.00382634 0)
(0.0411535 -0.00422728 0)
(0.0427396 -0.00412642 0)
(0.0442448 -0.00353951 0)
(0.045463 -0.00261643 0)
(0.0462185 -0.00161706 0)
(0.0464055 -0.000705136 0)
(0.04589 0.000113044 0)
(0.0445132 0.000969168 0)
(0.0422751 0.00207122 0)
(0.0395366 0.00335613 0)
(0.0365424 0.00413237 0)
(0.0343051 0.00347058 0)
(0.0339052 0.000764078 0)
(0.0339556 -0.00310693 0)
(0.0338818 -0.00917296 0)
(0.0326345 -0.015871 0)
(0.0236153 -0.0339146 0)
(-0.00128465 0.0399672 0)
(0.0391545 -0.00226635 0)
(0.0411625 -0.00413343 0)
(0.0431727 -0.00458327 0)
(0.0450261 -0.00448829 0)
(0.0468494 -0.00384816 0)
(0.048411 -0.00284528 0)
(0.0495186 -0.00174714 0)
(0.0500712 -0.000712494 0)
(0.0499721 0.000260194 0)
(0.0491203 0.00128713 0)
(0.0475424 0.00250016 0)
(0.0456135 0.00380798 0)
(0.0437187 0.00453291 0)
(0.042201 0.00372295 0)
(0.0416344 0.000910254 0)
(0.0412096 -0.00304538 0)
(0.0407806 -0.00890268 0)
(0.0380846 -0.0148126 0)
(0.0277076 -0.0297475 0)
(-0.0030554 0.0421595 0)
(0.0380352 -0.00264659 0)
(0.0405585 -0.00447218 0)
(0.043028 -0.00500953 0)
(0.0453283 -0.0049305 0)
(0.0476284 -0.00423784 0)
(0.0496766 -0.00315397 0)
(0.0512652 -0.00194993 0)
(0.0522769 -0.000791858 0)
(0.0526547 0.000313345 0)
(0.0523889 0.00147834 0)
(0.0515459 0.00277856 0)
(0.050446 0.00408046 0)
(0.0495182 0.00474308 0)
(0.0489033 0.00386045 0)
(0.0486636 0.00104228 0)
(0.0481757 -0.0029548 0)
(0.0475702 -0.00851104 0)
(0.0434534 -0.0134209 0)
(0.0319378 -0.024759 0)
(-0.00381737 0.044124 0)
(0.0331098 -0.00297122 0)
(0.0368247 -0.00471483 0)
(0.0402407 -0.00543732 0)
(0.0432179 -0.0054127 0)
(0.0461375 -0.00469223 0)
(0.048813 -0.00355065 0)
(0.0510431 -0.00224894 0)
(0.0526601 -0.000947554 0)
(0.0535928 0.000313687 0)
(0.0540209 0.00157522 0)
(0.0540162 0.00292626 0)
(0.0538147 0.0042029 0)
(0.053787 0.00479234 0)
(0.0540245 0.00387153 0)
(0.054235 0.00109832 0)
(0.0542169 -0.00282705 0)
(0.053598 -0.00783367 0)
(0.0482292 -0.0115171 0)
(0.0360886 -0.0194307 0)
(-0.00714378 0.0484286 0)
(0.0128246 -0.0052465 0)
(0.022481 -0.00649274 0)
(0.0276156 -0.00741968 0)
(0.0316223 -0.00726795 0)
(0.0356139 -0.00639236 0)
(0.0395066 -0.0051506 0)
(0.0432219 -0.00374532 0)
(0.0467555 -0.00226723 0)
(0.0500278 -0.000743212 0)
(0.0529178 0.000831175 0)
(0.0553292 0.00245135 0)
(0.0573666 0.00383988 0)
(0.0593119 0.00443572 0)
(0.061286 0.00361806 0)
(0.0629501 0.00125085 0)
(0.063434 -0.00191209 0)
(0.0614654 -0.0053188 0)
(0.0552764 -0.0062297 0)
(0.0442912 -0.00978423 0)
(0.0339645 0.0412369 0)
(-0.00772538 -0.0145467 0)
(0.00546805 -0.0116651 0)
(0.00644117 -0.0119732 0)
(0.01013 -0.0112025 0)
(0.0141007 -0.00998323 0)
(0.0180135 -0.00854094 0)
(0.0218472 -0.00703416 0)
(0.0257484 -0.00548906 0)
(0.0298086 -0.00386553 0)
(0.034046 -0.00212412 0)
(0.0386246 -0.000397104 0)
(0.0434575 0.00101099 0)
(0.0482966 0.00163183 0)
(0.0528565 0.00106541 0)
(0.0567243 -0.00061152 0)
(0.0594941 -0.00240245 0)
(0.0600025 -0.00320039 0)
(0.0590399 -0.000451089 0)
(0.0506535 0.00245418 0)
(0.0488838 0.0251611 0)
(-0.000280881 -0.0173658 0)
(0.00210566 -0.0137126 0)
(-0.00246013 -0.0128447 0)
(-0.000869942 -0.0133343 0)
(0.00072347 -0.0124936 0)
(0.00268023 -0.0111193 0)
(0.00493599 -0.00977376 0)
(0.00765953 -0.00845387 0)
(0.0107328 -0.00710508 0)
(0.014026 -0.00574422 0)
(0.0175703 -0.00448589 0)
(0.0215532 -0.00351334 0)
(0.0260545 -0.00314186 0)
(0.0308951 -0.00360203 0)
(0.0356974 -0.00466735 0)
(0.0403144 -0.00534417 0)
(0.0439389 -0.00436107 0)
(0.0471277 0.000522479 0)
(0.0457065 0.00696565 0)
(0.045256 0.0217532 0)
(0.000328697 -0.0170864 0)
(0.000401944 -0.0108935 0)
(-0.00649002 -0.010608 0)
(-0.00720071 -0.0132489 0)
(-0.00814102 -0.0127077 0)
(-0.0080519 -0.0117317 0)
(-0.00683284 -0.0110459 0)
(-0.00489049 -0.0102283 0)
(-0.00286282 -0.0091093 0)
(-0.00101738 -0.00781651 0)
(0.000691164 -0.00665865 0)
(0.0025633 -0.00599519 0)
(0.00491169 -0.00611158 0)
(0.00803411 -0.0070639 0)
(0.0120593 -0.00847319 0)
(0.0173077 -0.00927651 0)
(0.023228 -0.0079593 0)
(0.0296347 -0.00223636 0)
(0.0344127 0.00696398 0)
(0.0372135 0.0211157 0)
(0.000340941 -0.0167252 0)
(-0.00234184 -0.00711065 0)
(-0.00935907 -0.00769838 0)
(-0.0126329 -0.0112368 0)
(-0.0150732 -0.0114617 0)
(-0.0149889 -0.0120393 0)
(-0.013548 -0.0124412 0)
(-0.0123116 -0.0117652 0)
(-0.0118495 -0.0102954 0)
(-0.0121307 -0.0085829 0)
(-0.0129204 -0.0071339 0)
(-0.0137437 -0.00648457 0)
(-0.0139396 -0.00703064 0)
(-0.0126902 -0.00893744 0)
(-0.00926203 -0.0117894 0)
(-0.00322382 -0.0141276 0)
(0.00478778 -0.0136882 0)
(0.0135524 -0.00779999 0)
(0.0215297 0.00319543 0)
(0.0269811 0.0181148 0)
(0.000762499 -0.014663 0)
(-0.00564507 -0.00247194 0)
(-0.0123922 -0.00388311 0)
(-0.0170122 -0.00830379 0)
(-0.0184678 -0.0107948 0)
(-0.0172088 -0.0132349 0)
(-0.0163236 -0.0135136 0)
(-0.0169864 -0.0117829 0)
(-0.0189179 -0.00931754 0)
(-0.0218089 -0.00685533 0)
(-0.0252093 -0.00506725 0)
(-0.0282601 -0.00477316 0)
(-0.0298132 -0.00663752 0)
(-0.0289037 -0.0107454 0)
(-0.0251132 -0.0161601 0)
(-0.0184536 -0.0207487 0)
(-0.00934231 -0.0214525 0)
(0.000942482 -0.0153327 0)
(0.0100572 -0.00259036 0)
(0.0167312 0.0135555 0)
(-0.000755054 -0.0117279 0)
(-0.00895214 0.00298864 0)
(-0.014949 0.000167925 0)
(-0.0186943 -0.00621906 0)
(-0.0183111 -0.0112786 0)
(-0.0173645 -0.0139647 0)
(-0.0184867 -0.0127124 0)
(-0.0212674 -0.00964427 0)
(-0.0251405 -0.00630502 0)
(-0.0297827 -0.00336004 0)
(-0.0343486 -0.00182477 0)
(-0.0375471 -0.00280168 0)
(-0.0383936 -0.00679183 0)
(-0.0367662 -0.0133233 0)
(-0.0330816 -0.0210545 0)
(-0.0273773 -0.0278506 0)
(-0.0192379 -0.0301144 0)
(-0.00913981 -0.0237642 0)
(0.000696593 -0.00892568 0)
(0.00746408 0.00861344 0)
(0.00349795 -0.00604669 0)
(-0.0101378 0.00888385 0)
(-0.0154554 0.00374603 0)
(-0.0178836 -0.00519661 0)
(-0.0170786 -0.0116328 0)
(-0.0177885 -0.0131427 0)
(-0.0206239 -0.0103233 0)
(-0.0244533 -0.00637466 0)
(-0.0289808 -0.00252677 0)
(-0.0337185 0.000400528 0)
(-0.0374836 0.000966477 0)
(-0.0390002 -0.00184141 0)
(-0.0379263 -0.00778389 0)
(-0.0352618 -0.0156503 0)
(-0.0323339 -0.0243623 0)
(-0.0292705 -0.0328023 0)
(-0.0243541 -0.0373592 0)
(-0.0165676 -0.0317823 0)
(-0.00764759 -0.0153515 0)
(-0.000820383 0.00388153 0)
(-0.000222122 -0.00013266 0)
(-0.0111245 0.0145738 0)
(-0.0146593 0.0066258 0)
(-0.0160396 -0.00463137 0)
(-0.0155531 -0.0111996 0)
(-0.0176656 -0.0111482 0)
(-0.0212607 -0.0073042 0)
(-0.0252 -0.00291241 0)
(-0.0293183 0.000950318 0)
(-0.0328753 0.00316622 0)
(-0.0348371 0.00224287 0)
(-0.0343441 -0.00233045 0)
(-0.031617 -0.00945012 0)
(-0.027969 -0.0173279 0)
(-0.0254686 -0.0252366 0)
(-0.0253502 -0.0339285 0)
(-0.0250511 -0.0411411 0)
(-0.0214057 -0.0378894 0)
(-0.0148295 -0.0211951 0)
(-0.00828992 -0.000718713 0)
(0.000485635 0.00317759 0)
(-0.0102229 0.0194444 0)
(-0.0126695 0.00880606 0)
(-0.0133601 -0.00424537 0)
(-0.0129677 -0.0101196 0)
(-0.0159683 -0.0086272 0)
(-0.0196989 -0.00438376 0)
(-0.0230689 -1.27136e-05 0)
(-0.0262464 0.00339757 0)
(-0.0286784 0.00463433 0)
(-0.0296671 0.00234055 0)
(-0.0288485 -0.00365437 0)
(-0.0262017 -0.0118425 0)
(-0.0220425 -0.0197517 0)
(-0.0187461 -0.025579 0)
(-0.0197982 -0.0320144 0)
(-0.0236414 -0.0408975 0)
(-0.0248511 -0.0408545 0)
(-0.0214095 -0.0253438 0)
(-0.0159287 -0.00468863 0)
(0.00337507 0.00822876 0)
(-0.00808086 0.0241408 0)
(-0.0100793 0.0104545 0)
(-0.0100399 -0.00417021 0)
(-0.00961187 -0.0088504 0)
(-0.0131786 -0.0059632 0)
(-0.0167282 -0.00186734 0)
(-0.0193631 0.00216992 0)
(-0.021752 0.00515781 0)
(-0.0237785 0.00575118 0)
(-0.0252456 0.0026849 0)
(-0.025706 -0.00452703 0)
(-0.0240325 -0.0145657 0)
(-0.0198533 -0.0235274 0)
(-0.0156788 -0.0272911 0)
(-0.0162261 -0.0291635 0)
(-0.0225733 -0.0374887 0)
(-0.0284378 -0.0405289 0)
(-0.0282982 -0.0275991 0)
(-0.02394 -0.00840762 0)
(-0.000655072 0.011843 0)
(-0.00677911 0.0282235 0)
(-0.00775061 0.0115529 0)
(-0.00706718 -0.00456054 0)
(-0.00734018 -0.00759426 0)
(-0.0108481 -0.00334487 0)
(-0.0137665 0.000295563 0)
(-0.015702 0.00379053 0)
(-0.0174974 0.00664682 0)
(-0.0195878 0.00722672 0)
(-0.0218765 0.00391516 0)
(-0.0231219 -0.00459429 0)
(-0.0215262 -0.0168671 0)
(-0.0175546 -0.0271319 0)
(-0.0138323 -0.0292951 0)
(-0.0146675 -0.0259036 0)
(-0.0225473 -0.0317051 0)
(-0.0325531 -0.0370499 0)
(-0.0358272 -0.0277101 0)
(-0.0329286 -0.0116422 0)
(0.00109876 0.0119721 0)
(-0.00453314 0.0314068 0)
(-0.00574294 0.0123557 0)
(-0.0056731 -0.00471048 0)
(-0.00781918 -0.00591677 0)
(-0.0103958 -0.00107766 0)
(-0.0121875 0.0019422 0)
(-0.0133732 0.00493241 0)
(-0.014504 0.00795046 0)
(-0.0163008 0.00886471 0)
(-0.0183565 0.00527231 0)
(-0.018846 -0.00461522 0)
(-0.0164735 -0.01865 0)
(-0.0128711 -0.02974 0)
(-0.0105405 -0.0302041 0)
(-0.0130268 -0.0214181 0)
(-0.0225021 -0.0237419 0)
(-0.0358854 -0.0306572 0)
(-0.0424253 -0.0254197 0)
(-0.0417666 -0.0138231 0)
(0.00418116 0.0147532 0)
(-0.00200044 0.0343502 0)
(-0.00428073 0.0135007 0)
(-0.00652922 -0.0034037 0)
(-0.0105757 -0.0037047 0)
(-0.0119531 0.000360185 0)
(-0.0125402 0.00281569 0)
(-0.0129065 0.00558592 0)
(-0.0130938 0.00877301 0)
(-0.0136984 0.00985692 0)
(-0.0141997 0.00569456 0)
(-0.0129538 -0.00541782 0)
(-0.0096721 -0.0205351 0)
(-0.00656811 -0.0316365 0)
(-0.00619307 -0.0298563 0)
(-0.010312 -0.0158059 0)
(-0.0208156 -0.0141122 0)
(-0.0359494 -0.0223023 0)
(-0.0442974 -0.0215844 0)
(-0.0448641 -0.0149661 0)
(1.13275e-05 0.0154403 0)
(-0.000723151 0.0367926 0)
(-0.00326368 0.0157592 0)
(-0.00846316 -0.000163685 0)
(-0.0135281 -0.00149453 0)
(-0.0144204 0.000986869 0)
(-0.0141573 0.00296552 0)
(-0.0136202 0.00550445 0)
(-0.0125059 0.00847446 0)
(-0.01118 0.00925726 0)
(-0.00937667 0.00442654 0)
(-0.0061474 -0.00745392 0)
(-0.00209571 -0.0228371 0)
(0.000123468 -0.03259 0)
(-0.00231963 -0.0281342 0)
(-0.00735796 -0.0100894 0)
(-0.0168661 -0.00410501 0)
(-0.0312197 -0.013556 0)
(-0.0391615 -0.0183981 0)
(-0.0389695 -0.0179039 0)
(0.000171788 0.0146263 0)
(0.00223696 0.0383162 0)
(-0.000783878 0.0192345 0)
(-0.00758336 0.0039353 0)
(-0.0136968 0.000260925 0)
(-0.0153306 0.000947165 0)
(-0.0148138 0.00247343 0)
(-0.0132062 0.00466866 0)
(-0.0106646 0.00697346 0)
(-0.00738751 0.00716006 0)
(-0.00322027 0.00200547 0)
(0.00182236 -0.0110941 0)
(0.00579809 -0.0247841 0)
(0.00571353 -0.0316276 0)
(-0.000508529 -0.0245316 0)
(-0.00576401 -0.00505401 0)
(-0.0120109 0.0040971 0)
(-0.0236307 -0.00525156 0)
(-0.0308689 -0.0150349 0)
(-0.0310882 -0.0207631 0)
(-0.00399832 0.0122798 0)
(0.0054319 0.0375692 0)
(0.0052348 0.0238588 0)
(0.000531143 0.00928712 0)
(-0.00442602 0.00388307 0)
(-0.00641914 0.00234396 0)
(-0.00712163 0.00155518 0)
(-0.00661941 0.00185723 0)
(-0.0040964 0.0027506 0)
(0.000236411 0.00217579 0)
(0.005569 -0.00317022 0)
(0.0115072 -0.0142203 0)
(0.0131725 -0.024577 0)
(0.00846766 -0.0277992 0)
(-0.00229701 -0.0187864 0)
(-0.0071874 -0.000562266 0)
(-0.00930526 0.0089988 0)
(-0.0157094 0.00167368 0)
(-0.0223266 -0.0106856 0)
(-0.0247141 -0.0217803 0)
(-0.00493298 0.0064873 0)
(0.00834122 0.0315558 0)
(0.0138357 0.0244541 0)
(0.0145609 0.0120474 0)
(0.0136151 0.00462667 0)
(0.0127552 0.00269297 0)
(0.0118181 0.00236986 0)
(0.0115533 0.00197981 0)
(0.0130781 0.00106202 0)
(0.0164012 -0.00081655 0)
(0.020268 -0.00614187 0)
(0.0220951 -0.0149416 0)
(0.0176927 -0.0211238 0)
(0.00661919 -0.0205871 0)
(-0.00806948 -0.0117434 0)
(-0.0114513 0.00257136 0)
(-0.0100024 0.00972759 0)
(-0.0106465 0.00534056 0)
(-0.0144211 -0.00510362 0)
(-0.0194576 -0.0185265 0)
(-0.000793368 0.00120199 0)
(0.00707123 0.0247029 0)
(0.0193495 0.0219005 0)
(0.027653 0.0142809 0)
(0.0328005 0.00682227 0)
(0.0352249 0.004737 0)
(0.034968 0.00317754 0)
(0.0342974 0.000515602 0)
(0.0347138 -0.00225606 0)
(0.0348724 -0.00414887 0)
(0.0323302 -0.00671269 0)
(0.0258924 -0.0123115 0)
(0.0152783 -0.0133717 0)
(-0.000393808 -0.0101957 0)
(-0.0148637 -0.00576331 0)
(-0.0168852 0.00412283 0)
(-0.013232 0.00770562 0)
(-0.0091114 0.00476129 0)
(-0.00906004 -0.00316756 0)
(-0.0160392 -0.0138978 0)
(-0.00176806 0.00106017 0)
(-0.00141395 0.0104627 0)
(0.0153981 0.000211485 0)
(0.029644 0.00176927 0)
(0.0365185 -0.00263543 0)
(0.0381195 0.00347103 0)
(0.0350731 0.00405873 0)
(0.0326611 0.00295968 0)
(0.0316855 -0.000377498 0)
(0.0294844 0.00228337 0)
(0.0221699 0.00444641 0)
(0.0135869 -0.00177439 0)
(0.00518561 0.00188122 0)
(-0.00829134 0.00651124 0)
(-0.014793 -0.00227045 0)
(-0.0162078 0.00554539 0)
(-0.015993 0.00229154 0)
(-0.0112667 0.00164693 0)
(-0.0136372 0.00394531 0)
(-0.0249083 0.00639831 0)
(-0.015531 0.00183083 0)
(-0.00685246 -0.00108757 0)
(0.00992228 -4.46537e-05 0)
(0.00799065 0.000119169 0)
(0.00606426 6.45042e-05 0)
(0.00555048 1.46794e-05 0)
(0.00555909 5.87337e-06 0)
(0.00557324 1.59353e-05 0)
(0.00535577 2.14706e-05 0)
(0.00499465 1.18829e-05 0)
(0.00463 1.04281e-06 0)
(0.00414805 1.0994e-05 0)
(0.0033614 2.84662e-05 0)
(0.002375 2.60042e-05 0)
(0.00135389 2.42965e-05 0)
(0.000259511 3.51913e-05 0)
(-0.000813314 3.73135e-05 0)
(-0.00160622 2.75627e-05 0)
(-0.00200011 1.11044e-05 0)
(-0.00206847 -2.15499e-06 0)
(-0.0248883 0.00477624 0)
(-0.00504721 -0.00615057 0)
(0.015789 -0.00177816 0)
(0.0158492 0.000314293 0)
(0.0130566 0.000457153 0)
(0.0123572 0.000101861 0)
(0.0128216 -3.28898e-05 0)
(0.0131966 3.03445e-05 0)
(0.0129525 0.000121866 0)
(0.0121494 0.000153904 0)
(0.0109923 0.000171951 0)
(0.00937011 0.000263932 0)
(0.00707751 0.00038029 0)
(0.00430658 0.000415914 0)
(0.00134884 0.000435575 0)
(-0.00170193 0.000452049 0)
(-0.00440574 0.000388487 0)
(-0.00622472 0.000244727 0)
(-0.00706503 9.54958e-05 0)
(-0.00723815 4.53441e-06 0)
(-0.0266868 0.00820371 0)
(-0.00229798 -0.0115359 0)
(0.0153714 -0.00338489 0)
(0.0163058 0.00021537 0)
(0.0150979 0.000702454 0)
(0.0154843 9.76517e-05 0)
(0.0166614 -0.00016919 0)
(0.0174398 -1.20824e-05 0)
(0.0173082 0.000238981 0)
(0.0162538 0.000402641 0)
(0.0144044 0.000537985 0)
(0.0116854 0.000780199 0)
(0.00801493 0.00104246 0)
(0.00366058 0.00115704 0)
(-0.00100047 0.00121273 0)
(-0.00559127 0.00118359 0)
(-0.00936771 0.000951253 0)
(-0.0117492 0.000567551 0)
(-0.0128035 0.000217515 0)
(-0.0130367 1.87139e-05 0)
(-0.0259432 0.011612 0)
(-0.00188043 -0.0163785 0)
(0.0118961 -0.004496 0)
(0.0127234 -6.15094e-05 0)
(0.0139687 0.000583811 0)
(0.0160726 -0.000162865 0)
(0.0180016 -0.000428076 0)
(0.0190466 -0.000103278 0)
(0.0189695 0.000362173 0)
(0.0177178 0.000730863 0)
(0.0152734 0.00107114 0)
(0.0115641 0.00153354 0)
(0.00667028 0.00198031 0)
(0.00095685 0.0021989 0)
(-0.005065 0.00227553 0)
(-0.010703 0.0021293 0)
(-0.0150681 0.00163133 0)
(-0.0176972 0.000940026 0)
(-0.018834 0.00035588 0)
(-0.0190956 3.68422e-05 0)
(-0.0242832 0.0147376 0)
(-0.00282621 -0.0203891 0)
(0.00704281 -0.00512923 0)
(0.00817956 -0.000587167 0)
(0.0118374 3.82372e-05 0)
(0.0152819 -0.000678297 0)
(0.0175939 -0.000770049 0)
(0.0186654 -0.000208857 0)
(0.0185128 0.000506731 0)
(0.0170235 0.00113511 0)
(0.0140202 0.00175539 0)
(0.00942977 0.00249491 0)
(0.00350102 0.00314805 0)
(-0.00328682 0.00347582 0)
(-0.0102277 0.00353228 0)
(-0.016421 0.00318757 0)
(-0.0209897 0.00235633 0)
(-0.0236509 0.00132447 0)
(-0.0247791 0.000496357 0)
(-0.0250404 5.55597e-05 0)
(-0.0222823 0.0176192 0)
(-0.00436288 -0.0234533 0)
(0.00203842 -0.00562095 0)
(0.00452131 -0.0014211 0)
(0.00975112 -0.00081032 0)
(0.0135779 -0.00130525 0)
(0.0157924 -0.00111154 0)
(0.0166942 -0.00028832 0)
(0.0163637 0.000692484 0)
(0.0145746 0.00162252 0)
(0.0110226 0.00258082 0)
(0.00567955 0.00363127 0)
(-0.00104237 0.00449488 0)
(-0.00851795 0.00491075 0)
(-0.0159054 0.00488899 0)
(-0.0222108 0.00427796 0)
(-0.0266852 0.0030768 0)
(-0.029215 0.00169629 0)
(-0.0302559 0.00062846 0)
(-0.0304889 7.22503e-05 0)
(-0.0201912 0.020346 0)
(-0.00610245 -0.0256112 0)
(-0.00236554 -0.00643479 0)
(0.00180594 -0.00249488 0)
(0.00739947 -0.00174261 0)
(0.0108498 -0.0018958 0)
(0.0127138 -0.0013955 0)
(0.0133763 -0.000320328 0)
(0.0128238 0.00093244 0)
(0.010699 0.00219841 0)
(0.00663903 0.00353138 0)
(0.000725174 0.00490309 0)
(-0.00645564 0.00595351 0)
(-0.0141945 0.00641671 0)
(-0.0215752 0.00625802 0)
(-0.0276361 0.00533725 0)
(-0.0317984 0.00375621 0)
(-0.0340759 0.00203664 0)
(-0.0349682 0.000743627 0)
(-0.0351504 8.5116e-05 0)
(-0.0181345 0.0229408 0)
(-0.00782599 -0.0270817 0)
(-0.00611501 -0.00708078 0)
(-0.000909639 -0.00361066 0)
(0.0041835 -0.00260142 0)
(0.0069899 -0.00238738 0)
(0.00849367 -0.00161186 0)
(0.00893159 -0.000301747 0)
(0.0081552 0.00123121 0)
(0.00570608 0.00285912 0)
(0.00124596 0.00458167 0)
(-0.00496289 0.00624911 0)
(-0.0122294 0.00744538 0)
(-0.0198222 0.0079093 0)
(-0.0268219 0.00756683 0)
(-0.0323888 0.00631887 0)
(-0.0361025 0.00436889 0)
(-0.0380548 0.00233203 0)
(-0.0387604 0.000835366 0)
(-0.0388771 9.2698e-05 0)
(-0.0161755 0.0254257 0)
(-0.00950099 -0.0278648 0)
(-0.00951693 -0.00764139 0)
(-0.0042991 -0.00472283 0)
(-4.45529e-05 -0.00330765 0)
(0.00217694 -0.00278027 0)
(0.00339289 -0.00177227 0)
(0.00363379 -0.000238311 0)
(0.0026514 0.00158731 0)
(-5.99077e-05 0.0035913 0)
(-0.00472183 0.0056832 0)
(-0.0109008 0.00759656 0)
(-0.0179037 0.00889593 0)
(-0.0250062 0.00931653 0)
(-0.0313662 0.00876391 0)
(-0.0363008 0.00719415 0)
(-0.0395055 0.00490054 0)
(-0.0411035 0.00257495 0)
(-0.0416044 0.000899375 0)
(-0.0416466 9.36588e-05 0)
(-0.0143546 0.0278402 0)
(-0.0111103 -0.0280401 0)
(-0.0127662 -0.00806608 0)
(-0.00831576 -0.00565882 0)
(-0.00496855 -0.00387037 0)
(-0.00319673 -0.00308741 0)
(-0.00222914 -0.00188477 0)
(-0.00217205 -0.000137196 0)
(-0.00333728 0.0019929 0)
(-0.00619403 0.00435882 0)
(-0.0108008 0.00677203 0)
(-0.0166566 0.00888139 0)
(-0.023107 0.0102425 0)
(-0.02948 0.010588 0)
(-0.0350654 0.00982077 0)
(-0.0393256 0.00795154 0)
(-0.0420201 0.00534719 0)
(-0.043265 0.0027631 0)
(-0.0435543 0.000933221 0)
(-0.0435152 8.68894e-05 0)
(-0.012699 0.0302163 0)
(-0.0126333 -0.0276683 0)
(-0.015855 -0.00828007 0)
(-0.0125772 -0.0063559 0)
(-0.0100989 -0.00431037 0)
(-0.00870709 -0.00333066 0)
(-0.00798099 -0.0019529 0)
(-0.00810854 2.005e-06 0)
(-0.00940934 0.00242502 0)
(-0.0122525 0.00511467 0)
(-0.0165764 0.00779477 0)
(-0.0218825 0.0100525 0)
(-0.0275837 0.0114415 0)
(-0.0331064 0.0116974 0)
(-0.0378894 0.0107294 0)
(-0.0415034 0.00859279 0)
(-0.0437222 0.00571189 0)
(-0.0446283 0.00289711 0)
(-0.0447011 0.000935167 0)
(-0.0445724 7.12311e-05 0)
(-0.0112263 0.0325738 0)
(-0.0140479 -0.0268155 0)
(-0.0186756 -0.00825228 0)
(-0.0166808 -0.0068162 0)
(-0.0150036 -0.00463647 0)
(-0.0139669 -0.00351679 0)
(-0.0134856 -0.0019802 0)
(-0.013788 0.000173296 0)
(-0.0151567 0.00285648 0)
(-0.0178462 0.00582042 0)
(-0.0217253 0.00871263 0)
(-0.02634 0.0110768 0)
(-0.0311989 0.0124713 0)
(-0.0358559 0.0126399 0)
(-0.0398862 0.011497 0)
(-0.0429223 0.0091276 0)
(-0.0447128 0.00600062 0)
(-0.0452929 0.0029781 0)
(-0.0451378 0.00090311 0)
(-0.0449076 4.52654e-05 0)
(-0.00994425 0.0349267 0)
(-0.0153389 -0.0255512 0)
(-0.0211106 -0.00798657 0)
(-0.0203321 -0.00706217 0)
(-0.0193613 -0.00485838 0)
(-0.018662 -0.00364569 0)
(-0.018423 -0.00196985 0)
(-0.0188786 0.000362615 0)
(-0.0202513 0.00326614 0)
(-0.0226911 0.00645079 0)
(-0.0260369 0.00950338 0)
(-0.029905 0.0119402 0)
(-0.0339215 0.0133305 0)
(-0.0377755 0.0134262 0)
(-0.0411478 0.0121392 0)
(-0.0436881 0.00956853 0)
(-0.0450909 0.00621884 0)
(-0.0453425 0.00300577 0)
(-0.0449352 0.000834291 0)
(-0.0445846 7.23062e-06 0)
(-0.00885268 0.0372868 0)
(-0.0165055 -0.0239505 0)
(-0.0230782 -0.00751224 0)
(-0.0233561 -0.00712611 0)
(-0.0229726 -0.00498731 0)
(-0.0225835 -0.00371963 0)
(-0.0225713 -0.00192539 0)
(-0.0231516 0.000559761 0)
(-0.0244809 0.00364119 0)
(-0.026623 0.00699366 0)
(-0.0294129 0.0101608 0)
(-0.0325531 0.0126457 0)
(-0.0357969 0.0140322 0)
(-0.0389573 0.0140762 0)
(-0.0417828 0.0126752 0)
(-0.0439007 0.00992685 0)
(-0.0449311 0.00636821 0)
(-0.0448216 0.00297572 0)
(-0.0441161 0.000721665 0)
(-0.0436185 -4.8622e-05 0)
(-0.00794517 0.0396626 0)
(-0.0175628 -0.0220947 0)
(-0.024545 -0.00687412 0)
(-0.0256801 -0.00704486 0)
(-0.0257517 -0.00503763 0)
(-0.0256315 -0.00374335 0)
(-0.0258181 -0.00185083 0)
(-0.0264935 0.000758656 0)
(-0.0277515 0.00397592 0)
(-0.0295878 0.0074478 0)
(-0.0318507 0.0106912 0)
(-0.0343351 0.0132082 0)
(-0.0369178 0.0145984 0)
(-0.0395125 0.0146137 0)
(-0.0418965 0.0131225 0)
(-0.0436369 0.0102084 0)
(-0.0442617 0.00644274 0)
(-0.0437055 0.00287711 0)
(-0.0426216 0.00055614 0)
(-0.0419384 -0.000126776 0)
(-0.00720986 0.0420713 0)
(-0.0185416 -0.0200688 0)
(-0.0255182 -0.00612489 0)
(-0.0273075 -0.00685498 0)
(-0.0277023 -0.00502589 0)
(-0.0277996 -0.00372427 0)
(-0.0281495 -0.00175199 0)
(-0.0288923 0.000955187 0)
(-0.0300669 0.00427016 0)
(-0.031618 0.0078199 0)
(-0.0334167 0.0111096 0)
(-0.0353484 0.0136498 0)
(-0.037399 0.0150547 0)
(-0.0395537 0.0150612 0)
(-0.0415773 0.0134932 0)
(-0.0429329 0.010409 0)
(-0.043038 0.00642362 0)
(-0.0418653 0.00268931 0)
(-0.0402711 0.000325647 0)
(-0.039352 -0.000230638 0)
(-0.00664504 0.0444922 0)
(-0.0194853 -0.0179307 0)
(-0.0260336 -0.00532293 0)
(-0.0282899 -0.00659132 0)
(-0.0288887 -0.00496982 0)
(-0.0291481 -0.00367161 0)
(-0.0296234 -0.00163526 0)
(-0.0304093 0.00114693 0)
(-0.0315003 0.00452731 0)
(-0.0328041 0.00812133 0)
(-0.0342193 0.0114351 0)
(-0.035713 0.0139952 0)
(-0.0373595 0.0154262 0)
(-0.0391821 0.0154371 0)
(-0.0408855 0.0137896 0)
(-0.0417753 0.0105086 0)
(-0.0411462 0.00627395 0)
(-0.0390896 0.00237609 0)
(-0.036786 8.29713e-06 0)
(-0.0355624 -0.000367898 0)
(-0.00619496 0.0470618 0)
(-0.0204459 -0.0156639 0)
(-0.0261596 -0.0045348 0)
(-0.0287038 -0.00628686 0)
(-0.0294094 -0.00488724 0)
(-0.0297742 -0.00359499 0)
(-0.0303402 -0.0015059 0)
(-0.0311502 0.00133269 0)
(-0.0321651 0.00475282 0)
(-0.0332677 0.00836561 0)
(-0.034385 0.0116885 0)
(-0.035553 0.0142686 0)
(-0.0369097 0.0157352 0)
(-0.0384785 0.0157528 0)
(-0.0398517 0.014002 0)
(-0.0401362 0.0104718 0)
(-0.0385296 0.0059419 0)
(-0.0353148 0.00188929 0)
(-0.0320384 -0.000418661 0)
(-0.0303829 -0.000548005 0)
(-0.00619076 0.0493373 0)
(-0.0214702 -0.0132588 0)
(-0.0260292 -0.00381764 0)
(-0.0286328 -0.00596415 0)
(-0.0293798 -0.00479018 0)
(-0.0297868 -0.00350281 0)
(-0.0304106 -0.00136753 0)
(-0.0312352 0.00151347 0)
(-0.0321894 0.00495359 0)
(-0.03314 0.00856668 0)
(-0.0340418 0.0118892 0)
(-0.0349843 0.0144903 0)
(-0.0361418 0.0159955 0)
(-0.0374976 0.0160082 0)
(-0.0384978 0.0141115 0)
(-0.0380875 0.0102633 0)
(-0.0354767 0.00538551 0)
(-0.0310884 0.00119158 0)
(-0.0265911 -0.000967934 0)
(-0.0241967 -0.000784281 0)
(-0.00472618 0.0530724 0)
(-0.0224766 -0.0110926 0)
(-0.0258479 -0.00316388 0)
(-0.0281565 -0.00563113 0)
(-0.0289195 -0.00467546 0)
(-0.0292969 -0.00339476 0)
(-0.0299277 -0.00121995 0)
(-0.0307582 0.00169505 0)
(-0.0316804 0.0051416 0)
(-0.0325378 0.00874126 0)
(-0.033305 0.012057 0)
(-0.0341083 0.0146832 0)
(-0.035128 0.0162316 0)
(-0.0362764 0.01622 0)
(-0.0368939 0.014122 0)
(-0.0359482 0.00990278 0)
(-0.0327885 0.00466723 0)
(-0.0276611 0.000309243 0)
(-0.0218552 -0.00175008 0)
(-0.0182524 -0.0011514 0)
(-0.0266855 0.0487306 0)
(-0.0233253 -0.00890043 0)
(-0.0255986 -0.00186659 0)
(-0.0261096 -0.00506711 0)
(-0.0268177 -0.00447704 0)
(-0.0269523 -0.00316229 0)
(-0.0274662 -0.000873903 0)
(-0.0281356 0.00210683 0)
(-0.0289132 0.00555219 0)
(-0.029631 0.00911557 0)
(-0.0302459 0.012417 0)
(-0.0308436 0.0150697 0)
(-0.0315519 0.016609 0)
(-0.0323388 0.016412 0)
(-0.0328389 0.0138819 0)
(-0.0322778 0.00901448 0)
(-0.0295828 0.00284762 0)
(-0.0240903 -0.00267555 0)
(-0.0163261 -0.00519364 0)
(-0.0091584 -0.00315205 0)
(-0.0202194 0.0324499 0)
(-0.0191157 -0.00558734 0)
(-0.0249704 -0.00117521 0)
(-0.0224248 -0.00488541 0)
(-0.0226615 -0.00457958 0)
(-0.0221048 -0.003118 0)
(-0.0222684 -0.000570258 0)
(-0.022671 0.002585 0)
(-0.0232165 0.00607588 0)
(-0.0236844 0.0095759 0)
(-0.0239685 0.0127726 0)
(-0.0241738 0.0153772 0)
(-0.0247498 0.0170455 0)
(-0.0263535 0.0171832 0)
(-0.028988 0.014761 0)
(-0.0308259 0.00875672 0)
(-0.0292153 -0.000149196 0)
(-0.0237019 -0.00832907 0)
(-0.0158155 -0.0113006 0)
(-0.006406 -0.00679485 0)
(-0.0103408 0.0315674 0)
(-0.0204617 -0.00177667 0)
(-0.0222589 -0.00225157 0)
(-0.019373 -0.00560438 0)
(-0.0185594 -0.00527764 0)
(-0.0173274 -0.00341483 0)
(-0.0170152 -0.000482519 0)
(-0.0170358 0.00287296 0)
(-0.0171843 0.00637038 0)
(-0.017206 0.00973287 0)
(-0.0170331 0.0127981 0)
(-0.0170954 0.0156234 0)
(-0.0186181 0.0182782 0)
(-0.0228178 0.0198896 0)
(-0.0283473 0.0177193 0)
(-0.030795 0.00929201 0)
(-0.0277986 -0.00330193 0)
(-0.0218424 -0.0139083 0)
(-0.0139229 -0.0180889 0)
(-0.00135369 -0.0125981 0)
(-0.00851352 0.0394907 0)
(-0.0240195 0.00257746 0)
(-0.0216925 -0.00552403 0)
(-0.0169338 -0.00731855 0)
(-0.0146776 -0.00677305 0)
(-0.0124895 -0.00420113 0)
(-0.0116167 -0.000733032 0)
(-0.0112879 0.00285981 0)
(-0.0110897 0.00631537 0)
(-0.0107591 0.00954131 0)
(-0.0104195 0.0127213 0)
(-0.0110869 0.0165534 0)
(-0.0148454 0.0214194 0)
(-0.02226 0.0248231 0)
(-0.0290145 0.0212909 0)
(-0.0297496 0.00869221 0)
(-0.0253187 -0.00737753 0)
(-0.019739 -0.0196599 0)
(-0.0125946 -0.0252847 0)
(-0.000473902 -0.019614 0)
(0.00130864 0.0587429 0)
(-0.0212947 0.00720053 0)
(-0.0212098 -0.0114311 0)
(-0.0138977 -0.0106789 0)
(-0.0104503 -0.00917484 0)
(-0.00722685 -0.00556964 0)
(-0.00586605 -0.00131094 0)
(-0.00537164 0.00262056 0)
(-0.00511529 0.00606281 0)
(-0.00484159 0.0093082 0)
(-0.00496647 0.0130994 0)
(-0.00713827 0.0189699 0)
(-0.0138076 0.0268265 0)
(-0.0233834 0.0309486 0)
(-0.0291854 0.0240223 0)
(-0.027857 0.00687556 0)
(-0.0233842 -0.0113983 0)
(-0.0180976 -0.0250584 0)
(-0.0119412 -0.0315308 0)
(-0.000298283 -0.0251827 0)
(0.023296 0.0922658 0)
(-0.00541749 0.0215118 0)
(-0.0155259 -0.0148673 0)
(-0.00917773 -0.0150346 0)
(-0.00539248 -0.0122201 0)
(-0.00153858 -0.00737032 0)
(-0.00015685 -0.00199547 0)
(0.000166013 0.00239492 0)
(0.000122421 0.00593317 0)
(-5.7831e-05 0.00947898 0)
(-0.00122175 0.0145105 0)
(-0.00551653 0.0232904 0)
(-0.0146763 0.0338773 0)
(-0.0244974 0.0368669 0)
(-0.0281269 0.0253234 0)
(-0.0256485 0.00446539 0)
(-0.0216203 -0.0151991 0)
(-0.0163642 -0.0302037 0)
(-0.0115099 -0.0370427 0)
(-0.000382096 -0.0311719 0)
(0.0407874 0.120099 0)
(0.0174992 0.0435354 0)
(-0.00293109 -0.0110147 0)
(-0.00332658 -0.0178431 0)
(-0.000658305 -0.0151126 0)
(0.00338865 -0.00922365 0)
(0.00446958 -0.00245384 0)
(0.00421356 0.00239247 0)
(0.00368324 0.0061206 0)
(0.00288334 0.0103218 0)
(0.000420387 0.0172922 0)
(-0.00596757 0.0293076 0)
(-0.0162437 0.0413716 0)
(-0.0245088 0.0415043 0)
(-0.0257295 0.0253162 0)
(-0.0228773 0.00212065 0)
(-0.0189165 -0.0188896 0)
(-0.0138798 -0.0348867 0)
(-0.0109783 -0.0414968 0)
(-0.0015314 -0.0372496 0)
(0.0447845 0.128241 0)
(0.0346907 0.0630846 0)
(0.00995039 0.000453233 0)
(0.00184749 -0.0165475 0)
(0.00104164 -0.0168316 0)
(0.00465593 -0.0111174 0)
(0.00618218 -0.00252481 0)
(0.00550309 0.00281635 0)
(0.00469108 0.00668893 0)
(0.00335258 0.0118652 0)
(-0.000301744 0.0214127 0)
(-0.00799755 0.0362109 0)
(-0.0175797 0.0480109 0)
(-0.0229869 0.0442403 0)
(-0.0218655 0.0242376 0)
(-0.0187611 -5.53892e-05 0)
(-0.0146315 -0.0223863 0)
(-0.0103661 -0.0385353 0)
(-0.0101915 -0.0438401 0)
(-0.00491692 -0.0409767 0)
(0.0397132 0.116998 0)
(0.0397399 0.0762108 0)
(0.0140705 0.0131156 0)
(0.00277397 -0.0105589 0)
(-0.00204641 -0.0169959 0)
(0.000464695 -0.0131634 0)
(0.00324685 -0.00281779 0)
(0.00305613 0.00325281 0)
(0.00264649 0.0074457 0)
(0.000885298 0.0140317 0)
(-0.00353803 0.0264653 0)
(-0.0110915 0.042785 0)
(-0.0182116 0.0526542 0)
(-0.0199779 0.0447357 0)
(-0.0164925 0.0220943 0)
(-0.0129086 -0.00228407 0)
(-0.0086536 -0.0253136 0)
(-0.0057813 -0.0406287 0)
(-0.00740833 -0.0444168 0)
(-0.004038 -0.0419998 0)
(0.0305115 0.0979511 0)
(0.0331837 0.0847101 0)
(0.00954263 0.0250491 0)
(-0.00230112 -0.00261774 0)
(-0.00950931 -0.0161468 0)
(-0.00830739 -0.0148753 0)
(-0.00432768 -0.00407947 0)
(-0.00302856 0.00285714 0)
(-0.00290514 0.00808493 0)
(-0.00490664 0.0167769 0)
(-0.00906607 0.0314964 0)
(-0.0147 0.0476642 0)
(-0.0179825 0.0544363 0)
(-0.0158478 0.0428657 0)
(-0.0101585 0.0189732 0)
(-0.00608406 -0.00447581 0)
(-0.00158972 -0.0274269 0)
(-0.00110201 -0.0409461 0)
(-0.00438358 -0.0436978 0)
(7.99476e-05 -0.0460289 0)
(0.0198418 0.0833135 0)
(0.021476 0.0914596 0)
(0.0010871 0.036364 0)
(-0.0117443 0.00569468 0)
(-0.0198278 -0.0144487 0)
(-0.0201429 -0.0163724 0)
(-0.0154991 -0.00631754 0)
(-0.0126971 0.00157298 0)
(-0.0121571 0.0086854 0)
(-0.0136104 0.0195069 0)
(-0.0160048 0.0351552 0)
(-0.018117 0.049636 0)
(-0.0168013 0.0528827 0)
(-0.0109307 0.038681 0)
(-0.00337848 0.0148521 0)
(0.00093529 -0.00746609 0)
(0.00524352 -0.0285341 0)
(0.00246157 -0.0393734 0)
(-0.00318693 -0.0413986 0)
(-0.00520375 -0.0463953 0)
(0.0123502 0.0756163 0)
(0.0125269 0.0980833 0)
(-0.00563616 0.0482094 0)
(-0.021239 0.0144997 0)
(-0.0306525 -0.0113713 0)
(-0.0335299 -0.0175196 0)
(-0.0292476 -0.00916468 0)
(-0.0251425 -7.34937e-05 0)
(-0.0237229 0.00897937 0)
(-0.0235485 0.021001 0)
(-0.0228229 0.0360741 0)
(-0.0204693 0.0479104 0)
(-0.0145136 0.0479774 0)
(-0.00528987 0.0325896 0)
(0.00319638 0.0100175 0)
(0.0079621 -0.0105068 0)
(0.0107349 -0.028027 0)
(0.00423751 -0.0359302 0)
(-0.000761518 -0.03904 0)
(0.00178316 -0.0458437 0)
(0.0102415 0.0717015 0)
(0.0111947 0.104618 0)
(-0.00507166 0.0628254 0)
(-0.0256604 0.025127 0)
(-0.0379726 -0.0054983 0)
(-0.0452567 -0.0173386 0)
(-0.0434826 -0.0120589 0)
(-0.0383588 -0.00249404 0)
(-0.0348325 0.00800031 0)
(-0.0322391 0.0200806 0)
(-0.0277777 0.0334433 0)
(-0.0208591 0.0424175 0)
(-0.010851 0.040139 0)
(0.000992832 0.0249238 0)
(0.00963189 0.00497222 0)
(0.0142901 -0.012547 0)
(0.0138996 -0.0253485 0)
(0.00351875 -0.030733 0)
(-8.91214e-05 -0.0373807 0)
(0.00314951 -0.0498347 0)
(0.00907648 0.0641098 0)
(0.0174242 0.10864 0)
(0.0063763 0.0806553 0)
(-0.0182076 0.039978 0)
(-0.036091 0.00390323 0)
(-0.0497806 -0.0142789 0)
(-0.0536137 -0.0140141 0)
(-0.0499802 -0.00625862 0)
(-0.0434683 0.00449889 0)
(-0.037248 0.0161023 0)
(-0.0294826 0.0270951 0)
(-0.0187584 0.0335877 0)
(-0.00579267 0.0301459 0)
(0.00725032 0.0162842 0)
(0.0158593 0.000220367 0)
(0.0180917 -0.0125501 0)
(0.0138659 -0.0202652 0)
(0.00143992 -0.0247044 0)
(-0.000462924 -0.0365515 0)
(-0.00362359 -0.0498589 0)
(0.00778727 0.0483559 0)
(0.0252722 0.104535 0)
(0.0243922 0.0958556 0)
(0.00354223 0.0599651 0)
(-0.0182653 0.0198144 0)
(-0.0388725 -0.00599651 0)
(-0.0509924 -0.0125427 0)
(-0.0543609 -0.00951513 0)
(-0.049836 -0.00154381 0)
(-0.0396949 0.00961125 0)
(-0.0283157 0.0187243 0)
(-0.0151925 0.0230016 0)
(-0.000902509 0.0192186 0)
(0.0113078 0.00817576 0)
(0.0177209 -0.00270941 0)
(0.0167097 -0.0102121 0)
(0.0113585 -0.0143994 0)
(0.00155826 -0.0206303 0)
(0.00450835 -0.0374724 0)
(0.00404706 -0.0470186 0)
(0.00815287 0.0374403 0)
(0.0270629 0.091138 0)
(0.0383013 0.100194 0)
(0.0300617 0.0761588 0)
(0.0130108 0.0403343 0)
(-0.00798309 0.00951908 0)
(-0.0264075 -0.00462403 0)
(-0.036816 -0.00703797 0)
(-0.0411731 -0.00697174 0)
(-0.0381725 -0.00181773 0)
(-0.0278047 0.00519522 0)
(-0.014668 0.008879 0)
(-0.00141769 0.00655295 0)
(0.00831882 0.000200886 0)
(0.0130816 -0.00475057 0)
(0.0136104 -0.0082713 0)
(0.0122198 -0.0115134 0)
(0.00843146 -0.0201229 0)
(0.0148308 -0.0378472 0)
(0.00858458 -0.0488751 0)
(-0.00286958 0.036178 0)
(0.0166215 0.0755284 0)
(0.0388053 0.0926861 0)
(0.0467048 0.0811311 0)
(0.0425898 0.0546614 0)
(0.0304209 0.0279187 0)
(0.0157854 0.00894869 0)
(0.00445071 0.00122618 0)
(-0.00056291 -0.000554311 0)
(-0.00253511 -0.000603059 0)
(-0.000580845 0.000735519 0)
(0.00545809 0.0014302 0)
(0.013664 -0.000180884 0)
(0.0215323 -0.00377071 0)
(0.0265358 -0.00694237 0)
(0.0280189 -0.00936925 0)
(0.0278408 -0.0120055 0)
(0.0253276 -0.0190859 0)
(0.0273549 -0.0324865 0)
(-0.00109216 -0.0420089 0)
(-0.0305417 0.0295529 0)
(-0.00924797 0.0549966 0)
(0.0227729 0.0741704 0)
(0.0449747 0.0709435 0)
(0.0569223 0.0535205 0)
(0.0590541 0.0343401 0)
(0.0554874 0.016036 0)
(0.0512637 0.00551021 0)
(0.0476147 -0.0010321 0)
(0.0460017 -0.00270441 0)
(0.0462223 -0.00303703 0)
(0.048099 -0.00339986 0)
(0.0514803 -0.00604261 0)
(0.0554099 -0.00837402 0)
(0.057982 -0.00767328 0)
(0.0581812 -0.00638971 0)
(0.0556299 -0.00667156 0)
(0.04803 -0.0119779 0)
(0.0436371 -0.0211157 0)
(0.00988784 -0.0273632 0)
(-0.0716188 0.0169915 0)
(-0.0458918 0.0368527 0)
(-0.00873664 0.0544676 0)
(0.0234749 0.0563122 0)
(0.0503663 0.0462754 0)
(0.0666856 0.038524 0)
(0.0765542 0.0211668 0)
(0.0843493 0.0128647 0)
(0.0902286 0.00164992 0)
(0.0953566 0.00097881 0)
(0.0969563 -0.00136016 0)
(0.0941446 0.000108168 0)
(0.0868092 -0.00580126 0)
(0.0793206 -0.010962 0)
(0.0727593 -0.0119096 0)
(0.0673375 -0.0126307 0)
(0.0615948 -0.00691527 0)
(0.0511029 -0.00532139 0)
(0.0436324 -0.00841913 0)
(0.00181001 -0.00876052 0)
(-0.0911936 0.00130732 0)
(-0.0808332 -0.000253946 0)
(-0.0473873 0.00679857 0)
(-0.0125898 0.0081282 0)
(0.0278504 -0.00340089 0)
(0.05093 0.015653 0)
(0.0643454 -0.00614908 0)
(0.0730481 0.0028361 0)
(0.077651 -0.0118466 0)
(0.0786891 -0.00428671 0)
(0.0839988 -0.00520706 0)
(0.0824337 0.00682236 0)
(0.0748021 0.0051232 0)
(0.0676086 0.00233369 0)
(0.0540471 0.00932103 0)
(0.0421483 0.00127713 0)
(0.0317735 0.00874453 0)
(0.0162585 0.00893959 0)
(0.0157158 -0.00470654 0)
(0.0111516 0.00844301 0)
)
;

boundaryField
{
    left_open
    {
        type            pressureInletOutletVelocity;
        value           nonuniform List<vector> 
40
(
(-0.0158874 -8.1575e-05 0)
(-0.0342707 -0.000454694 0)
(-0.043446 -0.000961739 0)
(-0.046072 -0.00151607 0)
(-0.0439568 -0.00201972 0)
(-0.0385043 -0.00239403 0)
(-0.0309249 -0.00258987 0)
(-0.0222572 -0.00260058 0)
(-0.0132829 -0.00247329 0)
(-0.004498 -0.00228987 0)
(0.00388879 0 0)
(0.0115484 0 0)
(0.0185576 0 0)
(0.0248841 0 0)
(0.0303572 0 0)
(0.0347521 0 0)
(0.0378077 0 0)
(0.0391545 0 0)
(0.0380352 0 0)
(0.0331098 0 0)
(0.0128246 0 0)
(-0.00772538 -0.0145467 0)
(-0.000280881 -0.0173658 0)
(0.000328697 0 0)
(0.000340941 0 0)
(0.000762499 0 0)
(-0.000755054 -0.0117279 0)
(0.00349795 0 0)
(-0.000222122 -0.00013266 0)
(0.000485635 0.00317759 0)
(0.00337507 0 0)
(-0.000655072 0.011843 0)
(0.00109876 0.0119721 0)
(0.00418116 0 0)
(1.13275e-05 0.0154403 0)
(0.000171788 0 0)
(-0.00399832 0.0122798 0)
(-0.00493298 0.0064873 0)
(-0.000793368 0 0)
(-0.00176806 0.00106017 0)
)
;
    }
    right_open
    {
        type            pressureInletOutletVelocity;
        value           nonuniform List<vector> 
40
(
(-0.00206847 0 0)
(-0.00723815 0 0)
(-0.0130367 0 0)
(-0.0190956 0 0)
(-0.0250404 0 0)
(-0.0304889 0 0)
(-0.0351504 0 0)
(-0.0388771 0 0)
(-0.0416466 0 0)
(-0.0435152 0 0)
(-0.0445724 0 0)
(-0.0449076 0 0)
(-0.0445846 0 0)
(-0.0436185 0 0)
(-0.0419384 0 0)
(-0.039352 0 0)
(-0.0355624 0 0)
(-0.0303829 0 0)
(-0.0241967 0 0)
(-0.0182524 0 0)
(-0.0091584 0 0)
(-0.006406 0 0)
(-0.00135369 0 0)
(-0.000473902 0 0)
(-0.000298283 -0.0251827 0)
(-0.000382096 -0.0311719 0)
(-0.0015314 0 0)
(-0.00491692 0 0)
(-0.004038 0 0)
(7.99476e-05 -0.0460289 0)
(-0.00520375 0 0)
(0.00178316 -0.0458437 0)
(0.00314951 -0.0498347 0)
(-0.00362359 0 0)
(0.00404706 -0.0470186 0)
(0.00858458 -0.0488751 0)
(-0.00109216 0 0)
(0.00988784 -0.0273632 0)
(0.00181001 0 0)
(0.0111516 0.00844301 0)
)
;
    }
    base_side
    {
        type            noSlip;
    }
    top
    {
        type            pressureInletOutletVelocity;
        value           nonuniform List<vector> 
65
(
(0 0.00106017 0)
(-0.00141395 0.0104627 0)
(0 0.000211485 0)
(0.029644 0.00176927 0)
(0 -0.00263543 0)
(0.0381195 0.00347103 0)
(0.0350731 0.00405873 0)
(0.0326611 0.00295968 0)
(0 -0.000377498 0)
(0.0294844 0.00228337 0)
(0.0221699 0.00444641 0)
(0 -0.00177439 0)
(0.00518561 0.00188122 0)
(-0.00829134 0.00651124 0)
(0 -0.00227045 0)
(-0.0162078 0.00554539 0)
(-0.015993 0.00229154 0)
(-0.0112667 0.00164693 0)
(-0.0136372 0.00394531 0)
(-0.0249083 0.00639831 0)
(-0.0366252 0.0187576 0)
(-0.041636 0.016465 0)
(-0.0456608 0.00960693 0)
(-0.0484715 0.00323697 0)
(0 0.00099048 0)
(-0.0522078 0.00480564 0)
(-0.056325 0.0101052 0)
(0 0.000128785 0)
(0 -0.00314754 0)
(-0.0630238 0.00105188 0)
(-0.065369 -0.000730986 0)
(0 -0.0075631 0)
(0 -0.0074506 0)
(-0.0681237 -0.00149895 0)
(-0.0691541 -0.00311209 0)
(0 -0.0104104 0)
(0 -0.0159143 0)
(0 -0.0170101 0)
(0 -0.0105886 0)
(0 -0.00866196 0)
(0 -0.00597746 0)
(0 -0.00531088 0)
(-0.0832032 -0.00183252 0)
(-0.0867583 -0.000376846 0)
(-0.0900424 -0.000740767 0)
(-0.0911936 0.00130732 0)
(0 -0.000253946 0)
(-0.0473873 0.00679857 0)
(-0.0125898 0.0081282 0)
(0 -0.00340089 0)
(0.05093 0.015653 0)
(0 -0.00614908 0)
(0.0730481 0.0028361 0)
(0 -0.0118466 0)
(0.0786891 -0.00428671 0)
(0 -0.00520706 0)
(0.0824337 0.00682236 0)
(0.0748021 0.0051232 0)
(0.0676086 0.00233369 0)
(0.0540471 0.00932103 0)
(0 0.00127713 0)
(0.0317735 0.00874453 0)
(0.0162585 0.00893959 0)
(0 -0.00470654 0)
(0.0111516 0.00844301 0)
)
;
    }
    front
    {
        type            empty;
    }
    back
    {
        type            empty;
    }
    air_to_aluminum
    {
        type            noSlip;
    }
}


// ************************************************************************* //
