/*--------------------------------*- C++ -*----------------------------------*\
| =========                 |                                                 |
| \\      /  F ield         | OpenFOAM: The Open Source CFD Toolbox           |
|  \\    /   O peration     | Version:                                        |
|   \\  /    A nd           | Website:  www.openfoam.com                      |
|    \\/     M anipulation  |                                                 |
\*---------------------------------------------------------------------------*/
FoamFile
{
    version     2.0;
    format      ascii;
    class       volScalarField;
    location    "1845.5/air";
    object      rho;
}
// * * * * * * * * * * * * * * * * * * * * * * * * * * * * * * * * * * * * * //

dimensions      [1 -3 0 0 0 0 0];


internalField   nonuniform List<scalar> 
2228
(
1.15079
1.15055
1.15034
1.15017
1.15103
1.15079
1.15055
1.15032
1.15119
1.15097
1.15071
1.15045
1.15132
1.1511
1.15083
1.15056
1.15143
1.15121
1.15094
1.15066
1.15153
1.15131
1.15103
1.15075
1.15162
1.1514
1.15113
1.15084
1.15171
1.1515
1.15123
1.15092
1.1518
1.15162
1.15134
1.15101
1.1519
1.15178
1.15148
1.1511
1.15203
1.15203
1.15171
1.15121
1.15223
1.15248
1.1521
1.15137
1.15254
1.15327
1.15279
1.15163
1.15299
1.15448
1.15395
1.15204
1.15367
1.15617
1.15558
1.15264
1.15536
1.15849
1.15751
1.15341
1.15017
1.15034
1.15055
1.15079
1.15033
1.15056
1.1508
1.15103
1.15045
1.15071
1.15097
1.15119
1.15056
1.15084
1.15111
1.15132
1.15067
1.15095
1.15123
1.15144
1.15077
1.15106
1.15134
1.15154
1.15086
1.15118
1.15146
1.15164
1.15096
1.15132
1.1516
1.15175
1.15106
1.15148
1.15178
1.15186
1.15118
1.15171
1.15203
1.152
1.15133
1.15203
1.15239
1.15218
1.15151
1.15249
1.15292
1.15241
1.15176
1.15317
1.15371
1.15274
1.1521
1.15423
1.15492
1.15323
1.15274
1.15608
1.15681
1.15398
1.1545
1.15936
1.15986
1.15569
1.19106
1.1847
1.17811
1.1724
1.20502
1.20432
1.20146
1.19731
1.20699
1.20807
1.20786
1.20623
1.20806
1.20872
1.20891
1.20836
1.20832
1.20853
1.20864
1.20851
1.20742
1.20753
1.20765
1.20777
1.20665
1.2067
1.20674
1.20679
1.20614
1.20617
1.20614
1.20608
1.2057
1.20576
1.20573
1.20564
1.20532
1.20541
1.20541
1.20533
1.205
1.2051
1.20513
1.20508
1.20472
1.20483
1.20489
1.20487
1.20448
1.20459
1.20468
1.20469
1.20427
1.20438
1.20448
1.20455
1.20415
1.20424
1.20432
1.2044
1.20406
1.20414
1.2042
1.20426
1.20331
1.20349
1.20368
1.20384
1.20159
1.20196
1.20232
1.20261
1.19973
1.19989
1.20006
1.20024
1.20026
1.19999
1.19971
1.19943
1.16907
1.16732
1.16245
1.15832
1.19235
1.18651
1.17658
1.16748
1.20292
1.19713
1.1864
1.17418
1.20655
1.20237
1.19352
1.18026
1.20777
1.20564
1.20027
1.18944
1.20777
1.20727
1.20528
1.19959
1.2069
1.20704
1.20699
1.20581
1.20605
1.20608
1.20623
1.20647
1.20553
1.20544
1.20541
1.20551
1.20521
1.20504
1.20486
1.20478
1.20496
1.20471
1.20434
1.20399
1.20473
1.20437
1.20373
1.20295
1.20457
1.20416
1.20328
1.202
1.20452
1.20425
1.2035
1.2021
1.20445
1.20444
1.20423
1.20354
1.20433
1.20438
1.20441
1.20435
1.20397
1.20406
1.20412
1.20418
1.20285
1.20302
1.20315
1.20331
1.20046
1.20068
1.2009
1.20108
1.19921
1.19902
1.19891
1.19887
1.16223
1.16575
1.16825
1.17555
1.18295
1.18798
1.18176
1.19066
1.19713
1.18178
1.18981
1.19864
1.18439
1.18541
1.19024
1.19389
1.19036
1.18882
1.20308
1.19999
1.19652
1.20629
1.20545
1.20361
1.20568
1.20576
1.20545
1.20481
1.20481
1.20457
1.20375
1.20335
1.20248
1.20222
1.20139
1.20007
1.20086
1.19984
1.19852
1.20062
1.19944
1.19815
1.20243
1.20135
1.2001
1.20412
1.20376
1.20321
1.20421
1.20422
1.2042
1.20348
1.20364
1.20382
1.20121
1.20129
1.20135
1.19896
1.19883
1.19866
1.16919
1.16956
1.16984
1.18989
1.19066
1.19128
1.19963
1.20063
1.20143
1.20271
1.20431
1.20548
1.1944
1.19671
1.19889
1.18882
1.1894
1.19029
1.1943
1.19332
1.19254
1.20184
1.20074
1.19955
1.20469
1.20406
1.20324
1.20392
1.20342
1.20274
1.20145
1.20079
1.20001
1.19886
1.19817
1.19745
1.19744
1.19687
1.19632
1.19724
1.19678
1.19634
1.19922
1.19877
1.19834
1.2027
1.20242
1.20212
1.20416
1.20412
1.20408
1.20392
1.20397
1.20402
1.20137
1.20137
1.20137
1.19862
1.19859
1.19853
1.17022
1.17053
1.17083
1.19222
1.19329
1.19422
1.2026
1.20387
1.20485
1.20698
1.20807
1.20868
1.20268
1.20641
1.20812
1.19259
1.19645
1.20016
1.19167
1.19174
1.19323
1.19725
1.19441
1.19284
1.20128
1.19781
1.19476
1.20111
1.19777
1.19476
1.19833
1.19574
1.19412
1.19617
1.19487
1.19495
1.19544
1.1949
1.1957
1.19558
1.19497
1.19525
1.19754
1.19657
1.19601
1.20154
1.20057
1.19962
1.20397
1.20372
1.20336
1.20411
1.2042
1.20422
1.20135
1.20129
1.20115
1.19843
1.19832
1.19827
1.17143
1.17257
1.17321
1.17485
1.19543
1.19704
1.19886
1.20107
1.20591
1.20697
1.20773
1.20813
1.20912
1.20927
1.20908
1.20859
1.20864
1.20828
1.20786
1.20742
1.20397
1.20587
1.20587
1.20567
1.19679
1.20095
1.20344
1.20427
1.19349
1.19678
1.20035
1.20269
1.19308
1.19503
1.19887
1.20188
1.19315
1.19555
1.19965
1.20216
1.19453
1.19802
1.20131
1.20236
1.19702
1.20051
1.20208
1.20205
1.19821
1.20123
1.20203
1.20174
1.1968
1.19939
1.20083
1.20126
1.19591
1.19673
1.19787
1.19893
1.19847
1.19754
1.19713
1.19718
1.20265
1.20159
1.2004
1.19922
1.20411
1.20353
1.20226
1.20045
1.20084
1.20027
1.19946
1.19847
1.19824
1.19816
1.19794
1.19781
1.17842
1.18309
1.18818
1.19299
1.20335
1.20497
1.20573
1.20521
1.20805
1.2074
1.20626
1.20492
1.20781
1.20677
1.20559
1.2046
1.20686
1.20612
1.20529
1.2046
1.20545
1.20513
1.20472
1.20433
1.20439
1.2043
1.20414
1.20398
1.20359
1.20372
1.20366
1.20358
1.20308
1.20326
1.20319
1.20309
1.2028
1.20276
1.20261
1.20246
1.20235
1.20215
1.20197
1.20182
1.2018
1.20163
1.20151
1.20144
1.20145
1.20133
1.20131
1.20132
1.20123
1.20111
1.20108
1.20114
1.19971
1.20017
1.2004
1.20055
1.19759
1.19823
1.19888
1.19939
1.19828
1.1978
1.19783
1.19814
1.1987
1.19755
1.19716
1.19735
1.19761
1.19715
1.19719
1.19762
1.19779
1.19799
1.1982
1.19858
1.2053
1.20549
1.20553
1.20559
1.20563
1.20567
1.20571
1.20574
1.20577
1.20581
1.20586
1.20593
1.20602
1.20611
1.20617
1.20623
1.20636
1.20664
1.20723
1.19893
1.20516
1.20541
1.20547
1.20554
1.20561
1.20565
1.20569
1.20573
1.20577
1.20582
1.20587
1.20594
1.20602
1.20607
1.20609
1.2061
1.20618
1.20641
1.20684
1.19915
1.20488
1.20522
1.20533
1.20545
1.20554
1.20561
1.20566
1.20572
1.20577
1.20583
1.20589
1.20595
1.20599
1.20597
1.20591
1.20585
1.20581
1.20585
1.20635
1.19916
1.20455
1.20495
1.20512
1.20529
1.20544
1.20554
1.20562
1.20569
1.20576
1.20583
1.20589
1.20593
1.20591
1.20582
1.20568
1.20556
1.20543
1.20528
1.20596
1.19909
1.20426
1.20464
1.20486
1.20507
1.20529
1.20544
1.20555
1.20565
1.20574
1.20582
1.20587
1.20587
1.2058
1.20564
1.20547
1.20531
1.20517
1.20493
1.20566
1.19899
1.20405
1.20436
1.20458
1.20482
1.20511
1.20532
1.20547
1.20559
1.2057
1.20579
1.20583
1.20579
1.20567
1.20548
1.20528
1.20512
1.20499
1.20473
1.20547
1.19889
1.20392
1.20415
1.20432
1.20455
1.20489
1.20516
1.20535
1.2055
1.20564
1.20574
1.20576
1.2057
1.20555
1.20535
1.20514
1.20496
1.20484
1.20459
1.20533
1.1988
1.20384
1.20401
1.20413
1.20432
1.20465
1.20496
1.20521
1.20539
1.20555
1.20565
1.20568
1.20561
1.20544
1.20522
1.205
1.20482
1.20471
1.20448
1.20522
1.19872
1.20379
1.20393
1.20401
1.20414
1.20442
1.20475
1.20505
1.20526
1.20543
1.20554
1.20558
1.2055
1.20533
1.20509
1.20487
1.20469
1.20459
1.20438
1.20514
1.19864
1.20376
1.20389
1.20394
1.20402
1.20423
1.20453
1.20486
1.20511
1.20528
1.20541
1.20545
1.20537
1.20519
1.20495
1.20473
1.20457
1.20449
1.2043
1.20507
1.19857
1.20374
1.20388
1.20392
1.20396
1.20409
1.20434
1.20466
1.20494
1.20513
1.20525
1.20529
1.20523
1.20505
1.20481
1.20462
1.20448
1.20441
1.20423
1.20502
1.19849
1.20372
1.20387
1.20391
1.20393
1.204
1.20419
1.20447
1.20476
1.20496
1.20508
1.20513
1.20506
1.20489
1.20468
1.20452
1.2044
1.20434
1.20418
1.20498
1.1984
1.2037
1.20387
1.20392
1.20392
1.20395
1.20407
1.2043
1.20458
1.20479
1.20492
1.20496
1.2049
1.20475
1.20457
1.20444
1.20434
1.20429
1.20413
1.20494
1.19831
1.20368
1.20386
1.20393
1.20393
1.20393
1.204
1.20417
1.20441
1.20463
1.20476
1.2048
1.20475
1.20463
1.20449
1.20439
1.20429
1.20424
1.20408
1.20492
1.19821
1.20367
1.20386
1.20394
1.20394
1.20393
1.20396
1.20408
1.20427
1.20447
1.20461
1.20466
1.20462
1.20453
1.20442
1.20434
1.20425
1.20419
1.20403
1.2049
1.19811
1.20365
1.20385
1.20394
1.20394
1.20393
1.20394
1.20401
1.20416
1.20434
1.20448
1.20453
1.20452
1.20445
1.20437
1.2043
1.2042
1.20415
1.20399
1.20489
1.19801
1.20363
1.20384
1.20394
1.20395
1.20394
1.20393
1.20397
1.20408
1.20423
1.20436
1.20443
1.20443
1.20438
1.20434
1.20426
1.20415
1.2041
1.20394
1.20489
1.19793
1.20361
1.20383
1.20393
1.20395
1.20395
1.20393
1.20395
1.20403
1.20415
1.20426
1.20433
1.20435
1.20434
1.20431
1.20422
1.2041
1.20406
1.20391
1.20488
1.19785
1.2036
1.20382
1.20393
1.20395
1.20395
1.20393
1.20393
1.20399
1.20409
1.20419
1.20426
1.2043
1.2043
1.20428
1.20417
1.20405
1.20402
1.20389
1.20486
1.19784
1.20358
1.20381
1.20392
1.20395
1.20396
1.20394
1.20393
1.20396
1.20405
1.20414
1.20421
1.20426
1.20428
1.20424
1.20411
1.20399
1.20397
1.20389
1.20481
1.19762
1.20356
1.20379
1.2039
1.20393
1.20395
1.20394
1.20392
1.20393
1.20399
1.20407
1.20414
1.2042
1.20422
1.20413
1.20397
1.20385
1.20385
1.2039
1.20454
1.20075
1.20353
1.20377
1.20386
1.20389
1.20392
1.20394
1.20392
1.20393
1.20398
1.20406
1.20414
1.20416
1.20403
1.20387
1.20373
1.20362
1.20365
1.20389
1.20393
1.20218
1.20352
1.20375
1.20381
1.20383
1.20388
1.20392
1.20394
1.20398
1.20403
1.20405
1.20401
1.2039
1.20375
1.20362
1.20349
1.2034
1.20348
1.20375
1.20326
1.20285
1.20351
1.20373
1.20376
1.20376
1.2038
1.20387
1.20392
1.20394
1.20391
1.20383
1.20368
1.2035
1.20335
1.20326
1.20323
1.20323
1.20333
1.2036
1.20368
1.20521
1.20351
1.2037
1.20371
1.20367
1.20369
1.20373
1.20375
1.2037
1.20359
1.2034
1.20318
1.20302
1.20294
1.20291
1.20295
1.20306
1.20318
1.20368
1.20476
1.20687
1.2035
1.20367
1.20366
1.20359
1.20354
1.20352
1.20347
1.20335
1.20315
1.20295
1.20284
1.20278
1.20273
1.20271
1.20274
1.20288
1.20306
1.20363
1.20501
1.20678
1.20349
1.20363
1.20361
1.20352
1.20341
1.20331
1.20319
1.20301
1.20284
1.20276
1.20275
1.20267
1.20257
1.20251
1.20255
1.20271
1.20293
1.20341
1.20472
1.20618
1.20347
1.20358
1.20356
1.20348
1.20331
1.20315
1.20298
1.20281
1.20272
1.20274
1.20264
1.20248
1.20236
1.20228
1.2023
1.20251
1.2028
1.2032
1.20431
1.20561
1.20344
1.20352
1.20351
1.20346
1.20327
1.20305
1.20286
1.20274
1.20272
1.20268
1.20241
1.20224
1.20223
1.20221
1.20213
1.20229
1.20266
1.20303
1.20396
1.20513
1.20342
1.20345
1.20345
1.20344
1.20327
1.20301
1.20282
1.20273
1.20271
1.20246
1.20211
1.20207
1.20224
1.20233
1.20212
1.20213
1.20253
1.20291
1.20368
1.20476
1.20339
1.20339
1.20338
1.20341
1.20329
1.20302
1.20283
1.20275
1.2026
1.20213
1.20184
1.20191
1.2022
1.20239
1.20216
1.20203
1.20242
1.20282
1.20348
1.20449
1.20336
1.20333
1.2033
1.20337
1.20329
1.20306
1.20287
1.20273
1.20235
1.20182
1.20157
1.20167
1.20202
1.2022
1.20205
1.20193
1.20234
1.20274
1.20332
1.20427
1.20334
1.20328
1.20323
1.2033
1.20327
1.20309
1.20289
1.20263
1.20211
1.20157
1.2013
1.20144
1.2018
1.2019
1.2018
1.20186
1.20228
1.20267
1.20318
1.20407
1.20331
1.20323
1.20317
1.20322
1.20322
1.20308
1.20287
1.20253
1.20198
1.20143
1.20115
1.20128
1.20165
1.20174
1.20161
1.2018
1.20219
1.20256
1.20306
1.20392
1.20329
1.20319
1.20311
1.20313
1.20313
1.20304
1.20284
1.2025
1.20199
1.20149
1.20119
1.20123
1.20156
1.20179
1.20164
1.20171
1.20208
1.20248
1.20305
1.20388
1.20327
1.20315
1.20306
1.20304
1.20303
1.20297
1.20284
1.20258
1.20217
1.20174
1.20144
1.20133
1.2015
1.20189
1.20208
1.20202
1.20223
1.20266
1.2032
1.20378
1.20325
1.20312
1.20305
1.20299
1.20295
1.20292
1.20288
1.20275
1.20247
1.2021
1.20184
1.20168
1.20158
1.20172
1.2021
1.20241
1.20259
1.20272
1.20278
1.203
1.20323
1.20311
1.20307
1.20303
1.20298
1.20294
1.20292
1.2029
1.2028
1.2025
1.20223
1.20217
1.20202
1.20176
1.20167
1.20161
1.20131
1.20076
1.20039
1.20073
1.2032
1.20307
1.20305
1.20303
1.203
1.20298
1.20295
1.20295
1.20295
1.20284
1.20246
1.2025
1.2026
1.20225
1.2017
1.20099
1.20025
1.19965
1.19941
1.19951
1.20318
1.20306
1.20304
1.20305
1.20306
1.20305
1.20305
1.20308
1.2031
1.20309
1.20291
1.20281
1.20286
1.20307
1.20295
1.20255
1.20224
1.20195
1.20156
1.20089
1.19916
1.20699
1.20635
1.20584
1.20559
1.20548
1.20539
1.20524
1.20507
1.205
1.20499
1.20493
1.20477
1.20452
1.20435
1.20432
1.20432
1.20432
1.20432
1.20432
1.19936
1.20651
1.20606
1.20565
1.20546
1.20539
1.20534
1.20524
1.20509
1.205
1.20498
1.20493
1.20477
1.20452
1.20435
1.20432
1.20432
1.20432
1.20432
1.20432
1.19935
1.206
1.20545
1.20525
1.2052
1.2052
1.20523
1.20521
1.2051
1.205
1.20497
1.20493
1.20476
1.2045
1.20435
1.20432
1.20431
1.20431
1.20431
1.20431
1.19924
1.20567
1.20483
1.20485
1.2049
1.20495
1.20505
1.20513
1.20509
1.205
1.20496
1.20491
1.20473
1.20447
1.20433
1.20431
1.20431
1.20431
1.20431
1.20431
1.19911
1.20543
1.20448
1.2046
1.20465
1.20472
1.20486
1.20501
1.20506
1.205
1.20495
1.20489
1.20468
1.20442
1.20432
1.20431
1.20431
1.20431
1.20431
1.20431
1.19896
1.20529
1.20431
1.20446
1.20448
1.20454
1.20468
1.20488
1.205
1.20498
1.20493
1.20485
1.20461
1.20438
1.20432
1.20431
1.20431
1.20431
1.20431
1.20431
1.19881
1.2052
1.20424
1.20439
1.20439
1.20444
1.20455
1.20476
1.20493
1.20495
1.20492
1.20481
1.20454
1.20435
1.20431
1.20431
1.20431
1.20431
1.20431
1.20431
1.19866
1.20514
1.20421
1.20436
1.20435
1.20439
1.20447
1.20466
1.20486
1.20492
1.20489
1.20475
1.20447
1.20433
1.20431
1.20431
1.20431
1.20431
1.20431
1.20431
1.19851
1.2051
1.2042
1.20435
1.20434
1.20437
1.20443
1.20459
1.20479
1.20488
1.20487
1.20468
1.20441
1.20431
1.20431
1.20431
1.20431
1.20431
1.20431
1.20431
1.19837
1.20507
1.20419
1.20435
1.20433
1.20437
1.20442
1.20454
1.20474
1.20484
1.20483
1.2046
1.20437
1.20431
1.20431
1.20431
1.20431
1.20431
1.20431
1.20431
1.19823
1.20504
1.20419
1.20434
1.20434
1.20437
1.20441
1.20452
1.2047
1.20481
1.20479
1.20453
1.20434
1.20431
1.20431
1.20431
1.20431
1.20431
1.20431
1.20431
1.1981
1.20503
1.20419
1.20434
1.20434
1.20438
1.20442
1.20451
1.20467
1.20479
1.20474
1.20447
1.20432
1.20431
1.20431
1.20431
1.20431
1.20431
1.20431
1.20431
1.19798
1.20501
1.20419
1.20434
1.20434
1.20438
1.20443
1.20451
1.20465
1.20476
1.20468
1.20442
1.20431
1.20431
1.20431
1.20431
1.20431
1.20431
1.20431
1.20431
1.19786
1.20501
1.20419
1.20434
1.20434
1.20439
1.20445
1.20452
1.20465
1.20474
1.20461
1.20437
1.2043
1.20431
1.20431
1.20431
1.20431
1.20431
1.20431
1.20431
1.19776
1.205
1.20419
1.20434
1.20434
1.2044
1.20446
1.20454
1.20465
1.20471
1.20455
1.20434
1.2043
1.20431
1.20431
1.20431
1.20431
1.20431
1.20431
1.20431
1.19767
1.205
1.20419
1.20434
1.20434
1.2044
1.20448
1.20456
1.20465
1.20467
1.20449
1.20432
1.2043
1.20431
1.20431
1.20431
1.20431
1.20431
1.20431
1.20431
1.19759
1.20499
1.20419
1.20434
1.20434
1.20441
1.20449
1.20457
1.20465
1.20463
1.20444
1.20431
1.2043
1.20431
1.20431
1.20431
1.20431
1.2043
1.2043
1.2043
1.19753
1.20499
1.20419
1.20434
1.20434
1.2044
1.20449
1.20458
1.20464
1.20457
1.20439
1.2043
1.2043
1.20431
1.2043
1.2043
1.2043
1.2043
1.2043
1.2043
1.19752
1.20497
1.2042
1.20433
1.20434
1.2044
1.20449
1.20458
1.20461
1.20452
1.20436
1.2043
1.2043
1.20431
1.2043
1.2043
1.2043
1.2043
1.2043
1.2043
1.19729
1.20494
1.20421
1.20433
1.20433
1.20439
1.20448
1.20456
1.20457
1.20447
1.20433
1.2043
1.2043
1.2043
1.2043
1.2043
1.2043
1.2043
1.2043
1.2043
1.20076
1.20481
1.20424
1.20433
1.20433
1.20437
1.20443
1.20447
1.20445
1.20437
1.20431
1.2043
1.2043
1.2043
1.2043
1.2043
1.2043
1.2043
1.2043
1.2043
1.20262
1.20452
1.20429
1.20432
1.20431
1.20432
1.20435
1.20436
1.20434
1.20431
1.2043
1.2043
1.20431
1.20431
1.2043
1.2043
1.2043
1.2043
1.2043
1.2043
1.20333
1.20437
1.20431
1.20432
1.2043
1.2043
1.20431
1.20431
1.2043
1.2043
1.2043
1.20431
1.2043
1.20428
1.20425
1.2042
1.20417
1.20419
1.20426
1.2043
1.20363
1.20429
1.2043
1.20431
1.2043
1.20429
1.20429
1.2043
1.20429
1.20429
1.20429
1.20427
1.20421
1.20409
1.20387
1.20359
1.20342
1.20351
1.20386
1.20424
1.20376
1.20418
1.20424
1.20428
1.2043
1.20429
1.20428
1.20428
1.20428
1.20427
1.20424
1.20416
1.20401
1.2037
1.20322
1.20272
1.20249
1.20269
1.20324
1.20402
1.20378
1.204
1.20406
1.20415
1.20424
1.20428
1.20427
1.20426
1.20425
1.20422
1.20417
1.20404
1.20378
1.2033
1.20261
1.20202
1.20184
1.20207
1.20274
1.20381
1.20369
1.20367
1.20365
1.20373
1.20394
1.20412
1.20421
1.20424
1.20422
1.20419
1.20412
1.20397
1.20363
1.20299
1.20216
1.20156
1.20139
1.20159
1.20231
1.20359
1.20338
1.20314
1.203
1.20306
1.20334
1.20361
1.20383
1.20405
1.20417
1.20418
1.20412
1.20396
1.20357
1.20281
1.20187
1.20127
1.20108
1.20124
1.20194
1.20339
1.20283
1.20244
1.20229
1.20243
1.20275
1.20301
1.20323
1.20351
1.20381
1.20405
1.20411
1.20399
1.20359
1.20273
1.20169
1.20109
1.20089
1.20098
1.20159
1.20318
1.20214
1.20179
1.20185
1.20215
1.20245
1.2027
1.20293
1.20316
1.20341
1.20371
1.20399
1.20401
1.20362
1.20269
1.20157
1.20098
1.20081
1.20082
1.20125
1.20293
1.20161
1.2015
1.20183
1.20219
1.20246
1.20266
1.20285
1.20307
1.20333
1.20358
1.20384
1.20397
1.20362
1.20264
1.20148
1.20093
1.20082
1.20075
1.20096
1.20264
1.20143
1.20159
1.20197
1.20222
1.20232
1.20235
1.20243
1.20268
1.20308
1.2035
1.20379
1.2039
1.20355
1.20254
1.20137
1.2009
1.2009
1.20077
1.20073
1.20235
1.20146
1.20172
1.20193
1.20195
1.20178
1.20159
1.20156
1.20184
1.20239
1.20303
1.20357
1.20372
1.20336
1.20233
1.20123
1.2009
1.20101
1.20084
1.20061
1.2021
1.20139
1.20172
1.20171
1.20149
1.20107
1.20069
1.20055
1.20079
1.20145
1.20228
1.20298
1.2033
1.20297
1.20201
1.20109
1.20093
1.20111
1.20088
1.20056
1.20187
1.20101
1.20165
1.20151
1.20117
1.20066
1.2002
1.19996
1.19999
1.20053
1.2015
1.2022
1.20265
1.20243
1.20165
1.20099
1.20098
1.20113
1.20088
1.20055
1.20172
1.20023
1.20152
1.20145
1.20121
1.20084
1.20052
1.20016
1.19987
1.19997
1.20086
1.20161
1.202
1.20188
1.20134
1.20093
1.20102
1.2011
1.20088
1.20054
1.20154
1.19948
1.20133
1.20147
1.20136
1.20122
1.20096
1.20046
1.20018
1.20011
1.20051
1.20133
1.20153
1.20147
1.20112
1.20092
1.20101
1.20103
1.20085
1.20056
1.20138
1.19965
1.20128
1.20141
1.20131
1.20111
1.20069
1.20034
1.2004
1.20063
1.20069
1.20129
1.20126
1.20121
1.201
1.20091
1.20094
1.20093
1.20078
1.20062
1.20135
1.2002
1.20118
1.20101
1.20068
1.20042
1.20039
1.20065
1.20111
1.20143
1.20127
1.20153
1.2014
1.20108
1.20091
1.20083
1.20081
1.20078
1.20078
1.20092
1.2016
1.19989
1.20072
1.2012
1.20139
1.20173
1.20212
1.20249
1.20266
1.20252
1.20219
1.20219
1.20213
1.20181
1.20162
1.20152
1.20144
1.20159
1.2017
1.20187
1.20213
)
;

boundaryField
{
    left_open
    {
        type            calculated;
        value           nonuniform List<scalar> 
40
(
1.2053
1.20517
1.20489
1.20456
1.20426
1.20405
1.20392
1.20384
1.20379
1.20376
1.20374
1.20372
1.2037
1.20368
1.20366
1.20365
1.20363
1.20361
1.2036
1.20358
1.20356
1.20352
1.20351
1.20351
1.20351
1.2035
1.20348
1.20347
1.20344
1.20342
1.20339
1.20336
1.20334
1.20331
1.20329
1.20327
1.20325
1.20323
1.2032
1.20318
)
;
    }
    right_open
    {
        type            calculated;
        value           nonuniform List<scalar> 
40
(
1.20432
1.20432
1.20431
1.20431
1.20431
1.20431
1.20431
1.20431
1.20431
1.20431
1.20431
1.20431
1.20431
1.20431
1.20431
1.20431
1.2043
1.2043
1.2043
1.2043
1.2043
1.2043
1.2043
1.20429
1.20429
1.20381
1.20428
1.20428
1.20319
1.20428
1.20427
1.20427
1.20427
1.20189
1.20426
1.20426
1.20141
1.20136
1.20425
1.20214
)
;
    }
    base_side
    {
        type            calculated;
        value           nonuniform List<scalar> 
40
(
1.2053
1.20549
1.20553
1.20559
1.20563
1.20567
1.20571
1.20574
1.20577
1.20581
1.20586
1.20593
1.20602
1.20611
1.20617
1.20623
1.20636
1.20664
1.20723
1.19893
1.19916
1.20699
1.20635
1.20584
1.2056
1.20548
1.20539
1.20524
1.20507
1.205
1.20499
1.20493
1.20477
1.20452
1.20435
1.20432
1.20432
1.20432
1.20432
1.20432
)
;
    }
    top
    {
        type            calculated;
        value           nonuniform List<scalar> 
65
(
1.20318
1.20306
1.20304
1.20425
1.20425
1.20305
1.20305
1.20308
1.2031
1.20309
1.20292
1.20281
1.20286
1.20307
1.20297
1.20258
1.20425
1.20196
1.20425
1.20425
1.20425
1.20425
1.20425
1.20425
1.20425
1.1991
1.19894
1.1988
1.20425
1.20425
1.19867
1.20425
1.20425
1.20425
1.19845
1.19829
1.19817
1.20425
1.20425
1.20425
1.19781
1.19784
1.20425
1.1984
1.19879
1.20425
1.20078
1.20425
1.2014
1.20425
1.20425
1.20248
1.20266
1.20252
1.20219
1.2022
1.20214
1.20425
1.20164
1.20425
1.20146
1.20161
1.2017
1.20188
1.20214
)
;
    }
    front
    {
        type            empty;
    }
    back
    {
        type            empty;
    }
    air_to_aluminum
    {
        type            calculated;
        value           nonuniform List<scalar> 
129
(
1.15083
1.15086
1.15091
1.15099
1.15056
1.15037
1.1502
1.15006
1.15006
1.1502
1.15037
1.15056
1.15083
1.15086
1.15091
1.15099
1.15109
1.151
1.1512
1.15115
1.15132
1.15129
1.15142
1.15141
1.15153
1.15151
1.15162
1.15161
1.15171
1.1517
1.15179
1.15178
1.15186
1.15185
1.15192
1.15191
1.15197
1.15197
1.15202
1.15201
1.15205
1.15205
1.15208
1.15207
1.1521
1.15209
1.15211
1.15211
1.15211
1.1521
1.1521
1.1521
1.1501
1.15022
1.15033
1.15043
1.15053
1.15062
1.1507
1.15077
1.15084
1.1509
1.15095
1.15099
1.15102
1.15105
1.15106
1.15107
1.15107
1.15107
1.15107
1.15107
1.15107
1.15107
1.1501
1.15022
1.15033
1.15043
1.15053
1.15062
1.1507
1.15077
1.15084
1.1509
1.15095
1.15099
1.15102
1.15105
1.15106
1.15107
1.15107
1.15107
1.15107
1.151
1.15115
1.15129
1.15141
1.15151
1.15161
1.1517
1.15178
1.15185
1.15191
1.15197
1.15201
1.15205
1.15207
1.15209
1.1521
1.15109
1.1512
1.15131
1.15142
1.15152
1.15162
1.15171
1.15179
1.15186
1.15192
1.15197
1.15202
1.15205
1.15208
1.1521
1.1521
1.1521
1.15211
1.15211
1.15211
)
;
    }
}


// ************************************************************************* //
