/*--------------------------------*- C++ -*----------------------------------*\
| =========                 |                                                 |
| \\      /  F ield         | OpenFOAM: The Open Source CFD Toolbox           |
|  \\    /   O peration     | Version:                                        |
|   \\  /    A nd           | Website:  www.openfoam.com                      |
|    \\/     M anipulation  |                                                 |
\*---------------------------------------------------------------------------*/
FoamFile
{
    version     2.0;
    format      ascii;
    class       surfaceScalarField;
    location    "1864.5/air";
    object      phi;
}
// * * * * * * * * * * * * * * * * * * * * * * * * * * * * * * * * * * * * * //

dimensions      [1 0 -1 0 0 0 0];
oriented        oriented;


internalField   nonuniform List<scalar> 
4299
(
6.77237e-08
-6.77106e-08
1.07772e-07
-4.00353e-08
7.30681e-08
3.47164e-08
7.30812e-08
5.92707e-08
-1.26969e-07
1.10625e-07
-9.1378e-08
7.54385e-08
6.99139e-08
1.48532e-07
3.15553e-08
-1.58512e-07
7.27892e-08
-1.32603e-07
5.34518e-08
8.9261e-08
2.01996e-07
9.16609e-09
-1.67667e-07
4.56044e-08
-1.69032e-07
4.12481e-08
9.3626e-08
2.43255e-07
-8.73765e-09
-1.58915e-07
3.29965e-08
-2.1075e-07
4.26099e-08
8.40259e-08
2.85878e-07
-2.7038e-08
-1.31852e-07
2.92661e-08
-2.67009e-07
5.45904e-08
5.87354e-08
3.40487e-07
-4.69272e-08
-8.48766e-08
2.84195e-08
-3.42254e-07
7.38801e-08
1.33537e-08
4.14401e-07
-7.36012e-08
-1.12058e-08
2.47788e-08
-4.40483e-07
9.97123e-08
-6.145e-08
5.14165e-07
-1.18725e-07
1.07574e-07
7.12215e-09
-5.66247e-07
1.38893e-07
-1.93128e-07
6.53109e-07
-2.1559e-07
3.23113e-07
-5.41863e-08
-7.27926e-07
1.96656e-07
-4.44211e-07
8.4974e-07
-3.84028e-07
7.06855e-07
-2.06593e-07
-9.06376e-07
2.39384e-07
-8.91297e-07
1.08889e-06
-5.75051e-07
1.28133e-06
-4.37305e-07
-1.04589e-06
1.9323e-07
-1.52391e-06
1.28161e-06
-6.22743e-07
1.9034e-06
-5.25325e-07
-1.14486e-06
1.03837e-07
-2.15477e-06
1.38496e-06
-3.73262e-07
2.27611e-06
-1.07486e-07
-1.41065e-06
1.6644e-07
-2.42797e-06
1.55161e-06
1.73771e-07
2.102e-06
6.83452e-07
-1.91815e-06
3.31065e-07
-2.07126e-06
1.88446e-06
8.17986e-07
1.28435e-06
1.25131e-06
-2.34669e-06
3.21164e-07
-1.13292e-06
2.2092e-06
-7.03876e-08
7.04009e-08
-1.06951e-07
3.6577e-08
-6.99364e-08
-3.70015e-08
-6.9923e-08
-7.01124e-08
1.40527e-07
-1.08569e-07
7.50473e-08
-6.32718e-08
-8.22857e-08
-1.33181e-07
-4.36894e-08
1.84229e-07
-6.83278e-08
9.96992e-08
-3.84305e-08
-1.1217e-07
-1.71599e-07
-2.35766e-08
2.07819e-07
-3.69752e-08
1.13111e-07
-2.01897e-08
-1.28942e-07
-1.91775e-07
-1.30066e-08
2.20839e-07
-1.90237e-08
1.19142e-07
-8.87346e-09
-1.39079e-07
-2.00635e-07
-9.57851e-09
2.30431e-07
-1.06302e-08
1.20207e-07
-1.92929e-09
-1.47766e-07
-2.02551e-07
-1.13554e-08
2.418e-07
-8.22249e-09
1.17087e-07
3.59846e-09
-1.59574e-07
-1.98939e-07
-1.81252e-08
2.59938e-07
-9.97754e-09
1.08953e-07
1.00582e-08
-1.79596e-07
-1.88868e-07
-3.07664e-08
2.90718e-07
-1.50017e-08
9.32032e-08
1.93532e-08
-2.13935e-07
-1.695e-07
-5.04051e-08
3.41138e-07
-2.13893e-08
6.42056e-08
3.47399e-08
-2.70043e-07
-1.34744e-07
-7.65974e-08
4.17752e-07
-2.25553e-08
1.01863e-08
6.17902e-08
-3.54361e-07
-7.29355e-08
-1.03788e-07
5.21557e-07
-2.59776e-09
-9.09869e-08
1.09037e-07
-4.65973e-07
3.61173e-08
-1.11979e-07
6.33542e-07
6.37591e-08
-2.66764e-07
1.81621e-07
-5.83865e-07
2.17733e-07
-4.14033e-08
6.74923e-07
2.0607e-07
-5.14442e-07
2.65281e-07
-6.43226e-07
4.82962e-07
9.67148e-08
5.78064e-07
3.16627e-07
-7.34841e-07
2.10556e-07
-5.37397e-07
6.93443e-07
1.13192e-07
4.64307e-07
-6.56528e-08
-5.56725e-07
-2.3031e-07
-3.72843e-07
4.63256e-07
1.53019e-05
6.35541e-06
-2.16612e-05
9.72797e-06
5.56508e-06
4.98402e-06
4.73745e-06
2.7833e-06
2.2243e-06
1.15251e-05
7.8568e-06
-1.30348e-05
8.5701e-06
8.49451e-06
4.53921e-06
8.74471e-06
7.89698e-06
-5.57736e-07
-2.18631e-06
8.69985e-06
1.31222e-06
-3.66833e-06
9.94644e-06
-5.87052e-06
1.09426e-05
1.16687e-05
-9.62482e-06
-1.23348e-05
8.57432e-06
1.24631e-05
-1.24816e-05
1.01111e-05
-1.30493e-05
1.15433e-05
1.24711e-05
-1.38163e-05
-1.64358e-05
7.24229e-06
1.78218e-05
-1.49886e-05
8.72869e-06
-1.31342e-05
9.75777e-06
9.96905e-06
-1.05671e-05
-1.5379e-05
5.17967e-06
1.74879e-05
-1.27413e-05
6.14524e-06
-9.42971e-06
6.50267e-06
6.26274e-06
-5.67117e-06
-1.26816e-05
3.6338e-06
1.42355e-05
-1.06307e-05
4.10531e-06
-8.27316e-06
4.15612e-06
3.99386e-06
-5.99592e-06
-1.10149e-05
3.23236e-06
1.14133e-05
-1.03492e-05
3.43632e-06
-9.61125e-06
3.41477e-06
3.35183e-06
-8.97267e-06
-1.02678e-05
3.57698e-06
9.92165e-06
-1.0391e-05
3.55776e-06
-1.03933e-05
3.41529e-06
3.27511e-06
-1.03181e-05
-1.21926e-05
4.05415e-06
1.17139e-05
-1.24247e-05
3.78817e-06
-1.24933e-05
3.48219e-06
3.2146e-06
-1.24345e-05
-1.86687e-05
4.27123e-06
1.84498e-05
-1.86102e-05
3.72817e-06
-1.84015e-05
3.27226e-06
2.90356e-06
-1.80916e-05
-2.58782e-05
4.75138e-06
2.53916e-05
-2.58334e-05
3.67967e-06
-2.53789e-05
2.81596e-06
2.1885e-06
-2.46643e-05
-2.33972e-05
6.00308e-06
2.21311e-05
-2.4347e-05
4.61328e-06
-2.48937e-05
3.34822e-06
2.24785e-06
-2.49624e-05
-9.77375e-06
6.8149e-06
8.95967e-06
-1.07511e-05
5.58558e-06
-1.18179e-05
4.40738e-06
3.27974e-06
-1.28606e-05
5.46015e-06
6.83457e-06
-5.47499e-06
5.26227e-06
5.78742e-06
4.88174e-06
4.79027e-06
3.89846e-06
4.26334e-06
1.7348e-05
6.37323e-06
-1.68873e-05
1.76214e-05
5.51309e-06
1.7711e-05
4.69929e-06
3.98188e-06
1.76258e-05
2.51811e-05
5.58232e-06
-2.43959e-05
2.57782e-05
4.9106e-06
2.61872e-05
4.28547e-06
3.73505e-06
2.64303e-05
2.89305e-05
4.41405e-06
-2.77638e-05
2.9912e-05
3.92833e-06
3.0706e-05
3.49173e-06
3.11243e-06
3.13299e-05
2.9361e-05
2.31617e-06
-2.72581e-05
3.13492e-05
1.94518e-06
3.31569e-05
1.68914e-06
1.55379e-06
3.47207e-05
3.16845e-05
-2.94748e-05
3.38408e-05
3.57274e-05
3.7549e-05
1.76215e-06
1.78468e-06
-2.61477e-06
2.0719e-06
-7.98547e-06
4.29214e-06
4.20659e-06
-9.97841e-06
-7.01956e-06
8.2736e-06
-1.40537e-05
9.1178e-06
-1.76763e-05
7.90066e-06
5.01712e-06
-1.85395e-05
-1.36868e-05
1.23485e-05
-1.59241e-05
1.13471e-05
-1.62242e-05
8.16452e-06
4.48567e-06
-1.574e-05
-1.35881e-05
1.21447e-05
-1.21088e-05
9.86983e-06
-1.02779e-05
6.31509e-06
3.06027e-06
-8.87214e-06
-7.28126e-06
8.91072e-06
-4.0401e-06
6.65935e-06
-1.76151e-06
4.04847e-06
2.05059e-06
-7.47984e-07
-2.11982e-06
5.39953e-06
3.70323e-07
4.19229e-06
1.33336e-06
3.09404e-06
2.40891e-06
9.76338e-07
-4.28288e-06
3.69017e-06
-3.45872e-06
3.36767e-06
-3.49009e-06
3.12313e-06
2.96808e-06
-4.05156e-06
-8.54665e-06
3.26103e-06
-8.33798e-06
3.15663e-06
-8.25673e-06
3.04036e-06
2.90727e-06
-8.19676e-06
-1.01792e-05
3.12102e-06
-9.97529e-06
2.95189e-06
-9.70261e-06
2.76709e-06
2.57104e-06
-9.36686e-06
-1.22748e-05
2.95961e-06
-1.20332e-05
2.70869e-06
-1.17254e-05
2.45781e-06
2.20886e-06
-1.13647e-05
-1.77216e-05
2.58858e-06
-1.73142e-05
2.30045e-06
-1.68779e-05
2.02071e-06
1.74152e-06
-1.64113e-05
-2.38611e-05
1.78556e-06
-2.30776e-05
1.51726e-06
-2.23581e-05
1.30156e-06
1.08518e-06
-2.17016e-05
-2.45122e-05
1.33142e-06
-2.3658e-05
6.62539e-07
-2.26732e-05
3.1751e-07
2.28011e-07
-2.18151e-05
-1.37102e-05
2.16863e-06
-1.42331e-05
1.17626e-06
-1.43841e-05
4.65077e-07
-2.50466e-08
-1.41309e-05
3.32385e-06
3.10671e-06
2.1247e-06
2.37381e-06
9.51307e-07
1.63805e-06
8.97053e-07
3.00289e-08
1.73519e-05
3.37906e-06
1.68602e-05
2.86506e-06
1.61221e-05
2.37822e-06
1.8724e-06
1.51516e-05
2.65374e-05
3.26967e-06
2.65254e-05
2.87686e-06
2.63822e-05
2.52397e-06
2.17291e-06
2.6087e-05
3.18208e-05
2.78137e-06
3.22e-05
2.50161e-06
3.24761e-05
2.25302e-06
2.00798e-06
3.26472e-05
3.62178e-05
1.28933e-06
3.75672e-05
1.15725e-06
3.87016e-05
1.12357e-06
1.27879e-06
3.94354e-05
3.90762e-05
4.04786e-05
4.12833e-05
4.18086e-05
-1.12814e-05
1.28383e-06
-1.20306e-05
7.2386e-07
3.08954e-07
-1.23646e-05
-1.87829e-05
1.4933e-06
-1.89983e-05
9.10696e-07
5.19902e-07
-1.92301e-05
-1.5604e-05
1.33815e-06
-1.54863e-05
7.80317e-07
4.05997e-07
-1.53801e-05
-8.36583e-06
8.25551e-07
-7.95967e-06
3.70771e-07
9.56934e-08
-7.65084e-06
-6.11133e-07
6.8991e-07
-7.22192e-07
4.82589e-07
3.97722e-07
-1.02374e-06
4.4835e-07
1.21749e-06
-2.44516e-07
1.17473e-06
1.16815e-06
-1.01574e-06
-4.4599e-06
1.62476e-06
-4.87834e-06
1.59229e-06
1.55905e-06
-5.26994e-06
-8.15589e-06
1.58361e-06
-8.09287e-06
1.52908e-06
1.47165e-06
-8.00558e-06
-9.15956e-06
1.37605e-06
-8.93953e-06
1.3088e-06
1.24192e-06
-8.71006e-06
-1.11413e-05
1.15183e-06
-1.09068e-05
1.07356e-06
9.95936e-07
-1.06615e-05
-1.61205e-05
8.6068e-07
-1.58211e-05
7.73937e-07
6.86577e-07
-1.5512e-05
-2.13369e-05
4.96011e-07
-2.09807e-05
4.17855e-07
3.3637e-07
-2.06304e-05
-2.14217e-05
1.03081e-07
-2.10791e-05
7.55719e-08
3.38723e-08
-2.07762e-05
-1.3901e-05
-1.26137e-07
-1.36573e-05
-1.67418e-07
-1.81199e-07
-1.34415e-05
-3.37162e-07
2.41761e-07
-6.05479e-07
1.01574e-07
1.35032e-08
-7.99654e-07
1.45552e-05
8.41876e-07
1.39814e-05
6.79136e-07
5.25446e-07
1.3473e-05
2.5859e-05
1.07375e-06
2.55874e-05
9.55031e-07
8.33553e-07
2.52836e-05
3.27183e-05
1.00646e-06
3.2756e-05
9.20986e-07
8.18539e-07
3.27747e-05
3.97651e-05
6.79154e-07
4.00457e-05
6.42693e-07
4.02989e-07
4.04633e-05
4.11233e-05
4.04245e-05
3.98993e-05
-1.24207e-05
4.8091e-08
-1.2447e-05
1.88682e-08
-7.38869e-09
-1.24465e-05
-1.93035e-05
1.15759e-07
-1.9388e-05
9.85418e-08
9.1364e-08
-1.9491e-05
-1.53533e-05
8.70514e-08
-1.53244e-05
6.79969e-08
5.80524e-08
-1.52925e-05
-7.57385e-06
9.83136e-09
-7.50373e-06
-2.23498e-09
-1.04405e-08
-7.43526e-06
-1.16395e-06
1.5018e-07
-1.31779e-06
1.51732e-07
1.52233e-07
-1.48035e-06
-1.27585e-06
4.10021e-07
-1.53621e-06
4.11823e-07
4.13858e-07
-1.79809e-06
-5.39871e-06
5.38578e-07
-5.52109e-06
5.34012e-07
5.29865e-07
-5.63728e-06
-7.97294e-06
5.0591e-07
-7.93704e-06
4.98091e-07
4.90088e-07
-7.89728e-06
-8.62902e-06
4.24783e-07
-8.54722e-06
4.16203e-07
4.07325e-07
-8.46454e-06
-1.05726e-05
3.35615e-07
-1.04829e-05
3.26214e-07
3.17013e-07
-1.03928e-05
-1.53973e-05
2.20745e-07
-1.52812e-05
2.10071e-07
1.99961e-07
-1.51642e-05
-2.05033e-05
9.37129e-08
-2.03766e-05
8.34003e-08
7.40639e-08
-2.02507e-05
-2.06761e-05
-6.36276e-09
-2.05793e-05
-1.31962e-08
-1.88396e-08
-2.04863e-05
-1.33825e-05
-6.51145e-08
-1.33282e-05
-6.72523e-08
-6.70382e-08
-1.32797e-05
-8.54016e-07
-1.06038e-08
-8.9963e-07
-2.15114e-08
-2.88782e-08
-9.37686e-07
1.33088e-05
1.54667e-07
1.31528e-05
1.35491e-07
1.19167e-07
1.30057e-05
2.51703e-05
2.69426e-07
2.50491e-05
2.58061e-07
2.43825e-07
2.49258e-05
3.27817e-05
2.63602e-07
3.27853e-05
2.55668e-07
2.43566e-07
3.27867e-05
4.05835e-05
1.43994e-07
4.07423e-05
9.75452e-08
1.21288e-07
4.08652e-05
4.0014e-05
4.01606e-05
4.02693e-05
-1.23257e-05
-1.37199e-07
-1.21456e-05
-1.92453e-07
-1.70469e-07
-1.19841e-05
-1.98977e-05
2.60243e-07
-2.03287e-05
2.3216e-07
2.48714e-07
-2.07524e-05
-1.51693e-05
1.34063e-07
-1.50439e-05
1.04822e-07
1.19343e-07
-1.49158e-05
-7.25514e-06
-4.57061e-08
-7.13196e-06
-1.7695e-08
4.46828e-08
-7.05648e-06
-1.9578e-06
4.32014e-07
-2.4764e-06
5.01155e-07
5.84864e-07
-3.01636e-06
-2.56061e-06
1.1939e-06
-3.26765e-06
1.20765e-06
1.21672e-06
-3.89996e-06
-5.92613e-06
1.48233e-06
-6.15776e-06
1.43897e-06
1.39115e-06
-6.33241e-06
-7.75807e-06
1.34309e-06
-7.59905e-06
1.27995e-06
1.21646e-06
-7.42436e-06
-8.2227e-06
1.101e-06
-7.97737e-06
1.03438e-06
9.69176e-07
-7.73034e-06
-1.0134e-05
8.4154e-07
-9.86763e-06
7.67413e-07
6.94942e-07
-9.59396e-06
-1.48356e-05
5.12768e-07
-1.44958e-05
4.27382e-07
3.42655e-07
-1.41436e-05
-1.99036e-05
1.65783e-07
-1.95496e-05
7.34253e-08
-1.24283e-08
-1.91944e-05
-2.02436e-05
-7.66082e-08
-2.00209e-05
-1.48972e-07
-2.30955e-07
-1.98021e-05
-1.31661e-05
-1.8965e-07
-1.31011e-05
-2.1329e-07
-2.56052e-07
-1.30755e-05
-1.01149e-06
-1.15658e-07
-1.08452e-06
-1.40172e-07
-1.65306e-07
-1.17522e-06
1.26367e-05
2.55148e-07
1.23284e-05
1.69119e-07
9.5741e-08
1.20675e-05
2.4585e-05
5.99494e-07
2.42747e-05
4.82119e-07
3.70528e-07
2.40018e-05
3.27712e-05
6.17998e-07
3.27602e-05
4.9573e-07
3.79973e-07
3.27528e-05
4.1206e-05
2.78814e-07
4.1509e-05
1.94157e-07
1.39192e-07
4.1751e-05
4.06124e-05
4.09558e-05
4.12769e-05
-1.13869e-05
-1.42487e-07
-1.21475e-05
2.00763e-07
-1.33505e-05
8.29105e-07
1.51326e-06
-1.44014e-05
-2.14926e-05
5.92507e-07
-2.21267e-05
8.31706e-07
-2.24517e-05
1.15187e-06
1.50062e-06
-2.24407e-05
-1.4641e-05
3.16292e-07
-1.43347e-05
5.24944e-07
-1.39537e-05
7.70788e-07
1.009e-06
-1.34617e-05
-7.02516e-06
2.8652e-07
-7.10252e-06
6.03753e-07
-7.23597e-06
9.05495e-07
1.15145e-06
-7.37743e-06
-3.96211e-06
1.2326e-06
-4.80895e-06
1.45083e-06
-5.50647e-06
1.60317e-06
1.68497e-06
-6.0399e-06
-4.82901e-06
2.16106e-06
-5.50893e-06
2.13037e-06
-5.96729e-06
2.06131e-06
1.95947e-06
-6.24188e-06
-6.50548e-06
2.3339e-06
-6.5399e-06
2.1647e-06
-6.4669e-06
1.9883e-06
1.81025e-06
-6.31768e-06
-7.07985e-06
1.9894e-06
-6.71374e-06
1.7986e-06
-6.33848e-06
1.61302e-06
1.43336e-06
-5.96162e-06
-7.28545e-06
1.54408e-06
-6.84146e-06
1.3542e-06
-6.40118e-06
1.17236e-06
9.96846e-07
-5.96498e-06
-9.09164e-06
1.04084e-06
-8.56443e-06
8.26215e-07
-8.01475e-06
6.22041e-07
4.26522e-07
-7.44494e-06
-1.35031e-05
4.00172e-07
-1.28094e-05
1.32434e-07
-1.20692e-05
-1.18194e-07
-3.75412e-07
-1.12673e-05
-1.85597e-05
-2.34308e-07
-1.78717e-05
-5.5543e-07
-1.7096e-05
-8.93707e-07
-1.24321e-06
-1.62281e-05
-1.94183e-05
-6.17579e-07
-1.90194e-05
-9.53734e-07
-1.85757e-05
-1.33685e-06
-1.76132e-06
-1.80569e-05
-1.30902e-05
-6.01939e-07
-1.31577e-05
-8.85265e-07
-1.32363e-05
-1.25732e-06
-1.70535e-06
-1.32912e-05
-1.40791e-06
-3.69227e-07
-1.73539e-06
-5.57736e-07
-2.12992e-06
-8.62678e-07
-1.27797e-06
-2.55708e-06
1.16821e-05
1.50924e-08
1.132e-05
-1.97336e-07
1.09401e-05
-4.84587e-07
-8.49132e-07
1.05096e-05
2.36365e-05
3.8184e-07
2.33606e-05
7.79777e-08
2.31148e-05
-2.40474e-07
-5.95091e-07
2.28585e-05
3.27543e-05
3.82683e-07
3.28496e-05
-1.63303e-08
3.30038e-05
-3.94879e-07
-7.92718e-07
3.32005e-05
4.24165e-05
-2.81441e-07
4.28359e-05
-4.34816e-07
4.33676e-05
-9.26084e-07
-1.10646e-06
4.36808e-05
3.96025e-05
4.00923e-05
4.06757e-05
3.9052e-05
-1.65574e-05
2.15476e-06
-1.93596e-05
2.80127e-06
-2.28138e-05
3.4534e-06
3.95037e-06
-2.67648e-05
-2.21473e-05
1.86022e-06
-2.15194e-05
2.17269e-06
-2.04651e-05
2.39875e-06
2.43219e-06
-1.89471e-05
-1.281e-05
1.20913e-06
-1.1988e-05
1.35135e-06
-1.1019e-05
1.43028e-06
1.4122e-06
-9.99872e-06
-7.48993e-06
1.32235e-06
-7.55352e-06
1.41541e-06
-7.55969e-06
1.43671e-06
1.38347e-06
-7.53083e-06
-6.41732e-06
1.69983e-06
-6.66119e-06
1.65932e-06
-6.80309e-06
1.57865e-06
1.46938e-06
-6.88897e-06
-6.37526e-06
1.83318e-06
-6.40851e-06
1.69257e-06
-6.37667e-06
1.54682e-06
1.40269e-06
-6.30997e-06
-6.11959e-06
1.63511e-06
-5.89303e-06
1.46601e-06
-5.65084e-06
1.30461e-06
1.1526e-06
-5.40077e-06
-5.58641e-06
1.25986e-06
-5.21295e-06
1.09251e-06
-4.84069e-06
9.32306e-07
7.82694e-07
-4.47081e-06
-5.53162e-06
8.26233e-07
-5.09831e-06
6.58994e-07
-4.66203e-06
4.95869e-07
3.45371e-07
-4.2248e-06
-6.85919e-06
2.40102e-07
-6.26849e-06
6.8036e-08
-5.6553e-06
-1.17449e-07
-2.68755e-07
-5.04121e-06
-1.04039e-05
-6.23242e-07
-9.48287e-06
-8.53002e-07
-8.54702e-06
-1.05328e-06
-1.2073e-06
-7.60845e-06
-1.52594e-05
-1.59171e-06
-1.41938e-05
-1.91836e-06
-1.30506e-05
-2.19622e-06
-2.39647e-06
-1.18612e-05
-1.74316e-05
-2.21628e-06
-1.66699e-05
-2.67919e-06
-1.5753e-05
-3.11212e-06
-3.45395e-06
-1.46945e-05
-1.32887e-05
-2.21773e-06
-1.31844e-05
-2.78222e-06
-1.29187e-05
-3.37635e-06
-3.92727e-06
-1.24437e-05
-2.99089e-06
-1.78357e-06
-3.40781e-06
-2.36479e-06
-3.77035e-06
-3.01309e-06
-3.69203e-06
-4.0046e-06
1.0019e-05
-1.29421e-06
9.47478e-06
-1.82158e-06
8.88774e-06
-2.42678e-06
-3.12016e-06
8.31533e-06
2.25695e-05
-1.0074e-06
2.2244e-05
-1.49809e-06
2.18772e-05
-2.06167e-06
-2.72023e-06
2.14759e-05
3.34147e-05
-1.22294e-06
3.35973e-05
-1.68222e-06
3.36721e-05
-2.13795e-06
-2.59553e-06
3.35461e-05
4.36935e-05
-1.23677e-06
4.3577e-05
-1.56692e-06
4.31055e-05
-1.66703e-06
-1.75356e-06
4.22632e-05
3.74145e-05
3.57819e-05
3.58719e-05
3.57413e-05
1.43299e-06
2.75721e-09
1.40345e-06
2.95413e-08
1.30066e-06
1.02786e-07
1.08464e-06
2.16002e-07
7.65823e-07
3.18833e-07
4.07198e-07
3.58785e-07
1.0546e-07
3.02076e-07
-4.76974e-08
1.53437e-07
-3.60758e-08
-1.15085e-08
5.8014e-08
-9.40477e-08
1.19123e-07
-6.10748e-08
1.1698e-07
2.18428e-09
8.17047e-08
3.53274e-08
4.4839e-08
3.69251e-08
-4.79499e-09
4.96962e-08
-1.20944e-07
1.16203e-07
-4.04203e-07
2.83134e-07
-8.41097e-08
-3.20495e-07
1.76496e-06
-1.84897e-06
1.76522e-06
3.46007e-06
6.20692e-09
3.41867e-06
7.09427e-08
3.25844e-06
2.63006e-07
2.88151e-06
5.9293e-07
2.25127e-06
9.49067e-07
1.44367e-06
1.16649e-06
6.54518e-07
1.09154e-06
1.39227e-07
6.69042e-07
1.8473e-09
1.26021e-07
5.4745e-08
-1.46898e-07
9.16533e-08
-9.79515e-08
4.82383e-08
4.56358e-08
-2.37926e-08
1.07405e-07
-8.22044e-08
9.5393e-08
-1.32168e-07
9.9721e-08
-2.9094e-07
2.75026e-07
-6.86734e-07
6.78797e-07
-3.63973e-07
-6.43638e-07
2.29002e-06
-4.50281e-06
4.05555e-06
4.86632e-06
8.42993e-09
4.83182e-06
1.05446e-07
4.68242e-06
4.12406e-07
4.2983e-06
9.77048e-07
3.59053e-06
1.65683e-06
2.57675e-06
2.18032e-06
1.44745e-06
2.22107e-06
5.41231e-07
1.5756e-06
1.13842e-07
5.5363e-07
3.23476e-08
-6.53428e-08
3.66326e-10
-6.59433e-08
-7.98772e-08
1.2591e-07
-1.75899e-07
2.03467e-07
-2.35993e-07
1.55541e-07
-2.55825e-07
1.19617e-07
-2.74483e-07
2.93732e-07
-5.32866e-07
9.37079e-07
-3.43635e-07
-8.33178e-07
2.19688e-06
-7.04314e-06
6.25277e-06
5.80119e-06
8.41846e-09
5.78004e-06
1.26597e-07
5.66379e-06
5.28655e-07
5.33519e-06
1.30565e-06
4.67975e-06
2.31227e-06
3.6467e-06
3.21338e-06
2.34683e-06
3.5211e-06
1.11344e-06
2.80934e-06
3.35472e-07
1.3319e-06
5.02126e-08
2.20009e-07
-6.59329e-08
5.02213e-08
-1.96529e-07
2.56527e-07
-3.12565e-07
3.19538e-07
-3.7229e-07
2.15319e-07
-3.5276e-07
1.0015e-07
-1.64225e-07
1.05241e-07
-1.87727e-07
9.60537e-07
-1.39743e-08
-1.00712e-06
2.06894e-06
-9.12584e-06
8.32205e-06
6.38257e-06
5.62888e-09
6.37707e-06
1.32093e-07
6.29848e-06
6.07251e-07
6.04111e-06
1.56301e-06
5.49e-06
2.86338e-06
4.55113e-06
4.15224e-06
3.23419e-06
4.83813e-06
1.7908e-06
4.25304e-06
6.73339e-07
2.44974e-06
1.32721e-07
7.60773e-07
-9.43111e-08
2.77261e-07
-2.78622e-07
4.40848e-07
-4.2051e-07
4.61452e-07
-4.82171e-07
2.77029e-07
-4.2641e-07
4.44519e-08
-8.5317e-08
-2.35812e-07
1.84705e-07
6.90512e-07
2.83865e-07
-1.10634e-06
1.959e-06
-1.08007e-05
1.02814e-05
6.70484e-06
-3.64397e-10
6.71625e-06
1.20681e-07
6.67474e-06
6.48765e-07
6.48607e-06
1.75168e-06
6.04696e-06
3.3025e-06
5.25142e-06
4.94776e-06
4.02745e-06
6.06215e-06
2.50349e-06
5.77725e-06
1.1143e-06
3.83937e-06
2.92801e-07
1.58249e-06
-7.56e-08
6.4566e-07
-3.20733e-07
6.85977e-07
-4.93769e-07
6.34504e-07
-5.56703e-07
3.40006e-07
-4.7125e-07
-4.09392e-08
-8.13801e-08
-6.25635e-07
4.34423e-07
1.74731e-07
5.71906e-07
-1.24382e-06
1.85951e-06
-1.20881e-05
1.21412e-05
6.83736e-06
-1.00841e-08
6.86707e-06
9.09772e-08
6.86188e-06
6.53956e-07
6.73565e-06
1.8779e-06
6.39821e-06
3.63994e-06
5.75312e-06
5.59285e-06
4.68347e-06
7.13181e-06
3.19191e-06
7.269e-06
1.62798e-06
5.40372e-06
5.32294e-07
2.67847e-06
-7.60188e-09
1.18555e-06
-3.17413e-07
9.95766e-07
-5.21861e-07
8.38955e-07
-5.82259e-07
4.00441e-07
-4.73264e-07
-1.49869e-07
-1.05678e-07
-9.93157e-07
5.40483e-07
-4.71386e-07
8.01026e-07
-1.50432e-06
1.76918e-06
-1.30559e-05
1.39107e-05
6.82565e-06
-2.43331e-08
6.87563e-06
4.09995e-08
6.90752e-06
6.22069e-07
6.83971e-06
1.9457e-06
6.59116e-06
3.8885e-06
6.08334e-06
6.10067e-06
5.19015e-06
8.02499e-06
3.81337e-06
8.64591e-06
2.17734e-06
7.04016e-06
8.48083e-07
4.00807e-06
1.22131e-07
1.91151e-06
-2.62081e-07
1.37993e-06
-4.92538e-07
1.0694e-06
-5.44948e-07
4.52881e-07
-4.13808e-07
-2.80939e-07
-8.42928e-08
-1.32258e-06
6.04463e-07
-1.16006e-06
9.8559e-07
-1.88535e-06
1.69088e-06
-1.3761e-05
1.56018e-05
6.69607e-06
-4.41498e-08
6.76902e-06
-3.19504e-08
6.84068e-06
5.50416e-07
6.83109e-06
1.95528e-06
6.66302e-06
4.05657e-06
6.27444e-06
6.48925e-06
5.55488e-06
8.74453e-06
4.34304e-06
9.85783e-06
2.7275e-06
8.65606e-06
1.22994e-06
5.50601e-06
3.15148e-07
2.82634e-06
-1.50495e-07
1.84549e-06
-3.97533e-07
1.31641e-06
-4.37181e-07
4.92548e-07
-2.8145e-07
-4.36598e-07
2.8895e-08
-1.63282e-06
6.94923e-07
-1.82597e-06
1.14282e-06
-2.3331e-06
1.6286e-06
-1.42465e-05
1.72307e-05
6.46197e-06
-7.08272e-08
6.56147e-06
-1.31448e-07
6.67734e-06
4.34545e-07
6.72933e-06
1.90329e-06
6.63922e-06
4.14668e-06
6.35524e-06
6.77323e-06
5.79451e-06
9.30524e-06
4.77088e-06
1.08815e-05
3.25029e-06
1.01769e-05
1.66086e-06
7.09584e-06
5.7042e-07
3.91683e-06
1.33944e-08
2.4024e-06
-2.36004e-07
1.56574e-06
-2.60884e-07
5.17429e-07
-8.30905e-08
-6.14325e-07
2.03301e-07
-1.91908e-06
8.32715e-07
-2.45522e-06
1.2824e-06
-2.78258e-06
1.57859e-06
-1.45424e-05
1.88095e-05
6.12983e-06
-1.06027e-07
6.2602e-06
-2.61819e-07
6.42652e-06
2.68223e-07
6.54614e-06
1.78367e-06
6.53612e-06
4.1567e-06
6.34799e-06
6.96136e-06
5.92836e-06
9.72485e-06
5.09706e-06
1.17128e-05
3.72501e-06
1.15492e-05
2.12064e-06
8.70058e-06
8.89143e-07
5.1484e-06
2.48163e-07
3.04324e-06
-1.44871e-08
1.82829e-06
-2.44397e-08
5.27351e-07
1.6401e-07
-8.02724e-07
4.41243e-07
-2.19619e-06
1.00711e-06
-3.0209e-06
1.41379e-06
-3.18901e-06
1.53826e-06
-1.46667e-05
2.03479e-05
5.70427e-06
-1.51994e-07
5.87116e-06
-4.28705e-07
6.09638e-06
4.29951e-08
6.29156e-06
1.5885e-06
6.36584e-06
4.08241e-06
6.26933e-06
7.05787e-06
5.97454e-06
1.00196e-05
5.32781e-06
1.23595e-05
4.13807e-06
1.27391e-05
2.58828e-06
1.02507e-05
1.26422e-06
6.47254e-06
5.31716e-07
3.77556e-06
2.53217e-07
2.10663e-06
2.50027e-07
5.30467e-07
4.38705e-07
-9.91381e-07
7.02764e-07
-2.46014e-06
1.19478e-06
-3.51272e-06
1.53504e-06
-3.52902e-06
1.50636e-06
-1.46378e-05
2.18544e-05
5.19306e-06
-2.1218e-07
5.40458e-06
-6.40228e-07
5.70079e-06
-2.53211e-07
5.9807e-06
1.30858e-06
6.14202e-06
3.92108e-06
6.13328e-06
7.06661e-06
5.94886e-06
1.02041e-05
5.47236e-06
1.2836e-05
4.48179e-06
1.37298e-05
3.0439e-06
1.16889e-05
1.68283e-06
7.83368e-06
8.66518e-07
4.59166e-06
5.58518e-07
2.4144e-06
5.50968e-07
5.37883e-07
7.24e-07
-1.16443e-06
9.6146e-07
-2.69751e-06
1.3734e-06
-3.92449e-06
1.64287e-06
-3.79822e-06
1.48317e-06
-1.4478e-05
2.33376e-05
4.61194e-06
-2.92675e-07
4.88221e-06
-9.105e-07
5.2677e-06
-6.38723e-07
5.641e-06
9.35257e-07
5.88573e-06
3.67633e-06
5.95527e-06
6.99707e-06
5.86565e-06
1.02937e-05
5.541e-06
1.31606e-05
4.75305e-06
1.45178e-05
3.4699e-06
1.29723e-05
2.12773e-06
9.1759e-06
1.24618e-06
5.47294e-06
8.93794e-07
2.76649e-06
8.64831e-07
5.66636e-07
1.0063e-06
-1.30597e-06
1.20296e-06
-2.89412e-06
1.53107e-06
-4.25244e-06
1.738e-06
-4.00488e-06
1.47101e-06
-1.4211e-05
2.48086e-05
3.98883e-06
-4.04735e-07
4.34259e-06
-1.26427e-06
4.84288e-06
-1.13906e-06
5.31492e-06
4.6318e-07
5.62868e-06
3.36254e-06
5.7556e-06
6.87014e-06
5.7394e-06
1.03099e-05
5.54443e-06
1.33556e-05
4.95204e-06
1.51103e-05
3.85181e-06
1.40727e-05
2.57913e-06
1.04486e-05
1.65958e-06
6.3922e-06
1.253e-06
3.17267e-06
1.18326e-06
6.3608e-07
1.2773e-06
-1.40016e-06
1.42098e-06
-3.03778e-06
1.66448e-06
-4.49581e-06
1.82586e-06
-4.16601e-06
1.47378e-06
-1.3859e-05
2.62823e-05
3.36484e-06
-5.67188e-07
3.83827e-06
-1.73774e-06
4.48126e-06
-1.78214e-06
5.0513e-06
-1.06927e-07
5.40919e-06
3.00463e-06
5.55992e-06
6.71941e-06
5.58645e-06
1.02833e-05
5.4938e-06
1.34482e-05
5.08149e-06
1.55226e-05
4.17862e-06
1.49756e-05
3.01686e-06
1.16103e-05
2.09115e-06
7.31757e-06
1.62865e-06
3.63469e-06
1.50085e-06
7.63488e-07
1.53256e-06
-1.43208e-06
1.61397e-06
-3.11921e-06
1.77535e-06
-4.65707e-06
1.91506e-06
-4.30549e-06
1.49654e-06
-1.34405e-05
2.77787e-05
2.78809e-06
-8.04741e-07
3.41973e-06
-2.36945e-06
4.22251e-06
-2.58503e-06
4.88421e-06
-7.6869e-07
5.25942e-06
2.62942e-06
5.39524e-06
6.58361e-06
5.42542e-06
1.02532e-05
5.40129e-06
1.34723e-05
5.14613e-06
1.57777e-05
4.44284e-06
1.5679e-05
3.42226e-06
1.26309e-05
2.52235e-06
8.21709e-06
2.01013e-06
4.14635e-06
1.81204e-06
9.61096e-07
1.76933e-06
-1.38964e-06
1.7829e-06
-3.13283e-06
1.869e-06
-4.74309e-06
2.01449e-06
-4.45074e-06
1.54546e-06
-1.29716e-05
2.93238e-05
2.29915e-06
-1.13849e-06
3.11124e-06
-3.18165e-06
4.06879e-06
-3.54267e-06
4.8109e-06
-1.51081e-06
5.18966e-06
2.25072e-06
5.28179e-06
6.49154e-06
5.27552e-06
1.02595e-05
5.28045e-06
1.34673e-05
5.1526e-06
1.59055e-05
4.64051e-06
1.61911e-05
3.77971e-06
1.34916e-05
2.93397e-06
9.0624e-06
2.38392e-06
4.69577e-06
2.10953e-06
1.23491e-06
1.98523e-06
-1.26567e-06
1.93016e-06
-3.07784e-06
1.95473e-06
-4.76758e-06
2.13153e-06
-4.62732e-06
1.62271e-06
-1.24629e-05
3.0946e-05
1.91664e-06
-1.57319e-06
2.90024e-06
-4.1654e-06
3.98569e-06
-4.62815e-06
4.79644e-06
-2.32145e-06
5.1833e-06
1.86401e-06
5.22551e-06
6.44949e-06
5.15292e-06
1.03321e-05
5.14608e-06
1.34741e-05
5.10965e-06
1.59418e-05
4.77069e-06
1.653e-05
4.07704e-06
1.41851e-05
3.30806e-06
9.83093e-06
2.73446e-06
5.26868e-06
2.38376e-06
1.58497e-06
2.17809e-06
-1.06039e-06
2.05888e-06
-2.95875e-06
2.04348e-06
-4.7521e-06
2.2697e-06
-4.85332e-06
1.74578e-06
-1.19392e-05
3.2691e-05
1.64288e-06
-2.09667e-06
2.758e-06
-5.28068e-06
3.93366e-06
-5.80381e-06
4.79939e-06
-3.18696e-06
5.20576e-06
1.45791e-06
5.21441e-06
6.44108e-06
5.0639e-06
1.04828e-05
5.00843e-06
1.35296e-05
5.02686e-06
1.59233e-05
4.84111e-06
1.67156e-05
4.3139e-06
1.47121e-05
3.63176e-06
1.05126e-05
3.04163e-06
5.85807e-06
2.62003e-06
2.00586e-06
2.34273e-06
-7.83512e-07
2.16977e-06
-2.78592e-06
2.13202e-06
-4.71427e-06
2.43156e-06
-5.15265e-06
1.777e-06
-1.12847e-05
3.4467e-05
5.1947e-06
-4.77597e-06
1.02966e-05
-1.03837e-05
1.54068e-05
-1.09147e-05
1.91064e-05
-6.88603e-06
2.09699e-05
-4.03878e-07
2.10587e-05
6.3542e-06
2.00822e-05
1.14607e-05
1.91529e-05
1.44596e-05
1.89547e-05
1.61213e-05
1.89077e-05
1.67619e-05
1.80648e-05
1.55537e-05
1.63077e-05
1.22673e-05
1.41718e-05
7.99062e-06
1.21483e-05
4.02619e-06
1.0476e-05
8.8683e-07
9.34024e-06
-1.65076e-06
8.90385e-06
-4.27752e-06
1.051e-05
-6.75799e-06
1.04629e-05
-1.12373e-05
2.32637e-05
4.45375e-06
-7.70342e-06
9.74201e-06
-1.56742e-05
1.49155e-05
-1.60911e-05
1.86407e-05
-1.06132e-05
2.04362e-05
-2.19885e-06
2.06724e-05
6.1204e-06
1.97366e-05
1.2399e-05
1.83312e-05
1.58667e-05
1.74115e-05
1.70415e-05
1.72248e-05
1.69478e-05
1.70659e-05
1.57107e-05
1.62364e-05
1.30938e-05
1.46586e-05
9.56477e-06
1.27009e-05
5.98072e-06
1.08368e-05
2.74919e-06
9.39708e-06
-2.11304e-07
9.00544e-06
-3.8853e-06
1.11251e-05
-8.877e-06
1.05896e-05
-1.06996e-05
2.0816e-05
4.55252e-06
-1.10679e-05
1.00588e-05
-2.11835e-05
1.48777e-05
-2.09133e-05
1.80846e-05
-1.38244e-05
1.9412e-05
-3.52845e-06
1.93849e-05
6.14888e-06
1.85853e-05
1.32014e-05
1.73104e-05
1.71438e-05
1.60795e-05
1.82732e-05
1.54096e-05
1.76169e-05
1.51178e-05
1.60002e-05
1.45862e-05
1.3622e-05
1.34657e-05
1.06818e-05
1.18598e-05
7.58395e-06
1.01018e-05
4.50596e-06
8.53378e-06
1.35673e-06
7.70303e-06
-3.05385e-06
8.4862e-06
-9.65981e-06
1.89966e-06
-4.10835e-06
2.39913e-05
5.25454e-06
-1.5132e-05
1.08913e-05
-2.68223e-05
1.49757e-05
-2.49992e-05
1.73339e-05
-1.61859e-05
1.80535e-05
-4.25174e-06
1.75453e-05
6.65678e-06
1.66626e-05
1.40864e-05
1.56791e-05
1.81297e-05
1.46225e-05
1.93307e-05
1.37614e-05
1.84771e-05
1.31921e-05
1.65669e-05
1.26174e-05
1.41934e-05
1.1718e-05
1.15781e-05
1.04268e-05
8.87312e-06
8.86742e-06
6.06478e-06
7.10268e-06
3.12182e-06
5.4399e-06
-1.39043e-06
2.17653e-06
-6.39527e-06
-7.91062e-06
5.98259e-06
2.85335e-05
6.03455e-06
-1.9855e-05
1.12933e-05
-3.20813e-05
1.42181e-05
-2.79235e-05
1.56308e-05
-1.75999e-05
1.59861e-05
-4.61059e-06
1.52972e-05
7.34423e-06
1.43277e-05
1.50574e-05
1.35598e-05
1.88997e-05
1.28587e-05
2.00325e-05
1.21345e-05
1.92003e-05
1.14553e-05
1.72437e-05
1.07729e-05
1.48729e-05
9.94412e-06
1.24046e-05
8.89051e-06
9.92564e-06
7.55695e-06
7.39837e-06
5.80745e-06
4.87182e-06
3.49831e-06
9.19201e-07
-2.87907e-06
-1.38544e-08
-1.50978e-05
1.82108e-05
3.13354e-05
6.42284e-06
-2.51687e-05
1.06e-05
-3.62572e-05
1.20366e-05
-2.93586e-05
1.26396e-05
-1.82031e-05
1.29949e-05
-4.96852e-06
1.26821e-05
7.65504e-06
1.19599e-05
1.57805e-05
1.13916e-05
1.94696e-05
1.09802e-05
2.04444e-05
1.04729e-05
1.97066e-05
9.8127e-06
1.7902e-05
9.06876e-06
1.5615e-05
8.28632e-06
1.31859e-05
7.47969e-06
1.07321e-05
6.5006e-06
8.37799e-06
5.29867e-06
6.07424e-06
2.97631e-06
3.24172e-06
-4.55894e-06
7.52768e-06
-1.62915e-05
2.99533e-05
3.25876e-05
6.47425e-06
-3.0333e-05
8.6651e-06
-3.84458e-05
8.60979e-06
-2.93016e-05
8.76163e-06
-1.83549e-05
9.38574e-06
-5.59439e-06
9.87879e-06
7.16017e-06
9.86722e-06
1.57923e-05
9.67873e-06
1.96592e-05
9.49138e-06
2.06321e-05
9.13178e-06
2.00653e-05
8.49548e-06
1.8537e-05
7.70301e-06
1.64065e-05
6.95339e-06
1.39353e-05
6.39414e-06
1.12918e-05
5.89978e-06
8.87292e-06
5.82521e-06
6.14898e-06
4.36892e-06
4.69731e-06
-3.45842e-06
1.5358e-05
-1.37658e-05
4.02628e-05
3.30449e-05
5.38025e-06
-3.37395e-05
5.64491e-06
-3.87111e-05
4.74536e-06
-2.84009e-05
4.81503e-06
-1.84248e-05
5.73499e-06
-6.51531e-06
7.13981e-06
5.75401e-06
8.17993e-06
1.47519e-05
8.69002e-06
1.91495e-05
8.83834e-06
2.04836e-05
8.63411e-06
2.02686e-05
8.03509e-06
1.91346e-05
7.18957e-06
1.7251e-05
6.40248e-06
1.47221e-05
5.96546e-06
1.1729e-05
5.93981e-06
8.89843e-06
7.04008e-06
5.0481e-06
5.9509e-06
5.78428e-06
-2.83647e-06
2.41405e-05
-1.13434e-05
4.87585e-05
3.30776e-05
3.5454e-06
-3.73501e-05
2.3286e-06
-3.74928e-05
1.33021e-06
-2.74019e-05
1.45578e-06
-1.85507e-05
2.59072e-06
-7.65133e-06
4.6777e-06
3.66614e-06
6.81426e-06
1.26148e-05
8.24837e-06
1.77152e-05
8.95033e-06
1.9781e-05
9.06278e-06
2.01549e-05
8.64594e-06
1.95497e-05
7.84114e-06
1.80541e-05
6.9784e-06
1.55836e-05
6.46172e-06
1.22447e-05
6.66871e-06
8.69025e-06
8.0465e-06
3.66916e-06
5.48617e-06
8.34005e-06
-4.61883e-06
3.42306e-05
-1.06064e-05
5.47241e-05
3.23655e-05
1.77294e-06
-3.50141e-05
-6.05909e-07
-3.51137e-05
-1.33646e-06
-2.66705e-05
-1.01417e-06
-1.88723e-05
4.25593e-07
-9.09247e-06
2.77311e-06
1.31814e-06
5.68522e-06
9.70266e-06
7.91715e-06
1.54831e-05
9.23182e-06
1.84658e-05
9.81117e-06
1.95744e-05
9.78128e-06
1.9578e-05
9.2238e-06
1.86097e-05
8.39177e-06
1.64138e-05
7.69139e-06
1.29435e-05
7.67655e-06
8.70339e-06
7.90928e-06
3.43524e-06
2.3052e-06
1.39366e-05
-8.24979e-06
4.47649e-05
-1.18077e-05
5.82632e-05
3.22627e-05
-1.41857e-07
-3.44786e-05
-3.40355e-06
-3.18529e-05
-3.88516e-06
-2.61868e-05
-2.89406e-06
-1.98595e-05
-6.39251e-07
-1.13455e-05
2.31309e-06
-1.63412e-06
5.37451e-06
6.64252e-06
7.81826e-06
1.30411e-05
9.38773e-06
1.68978e-05
1.02552e-05
1.87077e-05
1.05774e-05
1.92558e-05
1.03612e-05
1.88251e-05
9.7168e-06
1.70569e-05
8.9034e-06
1.37554e-05
8.41442e-06
9.19092e-06
6.4675e-06
5.38096e-06
-1.86456e-06
2.22595e-05
-1.19484e-05
5.48314e-05
-1.5633e-05
6.19376e-05
3.5074e-05
-2.08803e-06
-2.78458e-05
-6.52855e-06
-2.74133e-05
-7.35165e-06
-2.53596e-05
-5.7483e-06
-2.1455e-05
-2.23372e-06
-1.48528e-05
2.07914e-06
-5.94343e-06
5.68073e-06
3.04273e-06
7.9161e-06
1.08085e-05
9.19149e-06
1.56257e-05
9.89476e-06
1.80072e-05
1.02597e-05
1.88926e-05
1.02691e-05
1.88163e-05
9.91835e-06
1.74073e-05
9.26713e-06
1.44056e-05
8.65634e-06
9.80091e-06
4.77799e-06
9.25755e-06
-4.60005e-06
3.16291e-05
-1.35197e-05
6.37409e-05
-1.89408e-05
6.73487e-05
4.14975e-05
-5.60523e-06
-2.3304e-05
-1.02756e-05
-2.27439e-05
-1.19467e-05
-2.3684e-05
-1.07446e-05
-2.26502e-05
-7.02325e-06
-1.85679e-05
-1.81698e-06
-1.11455e-05
2.77525e-06
-1.54996e-06
5.82927e-06
7.75179e-06
7.20253e-06
1.42515e-05
7.81982e-06
1.7391e-05
8.16211e-06
1.85519e-05
8.33999e-06
1.86395e-05
8.37791e-06
1.73696e-05
8.36244e-06
1.44205e-05
8.31553e-06
9.84786e-06
3.96466e-06
1.36045e-05
-4.39032e-06
3.99743e-05
-1.09915e-05
7.03373e-05
-1.5701e-05
7.2051e-05
4.78987e-05
-7.81256e-06
-1.76623e-05
-1.36229e-05
-1.6935e-05
-1.66417e-05
-2.0663e-05
-1.66512e-05
-2.26388e-05
-1.38458e-05
-2.13733e-05
-9.11992e-06
-1.58719e-05
-4.04915e-06
-6.62171e-06
-9.7558e-08
3.79401e-06
2.15984e-06
1.19858e-05
3.22843e-06
1.63179e-05
3.86574e-06
1.79134e-05
4.3909e-06
1.81144e-05
4.945e-06
1.68154e-05
6.03857e-06
1.33267e-05
6.74335e-06
9.14326e-06
3.19018e-06
1.71485e-05
-2.19111e-06
4.53395e-05
-5.26951e-06
7.34135e-05
-6.64327e-06
7.34235e-05
5.02196e-05
-8.65689e-06
-7.49714e-06
-1.55861e-05
-1.00081e-05
-1.99311e-05
-1.6318e-05
-2.15439e-05
-2.1026e-05
-2.0419e-05
-2.24999e-05
-1.70638e-05
-1.92293e-05
-1.26466e-05
-1.10391e-05
-8.45595e-06
-3.96902e-07
-5.43235e-06
8.95539e-06
-3.56646e-06
1.44441e-05
-2.33061e-06
1.66734e-05
-1.28454e-06
1.7067e-05
-1.27128e-08
1.55435e-05
1.74326e-06
1.15713e-05
2.12252e-06
8.76262e-06
7.49972e-07
1.85089e-05
-6.31745e-08
4.61294e-05
1.05175e-06
7.22935e-05
3.79534e-06
7.06806e-05
4.85563e-05
-9.35317e-06
-5.09222e-06
-1.55426e-05
-3.82214e-06
-2.08218e-05
-1.10383e-05
-2.43128e-05
-1.75325e-05
-2.55448e-05
-2.1267e-05
-2.42393e-05
-2.05366e-05
-2.10989e-05
-1.41798e-05
-1.73369e-05
-4.15578e-06
-1.39569e-05
5.57589e-06
-1.1387e-05
1.18689e-05
-9.52551e-06
1.4807e-05
-8.02457e-06
1.5564e-05
-6.59209e-06
1.41105e-05
-5.30738e-06
1.02879e-05
-4.96161e-06
8.42021e-06
-4.42342e-06
1.79667e-05
-2.02993e-07
4.1885e-05
6.09401e-06
6.59766e-05
1.2511e-05
6.4254e-05
4.41756e-05
-7.19455e-06
3.77288e-06
-1.29042e-05
1.88354e-06
-1.87126e-05
-5.22906e-06
-2.39803e-05
-1.22601e-05
-2.81047e-05
-1.71395e-05
-2.97786e-05
-1.88643e-05
-2.87505e-05
-1.52109e-05
-2.58515e-05
-7.05329e-06
-2.25795e-05
2.30834e-06
-1.94668e-05
8.75636e-06
-1.69243e-05
1.22614e-05
-1.4983e-05
1.36203e-05
-1.36858e-05
1.28122e-05
-1.33829e-05
9.98928e-06
-1.35436e-05
8.59594e-06
-1.12228e-05
1.56615e-05
-3.41938e-06
3.4074e-05
7.96287e-06
5.45618e-05
1.79091e-05
5.42791e-05
3.7659e-05
-5.58373e-06
1.57879e-06
-8.62237e-06
4.91811e-06
-1.34113e-05
-4.40087e-07
-1.9402e-05
-6.26482e-06
-2.64253e-05
-1.01112e-05
-3.20188e-05
-1.32706e-05
-3.4795e-05
-1.24395e-05
-3.38379e-05
-8.01318e-06
-3.09127e-05
-6.14396e-07
-2.74458e-05
5.29288e-06
-2.41852e-05
9.00103e-06
-2.14626e-05
1.08962e-05
-1.95425e-05
1.08911e-05
-1.90094e-05
9.46097e-06
-1.93376e-05
8.94293e-06
-1.71993e-05
1.3556e-05
-8.46889e-06
2.53699e-05
5.98522e-06
4.01013e-05
1.89094e-05
4.13354e-05
2.87897e-05
-2.79896e-06
3.38975e-06
-3.93351e-06
6.04983e-06
-5.43614e-06
1.06095e-06
-1.07628e-05
-9.37592e-07
-1.96506e-05
-1.21977e-06
-2.80071e-05
-4.9124e-06
-3.61343e-05
-4.31584e-06
-3.95518e-05
-4.59897e-06
-3.97336e-05
-4.36407e-07
-3.59411e-05
1.50128e-06
-3.11315e-05
4.19258e-06
-2.68717e-05
6.63638e-06
-2.28236e-05
6.84263e-06
-1.98789e-05
6.51816e-06
-1.89065e-05
7.98051e-06
-1.83726e-05
1.30488e-05
-1.20536e-05
1.90939e-05
1.64654e-06
2.64404e-05
1.61641e-05
2.68401e-05
1.772e-05
-5.17486e-07
-2.46721e-06
1.48652e-06
-2.12283e-06
-9.81839e-06
-1.48313e-05
-2.57785e-05
-3.02525e-05
-3.78733e-05
-3.75327e-05
-3.37716e-05
-2.99833e-05
-2.42214e-05
-1.80306e-05
-1.30056e-05
-1.14561e-05
-7.54466e-06
2.39395e-06
1.65902e-05
-1.93471e-06
1.93497e-06
3.22717e-07
-2.25725e-06
9.80017e-07
-6.57216e-07
7.92277e-07
1.87747e-07
6.59728e-07
1.32527e-07
6.40496e-07
1.91731e-08
6.65299e-07
-2.49768e-08
6.65577e-07
-5.69393e-10
6.13785e-07
5.15077e-08
5.42524e-07
7.10993e-08
4.95548e-07
4.69236e-08
4.82744e-07
1.2792e-08
4.88398e-07
-5.66986e-09
4.95271e-07
-6.91055e-09
4.90712e-07
4.4879e-09
4.66637e-07
2.3976e-08
4.31854e-07
3.46934e-08
4.08396e-07
2.341e-08
4.02537e-07
5.84652e-09
-4.20945e-09
-2.38879e-06
4.324e-06
8.91375e-07
-5.53729e-06
1.87343e-06
-1.63918e-06
1.8005e-06
2.60696e-07
1.56685e-06
3.66163e-07
1.49777e-06
8.82191e-08
1.53563e-06
-6.29523e-08
1.53905e-06
-4.25319e-09
1.44729e-06
1.42965e-07
1.31306e-06
2.05117e-07
1.21703e-06
1.42871e-07
1.18208e-06
4.77246e-08
1.17862e-06
-2.22582e-09
1.17082e-06
8.48259e-10
1.13553e-06
3.97088e-08
1.06622e-06
9.31783e-08
9.87332e-07
1.13479e-07
9.37287e-07
7.33973e-08
9.25585e-07
1.75308e-08
-1.06866e-08
-2.23451e-06
6.55872e-06
1.05356e-06
-8.82529e-06
1.96213e-06
-2.54765e-06
2.06852e-06
1.54347e-07
1.9513e-06
4.83392e-07
1.92434e-06
1.15181e-07
1.98795e-06
-1.26637e-07
2.01311e-06
-2.96208e-08
1.93048e-06
2.25297e-07
1.78677e-06
3.48566e-07
1.66989e-06
2.59618e-07
1.61225e-06
1.0533e-07
1.58406e-06
2.59394e-08
1.54412e-06
4.07463e-08
1.46826e-06
1.1549e-07
1.35845e-06
2.02877e-07
1.25008e-06
2.21735e-07
1.18502e-06
1.38388e-07
1.16981e-06
3.27165e-08
-1.71212e-08
-2.0773e-06
8.63622e-06
8.5563e-07
-1.17582e-05
1.58324e-06
-3.27513e-06
1.82544e-06
-8.77617e-08
1.91738e-06
3.91496e-07
2.01422e-06
1.83722e-08
2.13176e-06
-2.44194e-07
2.18945e-06
-8.74513e-08
2.13907e-06
2.75389e-07
2.01866e-06
4.68691e-07
1.90478e-06
3.73336e-07
1.82965e-06
1.80397e-07
1.76881e-06
8.67554e-08
1.68588e-06
1.23625e-07
1.56427e-06
2.37014e-07
1.41814e-06
3.48873e-07
1.29076e-06
3.48999e-07
1.21966e-06
2.09424e-07
1.20327e-06
4.90819e-08
-2.27447e-08
-1.94831e-06
1.05847e-05
4.76885e-07
-1.41834e-05
1.03052e-06
-3.82858e-06
1.39596e-06
-4.53077e-07
1.6933e-06
9.42449e-08
1.91861e-06
-2.06863e-07
2.08588e-06
-4.11425e-07
2.16867e-06
-1.70331e-07
2.15288e-06
2.9093e-07
2.06974e-06
5.51551e-07
1.97342e-06
4.69476e-07
1.88568e-06
2.68063e-07
1.78772e-06
1.84678e-07
1.65537e-06
2.55908e-07
1.48652e-06
4.0576e-07
1.30976e-06
5.25498e-07
1.17225e-06
4.86397e-07
1.10098e-06
2.80636e-07
1.08426e-06
6.57851e-08
-2.68704e-08
-1.83392e-06
1.24188e-05
2.2935e-08
-1.60402e-05
5.32989e-07
-4.33843e-06
1.03669e-06
-9.56616e-07
1.46932e-06
-3.38264e-07
1.76245e-06
-4.99884e-07
1.94396e-06
-5.92857e-07
2.03182e-06
-2.58223e-07
2.04111e-06
2.81437e-07
1.99458e-06
5.97828e-07
1.91813e-06
5.45739e-07
1.81684e-06
3.69274e-07
1.67756e-06
3.23907e-07
1.49329e-06
4.40101e-07
1.28067e-06
6.18267e-07
1.08164e-06
7.24395e-07
9.41076e-07
6.26855e-07
8.71379e-07
3.50288e-07
8.52993e-07
8.41608e-08
-2.86947e-08
-1.72698e-06
1.41459e-05
-2.76362e-07
-1.74908e-05
1.90473e-07
-4.8051e-06
8.26224e-07
-1.5922e-06
1.30327e-06
-8.15168e-07
1.59575e-06
-7.92231e-07
1.7576e-06
-7.54614e-07
1.83289e-06
-3.33514e-07
1.85468e-06
2.59492e-07
1.83452e-06
6.17768e-07
1.76922e-06
6.10874e-07
1.64698e-06
4.9143e-07
1.46232e-06
5.08501e-07
1.22834e-06
6.7399e-07
9.80766e-07
8.65719e-07
7.6939e-07
9.35649e-07
6.29472e-07
7.66693e-07
5.59021e-07
4.20709e-07
5.3663e-07
1.06548e-07
-2.77553e-08
-1.62445e-06
1.57704e-05
-5.5582e-07
-1.85594e-05
-3.97478e-08
-5.32104e-06
6.91917e-07
-2.32372e-06
1.15441e-06
-1.27752e-06
1.41492e-06
-1.05261e-06
1.54469e-06
-8.84272e-07
1.60002e-06
-3.8884e-07
1.62353e-06
2.35866e-07
1.61449e-06
6.26628e-07
1.54477e-06
6.80454e-07
1.39124e-06
6.44877e-07
1.15983e-06
7.39838e-07
8.83996e-07
9.49715e-07
6.14149e-07
1.13545e-06
3.98904e-07
1.15079e-06
2.58653e-07
9.0689e-07
1.82521e-07
4.96826e-07
1.5472e-07
1.34347e-07
-2.46117e-08
-1.53231e-06
1.73028e-05
-7.97953e-07
-1.92938e-05
-2.46266e-07
-5.87263e-06
5.33715e-07
-3.10358e-06
9.67265e-07
-1.71095e-06
1.20115e-06
-1.28637e-06
1.30443e-06
-9.87459e-07
1.34136e-06
-4.25754e-07
1.35884e-06
2.1829e-07
1.34461e-06
6.40723e-07
1.25372e-06
7.71226e-07
1.06084e-06
8.37676e-07
7.86811e-07
1.01378e-06
4.82087e-07
1.25433e-06
2.03411e-07
1.41401e-06
-1.11827e-08
1.36531e-06
-1.57375e-07
1.05305e-06
-2.41462e-07
5.80905e-07
-2.75327e-07
1.68212e-07
-1.89019e-08
-1.45317e-06
1.8756e-05
-9.96185e-07
-1.97508e-05
-4.43418e-07
-6.42533e-06
3.07167e-07
-3.85408e-06
7.16416e-07
-2.12009e-06
9.41476e-07
-1.51133e-06
1.02931e-06
-1.07521e-06
1.05337e-06
-4.49797e-07
1.05951e-06
2.12078e-07
1.02592e-06
6.74203e-07
9.01261e-07
8.95795e-07
6.67551e-07
1.0713e-06
3.61435e-07
1.3198e-06
4.33621e-08
1.5723e-06
-2.37021e-07
1.69431e-06
-4.5423e-07
1.58247e-06
-6.08194e-07
1.207e-06
-7.01524e-07
6.74233e-07
-7.39955e-07
2.06643e-07
-1.17434e-08
-1.38451e-06
2.01406e-05
-1.16823e-06
-1.99671e-05
-6.67784e-07
-6.92572e-06
2.22248e-08
-4.54403e-06
4.07168e-07
-2.50496e-06
6.32637e-07
-1.73672e-06
7.1275e-07
-1.15527e-06
7.29396e-07
-4.66433e-07
7.20159e-07
2.21263e-07
6.57487e-07
7.36796e-07
4.9406e-07
1.05914e-06
2.26037e-07
1.33924e-06
-9.72106e-08
1.64295e-06
-4.17022e-07
1.89202e-06
-6.94802e-07
1.97203e-06
-9.17855e-07
1.8055e-06
-1.0835e-06
1.37263e-06
-1.18503e-06
7.7577e-07
-1.22601e-06
2.47624e-07
-4.40697e-09
-1.3259e-06
2.14665e-05
-1.32761e-06
-1.99655e-05
-9.12707e-07
-7.34059e-06
-3.16272e-07
-5.14043e-06
5.39417e-08
-2.87511e-06
2.77377e-07
-1.9601e-06
3.53643e-07
-1.23149e-06
3.65891e-07
-4.78675e-07
3.3781e-07
2.49306e-07
2.41891e-07
8.32655e-07
4.2337e-08
1.25863e-06
-2.45168e-07
1.62667e-06
-5.71267e-07
1.96897e-06
-8.85999e-07
2.20669e-06
-1.16399e-06
2.24998e-06
-1.39611e-06
2.03761e-06
-1.57315e-06
1.54966e-06
-1.68103e-06
8.83652e-07
-1.72288e-06
2.89473e-07
2.20254e-09
-1.27774e-06
2.27442e-05
-1.48146e-06
-1.97619e-05
-1.16797e-06
-7.65405e-06
-6.71343e-07
-5.63703e-06
-3.24615e-07
-3.2218e-06
-1.1723e-07
-2.16744e-06
-4.27917e-08
-1.3059e-06
-3.43194e-08
-4.87143e-07
-8.47014e-08
2.99662e-07
-2.11598e-07
9.59503e-07
-4.3365e-07
1.48061e-06
-7.28458e-07
1.9214e-06
-1.04846e-06
2.2889e-06
-1.35779e-06
2.51598e-06
-1.63895e-06
2.53111e-06
-1.88099e-06
2.27965e-06
-2.06776e-06
1.73644e-06
-2.18028e-06
9.96178e-07
-2.22174e-06
3.30933e-07
7.41475e-09
-1.2407e-06
2.39849e-05
-1.63452e-06
-1.93681e-05
-1.42824e-06
-7.86032e-06
-1.03462e-06
-6.03063e-06
-7.25854e-07
-3.53053e-06
-5.38321e-07
-2.35494e-06
-4.67951e-07
-1.37624e-06
-4.71561e-07
-4.83528e-07
-5.4055e-07
3.68632e-07
-6.88355e-07
1.10727e-06
-9.20212e-07
1.71241e-06
-1.21036e-06
2.21149e-06
-1.52142e-06
2.59991e-06
-1.82746e-06
2.82199e-06
-2.11347e-06
2.81712e-06
-2.36448e-06
2.53065e-06
-2.55908e-06
1.93104e-06
-2.67504e-06
1.11214e-06
-2.71515e-06
3.71037e-07
1.06729e-08
-1.21558e-06
2.52004e-05
-1.79079e-06
-1.8793e-05
-1.6913e-06
-7.95978e-06
-1.39971e-06
-6.32221e-06
-1.13672e-06
-3.7935e-06
-9.7352e-07
-2.51812e-06
-9.12706e-07
-1.43704e-06
-9.28186e-07
-4.68042e-07
-1.01226e-06
4.52692e-07
-1.17093e-06
1.2659e-06
-1.40169e-06
1.94314e-06
-1.68239e-06
2.49214e-06
-1.98528e-06
2.90277e-06
-2.29009e-06
3.12679e-06
-2.58098e-06
3.108e-06
-2.83918e-06
2.78884e-06
-3.03999e-06
2.13185e-06
-3.15861e-06
1.23075e-06
-3.19654e-06
4.08965e-07
1.13612e-08
-1.20314e-06
2.64034e-05
-1.95335e-06
-1.80429e-05
-1.95518e-06
-7.95793e-06
-1.76117e-06
-6.51621e-06
-1.54723e-06
-4.00742e-06
-1.41218e-06
-2.65314e-06
-1.3655e-06
-1.48371e-06
-1.39205e-06
-4.41481e-07
-1.4846e-06
5.45232e-07
-1.64493e-06
1.4262e-06
-1.86868e-06
2.16685e-06
-2.13932e-06
2.76275e-06
-2.43594e-06
3.19938e-06
-2.74036e-06
3.4312e-06
-3.03493e-06
3.40258e-06
-3.29839e-06
3.0523e-06
-3.50408e-06
2.33754e-06
-3.62474e-06
1.35142e-06
-3.65965e-06
4.43876e-07
8.71318e-09
-1.206e-06
2.76091e-05
-2.12361e-06
-1.71255e-05
-2.21812e-06
-7.8634e-06
-2.11509e-06
-6.61923e-06
-1.95064e-06
-4.17186e-06
-1.84441e-06
-2.75936e-06
-1.81352e-06
-1.51458e-06
-1.8489e-06
-4.06094e-07
-1.94408e-06
6.40404e-07
-2.10057e-06
1.58267e-06
-2.31556e-06
2.38181e-06
-2.57746e-06
3.02464e-06
-2.86913e-06
3.49104e-06
-3.17267e-06
3.73473e-06
-3.46905e-06
3.69896e-06
-3.73578e-06
3.31903e-06
-3.945e-06
2.54676e-06
-4.06701e-06
1.47343e-06
-4.0979e-06
4.74767e-07
1.73388e-09
-1.22328e-06
2.88321e-05
-2.30198e-06
-1.60469e-05
-2.47964e-06
-7.68572e-06
-2.45819e-06
-6.64068e-06
-2.34257e-06
-4.28747e-06
-2.26208e-06
-2.83984e-06
-2.24513e-06
-1.53151e-06
-2.28692e-06
-3.64293e-07
-2.38126e-06
7.34738e-07
-2.53192e-06
1.73332e-06
-2.73871e-06
2.58859e-06
-2.99326e-06
3.27918e-06
-3.28013e-06
3.7779e-06
-3.58125e-06
4.03585e-06
-3.87706e-06
3.99478e-06
-4.14472e-06
3.58668e-06
-4.35557e-06
2.75761e-06
-4.47774e-06
1.5956e-06
-4.50342e-06
5.00448e-07
-1.09905e-08
-1.28265e-06
3.01144e-05
-2.48972e-06
-1.48399e-05
-2.73889e-06
-7.43652e-06
-2.7851e-06
-6.59446e-06
-2.71981e-06
-4.35275e-06
-2.66074e-06
-2.89889e-06
-2.65183e-06
-1.54041e-06
-2.69727e-06
-3.18847e-07
-2.78989e-06
8.27347e-07
-2.93502e-06
1.87845e-06
-3.13484e-06
2.78839e-06
-3.38265e-06
3.52699e-06
-3.6637e-06
4.05896e-06
-3.95994e-06
4.33209e-06
-4.25195e-06
4.28678e-06
-4.51701e-06
3.85174e-06
-4.72615e-06
2.96676e-06
-4.84619e-06
1.71563e-06
-4.86525e-06
5.1951e-07
-3.11912e-08
-1.20222e-06
3.13162e-05
-2.69932e-06
-1.3343e-05
-2.98101e-06
-7.15481e-06
-3.08297e-06
-6.4925e-06
-3.07157e-06
-4.36413e-06
-3.03691e-06
-2.93354e-06
-3.0292e-06
-1.54812e-06
-3.07339e-06
-2.74659e-07
-3.16434e-06
9.18295e-07
-3.30511e-06
2.01921e-06
-3.49894e-06
2.98222e-06
-3.73979e-06
3.76784e-06
-4.01318e-06
4.33234e-06
-4.30112e-06
4.62003e-06
-4.58427e-06
4.56993e-06
-4.8401e-06
4.10757e-06
-5.04088e-06
3.16755e-06
-5.15556e-06
1.83031e-06
-5.16748e-06
5.31423e-07
-6.25251e-08
-9.71559e-06
1.4265e-05
-1.23389e-05
-1.07199e-05
-1.35369e-05
-5.95684e-06
-1.45523e-05
-5.47703e-06
-1.49702e-05
-3.94628e-06
-1.52088e-05
-2.69487e-06
-1.53791e-05
-1.37783e-06
-1.56214e-05
-3.23449e-08
-1.59589e-05
1.25576e-06
-1.64769e-05
2.53723e-06
-1.71918e-05
3.69711e-06
-1.80765e-05
4.65254e-06
-1.90703e-05
5.32617e-06
-2.00954e-05
5.64517e-06
-2.10624e-05
5.53688e-06
-2.18814e-05
4.92655e-06
-2.24852e-05
3.77141e-06
-2.27951e-05
2.1402e-06
-2.26584e-05
3.94761e-07
-4.35843e-07
-1.02379e-05
5.5545e-06
-1.36215e-05
-7.33649e-06
-1.53958e-05
-4.18257e-06
-1.68101e-05
-4.06273e-06
-1.76451e-05
-3.11121e-06
-1.81327e-05
-2.20732e-06
-1.84099e-05
-1.10062e-06
-1.85906e-05
1.48375e-07
-1.87903e-05
1.45545e-06
-1.90501e-05
2.797e-06
-1.93726e-05
4.01966e-06
-1.96989e-05
4.97887e-06
-1.99309e-05
5.55815e-06
-1.99704e-05
5.68466e-06
-1.97425e-05
5.30897e-06
-1.91994e-05
4.38351e-06
-1.83304e-05
2.90251e-06
-1.72408e-05
1.05071e-06
-1.59163e-05
-9.29638e-07
-1.99388e-06
-8.37349e-06
3.92876e-06
-1.29725e-05
-2.73752e-06
-1.50496e-05
-2.10547e-06
-1.65588e-05
-2.55351e-06
-1.73946e-05
-2.27535e-06
-1.77923e-05
-1.80968e-06
-1.7863e-05
-1.02985e-06
-1.77238e-05
9.18162e-09
-1.74737e-05
1.20541e-06
-1.71449e-05
2.46817e-06
-1.67196e-05
3.59439e-06
-1.61304e-05
4.38972e-06
-1.52931e-05
4.72082e-06
-1.41818e-05
4.5735e-06
-1.2873e-05
4.00035e-06
-1.15214e-05
3.0324e-06
-1.01994e-05
1.58123e-06
-8.50016e-06
-6.47423e-07
-5.7355e-06
-3.69329e-06
-5.12774e-06
-8.23371e-06
4.63169e-06
-1.12918e-05
3.20607e-07
-1.28197e-05
-5.77566e-07
-1.382e-05
-1.55312e-06
-1.42168e-05
-1.87847e-06
-1.41744e-05
-1.85203e-06
-1.37828e-05
-1.42133e-06
-1.31374e-05
-6.36161e-07
-1.23592e-05
4.27361e-07
-1.14896e-05
1.59864e-06
-1.05541e-05
2.65889e-06
-9.55037e-06
3.38601e-06
-8.47176e-06
3.64223e-06
-7.41705e-06
3.51885e-06
-6.60852e-06
3.19203e-06
-6.33134e-06
2.75575e-06
-6.41716e-06
1.668e-06
-6.00002e-06
-1.06356e-06
-4.0833e-06
-5.60954e-06
-8.26347e-06
-7.4857e-06
5.22853e-06
-8.88385e-06
1.71878e-06
-9.45488e-06
-6.46883e-09
-9.65861e-06
-1.3493e-06
-9.43802e-06
-2.09893e-06
-8.86093e-06
-2.42896e-06
-7.99322e-06
-2.28886e-06
-6.96427e-06
-1.66492e-06
-5.91389e-06
-6.22869e-07
-4.98524e-06
6.70068e-07
-4.27739e-06
1.95102e-06
-3.85207e-06
2.96053e-06
-3.63814e-06
3.42801e-06
-3.57219e-06
3.45255e-06
-3.60119e-06
3.22076e-06
-3.65363e-06
2.80819e-06
-3.75531e-06
1.76989e-06
-3.87818e-06
-9.40652e-07
-3.16121e-06
-6.32729e-06
-1.08188e-05
-5.99616e-06
4.91472e-06
-5.99802e-06
1.72067e-06
-5.73794e-06
-2.66494e-07
-5.30313e-06
-1.78404e-06
-4.61685e-06
-2.78513e-06
-3.67021e-06
-3.37551e-06
-2.50894e-06
-3.45002e-06
-1.32954e-06
-2.8442e-06
-4.27142e-07
-1.52517e-06
-5.92895e-08
3.02186e-07
-3.41689e-07
2.23316e-06
-1.26398e-06
3.88227e-06
-2.42236e-06
4.58565e-06
-3.27023e-06
4.29978e-06
-3.46539e-06
3.41562e-06
-3.01008e-06
2.353e-06
-2.2721e-06
1.03229e-06
-2.07476e-06
-1.138e-06
-2.22799e-06
-6.17512e-06
-1.23766e-05
-4.22965e-06
3.74356e-06
-3.39326e-06
8.84306e-07
-2.57762e-06
-1.08206e-06
-1.77713e-06
-2.58441e-06
-8.32881e-07
-3.72924e-06
3.04233e-07
-4.51252e-06
1.54361e-06
-4.68937e-06
2.67192e-06
-3.97259e-06
3.22022e-06
-2.07364e-06
2.73074e-06
7.91308e-07
1.0007e-06
3.96242e-06
-1.49334e-06
6.37499e-06
-3.72385e-06
6.81472e-06
-4.8428e-06
5.41766e-06
-4.7615e-06
3.33386e-06
-4.00794e-06
1.59947e-06
-2.9731e-06
-2.17238e-09
-2.08061e-06
-2.03013e-06
-1.74396e-06
-6.51282e-06
-1.29444e-05
-2.8212e-06
2.09394e-06
-1.57119e-06
-3.65463e-07
-5.46403e-07
-2.10635e-06
4.05375e-07
-3.53546e-06
1.43826e-06
-4.76126e-06
2.65023e-06
-5.72369e-06
3.96123e-06
-5.99989e-06
4.99033e-06
-5.00169e-06
5.10476e-06
-2.18851e-06
3.68885e-06
2.2063e-06
6.48498e-07
7.00105e-06
-2.67668e-06
9.6976e-06
-4.67641e-06
8.81183e-06
-4.71483e-06
5.45407e-06
-3.46791e-06
2.0857e-06
-2.34132e-06
4.7227e-07
-1.88338e-06
-4.60047e-07
-1.39593e-06
-2.51697e-06
-1.23326e-06
-6.6746e-06
-1.36384e-05
-2.20973e-06
7.89495e-08
-5.85417e-07
-1.98864e-06
6.36625e-07
-3.32672e-06
1.639e-06
-4.53583e-06
2.67206e-06
-5.79211e-06
3.87622e-06
-6.92565e-06
5.16639e-06
-7.28841e-06
6.05533e-06
-5.89003e-06
5.70614e-06
-1.8399e-06
3.40389e-06
4.50691e-06
-5.20728e-07
1.09226e-05
-3.87042e-06
1.30434e-05
-4.85279e-06
9.79098e-06
-3.40987e-06
4.00942e-06
-7.29452e-07
-5.95461e-07
1.59825e-06
-1.85589e-06
2.07259e-06
-9.34373e-07
1.26917e-06
-1.71283e-06
9.78427e-08
-5.50195e-06
-1.26849e-05
-2.18954e-06
-2.77179e-06
1.50099e-07
-4.32594e-06
1.70009e-06
-4.87385e-06
2.79074e-06
-5.62337e-06
3.76632e-06
-6.76434e-06
4.81642e-06
-7.97226e-06
5.85596e-06
-8.32496e-06
6.38804e-06
-6.42064e-06
5.45348e-06
-9.05902e-07
2.28009e-06
7.67781e-06
-2.15919e-06
1.53574e-05
-5.27186e-06
1.61518e-05
-5.8472e-06
1.03644e-05
-4.25746e-06
2.41932e-06
-1.0255e-06
-3.82802e-06
2.53964e-06
-5.42181e-06
4.32076e-06
-2.71605e-06
3.63506e-06
-1.02693e-06
1.50622e-06
-3.37186e-06
-1.23585e-05
-3.187e-06
-7.19282e-06
6.34503e-07
-8.14596e-06
2.79462e-06
-7.03126e-06
4.00076e-06
-6.82614e-06
4.89187e-06
-7.65163e-06
5.75384e-06
-8.83007e-06
6.4197e-06
-8.98695e-06
6.37509e-06
-6.37386e-06
4.71447e-06
7.54089e-07
7.64245e-07
1.16245e-05
-3.79756e-06
1.99139e-05
-6.65444e-06
1.90054e-05
-7.50752e-06
1.1217e-05
-6.41915e-06
1.33044e-06
-3.40146e-06
-6.84633e-06
7.85253e-07
-9.60929e-06
3.74723e-06
-5.67881e-06
4.00968e-06
-1.28968e-06
1.63178e-06
-9.93271e-07
-8.22848e-06
-5.84411e-06
-1.32092e-05
-6.33573e-08
-1.39274e-05
3.49216e-06
-1.0586e-05
5.03073e-06
-8.36224e-06
5.79254e-06
-8.40975e-06
6.43995e-06
-9.47302e-06
6.74891e-06
-9.29158e-06
6.11414e-06
-5.73659e-06
3.77512e-06
3.09219e-06
-5.23323e-07
1.59185e-05
-4.73146e-06
2.41171e-05
-7.24694e-06
2.15191e-05
-8.4773e-06
1.24469e-05
-8.09679e-06
9.48986e-07
-5.79822e-06
-9.14528e-06
-1.65269e-06
-1.37553e-05
2.13678e-06
-9.46899e-06
3.34174e-06
-2.4951e-06
2.09733e-06
2.51326e-07
-7.63871e-06
-8.47734e-06
-1.94223e-05
-1.46939e-06
-2.09351e-05
3.58502e-06
-1.56415e-05
5.69601e-06
-1.04725e-05
6.34466e-06
-9.05545e-06
6.72145e-06
-9.84536e-06
6.68792e-06
-9.25352e-06
5.59864e-06
-4.64476e-06
2.89344e-06
5.79601e-06
-1.13986e-06
1.99467e-05
-4.46415e-06
2.74371e-05
-6.32912e-06
2.33829e-05
-7.5452e-06
1.36617e-05
-7.92077e-06
1.32359e-06
-6.77872e-06
-1.02872e-05
-3.48088e-06
-1.70529e-05
4.88562e-07
-1.34393e-05
2.31142e-06
-4.31844e-06
1.38056e-06
1.18232e-06
-4.63585e-06
-7.92221e-06
-2.39357e-05
-1.7552e-06
-2.70971e-05
3.65071e-06
-2.10487e-05
6.06406e-06
-1.28869e-05
6.52304e-06
-9.51263e-06
6.56645e-06
-9.88466e-06
6.1981e-06
-8.8807e-06
4.82654e-06
-3.27089e-06
2.20898e-06
8.41163e-06
-9.33677e-07
2.3084e-05
-2.92439e-06
2.94243e-05
-3.72379e-06
2.41813e-05
-4.28422e-06
1.42203e-05
-5.04991e-06
2.08853e-06
-5.24636e-06
-1.00896e-05
-3.62128e-06
-1.86764e-05
-4.1416e-07
-1.66471e-05
1.79269e-06
-6.52593e-06
1.73995e-06
1.23516e-06
-3.9824e-06
-2.08857e-06
-2.58432e-05
1.13061e-06
-3.03061e-05
4.75444e-06
-2.46715e-05
6.48866e-06
-1.46233e-05
6.40583e-06
-9.42927e-06
5.97538e-06
-9.45063e-06
5.2328e-06
-8.13403e-06
3.75492e-06
-1.79116e-06
1.64571e-06
1.05184e-05
-1.13288e-07
2.48377e-05
-5.02006e-07
2.98102e-05
-7.20464e-08
2.37501e-05
3.95938e-07
1.37504e-05
7.26536e-08
2.41126e-06
-9.62083e-07
-9.0528e-06
-1.4565e-06
-1.81784e-05
4.25017e-08
-1.81458e-05
1.64131e-06
-8.12571e-06
1.03521e-06
1.84113e-06
-2.04387e-06
7.63075e-06
-2.51562e-05
7.27923e-06
-2.99439e-05
7.35121e-06
-2.4739e-05
7.15971e-06
-1.44345e-05
6.05762e-06
-8.3279e-06
4.96249e-06
-8.35256e-06
3.75593e-06
-6.92405e-06
2.29261e-06
-3.26692e-07
1.05512e-06
1.17531e-05
1.10457e-06
2.47833e-05
2.71739e-06
2.81952e-05
4.50586e-06
2.19599e-05
5.78951e-06
1.2465e-05
5.7006e-06
2.49932e-06
4.31106e-06
-7.66129e-06
2.36572e-06
-1.62276e-05
1.80172e-06
-1.75795e-05
2.28105e-06
-8.60602e-06
1.82434e-06
2.29758e-06
1.57942e-06
1.88792e-05
-2.25627e-05
1.46037e-05
-2.56617e-05
1.0527e-05
-2.06569e-05
7.72632e-06
-1.16366e-05
5.39201e-06
-5.99541e-06
3.47271e-06
-6.43111e-06
1.65096e-06
-5.09985e-06
3.62229e-07
9.62349e-07
3.47779e-07
1.17647e-05
2.33282e-06
2.27942e-05
5.94409e-06
2.45821e-05
9.07372e-06
1.88286e-05
1.12598e-05
1.02774e-05
1.16007e-05
2.15715e-06
1.00815e-05
-6.14076e-06
6.9585e-06
-1.30982e-05
4.11388e-06
-1.47307e-05
3.01406e-06
-7.50653e-06
2.74899e-06
2.56237e-06
-1.4205e-07
2.83932e-05
-1.74133e-05
2.0022e-05
-1.72867e-05
1.24577e-05
-1.30891e-05
7.42699e-06
-6.60973e-06
4.3093e-06
-2.88049e-06
1.34006e-06
-3.46114e-06
-1.02375e-06
-2.73488e-06
-2.27479e-06
2.21295e-06
-6.71244e-07
1.01586e-05
3.21487e-06
1.89051e-05
8.8872e-06
1.89081e-05
1.33752e-05
1.43391e-05
1.66377e-05
7.01361e-06
1.73446e-05
1.44876e-06
1.55406e-05
-4.3356e-06
1.11086e-05
-8.65967e-06
5.82597e-06
-9.44346e-06
3.0119e-06
-4.69228e-06
2.49839e-06
3.07581e-06
3.71681e-06
3.22614e-05
-7.41388e-06
2.06932e-05
-5.71615e-06
1.22176e-05
-4.61087e-06
5.9998e-06
-3.971e-07
3.18562e-06
-6.94129e-08
-1.41359e-06
1.13709e-06
-4.22797e-06
7.85811e-08
-5.47341e-06
3.45739e-06
-1.54985e-06
6.23312e-06
3.36375e-06
1.39895e-05
1.13373e-05
1.09332e-05
1.66716e-05
9.00369e-06
2.21192e-05
1.56522e-06
2.23128e-05
1.25427e-06
1.90813e-05
-1.10322e-06
1.32251e-05
-2.79861e-06
6.10735e-06
-2.32257e-06
2.57419e-06
-1.15968e-06
3.48753e-06
2.16251e-06
2.79531e-06
2.41676e-05
1.4502e-05
1.05889e-05
3.12025e-06
4.55997e-06
-4.64359e-06
-3.40247e-06
-8.03661e-06
1.6587e-08
1.24761e-06
1.27286e-05
1.36052e-05
2.07639e-05
1.78403e-05
1.50211e-05
1.08829e-05
5.20656e-06
3.75719e-06
5.99201e-06
)
;

boundaryField
{
    left_open
    {
        type            calculated;
        value           nonuniform List<scalar> 
40
(
-1.43575e-06
-3.46352e-06
-4.86855e-06
-5.80118e-06
-6.37978e-06
-6.69885e-06
-6.82764e-06
-6.8114e-06
-6.67626e-06
-6.4353e-06
-6.09463e-06
-5.6583e-06
-5.13287e-06
-4.53144e-06
-3.87677e-06
-3.20238e-06
-2.55054e-06
-1.96542e-06
-1.48198e-06
-1.11948e-06
-2.51598e-06
-1.52748e-06
-1.19014e-06
-1.19313e-06
-1.31388e-06
-1.11077e-06
-1.30958e-06
-1.97237e-06
6.67726e-08
-4.10512e-06
-3.98496e-07
-4.54201e-06
1.05662e-06
2.16289e-06
-1.50939e-06
6.94329e-06
-1.67143e-06
7.77201e-06
9.88699e-07
4.44473e-06
)
;
    }
    right_open
    {
        type            calculated;
        value           nonuniform List<scalar> 
40
(
4.06748e-07
9.32064e-07
1.17625e-06
1.2089e-06
1.08839e-06
8.5482e-07
5.35692e-07
1.51577e-07
-2.81037e-07
-7.47114e-07
-1.23335e-06
-1.72949e-06
-2.22695e-06
-2.71841e-06
-3.19722e-06
-3.65701e-06
-4.09092e-06
-4.4907e-06
-4.84505e-06
-5.13614e-06
-2.22851e-05
-1.43582e-05
-2.60131e-06
-9.48028e-07
-6.06804e-07
-6.7105e-07
-1.17717e-06
-5.39148e-07
-8.56824e-07
1.18127e-06
-2.49598e-06
1.50342e-06
-1.62083e-06
1.08777e-06
-9.02107e-07
-1.79798e-06
4.46852e-06
-1.35963e-06
4.40661e-06
-1.41328e-06
)
;
    }
    base_side
    {
        type            calculated;
        value           uniform 0;
    }
    top
    {
        type            calculated;
        value           nonuniform List<scalar> 
65
(
-5.3581e-07
7.99268e-06
-2.89261e-06
2.67184e-06
6.47489e-06
1.01617e-07
6.62882e-06
-1.25361e-07
7.17845e-06
1.15978e-06
4.29438e-07
2.84646e-06
1.07986e-06
3.25966e-07
2.95508e-06
1.15034e-05
1.51961e-05
1.65258e-05
1.26667e-05
4.85276e-06
1.09236e-07
-2.08505e-07
-1.95089e-07
-2.65822e-07
-2.36054e-07
-2.43595e-07
3.20347e-07
7.54586e-07
1.36467e-06
1.34142e-06
9.28153e-07
2.93411e-08
-4.90383e-08
1.27017e-08
-6.37589e-08
-1.48779e-07
-1.81497e-07
1.39219e-06
-9.24336e-07
-1.50934e-06
5.15902e-07
3.99147e-07
6.41952e-08
-1.75743e-06
-1.62298e-06
4.16234e-06
3.94866e-06
-7.00332e-07
7.06685e-06
-1.50928e-06
1.03381e-05
-1.16175e-06
8.08654e-06
-1.81745e-06
1.27561e-05
-5.44478e-07
8.12299e-06
-5.58729e-06
4.17523e-06
1.7148e-06
1.33946e-06
3.35091e-06
2.89129e-07
-7.20482e-08
1.01979e-05
)
;
    }
    front
    {
        type            empty;
        value           nonuniform 0();
    }
    back
    {
        type            empty;
        value           nonuniform 0();
    }
    air_to_aluminum
    {
        type            calculated;
        value           nonuniform List<scalar> 
129
(
-5.29396e-23
0
0
0
-1.32349e-23
0
0
0
0
0
0
0
0
0
0
0
0
0
0
0
0
0
0
0
0
0
0
0
0
0
0
0
-8.47033e-22
1.05879e-22
0
0
0
0
0
0
0
0
0
0
0
0
0
0
0
0
0
0
0
0
0
0
0
0
0
0
0
0
-2.11758e-22
0
0
0
0
0
0
0
0
0
0
0
0
0
0
-1.32349e-23
-1.32349e-23
0
0
0
0
0
0
0
0
0
0
-4.23516e-22
4.23516e-22
0
0
0
0
0
0
0
0
0
0
0
0
0
0
0
0
0
0
0
0
0
0
0
0
0
0
-8.47033e-22
0
0
0
0
0
0
0
0
0
0
0
)
;
    }
}


// ************************************************************************* //
