/*--------------------------------*- C++ -*----------------------------------*\
| =========                 |                                                 |
| \\      /  F ield         | OpenFOAM: The Open Source CFD Toolbox           |
|  \\    /   O peration     | Version:                                        |
|   \\  /    A nd           | Website:  www.openfoam.com                      |
|    \\/     M anipulation  |                                                 |
\*---------------------------------------------------------------------------*/
FoamFile
{
    version     2.0;
    format      ascii;
    class       surfaceScalarField;
    location    "1890.5/air";
    object      phi;
}
// * * * * * * * * * * * * * * * * * * * * * * * * * * * * * * * * * * * * * //

dimensions      [1 0 -1 0 0 0 0];
oriented        oriented;


internalField   nonuniform List<scalar> 
4299
(
6.98308e-08
-6.98175e-08
1.06836e-07
-3.69922e-08
7.03336e-08
3.6516e-08
7.03469e-08
6.31645e-08
-1.32969e-07
1.08498e-07
-8.2313e-08
7.0119e-08
7.49086e-08
1.40479e-07
3.82972e-08
-1.71253e-07
6.83434e-08
-1.12346e-07
4.38088e-08
9.94566e-08
1.84301e-07
1.99663e-08
-1.91206e-07
3.71223e-08
-1.29489e-07
2.3891e-08
1.12701e-07
2.08205e-07
8.46325e-09
-1.99656e-07
1.94316e-08
-1.40444e-07
1.37214e-08
1.18424e-07
2.2194e-07
1.4333e-09
-2.01076e-07
1.15638e-08
-1.50562e-07
1.10078e-08
1.18993e-07
2.32961e-07
-4.59449e-09
-1.96469e-07
1.01328e-08
-1.65276e-07
1.41419e-08
1.14997e-07
2.47116e-07
-1.15395e-08
-1.84916e-07
1.37417e-08
-1.90544e-07
2.33089e-08
1.05442e-07
2.70438e-07
-2.14656e-08
-1.63437e-07
2.19293e-08
-2.33926e-07
3.99143e-08
8.74706e-08
3.10365e-07
-3.76535e-08
-1.2577e-07
3.27787e-08
-3.04343e-07
6.53562e-08
5.49072e-08
3.75735e-07
-6.62867e-08
-5.94699e-08
3.76445e-08
-4.08261e-07
9.82948e-08
-5.73015e-09
4.74043e-07
-1.18287e-07
5.88248e-08
1.32864e-08
-5.39834e-07
1.27597e-07
-1.20037e-07
6.01651e-07
-2.05192e-07
2.64009e-07
-8.21395e-08
-6.62923e-07
1.13877e-07
-3.16082e-07
7.15534e-07
-3.08657e-07
5.72633e-07
-2.82593e-07
-6.89072e-07
-2.27011e-08
-5.76051e-07
6.92824e-07
-2.43509e-07
8.16099e-07
-4.2745e-07
-5.05218e-07
-2.16028e-07
-7.87587e-07
4.76743e-07
2.63033e-07
5.53139e-07
2.85514e-08
-2.70663e-07
-2.49633e-07
-5.09492e-07
2.26854e-07
-7.49894e-08
7.50022e-08
-1.08047e-07
3.30696e-08
-6.56359e-08
-4.23985e-08
-6.56231e-08
-7.88485e-08
1.53863e-07
-1.11483e-07
6.57148e-08
-5.60313e-08
-9.78399e-08
-1.21642e-07
-5.82766e-08
2.12151e-07
-7.43633e-08
8.18119e-08
-2.75306e-08
-1.44662e-07
-1.49161e-07
-4.70408e-08
2.59206e-07
-4.72904e-08
8.20786e-08
-5.24425e-09
-1.86687e-07
-1.54389e-07
-4.68997e-08
3.06126e-07
-3.28754e-08
6.80946e-08
1.32172e-08
-2.32729e-07
-1.41144e-07
-5.21071e-08
3.58272e-07
-2.47005e-08
4.07795e-08
2.7615e-08
-2.8493e-07
-1.13476e-07
-5.68551e-08
4.15192e-07
-1.64821e-08
5.78489e-10
3.90283e-08
-3.40236e-07
-7.4359e-08
-5.78089e-08
4.731e-07
-3.36176e-09
-5.36101e-08
5.13135e-08
-3.94621e-07
-2.29212e-08
-5.66306e-08
5.29853e-07
2.13987e-08
-1.31326e-07
7.29401e-08
-4.45826e-07
5.01649e-08
-5.452e-08
5.84502e-07
6.41804e-08
-2.49712e-07
1.14595e-07
-4.95911e-07
1.64907e-07
-5.29469e-08
6.37564e-07
1.14835e-07
-4.17216e-07
1.68964e-07
-5.49758e-07
3.34e-07
-7.09544e-08
7.08629e-07
1.10062e-07
-5.97922e-07
1.85387e-07
-6.24819e-07
5.19488e-07
-1.30753e-07
8.39595e-07
-3.66507e-08
-6.9136e-07
9.31808e-08
-7.54214e-07
6.12763e-07
-1.37046e-07
9.77187e-07
-2.05826e-07
-6.21048e-07
-6.69693e-08
-8.92064e-07
5.46035e-07
1.32393e-07
8.45661e-07
-1.63088e-09
-4.84749e-07
-6.5314e-08
-8.26676e-07
4.81497e-07
8.79682e-07
-3.42637e-08
9.99473e-07
-6.04877e-07
5.11616e-07
-3.38295e-07
9.94591e-07
2.04948e-05
2.94679e-06
-2.34419e-05
1.79394e-05
2.55534e-06
1.58751e-05
2.06462e-06
1.60066e-06
1.42753e-05
1.76813e-05
1.68285e-06
-1.64174e-05
1.86545e-05
1.58207e-06
1.93597e-05
1.35934e-06
1.10554e-06
1.98547e-05
1.47009e-05
1.23111e-06
-1.42492e-05
1.50764e-05
1.20667e-06
1.53251e-05
1.11087e-06
9.9031e-07
1.54405e-05
1.61009e-05
1.38057e-06
-1.62503e-05
1.5885e-05
1.42258e-06
1.5575e-05
1.42091e-06
1.39144e-06
1.5174e-05
1.60552e-05
1.4419e-06
-1.61165e-05
1.59541e-05
1.5237e-06
1.57857e-05
1.58935e-06
1.64241e-06
1.55347e-05
1.38433e-05
1.2758e-06
-1.36772e-05
1.399e-05
1.37694e-06
1.41008e-05
1.47857e-06
1.58001e-06
1.41632e-05
1.01264e-05
8.9451e-07
-9.74505e-06
1.05084e-05
9.94871e-07
1.08853e-05
1.10173e-06
1.21364e-06
1.12517e-05
5.95986e-06
3.95262e-07
-5.4606e-06
6.47701e-06
4.77734e-07
7.0104e-06
5.68347e-07
6.66432e-07
7.55761e-06
2.3777e-06
-1.1026e-07
-1.87215e-06
2.9152e-06
-5.97515e-08
3.47834e-06
5.22882e-09
7.0948e-08
4.07384e-06
3.25698e-09
-5.56551e-07
4.43116e-07
4.85946e-07
-5.42357e-07
1.00598e-06
-5.14717e-07
-4.77185e-07
1.55419e-06
-5.22726e-07
-9.55161e-07
9.21544e-07
-8.99561e-08
-9.74903e-07
3.75739e-07
-9.80177e-07
-9.76084e-07
8.74883e-07
8.52101e-07
-1.30416e-06
-5.02844e-07
1.23506e-06
-1.35758e-06
1.65272e-06
-1.39754e-06
-1.42843e-06
2.10539e-06
3.57539e-06
-1.61038e-06
-3.26894e-06
3.9212e-06
-1.70315e-06
4.29689e-06
-1.77298e-06
-1.82793e-06
4.69666e-06
6.42231e-06
-1.89468e-06
-6.13776e-06
6.74276e-06
-2.02335e-06
7.08358e-06
-2.11354e-06
-2.17684e-06
7.43277e-06
7.86951e-06
-2.18986e-06
-7.57396e-06
8.15765e-06
-2.31111e-06
8.43162e-06
-2.38707e-06
-2.42836e-06
8.6836e-06
6.07611e-06
-2.31265e-06
-5.95261e-06
6.15456e-06
-2.38876e-06
6.1855e-06
-2.41709e-06
-2.40203e-06
6.1602e-06
-1.45567e-06
-1.98729e-06
1.13177e-06
-1.82167e-06
-2.02116e-06
-2.22221e-06
-2.01486e-06
-1.96414e-06
-2.65841e-06
-1.42726e-05
-1.19718e-06
1.34841e-05
-1.50476e-05
-1.24466e-06
-1.57948e-05
-1.2664e-06
-1.2653e-06
-1.64926e-05
-2.50505e-05
-9.24615e-08
2.39455e-05
-2.61343e-05
-1.61062e-07
-2.72383e-05
-1.62499e-07
-2.46999e-07
-2.82566e-05
-2.47847e-05
2.26025e-05
-2.69907e-05
-2.65727e-05
-2.6221e-05
1.36801e-05
1.14995e-06
1.27692e-05
6.41843e-07
1.21174e-05
1.43225e-07
-2.51749e-07
1.25945e-05
2.01768e-05
8.27936e-07
2.02741e-05
5.44766e-07
2.01758e-05
2.41726e-07
-4.54138e-08
1.9969e-05
1.54227e-05
8.45931e-07
1.52926e-05
6.75095e-07
1.5055e-05
4.79547e-07
2.68058e-07
1.4742e-05
1.46831e-05
1.33708e-06
1.41032e-05
1.25546e-06
1.34391e-05
1.14428e-06
9.99724e-07
1.27084e-05
1.5188e-05
1.68378e-06
1.47317e-05
1.7118e-06
1.41519e-05
1.72421e-06
1.71728e-06
1.34346e-05
1.41654e-05
1.68156e-06
1.40941e-05
1.7831e-06
1.39341e-05
1.88422e-06
1.98305e-06
1.36683e-05
1.16025e-05
1.33077e-06
1.19319e-05
1.45361e-06
1.22335e-05
1.58266e-06
1.71786e-06
1.24987e-05
8.11622e-06
7.72168e-07
8.68421e-06
8.8563e-07
9.25991e-06
1.00697e-06
1.13624e-06
9.84154e-06
4.69736e-06
1.48664e-07
5.34732e-06
2.35694e-07
6.02293e-06
3.31368e-07
4.35666e-07
6.72351e-06
2.13282e-06
-4.29884e-07
2.74205e-06
-3.73454e-07
3.38218e-06
-3.08689e-07
-2.37138e-07
4.05506e-06
1.40763e-06
-9.6238e-07
1.97431e-06
-9.39874e-07
2.57576e-06
-9.0988e-07
-8.75905e-07
3.21478e-06
2.5925e-06
-1.44916e-06
3.11321e-06
-1.46024e-06
3.66698e-06
-1.46331e-06
-1.46157e-06
4.253e-06
5.11676e-06
-1.86898e-06
5.5536e-06
-1.8968e-06
6.00315e-06
-1.91258e-06
-1.91789e-06
6.45975e-06
7.78222e-06
-2.21813e-06
8.12451e-06
-2.23878e-06
8.4518e-06
-2.23957e-06
-2.22182e-06
8.75605e-06
8.90394e-06
-2.43796e-06
9.08265e-06
-2.41694e-06
9.21169e-06
-2.36803e-06
-2.29671e-06
9.28719e-06
6.06979e-06
-2.34645e-06
5.90913e-06
-2.25514e-06
5.67838e-06
-2.13611e-06
-1.99979e-06
5.3826e-06
-3.12501e-06
-1.87822e-06
-3.61779e-06
-1.76085e-06
-4.13816e-06
-1.61438e-06
-1.44662e-06
-4.69015e-06
-1.71339e-05
-1.23615e-06
-1.77188e-05
-1.17542e-06
-1.82404e-05
-1.09246e-06
-9.80944e-07
-1.87058e-05
-2.91226e-05
-3.70189e-07
-3.00216e-05
-2.76357e-07
-3.06672e-05
-4.46744e-07
-3.47178e-07
-3.13006e-05
-2.80857e-05
-2.98709e-05
-3.1651e-05
-3.11589e-05
1.28546e-05
-2.61953e-07
1.32003e-05
-3.48517e-07
-4.19922e-07
1.36165e-05
1.98413e-05
-1.34873e-07
1.97027e-05
-2.11051e-07
-2.82994e-07
1.95642e-05
1.4548e-05
5.93732e-08
1.43492e-05
-1.19645e-08
-9.57681e-08
1.41621e-05
1.22771e-05
4.91309e-07
1.18386e-05
4.27356e-07
3.5592e-07
1.13877e-05
1.29622e-05
9.64006e-07
1.2437e-05
9.52769e-07
9.36037e-07
1.18572e-05
1.34675e-05
1.16479e-06
1.32245e-05
1.19577e-06
1.22498e-06
1.29356e-05
1.26263e-05
1.03715e-06
1.27374e-05
1.08468e-06
1.133e-06
1.28294e-05
1.01736e-05
7.05055e-07
1.05073e-05
7.51034e-07
7.98205e-07
1.08421e-05
7.12845e-06
3.00125e-07
7.54129e-06
3.38204e-07
3.77373e-07
7.96213e-06
4.45567e-06
-1.00449e-07
4.86852e-06
-7.46171e-08
-4.87137e-08
5.29464e-06
3.60183e-06
-4.87357e-07
4.00431e-06
-4.76957e-07
-4.68008e-07
4.42374e-06
4.59716e-06
-8.31325e-07
4.95146e-06
-8.31063e-07
-8.31889e-07
5.31553e-06
6.71431e-06
-1.08573e-06
6.96826e-06
-1.08486e-06
-1.08356e-06
7.22008e-06
8.91378e-06
-1.24329e-06
9.06149e-06
-1.2324e-06
-1.22003e-06
9.19814e-06
9.30947e-06
-1.26522e-06
9.31364e-06
-1.2362e-06
-1.20627e-06
9.30024e-06
5.19525e-06
-1.07722e-06
4.98884e-06
-1.02917e-06
-9.81059e-07
4.76425e-06
-5.03963e-06
-7.27159e-07
-5.40303e-06
-6.65242e-07
-6.02744e-07
-5.78088e-06
-1.89239e-05
-5.09069e-07
-1.91233e-05
-4.65906e-07
-4.19804e-07
-1.93064e-05
-3.16758e-05
-1.33749e-07
-3.19405e-05
-2.01185e-07
-1.86379e-07
-3.2174e-05
-3.10484e-05
-3.20073e-05
-3.29415e-05
1.37694e-05
-1.5441e-07
1.39278e-05
-1.60214e-07
-1.66205e-07
1.40921e-05
1.95352e-05
-1.26186e-07
1.95111e-05
-1.3688e-07
-1.45301e-07
1.94892e-05
1.4088e-05
-5.20435e-08
1.40143e-05
-6.32079e-08
-7.40228e-08
1.39431e-05
1.1225e-05
1.11002e-07
1.10604e-05
1.01762e-07
9.15907e-08
1.08951e-05
1.1641e-05
3.27398e-07
1.14175e-05
3.25334e-07
3.22504e-07
1.11868e-05
1.28246e-05
4.38367e-07
1.27079e-05
4.42075e-07
4.45798e-07
1.25846e-05
1.2856e-05
4.11751e-07
1.28801e-05
4.1794e-07
4.24335e-07
1.29016e-05
1.09604e-05
2.93489e-07
1.10788e-05
2.99515e-07
3.05801e-07
1.11973e-05
8.11189e-06
1.43725e-07
8.26279e-06
1.48623e-07
1.53739e-07
8.41485e-06
5.44901e-06
-1.06333e-08
5.60526e-06
-7.61234e-09
-4.2875e-09
5.7633e-06
4.57854e-06
-1.65383e-07
4.73575e-06
-1.64769e-07
-1.63582e-07
4.89509e-06
5.44579e-06
-2.95572e-07
5.57727e-06
-2.96183e-07
-2.96301e-07
5.71005e-06
7.30701e-06
-3.82455e-07
7.39378e-06
-3.82896e-07
-3.82749e-07
7.48027e-06
9.24351e-06
-4.27759e-07
9.28789e-06
-4.27211e-07
-4.25752e-07
9.33095e-06
9.29222e-06
-4.19616e-07
9.28197e-06
-4.16824e-07
-4.13224e-07
9.26957e-06
4.68233e-06
-3.37485e-07
4.59788e-06
-3.32163e-07
-3.27151e-07
4.51201e-06
-5.92446e-06
-1.93758e-07
-6.0701e-06
-1.86383e-07
-1.82422e-07
-6.2147e-06
-1.93636e-05
-1.36661e-07
-1.94206e-05
-1.29446e-07
-1.28147e-07
-1.9475e-05
-3.22501e-05
-6.05263e-08
-3.2328e-05
-5.16062e-08
-1.51561e-08
-3.2441e-05
-3.29712e-05
-3.30136e-05
-3.32734e-05
1.46016e-05
-5.15866e-07
1.51294e-05
-5.35985e-07
-5.30544e-07
1.56497e-05
1.93914e-05
-4.21202e-07
1.93021e-05
-4.50866e-07
-4.58926e-07
1.9225e-05
1.37908e-05
-2.69087e-07
1.36785e-05
-3.38988e-07
-3.97814e-07
1.36165e-05
1.04378e-05
1.89191e-07
1.00035e-05
9.63068e-08
5.85628e-09
9.6009e-06
1.04861e-05
8.9036e-07
9.7298e-06
8.53103e-07
8.09747e-07
8.92651e-06
1.21898e-05
1.28523e-06
1.17332e-05
1.30978e-06
1.33285e-06
1.12101e-05
1.29496e-05
1.23718e-06
1.29707e-05
1.28862e-06
1.34107e-06
1.29625e-05
1.15343e-05
9.00212e-07
1.18706e-05
9.52341e-07
1.00586e-06
1.22058e-05
8.85415e-06
4.60925e-07
9.3023e-06
5.04196e-07
5.49015e-07
9.75915e-06
6.21929e-06
4.96246e-09
6.68905e-06
3.44559e-08
6.42769e-08
7.17381e-06
5.35164e-06
-4.51464e-07
5.82771e-06
-4.41488e-07
-4.31955e-07
6.32406e-06
6.09535e-06
-8.36577e-07
6.49206e-06
-8.38018e-07
-8.40741e-07
6.90102e-06
7.72708e-06
-1.08324e-06
7.96857e-06
-1.07936e-06
-1.07561e-06
8.20357e-06
9.44519e-06
-1.1973e-06
9.54361e-06
-1.17761e-06
-1.15635e-06
9.62454e-06
9.22044e-06
-1.1478e-06
9.15343e-06
-1.11022e-06
-1.07057e-06
9.06803e-06
4.25491e-06
-8.90123e-07
3.98589e-06
-8.40641e-07
-7.89594e-07
3.70545e-06
-6.60616e-06
-4.98328e-07
-6.99633e-06
-4.50214e-07
-4.05443e-07
-7.3803e-06
-1.96387e-05
-3.34989e-07
-1.9794e-05
-2.9537e-07
-2.69728e-07
-1.99304e-05
-3.25762e-05
-1.9998e-07
-3.27453e-05
-1.26337e-07
-2.43532e-07
-3.27717e-05
-3.43123e-05
-3.42588e-05
-3.4083e-05
1.64676e-05
-8.79131e-07
1.64773e-05
-6.61763e-07
1.55029e-05
5.76417e-07
2.89936e-06
1.3561e-05
1.90335e-05
-7.00887e-07
1.86867e-05
-3.46098e-07
1.81113e-05
1.08206e-06
4.01061e-06
1.69185e-05
1.37141e-05
-8.01265e-07
1.39788e-05
-6.18341e-07
1.47065e-05
3.26484e-07
2.93388e-06
1.57259e-05
9.03302e-06
-2.31754e-07
8.85652e-06
-4.41484e-07
9.28476e-06
-1.0702e-07
1.25597e-06
1.09422e-05
7.39795e-06
1.29802e-06
5.85519e-06
1.10267e-06
4.77915e-06
9.70505e-07
1.26421e-06
4.7717e-06
1.00957e-05
2.41255e-06
8.74099e-06
2.45756e-06
7.22502e-06
2.48675e-06
2.53328e-06
5.95659e-06
1.28786e-05
2.49633e-06
1.26772e-05
2.65885e-06
1.2347e-05
2.81679e-06
2.95712e-06
1.19228e-05
1.27939e-05
1.90823e-06
1.33681e-05
2.0847e-06
1.39181e-05
2.2668e-06
2.44917e-06
1.4426e-05
1.0593e-05
1.07444e-06
1.14497e-05
1.22802e-06
1.23243e-05
1.39226e-06
1.56713e-06
1.32063e-05
8.06146e-06
1.8683e-07
8.99878e-06
2.90731e-07
9.98778e-06
4.033e-07
5.26909e-07
1.1028e-05
7.23492e-06
-7.23833e-07
8.22117e-06
-6.95361e-07
9.29629e-06
-6.71685e-07
-6.48148e-07
1.04714e-05
7.66138e-06
-1.48391e-06
8.47323e-06
-1.50694e-06
9.34913e-06
-1.54738e-06
-1.60436e-06
1.03055e-05
8.61359e-06
-1.8937e-06
8.99777e-06
-1.8909e-06
9.35769e-06
-1.90709e-06
-1.95076e-06
9.70428e-06
9.72099e-06
-1.98982e-06
9.74947e-06
-1.91903e-06
9.70416e-06
-1.86139e-06
-1.82579e-06
9.5797e-06
8.86343e-06
-1.78454e-06
8.60424e-06
-1.65917e-06
8.29208e-06
-1.54858e-06
-1.46179e-06
7.92871e-06
3.1745e-06
-1.25271e-06
2.62044e-06
-1.10433e-06
2.06304e-06
-9.90539e-07
-9.37261e-07
1.539e-06
-8.01219e-06
-6.20742e-07
-8.61051e-06
-5.06353e-07
-9.16388e-06
-4.37998e-07
-4.25944e-07
-9.67633e-06
-2.01645e-05
-3.88e-07
-2.03453e-05
-3.27196e-07
-2.05214e-05
-2.63528e-07
-2.05218e-07
-2.07435e-05
-3.28792e-05
-2.80922e-07
-3.25919e-05
-6.15091e-07
-3.23837e-05
-4.72184e-07
-2.16547e-07
-3.23727e-05
-3.37245e-05
-3.57101e-05
-3.49519e-05
-3.44027e-05
8.75685e-06
4.81128e-06
2.99927e-06
5.78886e-06
-3.60906e-06
6.64271e-06
7.62109e-06
-1.12101e-05
1.41383e-05
7.55041e-06
9.7296e-06
1.02109e-05
4.77899e-06
1.1635e-05
1.18857e-05
5.41849e-07
1.6267e-05
6.95403e-06
1.57405e-05
1.07205e-05
1.44286e-05
1.29663e-05
1.33946e-05
1.29382e-05
1.34848e-05
4.38171e-06
1.60453e-05
8.14653e-06
1.79861e-05
1.10403e-05
1.23439e-05
1.90638e-05
6.59848e-06
2.55676e-06
9.98544e-06
4.77253e-06
1.39647e-05
7.09423e-06
8.69274e-06
1.76676e-05
5.76517e-06
2.75038e-06
7.20447e-06
3.34159e-06
1.00621e-05
4.25732e-06
5.14189e-06
1.36487e-05
1.15955e-05
3.07712e-06
1.17283e-05
3.20804e-06
1.25896e-05
3.39639e-06
3.62827e-06
1.41063e-05
1.4881e-05
2.6218e-06
1.53124e-05
2.77603e-06
1.57956e-05
2.91196e-06
3.05712e-06
1.63649e-05
1.4076e-05
1.7522e-06
1.49059e-05
1.94618e-06
1.56734e-05
2.14441e-06
2.37327e-06
1.6357e-05
1.21133e-05
6.6695e-07
1.32271e-05
8.32414e-07
1.43383e-05
1.03328e-06
1.28482e-06
1.54268e-05
1.17526e-05
-6.14215e-07
1.31358e-05
-5.50809e-07
1.45982e-05
-4.29259e-07
-2.44572e-07
1.61274e-05
1.13604e-05
-1.66924e-06
1.25291e-05
-1.71983e-06
1.38126e-05
-1.7136e-06
-1.61392e-06
1.51805e-05
1.00599e-05
-2.0248e-06
1.04607e-05
-2.12092e-06
1.09583e-05
-2.21229e-06
-2.23021e-06
1.15723e-05
9.37711e-06
-1.8216e-06
9.11988e-06
-1.86309e-06
8.8747e-06
-1.96686e-06
-2.05822e-06
8.70207e-06
7.52337e-06
-1.4156e-06
7.09879e-06
-1.43777e-06
6.68264e-06
-1.54979e-06
-1.62644e-06
6.25169e-06
1.08271e-06
-9.5894e-07
6.81106e-07
-1.03578e-06
2.2443e-07
-1.09246e-06
-1.00505e-06
-3.95956e-07
-1.01799e-05
-4.56259e-07
-1.07323e-05
-4.83265e-07
-1.13683e-05
-4.55331e-07
-2.92561e-07
-1.20788e-05
-2.10443e-05
-1.5625e-07
-2.14762e-05
-5.14823e-08
-2.19756e-05
4.4734e-08
2.83044e-07
-2.25499e-05
-3.21364e-05
-3.92834e-07
-3.21868e-05
-1.09344e-09
-3.20568e-05
-8.49863e-08
3.75548e-07
-3.21487e-05
-3.6432e-05
-3.57197e-05
-3.48614e-05
-3.37247e-05
-2.93724e-07
-5.74994e-09
-2.88915e-07
-4.80818e-09
-2.90679e-07
1.76595e-09
-3.05763e-07
1.50857e-08
-3.50676e-07
4.48768e-08
-4.24628e-07
7.38225e-08
-4.55088e-07
3.0318e-08
-4.2245e-07
-3.26835e-08
-4.11584e-07
-1.08776e-08
-4.55166e-07
4.35103e-08
-4.88936e-07
3.36206e-08
-4.54507e-07
-3.45856e-08
-3.96544e-07
-5.80601e-08
-4.10694e-07
1.41086e-08
-5.67288e-07
1.56573e-07
-1.02523e-06
4.57934e-07
-1.5596e-06
5.344e-07
-4.22228e-07
-1.13728e-06
2.23077e-06
-2.65277e-06
2.23095e-06
-4.04532e-07
-1.34484e-08
-4.07412e-07
-1.92807e-09
-4.4108e-07
3.54359e-08
-5.18202e-07
9.22102e-08
-6.54814e-07
1.81448e-07
-8.39215e-07
2.5808e-07
-9.64217e-07
1.55171e-07
-9.79907e-07
-1.70442e-08
-9.99572e-07
8.75729e-09
-1.08349e-06
1.27331e-07
-1.13378e-06
8.37434e-08
-1.06933e-06
-9.91824e-08
-9.94483e-07
-1.32983e-07
-1.13039e-06
1.4998e-07
-1.6239e-06
6.50066e-07
-2.37361e-06
1.20763e-06
-2.70853e-06
8.6935e-07
-1.06224e-06
-2.78349e-06
2.72549e-06
-6.44031e-06
4.95663e-06
-1.12304e-07
-1.73358e-08
-1.33535e-07
1.93026e-08
-2.13959e-07
1.15862e-07
-3.69381e-07
2.47635e-07
-6.04874e-07
4.16906e-07
-8.99328e-07
5.52381e-07
-1.14771e-06
4.03385e-07
-1.27066e-06
1.0584e-07
-1.35213e-06
9.01612e-08
-1.45707e-06
2.32144e-07
-1.50577e-06
1.32267e-07
-1.44683e-06
-1.58246e-07
-1.42273e-06
-1.57141e-07
-1.6738e-06
4.01014e-07
-2.25912e-06
1.23537e-06
-2.8253e-06
1.7738e-06
-2.82687e-06
8.70925e-07
-1.29664e-06
-4.31369e-06
2.506e-06
-1.02428e-05
7.46281e-06
4.62436e-07
-1.46456e-08
4.19306e-07
6.24328e-08
2.92576e-07
2.42592e-07
5.96597e-08
4.80553e-07
-2.76076e-07
7.5262e-07
-6.85358e-07
9.61521e-07
-1.07915e-06
7.96987e-07
-1.34518e-06
3.71772e-07
-1.50815e-06
2.53034e-07
-1.6347e-06
3.58539e-07
-1.69158e-06
1.88965e-07
-1.66548e-06
-1.84452e-07
-1.69549e-06
-1.27168e-07
-1.96214e-06
6.6765e-07
-2.41904e-06
1.69225e-06
-2.6541e-06
2.00885e-06
-2.44938e-06
6.66213e-07
-1.19842e-06
-5.56465e-06
2.27046e-06
-1.37116e-05
9.73346e-06
1.21475e-06
-6.21539e-09
1.15366e-06
1.23527e-07
9.89646e-07
4.06607e-07
6.89102e-07
7.81098e-07
2.62288e-07
1.17942e-06
-2.59069e-07
1.48277e-06
-8.0376e-07
1.34148e-06
-1.23791e-06
8.05785e-07
-1.50639e-06
5.21396e-07
-1.6707e-06
5.22662e-07
-1.75334e-06
2.71437e-07
-1.76802e-06
-1.69854e-07
-1.8178e-06
-7.74132e-08
-2.00584e-06
8.5569e-07
-2.23935e-06
1.92576e-06
-2.17202e-06
1.94152e-06
-1.86594e-06
3.60136e-07
-9.42535e-07
-6.48806e-06
2.06358e-06
-1.67177e-05
1.17972e-05
2.06489e-06
5.60873e-09
1.99208e-06
1.96337e-07
1.80337e-06
5.95314e-07
1.45529e-06
1.12918e-06
9.53319e-07
1.6814e-06
3.36974e-07
2.09905e-06
-3.51404e-07
2.02967e-06
-9.66675e-07
1.42089e-06
-1.37161e-06
9.26176e-07
-1.60076e-06
7.51617e-07
-1.72617e-06
3.96683e-07
-1.77858e-06
-1.17512e-07
-1.81526e-06
-4.07384e-08
-1.88136e-06
9.21804e-07
-1.89835e-06
1.94276e-06
-1.62822e-06
1.6714e-06
-1.27193e-06
3.85797e-09
-6.34449e-07
-7.12553e-06
1.87804e-06
-1.92301e-05
1.36754e-05
2.95574e-06
1.88304e-08
2.87727e-06
2.74809e-07
2.67588e-06
7.967e-07
2.30042e-06
1.50464e-06
1.74617e-06
2.23565e-06
1.05346e-06
2.79173e-06
2.5094e-07
2.83204e-06
-5.40242e-07
2.21188e-06
-1.11366e-06
1.49942e-06
-1.44213e-06
1.07988e-06
-1.62855e-06
5.82935e-07
-1.71855e-06
-2.75726e-08
-1.7303e-06
-2.89659e-08
-1.67856e-06
8.70085e-07
-1.54033e-06
1.80457e-06
-1.19139e-06
1.32249e-06
-7.93084e-07
-3.94422e-07
-3.37907e-07
-7.58068e-06
1.70789e-06
-2.12759e-05
1.53835e-05
3.84776e-06
3.21691e-08
3.76839e-06
3.54174e-07
3.56386e-06
1.00123e-06
3.1781e-06
1.8904e-06
2.5956e-06
2.81816e-06
1.84931e-06
3.53801e-06
9.66758e-07
3.7145e-06
2.86646e-08
3.14979e-06
-7.31721e-07
2.25961e-06
-1.1978e-06
1.54574e-06
-1.4688e-06
8.53764e-07
-1.60698e-06
1.1055e-07
-1.60485e-06
-3.10712e-08
-1.46683e-06
7.32105e-07
-1.24577e-06
1.58356e-06
-9.22137e-07
9.98894e-07
-4.78699e-07
-8.37818e-07
-8.84434e-08
-7.9709e-06
1.54789e-06
-2.29123e-05
1.69315e-05
4.71402e-06
4.47841e-08
4.6372e-06
4.30994e-07
4.43639e-06
1.20204e-06
4.05298e-06
2.2738e-06
3.46303e-06
3.40811e-06
2.68844e-06
4.31259e-06
1.75476e-06
4.64813e-06
7.14755e-07
4.18965e-06
-2.22154e-07
3.19631e-06
-8.60856e-07
2.18422e-06
-1.24613e-06
1.23886e-06
-1.45449e-06
3.18852e-07
-1.46661e-06
-1.8932e-08
-1.28374e-06
5.49298e-07
-1.03432e-06
1.3342e-06
-7.90433e-07
7.55054e-07
-3.02961e-07
-1.32524e-06
8.68472e-08
-8.36067e-06
1.39492e-06
-2.42204e-05
1.83266e-05
5.53567e-06
5.60828e-08
5.46398e-06
5.02685e-07
5.2718e-06
1.39423e-06
4.89949e-06
2.64611e-06
4.31787e-06
3.98974e-06
3.53801e-06
5.09245e-06
2.58145e-06
5.60467e-06
1.48395e-06
5.28704e-06
4.05838e-07
4.27423e-06
-4.19533e-07
3.00937e-06
-9.51104e-07
1.77024e-06
-1.25919e-06
6.26857e-07
-1.32357e-06
4.54688e-08
-1.1384e-06
3.6419e-07
-8.88197e-07
1.08407e-06
-7.31069e-07
5.97985e-07
-2.04495e-07
-1.85177e-06
2.28318e-07
-8.79345e-06
1.24641e-06
-2.52385e-05
1.95731e-05
6.2982e-06
6.55533e-08
6.23386e-06
5.67024e-07
6.05421e-06
1.57387e-06
5.6993e-06
3.00103e-06
5.13726e-06
4.55178e-06
4.37074e-06
5.85896e-06
3.41619e-06
6.55921e-06
2.29893e-06
6.40424e-06
1.13114e-06
5.44187e-06
1.33914e-07
4.00637e-06
-5.6879e-07
2.47274e-06
-1.00736e-06
1.06533e-06
-1.16491e-06
2.03026e-07
-1.01998e-06
2.19311e-07
-7.75783e-07
8.39954e-07
-6.8361e-07
5.05876e-07
-1.2832e-07
-2.40702e-06
3.34269e-07
-9.256e-06
1.1051e-06
-2.60094e-05
2.06784e-05
6.98863e-06
7.26531e-08
6.93388e-06
6.21779e-07
6.77046e-06
1.73729e-06
6.43829e-06
3.33319e-06
5.90427e-06
5.0858e-06
5.16531e-06
6.59792e-06
4.23312e-06
7.49141e-06
3.12684e-06
7.51048e-06
1.92075e-06
6.64786e-06
7.9441e-07
5.13252e-06
-8.50432e-08
3.35199e-06
-6.78281e-07
1.65845e-06
-9.65836e-07
4.90566e-07
-9.0521e-07
1.58731e-07
-6.65637e-07
6.00454e-07
-6.00658e-07
4.40957e-07
-2.13298e-08
-2.98631e-06
4.26187e-07
-9.70349e-06
9.75877e-07
-2.65591e-05
2.16543e-05
7.59367e-06
7.672e-08
7.55099e-06
6.64452e-07
7.40785e-06
1.88044e-06
7.10402e-06
3.63702e-06
6.60551e-06
5.58431e-06
5.90534e-06
7.29808e-06
5.01159e-06
8.38516e-06
3.94004e-06
8.58202e-06
2.73896e-06
7.84885e-06
1.53741e-06
6.33392e-06
5.09762e-07
4.37945e-06
-2.50592e-07
2.41867e-06
-6.9449e-07
9.34423e-07
-7.62375e-07
2.26645e-07
-5.32209e-07
3.70347e-07
-4.48885e-07
3.57686e-07
9.00929e-08
-3.52527e-06
5.19274e-07
-1.01326e-05
8.58144e-07
-2.68981e-05
2.25126e-05
8.09854e-06
7.6899e-08
8.07088e-06
6.92116e-07
7.95276e-06
1.99856e-06
7.68386e-06
3.90591e-06
7.22896e-06
6.03921e-06
6.5777e-06
7.94935e-06
5.73548e-06
9.22737e-06
4.71656e-06
9.60094e-06
3.55365e-06
9.01172e-06
2.33144e-06
7.55601e-06
1.1997e-06
5.51101e-06
2.86312e-07
3.33191e-06
-3.18943e-07
1.53962e-06
-5.53154e-07
4.60865e-07
-3.58995e-07
1.7623e-07
-2.36409e-07
2.35143e-07
2.52298e-07
-4.01396e-06
6.30897e-07
-1.05112e-05
7.52251e-07
-2.70195e-05
2.32648e-05
8.48657e-06
7.20789e-08
8.47736e-06
7.01319e-07
8.38995e-06
2.08597e-06
8.16406e-06
4.13181e-06
7.76242e-06
6.44085e-06
7.17071e-06
8.54106e-06
6.39188e-06
1.00062e-05
5.43957e-06
1.05532e-05
4.33866e-06
1.01126e-05
3.14153e-06
8.75307e-06
1.96049e-06
6.69191e-06
9.30701e-07
4.36155e-06
1.75837e-07
2.2944e-06
-2.37187e-07
8.73881e-07
-1.28033e-07
6.71032e-08
1.22237e-09
1.05922e-07
4.82089e-07
-4.4948e-06
7.74296e-07
-1.08033e-05
6.58483e-07
-2.69038e-05
2.39233e-05
8.73918e-06
6.08289e-08
8.75245e-06
6.88041e-07
8.70247e-06
2.13595e-06
8.52933e-06
4.30495e-06
8.19268e-06
6.77751e-06
7.67289e-06
9.06085e-06
6.96964e-06
1.07095e-05
6.09606e-06
1.14268e-05
5.07406e-06
1.11346e-05
3.93628e-06
9.8908e-06
2.75854e-06
7.86954e-06
1.66203e-06
5.45794e-06
7.86584e-07
3.16975e-06
2.23473e-07
1.43697e-06
1.62857e-07
1.27736e-07
3.61859e-07
-9.30501e-08
7.77667e-07
-4.91058e-06
9.574e-07
-1.0983e-05
5.77012e-07
-2.65235e-05
2.45003e-05
8.8365e-06
4.13356e-08
8.87683e-06
6.47713e-07
8.87201e-06
2.14077e-06
8.76309e-06
4.41387e-06
8.50539e-06
7.03521e-06
8.07215e-06
9.49408e-06
7.45824e-06
1.13234e-05
6.67539e-06
1.22097e-05
5.7451e-06
1.20649e-05
4.6905e-06
1.09454e-05
3.55929e-06
9.00068e-06
2.44844e-06
6.56868e-06
1.49614e-06
4.12197e-06
8.21521e-07
2.11155e-06
5.63649e-07
3.85619e-07
7.54988e-07
-2.84358e-07
1.12907e-06
-5.28462e-06
1.18345e-06
-1.10373e-05
5.09285e-07
-2.58494e-05
2.50095e-05
8.75858e-06
1.13443e-08
8.83097e-06
5.75323e-07
8.87989e-06
2.09185e-06
8.84814e-06
4.44561e-06
8.68535e-06
7.198e-06
8.35568e-06
9.82375e-06
7.84702e-06
1.1832e-05
7.16817e-06
1.28885e-05
6.34082e-06
1.28922e-05
5.38553e-06
1.19007e-05
4.33249e-06
1.00537e-05
3.25381e-06
7.64728e-06
2.27229e-06
5.1034e-06
1.52376e-06
2.86004e-06
1.11451e-06
7.94873e-07
1.24985e-06
-4.19659e-07
1.5465e-06
-5.5812e-06
1.45378e-06
-1.09445e-05
4.54448e-07
-2.48501e-05
2.54638e-05
8.48713e-06
-3.17803e-08
8.59684e-06
4.65615e-07
8.70849e-06
1.9802e-06
8.76783e-06
4.38628e-06
8.71741e-06
7.24842e-06
8.51019e-06
1.0031e-05
8.12446e-06
1.22178e-05
7.5642e-06
1.34488e-05
6.85101e-06
1.36054e-05
6.00685e-06
1.27448e-05
5.05374e-06
1.10068e-05
4.04375e-06
8.65721e-06
3.07832e-06
6.06878e-06
2.29567e-06
3.64264e-06
1.79491e-06
1.29564e-06
1.85517e-06
-4.79876e-07
2.03473e-06
-5.76069e-06
1.76906e-06
-1.06788e-05
4.35813e-07
-2.3517e-05
2.58993e-05
8.00858e-06
-9.28915e-08
8.16116e-06
3.13041e-07
8.34252e-06
1.79883e-06
8.5049e-06
4.2239e-06
8.58585e-06
7.16747e-06
8.52648e-06
1.00903e-05
8.29002e-06
1.24542e-05
7.86925e-06
1.38696e-05
7.28291e-06
1.41918e-05
6.55702e-06
1.34707e-05
5.7138e-06
1.185e-05
4.79327e-06
9.57771e-06
3.87722e-06
6.98478e-06
3.09746e-06
4.42237e-06
2.55955e-06
1.83355e-06
2.54545e-06
-4.65725e-07
2.56706e-06
-5.78223e-06
2.14062e-06
-1.02522e-05
3.12945e-07
-2.16894e-05
2.6212e-05
2.49993e-05
-6.21063e-07
2.61188e-05
-8.06378e-07
2.74876e-05
4.30062e-07
2.89021e-05
2.80935e-06
3.01807e-05
5.88886e-06
3.11725e-05
9.09849e-06
3.1737e-05
1.18897e-05
3.17226e-05
1.3884e-05
3.10409e-05
1.48735e-05
2.96993e-05
1.48123e-05
2.77639e-05
1.37854e-05
2.53661e-05
1.19754e-05
2.27391e-05
9.61174e-06
2.02543e-05
6.90712e-06
1.8186e-05
3.90183e-06
1.69914e-05
7.29042e-07
1.50889e-05
-3.87947e-06
1.27623e-05
-7.92539e-06
6.84916e-06
-1.57764e-05
9.61752e-06
9.9042e-06
-2.51237e-06
1.30796e-05
-3.98165e-06
1.62009e-05
-2.69099e-06
1.85572e-05
4.53098e-07
2.06036e-05
3.84227e-06
2.25435e-05
7.15852e-06
2.45512e-05
9.88194e-06
2.65034e-05
1.19317e-05
2.81375e-05
1.32394e-05
2.92312e-05
1.37186e-05
2.96706e-05
1.3346e-05
2.9457e-05
1.2189e-05
2.86915e-05
1.03772e-05
2.7542e-05
8.05664e-06
2.61314e-05
5.31247e-06
2.45566e-05
2.30382e-06
2.18886e-05
-1.21139e-06
1.81074e-05
-4.14409e-06
1.0318e-05
-7.98699e-06
3.51688e-06
5.15349e-06
-5.78253e-06
1.00384e-05
-8.86624e-06
1.35875e-05
-6.23972e-06
1.53244e-05
-1.2837e-06
1.55735e-05
3.59284e-06
1.57096e-05
7.02197e-06
1.66201e-05
8.97096e-06
1.84948e-05
1.00567e-05
2.09655e-05
1.07685e-05
2.35108e-05
1.11732e-05
2.57103e-05
1.11464e-05
2.73186e-05
1.05808e-05
2.82459e-05
9.44982e-06
2.84958e-05
7.8068e-06
2.807e-05
5.73818e-06
2.69239e-05
3.44995e-06
2.46208e-05
1.09169e-06
2.10295e-05
-5.5279e-07
1.46087e-05
-1.56609e-06
3.87585e-06
5.06926e-06
-9.3414e-06
9.97259e-06
-1.37698e-05
1.33446e-05
-9.61167e-06
1.45155e-05
-2.45455e-06
1.37872e-05
4.32066e-06
1.21565e-05
8.6519e-06
1.10334e-05
1.00933e-05
1.13274e-05
9.76214e-06
1.30447e-05
9.05089e-06
1.56186e-05
8.5992e-06
1.8411e-05
8.35399e-06
2.09487e-05
8.04309e-06
2.29486e-05
7.44998e-06
2.42638e-05
6.4917e-06
2.48071e-05
5.19488e-06
2.45193e-05
3.7378e-06
2.32511e-05
2.35993e-06
2.10101e-05
1.68821e-06
1.74944e-05
1.94959e-06
5.1199e-06
5.20486e-06
-1.30887e-05
9.64462e-06
-1.82096e-05
1.22593e-05
-1.22263e-05
1.28924e-05
-3.08763e-06
1.19043e-05
5.30837e-06
9.75257e-06
1.08028e-05
7.47281e-06
1.2372e-05
6.29484e-06
1.09393e-05
6.73486e-06
8.61036e-06
8.44546e-06
6.88842e-06
1.07961e-05
6.00339e-06
1.32572e-05
5.58216e-06
1.54689e-05
5.23841e-06
1.72069e-05
4.7538e-06
1.83416e-05
4.06035e-06
1.88217e-05
3.25777e-06
1.86173e-05
2.56439e-06
1.78569e-05
2.44868e-06
1.66222e-05
3.18426e-06
5.62558e-06
4.8583e-06
-1.70397e-05
8.61417e-06
-2.19648e-05
1.02898e-05
-1.39014e-05
1.03323e-05
-3.13007e-06
9.25108e-06
6.38946e-06
7.23448e-06
1.28188e-05
4.78001e-06
1.48255e-05
2.9456e-06
1.27726e-05
2.47499e-06
9.08032e-06
3.20107e-06
6.16207e-06
4.63593e-06
4.56849e-06
6.35663e-06
3.86149e-06
8.0794e-06
3.51569e-06
9.60533e-06
3.22791e-06
1.08143e-05
2.85141e-06
1.16754e-05
2.39666e-06
1.22255e-05
2.0144e-06
1.26098e-05
2.06439e-06
1.29498e-05
2.84427e-06
4.89823e-06
4.40839e-06
-2.06038e-05
6.88925e-06
-2.44448e-05
7.53872e-06
-1.45504e-05
7.17714e-06
-2.76834e-06
6.1647e-06
7.4019e-06
4.53835e-06
1.44448e-05
2.44991e-06
1.6913e-05
6.24705e-07
1.45967e-05
-3.21078e-07
1.00252e-05
-3.84954e-07
6.22541e-06
1.18634e-07
4.06456e-06
9.97422e-07
2.98246e-06
2.0129e-06
2.50004e-06
3.02985e-06
2.21084e-06
3.9618e-06
1.91938e-06
4.82533e-06
1.53311e-06
5.71305e-06
1.1267e-06
6.75019e-06
1.0273e-06
8.0241e-06
1.57042e-06
3.17733e-06
3.66203e-06
-2.33542e-05
4.65892e-06
-2.5441e-05
4.48151e-06
-1.43728e-05
3.95628e-06
-2.24304e-06
3.13899e-06
8.21931e-06
1.98746e-06
1.55961e-05
5.11317e-07
1.83883e-05
-9.46857e-07
1.60535e-05
-1.973e-06
1.10501e-05
-2.50754e-06
6.75905e-06
-2.53192e-06
4.08837e-06
-2.17338e-06
2.62357e-06
-1.66853e-06
1.99496e-06
-1.15333e-06
1.69546e-06
-6.53176e-07
1.41911e-06
-9.59529e-08
9.75814e-07
6.45267e-07
3.85469e-07
1.75471e-06
-8.21147e-08
3.30364e-06
2.15398e-08
1.02042e-06
2.19694e-06
-2.54895e-05
2.2461e-06
-2.54896e-05
1.64088e-06
-1.37676e-05
1.07759e-06
-1.67977e-06
5.27346e-07
8.76972e-06
-7.57504e-08
1.61992e-05
-8.97692e-07
1.92095e-05
-1.77482e-06
1.69291e-05
-2.53822e-06
1.18119e-05
-2.92702e-06
7.1467e-06
-2.75765e-06
3.91838e-06
-2.28402e-06
2.14966e-06
-1.94112e-06
1.65186e-06
-1.93939e-06
1.69351e-06
-2.19823e-06
1.67773e-06
-2.39662e-06
1.17405e-06
-2.23456e-06
2.23327e-07
-1.53994e-06
-7.76724e-07
-1.8658e-07
-1.33175e-06
-1.03822e-06
1.12739e-06
-2.62772e-05
9.53906e-08
-2.44572e-05
-8.31346e-07
-1.28409e-05
-1.43424e-06
-1.07691e-06
-1.79129e-06
9.12691e-06
-1.86797e-06
1.62759e-05
-1.77561e-06
1.91162e-05
-1.79991e-06
1.69515e-05
-1.77896e-06
1.1789e-05
-1.26887e-06
6.63541e-06
-1.08184e-07
2.75724e-06
1.11289e-06
9.28474e-07
1.52683e-06
1.23775e-06
8.4421e-07
2.37578e-06
-6.27357e-07
3.14884e-06
-2.16715e-06
2.71345e-06
-3.09679e-06
1.15278e-06
-3.09081e-06
-7.82686e-07
-2.21466e-06
-2.20768e-06
-2.80941e-06
-1.82243e-07
-2.60645e-05
-1.84215e-06
-2.27973e-05
-2.99584e-06
-1.16871e-05
-3.75154e-06
-3.21319e-07
-3.79794e-06
9.1733e-06
-3.20651e-06
1.56845e-05
-2.2015e-06
1.81103e-05
-1.12861e-06
1.58767e-05
1.88566e-07
1.047e-05
2.43939e-06
4.38369e-06
5.52496e-06
-3.28275e-07
8.22428e-06
-1.77047e-06
9.08142e-06
3.80543e-07
7.80987e-06
3.64674e-06
4.78257e-06
6.17521e-06
1.30457e-06
6.19061e-06
-1.34774e-06
3.80461e-06
-2.56088e-06
4.30453e-07
-2.32222e-06
-2.44595e-06
-4.20928e-06
-9.34902e-07
-2.61129e-05
-3.56958e-06
-2.01627e-05
-5.15806e-06
-1.00986e-05
-5.89145e-06
4.11928e-07
-5.60093e-06
8.88264e-06
-4.40425e-06
1.44876e-05
-2.52617e-06
1.62312e-05
-2.16364e-07
1.35651e-05
2.88463e-06
7.36758e-06
7.54309e-06
-2.74956e-07
1.30639e-05
-5.8479e-06
1.69122e-05
-5.61774e-06
1.83449e-05
-1.05205e-06
1.66169e-05
5.37383e-06
1.25329e-05
1.02578e-05
7.48389e-06
1.12381e-05
3.03068e-06
8.25691e-06
2.79701e-07
3.18124e-06
-4.18855e-07
-1.74694e-06
-5.12999e-06
-1.4988e-06
-1.94747e-05
-5.39905e-06
-1.62625e-05
-7.36218e-06
-8.13556e-06
-7.97776e-06
1.02733e-06
-7.39343e-06
8.29807e-06
-5.7351e-06
1.28289e-05
-3.19354e-06
1.36888e-05
1.61549e-07
1.02087e-05
5.22746e-06
2.301e-06
1.17598e-05
-6.80569e-06
1.73139e-05
-1.14001e-05
2.07971e-05
-9.1003e-06
2.19254e-05
-2.18079e-06
2.05791e-05
6.71862e-06
1.70097e-05
1.3825e-05
1.21565e-05
1.60893e-05
7.42833e-06
1.29838e-05
4.10101e-06
6.50826e-06
2.74667e-06
-3.9211e-07
-5.65126e-06
-3.89935e-06
-1.71021e-05
-7.60176e-06
-1.25602e-05
-9.62456e-06
-6.11284e-06
-1.01406e-05
1.54314e-06
-9.35555e-06
7.5127e-06
-7.44968e-06
1.09225e-05
-4.52655e-06
1.07649e-05
-3.25087e-07
6.00654e-06
5.03766e-06
-3.06142e-06
9.6435e-06
-1.14094e-05
1.34776e-05
-1.52342e-05
1.58755e-05
-1.14992e-05
1.68007e-05
-3.10749e-06
1.65305e-05
6.98681e-06
1.48037e-05
1.55493e-05
1.18889e-05
1.9002e-05
8.72148e-06
1.61499e-05
6.35825e-06
8.87125e-06
5.45737e-06
5.09413e-07
-6.33046e-06
-5.37667e-06
-9.81117e-06
-9.5529e-06
-8.38408e-06
-1.17439e-05
-3.92194e-06
-1.22312e-05
2.03013e-06
-1.12425e-05
6.52361e-06
-8.97212e-06
8.65172e-06
-5.66401e-06
7.45633e-06
-2.10604e-06
2.44911e-06
-2.68244e-07
-4.89641e-06
1.16623e-06
-1.28458e-05
3.93575e-06
-1.80055e-05
5.89242e-06
-1.34567e-05
6.80098e-06
-4.01678e-06
7.43175e-06
6.35526e-06
7.6157e-06
1.53637e-05
7.08661e-06
1.95293e-05
6.3283e-06
1.6907e-05
5.87747e-06
9.32192e-06
6.24551e-06
1.42066e-07
-7.65746e-06
-7.17535e-06
-9.56895e-06
-1.06235e-05
-4.93619e-06
-1.27303e-05
-1.81535e-06
-1.29596e-05
2.25907e-06
-1.15161e-05
5.07973e-06
-8.91497e-06
6.05066e-06
-6.81205e-06
5.35449e-06
-7.50154e-06
3.14066e-06
-8.96499e-06
-3.43473e-06
-7.53191e-06
-1.42822e-05
-6.15666e-06
-1.93801e-05
-5.32774e-06
-1.42849e-05
-4.69131e-06
-4.65256e-06
-3.58329e-06
5.24788e-06
-1.76421e-06
1.35444e-05
1.02291e-07
1.76618e-05
1.51397e-06
1.54944e-05
2.99147e-06
7.84406e-06
4.56062e-06
-1.42661e-06
-9.04716e-06
-6.57731e-06
-6.22006e-06
-9.59517e-06
-1.91877e-06
-1.1361e-05
-4.99103e-08
-1.11941e-05
2.09185e-06
-9.68683e-06
3.57257e-06
-8.10388e-06
4.46873e-06
-8.68345e-06
5.93547e-06
-1.16719e-05
6.12832e-06
-1.35239e-05
-1.58655e-06
-1.44236e-05
-1.33831e-05
-1.54632e-05
-1.83385e-05
-1.58539e-05
-1.38929e-05
-1.54582e-05
-5.04724e-06
-1.41383e-05
3.92936e-06
-1.1213e-05
1.06196e-05
-7.55619e-06
1.40043e-05
-4.11267e-06
1.20497e-05
-1.46451e-06
5.19509e-06
-4.091e-07
-2.48099e-06
-8.31973e-06
-4.5771e-06
-3.19224e-06
-6.69505e-06
1.98608e-07
-7.82759e-06
1.08217e-06
-7.66286e-06
1.92694e-06
-7.03547e-06
2.94572e-06
-6.89561e-06
4.3301e-06
-8.14697e-06
7.18736e-06
-1.01963e-05
8.1754e-06
-1.29059e-05
1.11955e-06
-1.66504e-05
-9.63846e-06
-2.10598e-05
-1.39265e-05
-2.35822e-05
-1.13694e-05
-2.33411e-05
-5.28826e-06
-2.16874e-05
2.27625e-06
-1.79402e-05
6.87254e-06
-1.31437e-05
9.20679e-06
-9.43722e-06
8.34182e-06
-7.69023e-06
3.44791e-06
-9.57707e-06
-5.91012e-07
-4.40575e-06
-3.14012e-06
3.71358e-07
-4.55554e-06
1.61364e-06
-5.5484e-06
2.07464e-06
-6.31064e-06
2.68911e-06
-6.85127e-06
3.48677e-06
-6.71218e-06
4.19145e-06
-5.64367e-06
6.1189e-06
-5.165e-06
7.69477e-06
-6.08531e-06
2.03682e-06
-1.1979e-05
-3.74609e-06
-2.01761e-05
-5.72768e-06
-2.67588e-05
-4.78613e-06
-2.77935e-05
-4.25219e-06
-2.71047e-05
1.58623e-06
-2.23712e-05
2.13802e-06
-1.72713e-05
4.10551e-06
-1.57397e-05
6.8091e-06
-1.55028e-05
3.21198e-06
-1.97766e-05
3.68619e-06
-2.34429e-07
-2.09763e-06
-2.97002e-06
-4.25489e-06
-5.02519e-06
-6.46511e-06
-7.86324e-06
-1.81175e-07
-1.7377e-06
1.54147e-06
-2.01115e-06
-9.75644e-06
-2.10574e-05
-2.19272e-05
-2.67738e-05
-2.32379e-05
-1.79277e-05
-2.05944e-05
-1.75129e-05
-2.30592e-05
-1.82485e-06
1.82488e-06
8.32691e-08
-1.90823e-06
5.83868e-07
-5.00425e-07
5.0441e-07
7.95496e-08
4.38052e-07
6.61211e-08
3.28676e-07
1.09173e-07
2.41446e-07
8.72293e-08
2.04407e-07
3.70975e-08
1.95606e-07
8.84983e-09
1.86862e-07
8.77631e-09
1.56541e-07
3.0341e-08
9.43875e-08
6.21688e-08
3.38707e-09
9.10186e-08
-1.05119e-07
1.08534e-07
-2.24688e-07
1.19606e-07
-3.47321e-07
1.2268e-07
-4.70703e-07
1.23459e-07
-5.82374e-07
1.11825e-07
-6.09406e-07
2.72755e-08
-3.69417e-08
-2.2989e-06
4.12379e-06
4.82022e-07
-4.68929e-06
1.13598e-06
-1.15422e-06
1.073e-06
1.42671e-07
8.91071e-07
2.47868e-07
7.01087e-07
2.98934e-07
5.59285e-07
2.29001e-07
4.92753e-07
1.03683e-07
4.72019e-07
2.96327e-08
4.52231e-07
2.85957e-08
3.91829e-07
9.07614e-08
2.64428e-07
1.89582e-07
7.05006e-08
2.84961e-07
-1.67043e-07
3.46102e-07
-4.22046e-07
3.74644e-07
-6.75471e-07
3.76152e-07
-9.22938e-07
3.71017e-07
-1.12498e-06
3.14052e-07
-1.15675e-06
5.92891e-08
-1.09483e-07
-2.18357e-06
6.30734e-06
5.1292e-07
-7.38587e-06
1.08616e-06
-1.7273e-06
1.14264e-06
8.63507e-08
1.01461e-06
3.75774e-07
8.53887e-07
4.59426e-07
7.31686e-07
3.51142e-07
6.68701e-07
1.66706e-07
6.4261e-07
5.57701e-08
6.12565e-07
5.86708e-08
5.3284e-07
1.70502e-07
3.69386e-07
3.53042e-07
1.19292e-07
5.35062e-07
-1.90592e-07
6.56003e-07
-5.20582e-07
7.04661e-07
-8.50034e-07
7.05649e-07
-1.17915e-06
7.00251e-07
-1.45068e-06
5.85791e-07
-1.51265e-06
1.21457e-07
-1.80009e-07
-2.06737e-06
8.37467e-06
1.70328e-07
-9.62358e-06
6.67214e-07
-2.22406e-06
8.67681e-07
-1.13976e-07
9.07469e-07
3.35905e-07
8.56525e-07
5.10162e-07
8.01091e-07
4.06497e-07
7.63578e-07
2.04243e-07
7.38245e-07
8.11436e-08
6.97162e-07
9.97809e-08
5.98995e-07
2.68678e-07
4.09926e-07
5.42109e-07
1.26963e-07
8.18021e-07
-2.21446e-07
1.00442e-06
-5.92943e-07
1.07617e-06
-9.77717e-07
1.09046e-06
-1.38421e-06
1.10688e-06
-1.72843e-06
9.30223e-07
-1.832e-06
2.2514e-07
-2.3873e-07
-1.97678e-06
1.03514e-05
-2.37979e-07
-1.13623e-05
1.44003e-07
-2.60597e-06
4.56048e-07
-4.25912e-07
6.82237e-07
1.09675e-07
7.69005e-07
4.23224e-07
7.99214e-07
3.76206e-07
7.97088e-07
2.0638e-07
7.76409e-07
1.01856e-07
7.23462e-07
1.52749e-07
6.0478e-07
3.87362e-07
3.923e-07
7.54573e-07
8.70928e-08
1.12321e-06
-2.8119e-07
1.37268e-06
-6.78573e-07
1.47354e-06
-1.11651e-06
1.52843e-06
-1.59989e-06
1.59041e-06
-1.99527e-06
1.32578e-06
-2.10923e-06
3.39091e-07
-2.99892e-07
-1.89372e-06
1.22451e-05
-6.22324e-07
-1.26336e-05
-3.79011e-07
-2.84922e-06
6.1837e-08
-8.66646e-07
4.26706e-07
-2.55197e-07
6.35811e-07
2.13989e-07
7.45392e-07
2.66551e-07
7.78165e-07
1.73608e-07
7.63086e-07
1.16959e-07
6.9715e-07
2.18699e-07
5.5566e-07
5.28845e-07
3.19817e-07
9.90387e-07
-1.80873e-09
1.44479e-06
-3.80218e-07
1.75105e-06
-7.99722e-07
1.89302e-06
-1.29438e-06
2.02313e-06
-1.83725e-06
2.13343e-06
-2.22968e-06
1.7183e-06
-2.29893e-06
4.08232e-07
-3.85751e-07
-1.81492e-06
1.406e-05
-9.61173e-07
-1.34873e-05
-7.5809e-07
-3.0522e-06
-2.44149e-07
-1.38047e-06
1.86642e-07
-6.85961e-07
4.83633e-07
-8.30918e-08
6.5145e-07
9.86764e-08
7.11747e-07
1.13309e-07
6.99904e-07
1.28819e-07
6.18616e-07
2.99994e-07
4.52437e-07
6.95007e-07
1.94029e-07
1.24875e-06
-1.39284e-07
1.77803e-06
-5.21918e-07
2.13361e-06
-9.6687e-07
2.33791e-06
-1.51712e-06
2.57341e-06
-2.08025e-06
2.69669e-06
-2.40033e-06
2.03838e-06
-2.37334e-06
3.8104e-07
-5.14478e-07
-1.74834e-06
1.58082e-05
-1.23477e-06
-1.40008e-05
-1.01103e-06
-3.27581e-06
-4.80571e-07
-1.91081e-06
-2.51467e-08
-1.14134e-06
3.2296e-07
-4.31255e-07
5.24763e-07
-1.03167e-07
6.02075e-07
3.59945e-08
5.87873e-07
1.43032e-07
4.87387e-07
4.00479e-07
2.95639e-07
8.86725e-07
1.82692e-08
1.52605e-06
-3.19927e-07
2.11613e-06
-7.04617e-07
2.51819e-06
-1.18087e-06
2.81408e-06
-1.77441e-06
3.16698e-06
-2.30461e-06
3.22697e-06
-2.49022e-06
2.22388e-06
-2.33495e-06
2.25511e-07
-6.96093e-07
-1.69427e-06
1.75024e-05
-1.44773e-06
-1.42472e-05
-1.1919e-06
-3.53149e-06
-6.6804e-07
-2.43456e-06
-2.08931e-07
-1.6004e-06
1.53927e-07
-7.94143e-07
3.69821e-07
-3.19085e-07
4.52696e-07
-4.6881e-08
4.28165e-07
1.6757e-07
3.04157e-07
5.2448e-07
8.80715e-08
1.10277e-06
-1.99789e-07
1.81381e-06
-5.3437e-07
2.45058e-06
-9.22806e-07
2.90648e-06
-1.43437e-06
3.32555e-06
-2.04676e-06
3.77939e-06
-2.49049e-06
3.67072e-06
-2.50228e-06
2.23549e-06
-2.2089e-06
-6.81836e-08
-9.33514e-07
-1.64869e-06
1.9151e-05
-1.61351e-06
-1.42823e-05
-1.3378e-06
-3.80705e-06
-8.33421e-07
-2.93884e-06
-3.83828e-07
-2.04994e-06
-2.51385e-08
-1.15284e-06
1.8873e-07
-5.32964e-07
2.65851e-07
-1.23998e-07
2.22247e-07
2.1118e-07
7.12969e-08
6.75416e-07
-1.60493e-07
1.33449e-06
-4.47738e-07
2.10093e-06
-7.71321e-07
2.77399e-06
-1.16808e-06
3.30306e-06
-1.71355e-06
3.87091e-06
-2.31234e-06
4.37818e-06
-2.62845e-06
3.9868e-06
-2.45578e-06
2.06257e-06
-2.02952e-06
-4.94794e-07
-1.22646e-06
-1.61027e-06
2.07612e-05
-1.74823e-06
-1.41443e-05
-1.46892e-06
-4.08621e-06
-9.91187e-07
-3.41648e-06
-5.57843e-07
-2.48324e-06
-2.16203e-07
-1.49447e-06
-1.89174e-08
-7.30246e-07
4.19305e-08
-1.84837e-07
-2.70897e-08
2.80206e-07
-1.98392e-07
8.46697e-07
-4.36901e-07
1.57292e-06
-7.09582e-07
2.37346e-06
-1.0184e-06
3.08259e-06
-1.42969e-06
3.71415e-06
-2.00075e-06
4.44186e-06
-2.5526e-06
4.93003e-06
-2.72001e-06
4.15415e-06
-2.37746e-06
1.71976e-06
-1.83024e-06
-1.04236e-06
-1.57561e-06
-1.57917e-06
2.23402e-05
-1.861e-06
-1.38624e-05
-1.58931e-06
-4.35775e-06
-1.14593e-06
-3.85976e-06
-7.36043e-07
-2.89307e-06
-4.22036e-07
-1.80845e-06
-2.46102e-07
-9.06164e-07
-2.1212e-07
-2.18801e-07
-3.08492e-07
3.76587e-07
-4.94539e-07
1.03272e-06
-7.22251e-07
1.80053e-06
-9.6843e-07
2.61944e-06
-1.26372e-06
3.37764e-06
-1.69525e-06
4.14547e-06
-2.27785e-06
5.02436e-06
-2.75567e-06
5.40784e-06
-2.77406e-06
4.17246e-06
-2.29207e-06
1.23753e-06
-1.64065e-06
-1.6941e-06
-1.97979e-06
-1.557e-06
2.3897e-05
-1.95948e-06
-1.34599e-05
-1.69893e-06
-4.61814e-06
-1.29785e-06
-4.26074e-06
-9.19276e-07
-3.27157e-06
-6.40443e-07
-2.08724e-06
-4.95966e-07
-1.05061e-06
-4.9316e-07
-2.21578e-07
-6.12222e-07
4.95663e-07
-7.96705e-07
1.21716e-06
-9.96509e-07
2.0002e-06
-1.20912e-06
2.83183e-06
-1.49691e-06
3.66516e-06
-1.952e-06
4.60034e-06
-2.52964e-06
5.60192e-06
-2.91703e-06
5.79523e-06
-2.80216e-06
4.05753e-06
-2.21778e-06
6.52961e-07
-1.48709e-06
-2.42509e-06
-2.42939e-06
-1.54679e-06
2.54436e-05
-2.05183e-06
-1.29549e-05
-1.79847e-06
-4.87132e-06
-1.44472e-06
-4.61436e-06
-1.10386e-06
-3.61233e-06
-8.65752e-07
-2.32527e-06
-7.58826e-07
-1.15748e-06
-7.87435e-07
-1.92924e-07
-9.18409e-07
6.26656e-07
-1.08358e-06
1.38228e-06
-1.24184e-06
2.15832e-06
-1.42037e-06
3.01009e-06
-1.70972e-06
3.95422e-06
-2.18859e-06
5.079e-06
-2.74613e-06
6.15941e-06
-3.03837e-06
6.08751e-06
-2.81421e-06
3.83335e-06
-2.1609e-06
-4.66624e-10
-1.38022e-06
-3.20607e-06
-2.90749e-06
-1.55283e-06
2.69961e-05
-2.14685e-06
-1.2361e-05
-1.8887e-06
-5.12925e-06
-1.58255e-06
-4.92035e-06
-1.28294e-06
-3.9118e-06
-1.08908e-06
-2.51904e-06
-1.02274e-06
-1.22374e-06
-1.07799e-06
-1.37609e-07
-1.20653e-06
7.5522e-07
-1.33625e-06
1.51195e-06
-1.44567e-06
2.26756e-06
-1.59577e-06
3.1599e-06
-1.89637e-06
4.25451e-06
-2.3967e-06
5.57915e-06
-2.92351e-06
6.68622e-06
-3.12586e-06
6.28994e-06
-2.81667e-06
3.52422e-06
-2.11531e-06
-7.01893e-07
-1.30322e-06
-4.01847e-06
-3.40074e-06
-1.58043e-06
2.85762e-05
-2.25408e-06
-1.16875e-05
-1.97073e-06
-5.41233e-06
-1.70658e-06
-5.18432e-06
-1.44871e-06
-4.16951e-06
-1.29971e-06
-2.6679e-06
-1.2733e-06
-1.25006e-06
-1.3467e-06
-6.41229e-08
-1.45842e-06
8.66971e-07
-1.54163e-06
1.59509e-06
-1.60219e-06
2.32792e-06
-1.73372e-06
3.29113e-06
-2.05382e-06
4.57431e-06
-2.57218e-06
6.09736e-06
-3.06378e-06
7.17788e-06
-3.18865e-06
6.41496e-06
-2.81411e-06
3.14981e-06
-2.07107e-06
-1.44496e-06
-1.22978e-06
-4.86007e-06
-3.9056e-06
-1.63573e-06
3.02114e-05
-2.38382e-06
-1.09396e-05
-2.0481e-06
-5.74774e-06
-1.81299e-06
-5.41922e-06
-1.59451e-06
-4.38779e-06
-1.48723e-06
-2.77503e-06
-1.4964e-06
-1.24077e-06
-1.57794e-06
1.7516e-08
-1.66173e-06
9.50792e-07
-1.69423e-06
1.62752e-06
-1.71221e-06
2.34568e-06
-1.83651e-06
3.41511e-06
-2.18189e-06
4.9194e-06
-2.71523e-06
6.6306e-06
-3.17348e-06
7.63625e-06
-3.23724e-06
6.47895e-06
-2.8114e-06
2.72415e-06
-2.02513e-06
-2.23126e-06
-1.15127e-06
-5.73428e-06
-4.4234e-06
-1.72002e-06
3.19307e-05
-2.5455e-06
-1.01142e-05
-2.12853e-06
-6.16436e-06
-1.90005e-06
-5.64747e-06
-1.71649e-06
-4.57112e-06
-1.64379e-06
-2.84755e-06
-1.68071e-06
-1.2037e-06
-1.76152e-06
9.84351e-08
-1.81137e-06
1.00069e-06
-1.79587e-06
1.61193e-06
-1.78173e-06
2.33132e-06
-1.90932e-06
3.54239e-06
-2.28303e-06
5.29284e-06
-2.82985e-06
7.17738e-06
-3.26202e-06
8.06862e-06
-3.28231e-06
6.49955e-06
-2.81485e-06
2.25693e-06
-1.98367e-06
-3.06252e-06
-1.07696e-06
-6.64137e-06
-4.95508e-06
-1.8391e-06
3.37689e-05
-2.73899e-06
-9.21437e-06
-2.22107e-06
-6.68189e-06
-1.96706e-06
-5.90122e-06
-1.81427e-06
-4.72366e-06
-1.76592e-06
-2.89569e-06
-1.81983e-06
-1.14963e-06
-1.89288e-06
1.716e-07
-1.90876e-06
1.01661e-06
-1.85368e-06
1.55676e-06
-1.81997e-06
2.29738e-06
-1.95923e-06
3.68135e-06
-2.36203e-06
5.6954e-06
-2.92294e-06
7.7383e-06
-3.34036e-06
8.48634e-06
-3.335e-06
6.49459e-06
-2.83463e-06
1.75678e-06
-1.95834e-06
-3.93896e-06
-1.01441e-06
-7.58568e-06
-5.50369e-06
-1.8912e-06
3.56589e-05
-2.94626e-06
-8.15926e-06
-2.31913e-06
-7.30864e-06
-2.01223e-06
-6.20783e-06
-1.88428e-06
-4.85135e-06
-1.85328e-06
-2.92647e-06
-1.91115e-06
-1.09157e-06
-1.97111e-06
2.31682e-07
-1.95855e-06
1.00408e-06
-1.87692e-06
1.47504e-06
-1.83704e-06
2.25726e-06
-1.99434e-06
3.83836e-06
-2.42512e-06
6.12597e-06
-3.00225e-06
8.31551e-06
-3.41992e-06
8.90438e-06
-3.40973e-06
6.48485e-06
-2.88824e-06
1.23548e-06
-1.96288e-06
-4.86454e-06
-9.65235e-07
-8.58368e-06
-6.08319e-06
-9.10738e-06
3.3559e-05
-1.26299e-05
-4.63604e-06
-9.76998e-06
-1.01669e-05
-8.12391e-06
-7.85239e-06
-7.67984e-06
-5.29422e-06
-7.7747e-06
-2.8306e-06
-8.0547e-06
-8.10749e-07
-8.14487e-06
3.22383e-07
-7.87704e-06
7.36301e-07
-7.44124e-06
1.03871e-06
-7.37318e-06
2.1882e-06
-8.27269e-06
4.7368e-06
-1.03057e-05
8.15858e-06
-1.28621e-05
1.08729e-05
-1.47488e-05
1.07934e-05
-1.4818e-05
6.55597e-06
-1.26053e-05
-9.77029e-07
-8.42761e-06
-9.04277e-06
-3.74918e-06
-1.32628e-05
-8.98315e-06
-5.31477e-06
3.94009e-05
-1.1952e-05
1.99977e-06
-1.01141e-05
-1.20018e-05
-7.50857e-06
-1.04559e-05
-7.1953e-06
-5.60608e-06
-7.39845e-06
-2.62633e-06
-7.73627e-06
-4.72097e-07
-7.84145e-06
4.27954e-07
-7.63532e-06
5.29962e-07
-7.42899e-06
8.31594e-07
-7.7902e-06
2.54835e-06
-9.22057e-06
6.16639e-06
-1.17647e-05
1.0703e-05
-1.47222e-05
1.38324e-05
-1.68377e-05
1.29114e-05
-1.69993e-05
6.71846e-06
-1.46798e-05
-3.29616e-06
-1.00662e-05
-1.36548e-05
-4.09885e-06
-1.92293e-05
-1.28953e-05
7.10693e-06
4.51881e-05
-3.01126e-06
1.20945e-05
-7.55813e-06
-7.44909e-06
-6.33837e-06
-1.16735e-05
-6.37058e-06
-5.57236e-06
-6.83643e-06
-2.15938e-06
-7.29259e-06
-1.52256e-08
-7.49711e-06
6.32648e-07
-7.51442e-06
5.46808e-07
-7.71456e-06
1.0308e-06
-8.60149e-06
3.43425e-06
-1.05315e-05
8.09589e-06
-1.33806e-05
1.35531e-05
-1.63403e-05
1.67941e-05
-1.82466e-05
1.48192e-05
-1.82595e-05
6.73241e-06
-1.61188e-05
-5.43434e-06
-1.17152e-05
-1.80549e-05
-5.24516e-06
-2.5697e-05
-1.78433e-05
1.85658e-05
4.57377e-05
8.48732e-06
2.21804e-05
-1.86027e-06
2.90788e-06
-4.67306e-06
-8.85789e-06
-5.53137e-06
-4.71285e-06
-6.4268e-06
-1.26316e-06
-6.99254e-06
5.50967e-07
-7.29198e-06
9.32061e-07
-7.54929e-06
8.03571e-07
-8.17541e-06
1.65604e-06
-9.52596e-06
4.78395e-06
-1.16782e-05
1.02479e-05
-1.4262e-05
1.61378e-05
-1.64477e-05
1.89812e-05
-1.73556e-05
1.57283e-05
-1.66678e-05
6.04636e-06
-1.47637e-05
-7.33527e-06
-1.1571e-05
-2.12441e-05
-6.09835e-06
-3.11664e-05
-2.3328e-05
2.56225e-05
3.79984e-05
1.90364e-05
2.88409e-05
5.35789e-06
1.66071e-05
-2.58813e-06
-9.05647e-07
-4.61731e-06
-2.68313e-06
-6.04044e-06
1.60253e-07
-6.80754e-06
1.31819e-06
-7.27178e-06
1.39612e-06
-7.81136e-06
1.34264e-06
-8.78496e-06
2.62897e-06
-1.02937e-05
6.29215e-06
-1.20965e-05
1.20509e-05
-1.36576e-05
1.76998e-05
-1.43053e-05
1.96301e-05
-1.36091e-05
1.50331e-05
-1.18955e-05
4.33429e-06
-1.01378e-05
-9.09124e-06
-8.78474e-06
-2.25952e-05
-5.78467e-06
-3.41636e-05
-2.83381e-05
2.58231e-05
2.60023e-05
2.36858e-05
3.10393e-05
1.08531e-05
2.94558e-05
-5.85137e-07
1.0543e-05
-3.76653e-06
4.98294e-07
-5.71278e-06
2.10628e-06
-6.81207e-06
2.41729e-06
-7.61462e-06
2.19837e-06
-8.4917e-06
2.21927e-06
-9.60906e-06
3.74593e-06
-1.0798e-05
7.48104e-06
-1.16207e-05
1.28741e-05
-1.15784e-05
1.76584e-05
-1.03789e-05
1.84315e-05
-8.1585e-06
1.28135e-05
-5.6989e-06
1.87545e-06
-4.03322e-06
-1.07567e-05
-4.20616e-06
-2.24223e-05
-4.4744e-06
-3.38941e-05
-3.17429e-05
2.24179e-05
1.77214e-05
2.33844e-05
3.00736e-05
1.37764e-05
3.90605e-05
1.18094e-06
2.31448e-05
-3.53529e-06
5.21455e-06
-5.73303e-06
4.30342e-06
-7.31232e-06
3.99611e-06
-8.5982e-06
3.48384e-06
-9.79013e-06
3.41083e-06
-1.07803e-05
4.73594e-06
-1.11983e-05
7.89944e-06
-1.05875e-05
1.22644e-05
-8.68825e-06
1.57605e-05
-5.72527e-06
1.54695e-05
-2.4762e-06
9.56489e-06
1.88886e-07
-7.89515e-07
1.4e-06
-1.19683e-05
2.59609e-07
-2.12831e-05
-2.40802e-06
-3.12263e-05
-3.27861e-05
1.97534e-05
1.43235e-05
2.17401e-05
2.80613e-05
1.55608e-05
4.52196e-05
3.28455e-06
3.54179e-05
-3.55445e-06
1.2054e-05
-6.21784e-06
6.96605e-06
-8.51689e-06
6.29455e-06
-1.03855e-05
5.352e-06
-1.18097e-05
4.83483e-06
-1.24568e-05
5.38328e-06
-1.18629e-05
7.30627e-06
-9.66825e-06
1.00712e-05
-5.95253e-06
1.20464e-05
-1.47545e-06
1.09935e-05
2.65378e-06
5.43586e-06
5.25004e-06
-3.38611e-06
5.53524e-06
-1.22548e-05
3.85886e-06
-1.96087e-05
-6.09121e-08
-2.73078e-05
-3.14615e-05
1.80911e-05
1.25881e-05
2.02849e-05
2.58451e-05
1.70623e-05
4.84144e-05
6.08664e-06
4.63806e-05
-3.17497e-06
2.13144e-05
-7.04111e-06
1.08314e-05
-1.03964e-05
9.6492e-06
-1.30115e-05
7.96686e-06
-1.46361e-05
6.45964e-06
-1.48573e-05
5.60521e-06
-1.32687e-05
5.71892e-06
-9.68446e-06
6.48886e-06
-4.44617e-06
6.81001e-06
1.34895e-06
5.19943e-06
6.09241e-06
6.9225e-07
8.57474e-06
-5.86981e-06
8.38814e-06
-1.20708e-05
5.97485e-06
-1.71985e-05
1.00979e-06
-2.23447e-05
-2.5304e-05
1.74319e-05
1.05854e-05
1.92103e-05
2.40545e-05
1.82059e-05
4.93914e-05
9.14134e-06
5.54256e-05
-1.87069e-06
3.23224e-05
-7.63239e-06
1.65921e-05
-1.23592e-05
1.43752e-05
-1.60328e-05
1.164e-05
-1.82239e-05
8.65094e-06
-1.844e-05
5.82229e-06
-1.63054e-05
3.58613e-06
-1.18981e-05
2.08368e-06
-5.77799e-06
6.91716e-07
8.17738e-07
-1.39583e-06
6.23446e-06
-4.72592e-06
9.03817e-06
-8.67658e-06
9.17889e-06
-1.22155e-05
7.0785e-06
-1.5102e-05
3.29547e-06
-1.85641e-05
-2.42712e-05
1.89324e-05
7.78149e-06
1.92039e-05
2.37792e-05
1.89138e-05
4.966e-05
1.18383e-05
6.24795e-05
3.84688e-07
4.37699e-05
-7.11573e-06
2.40913e-05
-1.27837e-05
2.00416e-05
-1.72436e-05
1.60983e-05
-2.00408e-05
1.14469e-05
-2.08545e-05
6.63513e-06
-1.92624e-05
1.99396e-06
-1.54638e-05
-1.71406e-06
-9.73067e-06
-5.04045e-06
-3.01996e-06
-8.10632e-06
2.95351e-06
-1.07009e-05
6.71446e-06
-1.24407e-05
7.85643e-06
-1.33615e-05
6.64377e-06
-1.38932e-05
3.39415e-06
-1.53169e-05
-1.92469e-05
1.91757e-05
3.77953e-06
1.89656e-05
2.39875e-05
1.88036e-05
4.98072e-05
1.38003e-05
6.74638e-05
3.33048e-06
5.42333e-05
-4.8967e-06
3.23173e-05
-1.00575e-05
2.52011e-05
-1.36981e-05
1.97367e-05
-1.57881e-05
1.35341e-05
-1.64686e-05
7.31327e-06
-1.55571e-05
1.08132e-06
-1.3118e-05
-4.15267e-06
-9.15227e-06
-9.00395e-06
-4.10965e-06
-1.31461e-05
8.69758e-07
-1.56786e-05
4.55612e-06
-1.61276e-05
6.19123e-06
-1.4999e-05
5.77231e-06
-1.34773e-05
3.14174e-06
-1.26885e-05
-1.3641e-05
1.59683e-05
-6.33549e-07
1.67298e-05
2.3224e-05
1.7341e-05
4.91872e-05
1.47556e-05
7.00347e-05
6.62823e-06
6.23557e-05
-1.35868e-06
4.03021e-05
-5.07139e-06
2.89135e-05
-6.46759e-06
2.11331e-05
-6.19049e-06
1.32567e-05
-5.17951e-06
6.30114e-06
-4.45184e-06
3.52853e-07
-3.45209e-06
-5.15213e-06
-1.99208e-06
-1.04617e-05
1.12111e-07
-1.52462e-05
2.52533e-06
-1.80875e-05
4.58926e-06
-1.81892e-05
5.6668e-06
-1.60768e-05
5.57727e-06
-1.33896e-05
4.33498e-06
-1.14479e-05
-1.3055e-05
1.09998e-05
-2.94444e-06
1.25576e-05
2.16659e-05
1.44318e-05
4.73083e-05
1.46254e-05
6.9831e-05
1.00925e-05
6.68864e-05
3.73934e-06
4.66516e-05
1.1709e-06
3.14767e-05
1.84288e-06
2.04593e-05
4.39328e-06
1.07074e-05
7.22754e-06
3.46756e-06
8.8858e-06
-1.30694e-06
9.09687e-06
-5.36532e-06
8.38456e-06
-9.75005e-06
7.50028e-06
-1.43599e-05
6.94105e-06
-1.75243e-05
6.66814e-06
-1.79125e-05
6.44251e-06
-1.58496e-05
5.98509e-06
-1.29328e-05
5.09237e-06
-1.05564e-05
-1.28047e-05
5.02857e-06
-1.72431e-06
6.71616e-06
1.99722e-05
9.92858e-06
4.40926e-05
1.33068e-05
6.64466e-05
1.33734e-05
6.6822e-05
1.04469e-05
4.95732e-05
9.50462e-06
3.24044e-05
1.15424e-05
1.84102e-05
1.51319e-05
7.11608e-06
1.86358e-05
-3.33474e-08
2.06968e-05
-3.36751e-06
2.04582e-05
-5.13031e-06
1.84035e-05
-7.69971e-06
1.53883e-05
-1.13467e-05
1.22989e-05
-1.44334e-05
9.77401e-06
-1.53845e-05
8.06549e-06
-1.41388e-05
6.84279e-06
-1.17095e-05
5.27518e-06
-8.9894e-06
-7.08451e-06
-3.39482e-06
1.27724e-06
-1.48981e-06
1.80573e-05
3.73706e-06
3.88553e-05
1.05537e-05
5.96238e-05
1.56389e-05
6.17401e-05
1.74737e-05
4.77291e-05
1.93616e-05
3.04948e-05
2.27745e-05
1.49846e-05
2.65464e-05
3.3493e-06
2.93853e-05
-2.85862e-06
3.02714e-05
-4.24523e-06
2.89297e-05
-3.78965e-06
2.58023e-05
-4.57821e-06
2.15588e-05
-7.10842e-06
1.69635e-05
-9.8396e-06
1.28997e-05
-1.13194e-05
1.00871e-05
-1.13244e-05
8.18687e-06
-9.80824e-06
6.63825e-06
-7.44069e-06
-8.46579e-06
-1.43164e-05
3.52122e-06
-1.13854e-05
1.51152e-05
-4.14422e-06
3.15905e-05
6.26395e-06
4.9201e-05
1.6049e-05
5.1947e-05
2.28159e-05
4.09445e-05
2.8101e-05
2.51948e-05
3.26618e-05
1.04306e-05
3.56075e-05
4.27621e-07
3.65136e-05
-3.7416e-06
3.55299e-05
-3.2507e-06
3.31162e-05
-1.37693e-06
2.94539e-05
-9.22776e-07
2.49537e-05
-2.61553e-06
2.00433e-05
-4.93313e-06
1.54458e-05
-6.72221e-06
1.21304e-05
-8.00835e-06
9.61072e-06
-7.28803e-06
6.28355e-06
-4.11323e-06
-6.24132e-07
-2.3922e-05
4.90014e-06
-2.07508e-05
1.19414e-05
-1.17835e-05
2.26033e-05
1.78568e-06
3.56127e-05
1.52022e-05
3.85164e-05
2.58106e-05
3.03295e-05
3.33968e-05
1.76227e-05
3.77313e-05
6.12797e-06
3.84773e-05
-2.86593e-07
3.71213e-05
-2.36694e-06
3.49844e-05
-1.10867e-06
3.23937e-05
1.21013e-06
2.91016e-05
2.3616e-06
2.53376e-05
1.14007e-06
2.15005e-05
-1.1012e-06
1.73945e-05
-2.61711e-06
1.39819e-05
-4.59557e-06
1.10697e-05
-4.37625e-06
8.04502e-06
-1.0889e-06
-1.2346e-06
-3.13382e-05
4.09602e-06
-2.74643e-05
8.07639e-06
-1.60225e-05
1.11654e-05
-3.06652e-07
1.98988e-05
1.46491e-05
2.35709e-05
2.60833e-05
1.89203e-05
3.2848e-05
1.08924e-05
3.4824e-05
4.1811e-06
3.29859e-05
1.56797e-06
3.09501e-05
-3.25377e-07
2.95486e-05
2.91509e-07
2.84233e-05
2.32948e-06
2.61611e-05
4.61548e-06
2.35866e-05
3.70689e-06
2.20418e-05
4.40013e-07
1.8532e-05
8.9208e-07
1.49595e-05
-1.02333e-06
1.11497e-05
-5.67184e-07
7.03014e-06
3.02923e-06
6.9935e-06
-3.56669e-05
-3.41943e-05
-1.88365e-05
-2.80371e-06
1.02361e-05
1.85868e-05
2.24552e-05
2.31199e-05
2.02706e-05
1.99841e-05
2.07728e-05
2.18031e-05
1.90525e-05
1.56523e-05
1.81266e-05
1.43466e-05
1.07305e-05
1.09422e-05
4.80062e-06
)
;

boundaryField
{
    left_open
    {
        type            calculated;
        value           nonuniform List<scalar> 
40
(
2.99474e-07
4.12231e-07
1.16192e-07
-4.65126e-07
-1.22318e-06
-2.07671e-06
-2.96897e-06
-3.8611e-06
-4.72663e-06
-5.54697e-06
-6.30767e-06
-6.99573e-06
-7.59773e-06
-8.09872e-06
-8.48174e-06
-8.72793e-06
-8.81701e-06
-8.72859e-06
-8.44401e-06
-7.94747e-06
-2.44712e-05
-8.01286e-06
-1.88336e-06
-1.51107e-06
-1.45836e-06
-9.07398e-07
-8.44365e-07
-9.11571e-07
-6.04193e-08
-3.39383e-07
-3.11605e-08
9.84703e-07
-5.13633e-06
1.51825e-06
-1.91273e-06
6.93026e-06
3.23047e-06
1.55027e-06
-4.23106e-07
6.39649e-07
)
;
    }
    right_open
    {
        type            calculated;
        value           nonuniform List<scalar> 
40
(
-5.72227e-07
-1.08401e-06
-1.44201e-06
-1.77326e-06
-2.0481e-06
-2.21313e-06
-2.24468e-06
-2.15343e-06
-1.97159e-06
-1.73671e-06
-1.48128e-06
-1.2367e-06
-1.03779e-06
-9.02465e-07
-8.10359e-07
-7.25341e-07
-6.33898e-07
-5.45716e-07
-4.66226e-07
-3.86136e-07
-8.50658e-07
-1.87995e-07
-2.9781e-07
-6.12551e-07
-7.72544e-07
-1.06852e-06
-1.36345e-06
-1.39116e-06
-5.14488e-06
2.25628e-06
-1.62991e-06
-2.46352e-06
3.7451e-06
4.83974e-06
-4.44405e-07
8.01768e-06
-1.55702e-06
8.65059e-06
-1.19713e-06
-3.71322e-06
)
;
    }
    base_side
    {
        type            calculated;
        value           uniform 0;
    }
    top
    {
        type            calculated;
        value           nonuniform List<scalar> 
65
(
1.82985e-06
2.48701e-06
3.36069e-06
3.46087e-06
4.9194e-06
5.58489e-06
-1.55943e-06
9.24183e-06
-1.2408e-06
-1.94264e-07
2.018e-06
6.51356e-06
-3.38193e-06
6.42811e-06
-1.39593e-06
-1.20369e-06
9.47237e-06
1.322e-07
9.23087e-06
-6.90648e-07
2.08841e-06
2.04369e-06
-5.81102e-07
-5.98867e-07
1.49369e-06
1.50752e-06
1.33214e-06
-8.38747e-07
-2.44176e-07
7.57396e-07
7.47619e-07
-3.0847e-08
-9.13096e-09
2.44534e-07
8.38848e-07
-1.797e-07
-4.19061e-07
-6.39264e-07
1.36939e-06
-1.22976e-06
-7.64937e-07
1.63625e-06
-7.12124e-07
-9.4187e-07
-7.6013e-07
6.04115e-06
6.60874e-06
-4.18068e-06
3.87999e-06
1.05498e-05
1.05883e-05
7.03574e-06
3.52125e-06
4.41827e-06
-3.99519e-08
-4.99509e-07
1.29555e-06
7.36043e-06
7.10314e-06
-2.033e-06
4.66391e-06
2.58182e-06
-7.79016e-07
9.16704e-06
1.55057e-05
)
;
    }
    front
    {
        type            empty;
        value           nonuniform 0();
    }
    back
    {
        type            empty;
        value           nonuniform 0();
    }
    air_to_aluminum
    {
        type            calculated;
        value           nonuniform List<scalar> 
129
(
0
0
0
0
0
0
0
0
6.61744e-24
0
0
0
0
0
0
0
0
0
0
0
0
0
0
0
0
0
0
0
0
0
8.47033e-22
0
-8.47033e-22
0
0
-1.32349e-23
0
-5.29396e-23
0
-1.05879e-22
0
0
0
0
0
0
0
0
0
0
0
0
0
0
0
0
0
0
0
0
0
0
0
0
0
0
0
0
0
0
0
0
0
0
0
0
-1.32349e-23
0
0
0
0
0
0
0
0
0
0
0
0
0
0
0
0
0
0
0
0
0
0
0
0
0
-1.05879e-22
0
0
0
0
0
0
0
0
0
0
0
0
0
-8.47033e-22
0
0
0
0
0
0
0
0
0
0
0
0
)
;
    }
}


// ************************************************************************* //
