/*--------------------------------*- C++ -*----------------------------------*\
| =========                 |                                                 |
| \\      /  F ield         | OpenFOAM: The Open Source CFD Toolbox           |
|  \\    /   O peration     | Version:                                        |
|   \\  /    A nd           | Website:  www.openfoam.com                      |
|    \\/     M anipulation  |                                                 |
\*---------------------------------------------------------------------------*/
FoamFile
{
    version     2.0;
    format      ascii;
    class       volScalarField;
    location    "0.4";
    object      gradTz;
}
// * * * * * * * * * * * * * * * * * * * * * * * * * * * * * * * * * * * * * //

dimensions      [0 -1 0 1 0 0 0];


internalField   nonuniform List<scalar> 
4352
(
-0.00104062
-0.00202847
-0.00209369
-0.001656
-0.00108335
-0.000604609
-0.000292882
-0.000126208
-0.000957519
-0.00137914
-0.00110086
-0.000615894
-0.000217119
5.46736e-07
6.89283e-05
5.77344e-05
-0.000851591
-0.00158623
-0.00138472
-0.000799512
-0.000261243
4.22104e-05
0.000120921
6.85851e-05
-0.000806255
-0.000824007
-0.000228041
0.000366271
0.000660409
0.000633299
0.0004091
0.000160361
-0.000346711
-0.000362594
5.46358e-05
0.000466443
0.000634428
0.000535437
0.000257153
-8.31944e-05
-0.000358046
-0.000134836
0.000348983
0.000685065
0.000716925
0.000456079
-1.30778e-05
-0.000406463
-0.000100583
5.48232e-05
0.000340079
0.000516894
0.000513624
0.000383218
0.000310017
0.00052492
-0.00013704
2.68419e-06
0.000235188
0.000392515
0.000456934
0.000491146
0.000531857
0.000604994
-0.000616375
-0.000127275
0.000757118
0.00140535
0.0016066
0.00142818
0.00106916
0.000697048
0.00233575
0.006578
0.009219
0.00974106
0.0085434
0.00649779
0.00438733
0.00267847
0.00279927
0.00868746
0.0125307
0.0134465
0.0119293
0.0091406
0.00620207
0.00377908
0.00377459
0.0108668
0.015153
0.0158811
0.0138235
0.0104321
0.00698935
0.0042526
0.0033311
0.00961252
0.0133711
0.0139693
0.0121224
0.00911905
0.00608027
0.00361298
0.00276783
0.00790053
0.0108718
0.0112208
0.00960079
0.00707735
0.00455044
0.00268279
0.00197095
0.00553025
0.0075023
0.00762873
0.00644823
0.00477206
0.0033519
0.00259027
0.00127482
0.00356033
0.0047398
0.00470179
0.00386504
0.00279556
0.00187996
0.00130219
0.00239469
0.00650024
0.00922002
0.00981163
0.00869018
0.00671801
0.00465452
0.00294988
0.0109927
0.0282189
0.0368746
0.0370054
0.031267
0.0231374
0.0153751
0.00935098
0.0156411
0.0392347
0.0510299
0.0510381
0.0430566
0.031944
0.0214223
0.0133113
0.0167878
0.0420937
0.0544091
0.0542016
0.0456616
0.0339727
0.0230693
0.0147139
0.0146348
0.0365296
0.047111
0.04682
0.0394438
0.0295607
0.0205902
0.014029
0.0114553
0.0284254
0.0364279
0.0360608
0.0304136
0.0231913
0.0171627
0.0129332
0.00800249
0.0196609
0.0249343
0.0243945
0.0203239
0.0152838
0.0108204
0.00692999
0.00520144
0.0125336
0.0155181
0.0146685
0.0115172
0.00766891
0.00424311
0.00147983
0.00197045
0.00459904
0.00636921
0.00675028
0.00600022
0.00468522
0.00329248
0.00212662
0.00769942
0.0202617
0.0265547
0.0266484
0.0225065
0.0166402
0.0110567
0.00673025
0.0119903
0.028961
0.0371145
0.0367922
0.0308661
0.0228456
0.0153411
0.00960076
0.0122069
0.0304028
0.0390281
0.0386868
0.0324986
0.0241739
0.016489
0.0106216
0.010957
0.0265545
0.0337945
0.0333171
0.0279558
0.0209771
0.0147671
0.0103328
0.00832946
0.02039
0.0259051
0.0255251
0.0215298
0.01657
0.0125992
0.00984397
0.00593095
0.0141855
0.0177721
0.0172827
0.0143893
0.0108949
0.0077785
0.00486464
0.00378957
0.00897593
0.0110135
0.0103592
0.00810908
0.00536449
0.00289501
0.00078264
-5.1167e-05
-1.98141e-05
-7.52082e-06
-2.68178e-06
-9.46049e-07
-3.07129e-07
-1.04895e-07
-3.49581e-08
-1.38917e-08
-5.69683e-09
-2.63678e-09
-1.1588e-09
-5.20417e-10
-2.28983e-10
-9.71445e-11
-4.85723e-11
-3.46945e-11
-6.93889e-12
-2.77556e-11
-2.77556e-11
-6.93889e-12
-1.38778e-11
0
0
0
0
0
0
0
6.93889e-12
0
0
3.01316e-05
1.18057e-05
4.00124e-06
1.25018e-06
4.14224e-07
1.35898e-07
3.87329e-08
2.01228e-09
-7.37604e-09
-7.42462e-09
-4.87804e-09
-2.67147e-09
-1.31145e-09
-5.68989e-10
-2.35922e-10
-1.04083e-10
-4.85723e-11
-1.38778e-11
-2.08167e-11
-2.08167e-11
6.93889e-12
-1.38778e-11
1.38778e-11
0
0
0
2.08167e-11
-1.38778e-11
0
2.08167e-11
6.93889e-12
-1.38778e-11
-5.4723e-06
-2.69915e-05
-2.15627e-05
-1.19079e-05
-5.42819e-06
-2.19543e-06
-8.2663e-07
-3.02168e-07
-1.11286e-07
-4.23273e-08
-1.6688e-08
-6.69603e-09
-2.69229e-09
-1.04083e-09
-4.09395e-10
-1.66533e-10
-6.93889e-11
-2.08167e-11
0
-1.38778e-11
6.93889e-12
6.93889e-12
2.08167e-11
0
1.38778e-11
6.93889e-12
6.93889e-12
0
1.38778e-11
1.38778e-11
3.46945e-11
0
3.63289e-05
4.34534e-06
2.51022e-06
3.80011e-06
3.35486e-06
2.12722e-06
1.09999e-06
4.86985e-07
1.90604e-07
6.61554e-08
2.0324e-08
5.2805e-09
1.02002e-09
4.16334e-11
-8.32667e-11
-6.93889e-11
-1.38778e-11
0
-1.38778e-11
0
6.93889e-12
2.08167e-11
2.77556e-11
1.38778e-11
1.38778e-11
6.93889e-12
-6.93889e-12
0
6.93889e-12
6.93889e-12
6.93889e-12
6.93889e-12
-0.000349509
-0.000245348
-0.000118231
-4.68713e-05
-1.61411e-05
-4.95087e-06
-1.35365e-06
-3.32699e-07
-7.37951e-08
-1.65284e-08
-4.71151e-09
-2.08167e-09
-1.08247e-09
-5.6205e-10
-2.42861e-10
-1.249e-10
-2.77556e-11
-2.08167e-11
0
2.08167e-11
6.93889e-12
2.77556e-11
2.77556e-11
2.08167e-11
2.77556e-11
6.93889e-12
0
6.93889e-12
1.38778e-11
6.93889e-12
-6.93889e-12
1.38778e-11
-0.000130857
-2.89096e-06
2.76376e-05
2.41362e-05
1.46135e-05
7.39524e-06
3.3154e-06
1.3539e-06
5.10508e-07
1.79329e-07
5.88557e-08
1.80481e-08
5.14172e-09
1.33921e-09
3.26128e-10
7.63278e-11
2.08167e-11
2.08167e-11
2.77556e-11
6.93889e-12
1.38778e-11
6.93889e-12
2.77556e-11
3.46945e-11
2.08167e-11
6.93889e-12
1.38778e-11
2.08167e-11
6.93889e-12
6.93889e-12
0
6.93889e-12
0.000493708
0.00031633
0.000169372
8.12453e-05
3.5977e-05
1.49071e-05
5.82863e-06
2.15946e-06
7.60975e-07
2.55386e-07
8.17402e-08
2.49106e-08
7.25114e-09
1.97758e-09
4.996e-10
1.38778e-10
3.46945e-11
2.08167e-11
0
-1.38778e-11
-2.08167e-11
0
0
1.38778e-11
0
0
1.38778e-11
0
0
0
0
1.38778e-11
0.000269951
0.000133967
6.47825e-05
2.96223e-05
1.27497e-05
5.1882e-06
1.99998e-06
7.33393e-07
2.56004e-07
8.5279e-08
2.70894e-08
8.20871e-09
2.36616e-09
6.45317e-10
1.59595e-10
4.16334e-11
1.38778e-11
0
0
0
6.93889e-12
0
1.38778e-11
0
0
0
6.93889e-12
0
1.38778e-11
0
0
0
0.000405657
0.00021494
0.000105265
4.80972e-05
2.05961e-05
8.29043e-06
3.13768e-06
1.11481e-06
3.70745e-07
1.14325e-07
3.22173e-08
7.97973e-09
1.57513e-09
1.249e-10
-6.93889e-11
-6.93889e-11
-3.46945e-11
-1.38778e-11
-3.46945e-11
-6.93889e-12
-6.93889e-12
-1.38778e-11
-1.38778e-11
0
-2.77556e-11
0
-1.38778e-11
0
0
1.38778e-11
0
0
0.00150138
0.000783461
0.00038354
0.000176971
7.70927e-05
3.17451e-05
1.23618e-05
4.55307e-06
1.58573e-06
5.21222e-07
1.61211e-07
4.656e-08
1.2379e-08
2.93515e-09
5.68989e-10
4.85723e-11
-1.38778e-11
0
-3.46945e-11
-3.46945e-11
-2.08167e-11
0
1.38778e-11
0
0
1.38778e-11
6.93889e-12
0
-1.38778e-11
0
1.38778e-11
-6.93889e-12
0.00209558
0.00108615
0.000532508
0.000247266
0.000108817
4.52601e-05
1.78173e-05
6.62486e-06
2.3311e-06
7.73749e-07
2.42244e-07
7.09363e-08
1.92832e-08
4.70457e-09
9.99201e-10
1.38778e-10
0
0
-1.38778e-11
-2.08167e-11
0
2.08167e-11
2.08167e-11
0
1.38778e-11
2.77556e-11
0
0
-1.38778e-11
0
1.38778e-11
0
0.00243928
0.0013317
0.000687898
0.000334349
0.000152383
6.52011e-05
2.62305e-05
9.95452e-06
3.57002e-06
1.21261e-06
3.90118e-07
1.18801e-07
3.41047e-08
9.1524e-09
2.2829e-09
5.34295e-10
1.04083e-10
6.93889e-12
-6.93889e-12
-1.38778e-11
0
6.93889e-12
0
6.93889e-12
1.38778e-11
0
-2.77556e-11
-1.38778e-11
0
6.93889e-12
-1.38778e-11
0
0.00187936
0.00102634
0.000557782
0.000285921
0.000136019
6.00198e-05
2.4696e-05
9.52634e-06
3.46132e-06
1.18852e-06
3.8642e-07
1.18947e-07
3.46181e-08
9.45077e-09
2.40086e-09
5.41234e-10
9.02056e-11
0
-1.38778e-11
0
0
0
0
1.38778e-11
0
0
-1.38778e-11
0
-6.93889e-12
0
-6.93889e-12
0
0.00199761
0.00128914
0.000725548
0.000366389
0.000169343
7.26053e-05
2.91493e-05
1.10309e-05
3.95386e-06
1.34679e-06
4.36907e-07
1.35107e-07
3.98015e-08
1.113e-08
2.94209e-09
7.42462e-10
1.59595e-10
6.93889e-12
1.38778e-11
0
-2.08167e-11
0
0
0
6.93889e-12
1.38778e-11
6.93889e-12
0
0
0
0
0
0.00173231
0.00108319
0.000597129
0.000295663
0.000134224
5.67274e-05
2.25212e-05
8.45762e-06
3.01655e-06
1.02562e-06
3.3297e-07
1.03383e-07
3.06977e-08
8.6875e-09
2.34535e-09
6.10623e-10
1.11022e-10
1.38778e-11
0
-2.08167e-11
0
-6.93889e-12
0
-1.38778e-11
-1.38778e-11
0
-1.38778e-11
-6.93889e-12
-6.93889e-12
0
0
6.93889e-12
0.000549264
0.000248677
0.000119846
5.76041e-05
2.64199e-05
1.13824e-05
4.60156e-06
1.75036e-06
6.28858e-07
2.13982e-07
6.90767e-08
2.11844e-08
6.14786e-09
1.68615e-09
4.09395e-10
1.17961e-10
1.38778e-11
6.93889e-12
0
1.38778e-11
-1.38778e-11
6.93889e-12
0
0
0
0
-1.38778e-11
1.38778e-11
0
0
0
1.38778e-11
0.00173524
0.000952893
0.000489509
0.00023553
0.000106469
4.52873e-05
1.82014e-05
6.92202e-06
2.50101e-06
8.58855e-07
2.81226e-07
8.7666e-08
2.60902e-08
7.38298e-09
1.98452e-09
4.78784e-10
1.249e-10
2.08167e-11
0
2.08167e-11
0
-6.93889e-12
-3.46945e-11
-2.77556e-11
-6.93889e-12
0
1.38778e-11
-1.38778e-11
0
-1.38778e-11
0
-6.93889e-12
0.00528193
0.00279369
0.00138755
0.000648205
0.000285336
0.000118589
4.66521e-05
1.74079e-05
6.17553e-06
2.08551e-06
6.71289e-07
2.0587e-07
6.01463e-08
1.66533e-08
4.33681e-09
1.04777e-09
2.42861e-10
2.08167e-11
1.38778e-11
0
-1.38778e-11
0
0
0
-2.77556e-11
0
-6.93889e-12
0
-1.38778e-11
0
0
0
0.00780507
0.00428864
0.00219803
0.00105129
0.000470516
0.00019796
7.85794e-05
2.95588e-05
1.05648e-05
3.59967e-06
1.17072e-06
3.64118e-07
1.08275e-07
3.0774e-08
8.32667e-09
2.14412e-09
5.34295e-10
9.02056e-11
0
-1.38778e-11
-2.77556e-11
1.38778e-11
0
2.08167e-11
0
6.93889e-12
-1.38778e-11
1.38778e-11
-2.08167e-11
0
-1.38778e-11
2.08167e-11
0.00888273
0.00505259
0.00266872
0.00130479
0.000593106
0.000252164
0.000100895
3.81883e-05
1.37333e-05
4.70855e-06
1.54327e-06
4.84467e-07
1.45849e-07
4.20844e-08
1.16643e-08
3.08087e-09
7.70217e-10
1.59595e-10
6.93889e-12
-1.38778e-11
1.38778e-11
2.77556e-11
1.38778e-11
1.38778e-11
0
0
2.77556e-11
2.08167e-11
0
-6.93889e-12
0
-1.38778e-11
0.00960454
0.00576441
0.0030679
0.00148215
0.000660977
0.000275418
0.000108109
4.02297e-05
1.42535e-05
4.82588e-06
1.56501e-06
4.87138e-07
1.45647e-07
4.18693e-08
1.15602e-08
3.06005e-09
7.77156e-10
1.52656e-10
0
-1.38778e-11
-6.93889e-12
0
1.38778e-11
6.93889e-12
-1.38778e-11
0
1.38778e-11
6.93889e-12
2.08167e-11
0
0
0
0.00856377
0.00550126
0.00305614
0.00150056
0.000671079
0.000278938
0.000109119
4.04988e-05
1.43374e-05
4.86011e-06
1.58189e-06
4.95416e-07
1.49505e-07
4.35416e-08
1.22333e-08
3.30985e-09
8.39606e-10
1.73472e-10
6.93889e-12
1.38778e-11
0
-1.38778e-11
-1.38778e-11
-2.08167e-11
-6.93889e-12
0
0
-1.38778e-11
0
-1.38778e-11
0
0
0.00453513
0.00248659
0.00126061
0.00059697
0.000264221
0.000109685
4.29322e-05
1.59238e-05
5.62118e-06
1.89482e-06
6.11497e-07
1.89265e-07
5.62259e-08
1.60497e-08
4.41314e-09
1.1241e-09
2.77556e-10
4.16334e-11
-6.93889e-12
0
0
-2.77556e-11
-3.46945e-11
-1.38778e-11
0
-6.93889e-12
1.38778e-11
0
6.93889e-12
0
0
0
0.000554743
0.000183823
7.25336e-05
3.54896e-05
1.80635e-05
8.60076e-06
3.74525e-06
1.49705e-06
5.54223e-07
1.91264e-07
6.18117e-08
1.87211e-08
5.28744e-09
1.3739e-09
3.33067e-10
4.16334e-11
6.93889e-12
0
0
-1.38778e-11
0
0
-2.08167e-11
0
0
-1.38778e-11
-6.93889e-12
1.38778e-11
0
0
0
0
0.00127842
0.000718139
0.000376723
0.000184751
8.49267e-05
3.66897e-05
1.49588e-05
5.77224e-06
2.11641e-06
7.3884e-07
2.46379e-07
7.85483e-08
2.39878e-08
7.01522e-09
1.97065e-09
5.20417e-10
1.249e-10
4.85723e-11
1.38778e-11
1.38778e-11
-1.38778e-11
6.93889e-12
-1.38778e-11
-6.93889e-12
-1.38778e-11
1.38778e-11
6.93889e-12
0
0
0
0
6.93889e-12
0.00381069
0.00202203
0.00100801
0.000472484
0.000208658
8.69802e-05
3.4329e-05
1.28569e-05
4.58244e-06
1.55687e-06
5.05221e-07
1.56673e-07
4.6449e-08
1.31561e-08
3.55271e-09
9.08995e-10
2.01228e-10
3.46945e-11
2.08167e-11
2.08167e-11
1.38778e-11
0
-1.38778e-11
1.38778e-11
-2.08167e-11
-1.38778e-11
0
-1.38778e-11
0
-1.38778e-11
-1.38778e-11
0
0.00570401
0.0031755
0.00164395
0.000792116
0.000356271
0.000150505
5.99354e-05
2.26318e-05
8.12238e-06
2.7836e-06
9.11805e-07
2.86479e-07
8.6306e-08
2.50008e-08
6.91808e-09
1.85268e-09
4.64906e-10
7.63278e-11
0
-2.08167e-11
1.38778e-11
1.38778e-11
-6.93889e-12
0
-1.38778e-11
-6.93889e-12
0
1.38778e-11
6.93889e-12
0
0
1.38778e-11
0.00647978
0.00372523
0.00198333
0.000974236
0.000444078
0.00018909
7.57646e-05
2.87208e-05
1.03539e-05
3.56207e-06
1.17349e-06
3.70953e-07
1.12757e-07
3.29806e-08
9.29118e-09
2.50494e-09
6.45317e-10
1.38778e-10
2.08167e-11
1.38778e-11
6.93889e-12
2.77556e-11
2.08167e-11
6.93889e-12
0
6.93889e-12
2.08167e-11
3.46945e-11
2.08167e-11
0
1.38778e-11
1.38778e-11
0.00737568
0.00449272
0.00239189
0.00114936
0.000508817
0.000210448
8.20598e-05
3.03707e-05
1.07184e-05
3.62085e-06
1.17387e-06
3.66082e-07
1.09968e-07
3.18565e-08
8.88872e-09
2.40086e-09
6.10623e-10
1.249e-10
2.08167e-11
0
0
2.08167e-11
2.08167e-11
1.38778e-11
0
0
6.93889e-12
1.38778e-11
2.08167e-11
0
6.93889e-12
1.38778e-11
0.0064353
0.00420922
0.00235823
0.00115831
0.00051635
0.000213728
8.32851e-05
3.08217e-05
1.0894e-05
3.69265e-06
1.20381e-06
3.78357e-07
1.14839e-07
3.373e-08
9.59649e-09
2.63678e-09
6.93889e-10
1.59595e-10
2.77556e-11
2.08167e-11
6.93889e-12
1.38778e-11
-6.93889e-12
-1.38778e-11
0
0
1.38778e-11
0
0
0
-1.38778e-11
0
0.00329652
0.00171973
0.000832858
0.000382552
0.000165974
6.78645e-05
2.62397e-05
9.62566e-06
3.3656e-06
1.12458e-06
3.60274e-07
1.10814e-07
3.27793e-08
9.34669e-09
2.55351e-09
6.52256e-10
1.66533e-10
4.85723e-11
0
2.08167e-11
6.93889e-12
-6.93889e-12
-1.38778e-11
0
-6.93889e-12
6.93889e-12
6.93889e-12
6.93889e-12
0
-6.93889e-12
-6.93889e-12
0
0.00027543
6.91139e-05
1.74702e-05
7.50776e-06
4.39331e-06
2.4066e-06
1.14368e-06
4.80109e-07
1.81362e-07
6.25888e-08
1.98175e-08
5.75234e-09
1.51962e-09
3.53884e-10
6.245e-11
-6.93889e-12
0
-6.93889e-12
-6.93889e-12
0
1.38778e-11
0
-3.46945e-11
-6.93889e-12
0
1.38778e-11
2.08167e-11
-1.38778e-11
0
-1.38778e-11
-1.38778e-11
0
-6.68195e-05
-1.12832e-05
9.77781e-05
0.000166047
0.000200069
0.00028174
0.000464156
0.000195408
-9.17543e-05
-8.16106e-05
-1.37133e-05
4.91224e-05
0.000118514
0.000185817
0.000123265
4.41352e-05
-8.42249e-05
-0.00012012
-0.000108068
-9.20881e-05
-6.17287e-05
-1.1764e-05
5.43632e-06
1.23304e-07
-9.45734e-05
-0.000152942
-0.000160422
-0.000154129
-0.0001258
-8.39326e-05
-6.19316e-05
-3.11129e-05
-9.57917e-05
-0.000169022
-0.000191481
-0.00019408
-0.000162548
-0.000100368
-2.03144e-06
7.68594e-05
-9.85903e-05
-0.000177242
-0.000201581
-0.000192049
-0.000130047
-1.3153e-06
9.28952e-05
-7.29112e-05
-9.90758e-05
-0.000181886
-0.000211766
-0.000213806
-0.000182538
-0.000149476
-0.000173342
0.000124728
-0.000102123
-0.000192423
-0.000233417
-0.0002577
-0.000248911
-0.000136666
0.000178398
2.22926e-05
0.00076245
0.00205568
0.00261006
0.00241672
0.00181381
0.00122006
0.000878707
0.000243624
0.000413013
0.0010751
0.00124275
0.00096979
0.000528324
0.00014672
-0.000131171
-7.86206e-05
0.000210699
0.000487897
0.000409096
6.50561e-05
-0.000307646
-0.000517799
-0.000509787
-0.000232725
9.63536e-05
0.000167262
-3.88061e-05
-0.000411561
-0.000732585
-0.000851425
-0.000713404
-0.000294582
3.91853e-05
2.9151e-06
-0.000271869
-0.000663249
-0.000955331
-0.00100592
-0.000728077
-0.000205246
1.12961e-05
-7.49982e-05
-0.000379686
-0.000768397
-0.00103183
-0.00101537
-0.000762574
-0.000466761
-1.83561e-06
-0.000113653
-0.000438543
-0.000848022
-0.00114696
-0.00123046
-0.00106354
-0.000188051
-8.74603e-06
-0.000134498
-0.000468733
-0.000889918
-0.00118172
-0.00115057
-0.000680925
-0.000492717
0.00321487
0.0074819
0.00886065
0.00786322
0.00556611
0.0028836
0.000297975
-4.27202e-06
0.0019387
0.00422943
0.00453652
0.00335274
0.00147977
-0.000284796
-0.00105062
-0.000635449
0.00122013
0.00239748
0.00212773
0.000922119
-0.00053783
-0.00167616
-0.00188703
-0.000789436
0.00082762
0.00139841
0.000809386
-0.000409524
-0.00162569
-0.00231048
-0.0020604
-0.000821303
0.000636926
0.000909667
0.000161058
-0.00107484
-0.00220843
-0.00276648
-0.00249346
-0.00120632
0.000544267
0.000669153
-0.00017145
-0.00147
-0.00267802
-0.00342025
-0.00320187
-0.00113619
0.000501704
0.000560489
-0.000318266
-0.00161778
-0.00277432
-0.00331214
-0.00269307
-0.00161052
0.000492444
0.000546995
-0.000303354
-0.00150721
-0.00252041
-0.00315314
-0.00356988
-0.00178348
0.0023856
0.00541494
0.00634836
0.00561255
0.00395237
0.00194528
-0.000116576
-5.24877e-05
0.00143393
0.00307272
0.00328006
0.00243208
0.00106996
-0.0002457
-0.000796189
-0.000512693
0.000925206
0.00178947
0.00161057
0.000764975
-0.000291913
-0.00117012
-0.00137181
-0.000556588
0.000636693
0.00107821
0.00068777
-0.000152092
-0.00101891
-0.00154299
-0.00140893
-0.000557834
0.000501949
0.00073773
0.000241446
-0.000605672
-0.00141565
-0.00186093
-0.00176741
-0.000924216
0.00043438
0.000566909
6.65519e-06
-0.000893649
-0.00177624
-0.00240619
-0.0023464
-0.000742338
0.000404464
0.000492256
-9.14884e-05
-0.000983563
-0.0018099
-0.00223116
-0.00180287
-0.00129774
0.000399067
0.00048907
-6.80378e-05
-0.000874987
-0.00158761
-0.00213924
-0.00271055
-0.00126847
-0.000101435
-0.000191612
-0.0002357
-0.000270185
-0.000296937
-0.000321328
-0.000486147
-0.00095288
-0.000105536
-0.000205773
-0.0002718
-0.000358465
-0.000492283
-0.000691363
-0.000902014
-0.000795666
-0.000103902
-0.000201077
-0.000260466
-0.000330633
-0.000425921
-0.00054659
-0.000665997
-0.000674284
-0.000105658
-0.000206194
-0.00027119
-0.000351263
-0.000457516
-0.000577807
-0.000672116
-0.000647862
-0.00010491
-0.000203898
-0.000265534
-0.000338189
-0.000432871
-0.000539979
-0.000652532
-0.00074964
-0.000105013
-0.000204212
-0.000266865
-0.000346705
-0.000459354
-0.000625091
-0.000866771
-0.00100689
-0.000105056
-0.000202955
-0.000260348
-0.00032217
-0.000381127
-0.000409801
-0.000298577
0.00012505
-0.000102176
-0.000191516
-0.000230872
-0.000244626
-0.000205368
-7.76299e-05
0.00012264
0.000366942
-1.09384e-05
-0.000140201
-0.000481046
-0.000910257
-0.00123669
-0.00134941
-0.00138576
-0.00151186
-1.41674e-05
-0.000150275
-0.000500969
-0.000952529
-0.00131586
-0.00147174
-0.00135385
-0.000775782
-1.31927e-05
-0.000146541
-0.000490727
-0.000923999
-0.00124661
-0.00132797
-0.00114097
-0.000707761
-1.44715e-05
-0.000149937
-0.000496563
-0.000934276
-0.00125863
-0.00133166
-0.00112631
-0.000691286
-1.34663e-05
-0.000146852
-0.000489584
-0.000919387
-0.0012329
-0.00129702
-0.00112266
-0.000831223
-1.35007e-05
-0.000146766
-0.000490849
-0.000928949
-0.00125943
-0.00137766
-0.00129873
-0.000949578
-1.24553e-05
-0.00014316
-0.000481102
-0.000901856
-0.00118331
-0.00117483
-0.000758455
7.96851e-05
-1.01199e-05
-0.000134394
-0.000465476
-0.000864487
-0.00111659
-0.00107836
-0.000755617
-0.000204476
0.000483661
0.000527726
-0.000310888
-0.00146341
-0.00233059
-0.0025688
-0.00189733
7.24707e-05
0.000494639
0.000573732
-0.000174782
-0.0010989
-0.00146829
-0.000809835
0.000779261
0.00221123
0.000491507
0.000567631
-0.000180196
-0.00109747
-0.00145541
-0.000784199
0.000904535
0.00276682
0.00049594
0.000582449
-0.000147229
-0.00103515
-0.00136989
-0.000754022
0.00070521
0.00225656
0.000495815
0.000582025
-0.000150216
-0.0010468
-0.00139828
-0.000812714
0.000668384
0.00249389
0.000496061
0.00058263
-0.000148947
-0.00103096
-0.00133658
-0.000569313
0.00138383
0.00361775
0.000498732
0.00058584
-0.000158104
-0.00108995
-0.00154522
-0.00115006
-0.000148868
0.000409836
0.00049069
0.000547485
-0.000274765
-0.00142292
-0.00235134
-0.00280165
-0.00275124
-0.00247532
0.000393164
0.000476314
-6.55414e-05
-0.000823343
-0.00139083
-0.00154071
-0.000997722
0.000631447
0.000403271
0.000518233
5.43871e-05
-0.000504836
-0.000644708
-2.94538e-05
0.0012311
0.00219134
0.000400797
0.000513095
5.00652e-05
-0.000504106
-0.000634723
-2.82064e-06
0.0013795
0.0028003
0.000404754
0.000526192
7.81435e-05
-0.000452136
-0.000568782
-1.69163e-07
0.0011594
0.00229999
0.000404372
0.000524979
7.38342e-05
-0.000465601
-0.000598255
-5.56739e-05
0.00113852
0.00257547
0.000404549
0.000525184
7.50373e-05
-0.000448716
-0.000536499
0.000183258
0.00181578
0.00356044
0.000406131
0.000526045
6.26499e-05
-0.000510263
-0.000743032
-0.000385029
0.00031101
0.0004552
0.000398634
0.000490363
-4.01606e-05
-0.000803062
-0.00144012
-0.00180093
-0.00187298
-0.0019039
-0.000575032
-0.00028438
-0.000123341
-4.88639e-05
-1.81592e-05
-6.39796e-06
-2.17087e-06
-7.10827e-07
-2.2829e-07
-7.18314e-08
-2.25792e-08
-7.04298e-09
-2.19963e-09
-7.07767e-10
-2.35922e-10
-9.02056e-11
-4.85723e-11
0
-1.38778e-11
0
-6.93889e-12
0
0
-1.38778e-11
0
0
0
0
0
0
0
0
-0.000499191
-0.000264626
-0.000124461
-5.35303e-05
-2.14218e-05
-8.10822e-06
-2.93245e-06
-1.02776e-06
-3.51955e-07
-1.19349e-07
-4.02525e-08
-1.36141e-08
-4.59355e-09
-1.56819e-09
-5.41234e-10
-1.80411e-10
-9.71445e-11
-5.55112e-11
-4.16334e-11
-2.08167e-11
-2.08167e-11
0
-1.38778e-11
-1.38778e-11
-2.08167e-11
-1.38778e-11
0
-2.08167e-11
-2.08167e-11
-6.93889e-12
-1.38778e-11
-1.38778e-11
-0.000525561
-0.000327026
-0.000172739
-8.08204e-05
-3.44501e-05
-1.36591e-05
-5.11457e-06
-1.83354e-06
-6.36269e-07
-2.16042e-07
-7.2338e-08
-2.40571e-08
-7.96585e-09
-2.6229e-09
-8.88178e-10
-3.1225e-10
-1.17961e-10
-5.55112e-11
-4.85723e-11
-6.93889e-12
-2.77556e-11
0
0
6.93889e-12
1.38778e-11
0
0
0
-6.93889e-12
0
0
-1.38778e-11
-0.000476648
-0.000280305
-0.000139377
-6.09907e-05
-2.41682e-05
-8.86623e-06
-3.06487e-06
-1.01923e-06
-3.32269e-07
-1.08843e-07
-3.63737e-08
-1.25594e-08
-4.46171e-09
-1.58901e-09
-5.75928e-10
-2.01228e-10
-9.02056e-11
-6.93889e-11
-4.85723e-11
-3.46945e-11
-3.46945e-11
0
-1.38778e-11
-6.93889e-12
0
6.93889e-12
0
0
6.93889e-12
0
-2.77556e-11
0
-0.000781234
-0.000491006
-0.000243969
-0.000105885
-4.18791e-05
-1.54924e-05
-5.43858e-06
-1.84051e-06
-6.0648e-07
-1.97543e-07
-6.40876e-08
-2.09624e-08
-6.91114e-09
-2.30371e-09
-7.70217e-10
-2.63678e-10
-1.04083e-10
-6.245e-11
-4.16334e-11
-4.16334e-11
-2.77556e-11
-2.08167e-11
-6.93889e-12
-6.93889e-12
-1.38778e-11
-6.93889e-12
6.93889e-12
-2.08167e-11
-6.93889e-12
-4.16334e-11
-3.46945e-11
-6.93889e-12
-0.000498409
-0.000204446
-7.34281e-05
-2.27902e-05
-5.76394e-06
-9.39852e-07
8.22467e-08
1.58706e-07
8.73121e-08
3.52843e-08
1.15047e-08
2.97679e-09
4.85723e-10
-4.85723e-11
-9.71445e-11
-8.32667e-11
-2.77556e-11
-2.08167e-11
-2.08167e-11
-2.08167e-11
-2.08167e-11
-1.38778e-11
0
1.38778e-11
-1.38778e-11
0
0
0
0
-1.38778e-11
0
0
0.0002708
0.000199958
0.000112158
5.47684e-05
2.44275e-05
1.01417e-05
3.96161e-06
1.46191e-06
5.11487e-07
1.69635e-07
5.33462e-08
1.58207e-08
4.39926e-09
1.1241e-09
2.498e-10
4.16334e-11
0
0
-2.08167e-11
-1.38778e-11
-6.93889e-12
1.38778e-11
0
2.77556e-11
0
2.77556e-11
0
0
0
0
0
-2.08167e-11
0.000171657
8.9052e-05
4.38418e-05
2.01116e-05
8.61903e-06
3.48174e-06
1.32896e-06
4.81643e-07
1.65562e-07
5.40887e-08
1.67089e-08
4.86416e-09
1.31145e-09
3.40006e-10
6.93889e-11
1.38778e-11
0
-2.08167e-11
-2.77556e-11
0
1.38778e-11
0
0
0
0
0
0
0
0
0
0
0
-0.000615354
-0.000247769
-8.56735e-05
-2.40496e-05
-4.84764e-06
-2.55532e-07
3.73424e-07
2.4189e-07
1.00406e-07
3.13014e-08
6.98053e-09
2.77556e-10
-7.35523e-10
-5.96745e-10
-2.98372e-10
-1.38778e-10
-6.93889e-11
-3.46945e-11
-3.46945e-11
-1.38778e-11
-1.38778e-11
-6.93889e-12
0
-1.38778e-11
0
6.93889e-12
0
-6.93889e-12
-1.38778e-11
-6.93889e-12
-6.93889e-12
0
-0.000239887
5.58152e-05
0.00010866
7.96157e-05
4.41368e-05
2.09716e-05
8.92203e-06
3.47193e-06
1.24767e-06
4.1539e-07
1.27814e-07
3.59157e-08
8.97893e-09
1.83187e-09
2.01228e-10
-6.93889e-11
-7.63278e-11
-5.55112e-11
-3.46945e-11
-1.38778e-11
-2.08167e-11
-1.38778e-11
-2.08167e-11
-2.77556e-11
-6.93889e-12
0
1.38778e-11
-1.38778e-11
-6.93889e-12
-1.38778e-11
0
0
-0.000233585
1.55587e-05
8.04998e-05
6.83204e-05
4.15574e-05
2.10604e-05
9.42894e-06
3.80794e-06
1.41039e-06
4.79443e-07
1.49922e-07
4.24036e-08
1.05749e-08
2.08861e-09
1.8735e-10
-9.71445e-11
-1.11022e-10
-6.93889e-11
-5.55112e-11
-2.77556e-11
-1.38778e-11
0
-1.38778e-11
0
0
1.38778e-11
6.93889e-12
0
0
-6.93889e-12
-6.93889e-12
0
-0.000221249
4.65727e-05
0.000118711
9.9362e-05
6.08987e-05
3.13253e-05
1.4219e-05
5.85414e-06
2.21587e-06
7.78218e-07
2.54206e-07
7.71883e-08
2.16077e-08
5.46785e-09
1.16573e-09
1.80411e-10
-6.93889e-12
-4.16334e-11
-4.16334e-11
-4.85723e-11
-2.08167e-11
-2.08167e-11
-3.46945e-11
-1.38778e-11
0
1.38778e-11
-6.93889e-12
-1.38778e-11
0
0
-6.93889e-12
0
-0.00058026
-0.000205843
-9.82026e-06
4.23987e-05
3.77107e-05
2.23966e-05
1.0958e-05
4.71694e-06
1.83956e-06
6.59847e-07
2.19172e-07
6.74738e-08
1.91583e-08
4.89886e-09
1.08941e-09
1.73472e-10
0
-4.85723e-11
-3.46945e-11
-2.77556e-11
-6.93889e-12
0
0
-2.08167e-11
-2.77556e-11
6.93889e-12
1.38778e-11
0
-1.38778e-11
-6.93889e-12
-6.93889e-12
-1.38778e-11
-1.95662e-05
0.000267481
0.00024725
0.000157286
8.3318e-05
3.90801e-05
1.67072e-05
6.61234e-06
2.44627e-06
8.50688e-07
2.7895e-07
8.62921e-08
2.51257e-08
6.83481e-09
1.69309e-09
3.60822e-10
6.93889e-11
0
-2.77556e-11
-3.46945e-11
-1.38778e-11
-6.93889e-12
-1.38778e-11
-1.38778e-11
-1.38778e-11
6.93889e-12
0
6.93889e-12
0
0
0
0
0.000393163
0.000420943
0.000289496
0.000160928
7.84079e-05
3.47799e-05
1.42975e-05
5.51041e-06
2.00259e-06
6.89615e-07
2.25368e-07
6.99857e-08
2.06085e-08
5.7454e-09
1.49186e-09
3.46945e-10
6.245e-11
-6.93889e-12
-2.08167e-11
-2.08167e-11
-2.77556e-11
6.93889e-12
0
6.93889e-12
-1.38778e-11
6.93889e-12
0
0
6.93889e-12
0
0
0
-4.92335e-05
-1.49683e-05
2.06107e-06
6.45747e-06
5.16019e-06
2.95408e-06
1.41214e-06
5.95426e-07
2.27492e-07
7.9721e-08
2.57155e-08
7.59115e-09
2.01922e-09
4.78784e-10
9.02056e-11
-1.38778e-11
-6.93889e-12
-1.38778e-11
-6.93889e-12
0
1.38778e-11
-1.38778e-11
0
0
1.38778e-11
0
0
0
6.93889e-12
6.93889e-12
-6.93889e-12
0
0.000532795
0.000825054
0.000614156
0.000342195
0.000162951
7.00369e-05
2.78953e-05
1.04361e-05
3.69865e-06
1.24668e-06
4.01165e-07
1.23235e-07
3.61725e-08
1.01238e-08
2.70617e-09
6.80012e-10
1.73472e-10
0
0
-6.93889e-12
0
-1.38778e-11
-2.08167e-11
0
0
-6.93889e-12
0
0
0
6.93889e-12
6.93889e-12
6.93889e-12
0.00328576
0.00273324
0.0016771
0.000863236
0.000395688
0.000166467
6.5365e-05
2.41866e-05
8.48584e-06
2.83278e-06
9.01924e-07
2.73961e-07
7.93532e-08
2.18367e-08
5.68295e-09
1.38778e-09
3.26128e-10
5.55112e-11
2.08167e-11
-2.08167e-11
0
-6.93889e-12
-2.08167e-11
-3.46945e-11
0
0
-1.38778e-11
0
6.93889e-12
0
0
0
0.003371
0.00274179
0.00174758
0.000947971
0.000457359
0.000201496
8.23128e-05
3.15282e-05
1.1396e-05
3.90922e-06
1.27601e-06
3.97432e-07
1.18072e-07
3.3494e-08
9.04832e-09
2.30371e-09
5.55112e-10
1.249e-10
2.08167e-11
0
0
0
-6.93889e-12
-2.08167e-11
-1.38778e-11
-3.46945e-11
0
0
6.93889e-12
6.93889e-12
6.93889e-12
-6.93889e-12
0.00289427
0.00251295
0.00169606
0.000962888
0.000481759
0.000218411
9.13673e-05
3.56932e-05
1.31326e-05
4.57805e-06
1.51862e-06
4.80775e-07
1.45509e-07
4.21191e-08
1.16782e-08
3.08087e-09
7.70217e-10
2.01228e-10
4.16334e-11
-6.93889e-12
1.38778e-11
-1.38778e-11
0
-1.38778e-11
0
0
6.93889e-12
1.38778e-11
-6.93889e-12
-6.93889e-12
0
0
0.00368047
0.00301084
0.00189007
0.0010124
0.000484592
0.000212581
8.67427e-05
3.3259e-05
1.20616e-05
4.15871e-06
1.36757e-06
4.301e-07
1.29487e-07
3.73521e-08
1.03043e-08
2.70617e-09
6.93889e-10
1.94289e-10
3.46945e-11
1.38778e-11
0
0
-6.93889e-12
-3.46945e-11
-2.08167e-11
0
0
2.08167e-11
0
6.93889e-12
0
-6.93889e-12
0.00363418
0.00313597
0.0020071
0.00106574
0.000501364
0.000216187
8.70276e-05
3.30606e-05
1.19325e-05
4.11072e-06
1.35606e-06
4.29372e-07
1.30687e-07
3.82888e-08
1.07761e-08
2.92821e-09
7.77156e-10
2.01228e-10
3.46945e-11
6.93889e-12
-6.93889e-12
-1.38778e-11
0
-1.38778e-11
-6.93889e-12
0
0
1.38778e-11
-6.93889e-12
1.38778e-11
0
0
0.00115223
0.000857917
0.00052492
0.000283791
0.000138096
6.14389e-05
2.53337e-05
9.77925e-06
3.56044e-06
1.22882e-06
4.03441e-07
1.26218e-07
3.76643e-08
1.07275e-08
2.8727e-09
7.35523e-10
1.8735e-10
3.46945e-11
1.38778e-11
1.38778e-11
-6.93889e-12
-6.93889e-12
0
-6.93889e-12
0
0
6.93889e-12
0
-6.93889e-12
1.38778e-11
0
2.08167e-11
-0.00095517
-0.000462656
-0.000209371
-8.40974e-05
-3.05152e-05
-1.02307e-05
-3.22792e-06
-9.75636e-07
-2.87916e-07
-8.49668e-08
-2.57155e-08
-8.13932e-09
-2.71311e-09
-9.29812e-10
-3.26128e-10
-1.249e-10
-4.85723e-11
-6.93889e-12
0
1.38778e-11
-2.77556e-11
0
0
0
-1.38778e-11
0
-1.38778e-11
0
0
1.38778e-11
6.93889e-12
0
0.000573117
0.000788443
0.000576488
0.000317381
0.000149639
6.38945e-05
2.5351e-05
9.48334e-06
3.36992e-06
1.14354e-06
3.71619e-07
1.15914e-07
3.47222e-08
1.00059e-08
2.75474e-09
7.42462e-10
1.94289e-10
5.55112e-11
0
2.08167e-11
0
0
0
0
1.38778e-11
6.93889e-12
0
0
0
0
0
0
0.00302646
0.0024128
0.00144398
0.00073009
0.000330129
0.000137387
5.35105e-05
1.96869e-05
6.88621e-06
2.29805e-06
7.3385e-07
2.24439e-07
6.57946e-08
1.84436e-08
4.94743e-09
1.26288e-09
3.19189e-10
9.02056e-11
1.38778e-11
-1.38778e-11
1.38778e-11
6.93889e-12
0
-6.93889e-12
-1.38778e-11
0
0
0
0
1.38778e-11
-6.93889e-12
0
0.00307903
0.00239921
0.00149434
0.00079883
0.000381351
0.000166776
6.77693e-05
2.58867e-05
9.34929e-06
3.21375e-06
1.05374e-06
3.30937e-07
9.95454e-08
2.87478e-08
7.96585e-09
2.11636e-09
5.55112e-10
1.38778e-10
4.85723e-11
0
0
2.08167e-11
6.93889e-12
0
0
-1.38778e-11
-6.93889e-12
0
0
0
0
0
0.00263887
0.00218608
0.00143797
0.000802536
0.000396692
0.000178219
7.40835e-05
2.88198e-05
1.05845e-05
3.69099e-06
1.22805e-06
3.91e-07
1.19432e-07
3.50484e-08
9.9018e-09
2.69923e-09
7.07767e-10
1.80411e-10
3.46945e-11
6.93889e-12
6.93889e-12
1.38778e-11
2.77556e-11
0
1.38778e-11
-1.38778e-11
0
-1.38778e-11
0
-2.77556e-11
-1.38778e-11
1.38778e-11
0.0034795
0.00272568
0.00165592
0.000864121
0.000405003
0.000174692
7.03461e-05
2.67015e-05
9.6156e-06
3.30135e-06
1.08431e-06
3.4165e-07
1.03424e-07
3.01356e-08
8.43076e-09
2.26208e-09
5.89806e-10
1.59595e-10
2.77556e-11
0
-3.46945e-11
-2.08167e-11
-1.38778e-11
-1.38778e-11
0
0
-2.08167e-11
0
0
0
-1.38778e-11
6.93889e-12
0.00315534
0.00266404
0.00168642
0.000885663
0.000412282
0.000176167
7.04026e-05
2.6607e-05
9.57356e-06
3.29532e-06
1.08859e-06
3.4605e-07
1.06047e-07
3.13777e-08
8.97199e-09
2.47719e-09
6.66134e-10
1.8735e-10
3.46945e-11
1.38778e-11
-1.38778e-11
1.38778e-11
1.38778e-11
1.38778e-11
0
-6.93889e-12
0
-1.38778e-11
0
0
-6.93889e-12
0
0.00102987
0.000636933
0.000347582
0.000177631
8.41153e-05
3.68007e-05
1.49978e-05
5.73076e-06
2.06934e-06
7.08829e-07
2.31398e-07
7.20674e-08
2.1462e-08
6.10623e-09
1.66533e-09
4.23273e-10
1.11022e-10
4.16334e-11
2.77556e-11
2.08167e-11
6.93889e-12
6.93889e-12
1.38778e-11
0
1.38778e-11
0
0
0
-1.38778e-11
-1.38778e-11
0
-6.93889e-12
-0.00073428
-0.000358635
-0.000167591
-7.04433e-05
-2.70563e-05
-9.70304e-06
-3.31109e-06
-1.08943e-06
-3.49838e-07
-1.10599e-07
-3.47153e-08
-1.08802e-08
-3.42781e-09
-1.08247e-09
-3.53884e-10
-1.04083e-10
-3.46945e-11
-1.38778e-11
0
0
-2.08167e-11
1.38778e-11
-6.93889e-12
1.38778e-11
1.38778e-11
0
-6.93889e-12
-1.38778e-11
0
0
0
1.38778e-11
-0.00010378
-0.000196191
-0.000237342
-0.000253795
-0.000218701
-6.50632e-05
0.000224807
8.61983e-05
-0.00010255
-0.00018887
-0.000215538
-0.000203876
-0.000132578
-2.38379e-05
-1.98007e-05
-1.04249e-05
-0.000106507
-0.000202593
-0.000240714
-0.000247358
-0.000209809
-0.000130904
-7.45075e-05
-2.95396e-05
-0.000116856
-0.000216449
-0.000249982
-0.000249808
-0.000211053
-0.000149333
-0.000101312
-4.38728e-05
-0.000125981
-0.000254915
-0.000305608
-0.000308389
-0.000258093
-0.000169276
-4.65663e-05
5.88693e-05
-0.00017796
-0.000323955
-0.000353601
-0.000312382
-0.000207361
-4.19252e-05
8.21735e-05
-6.82721e-05
-0.000195852
-0.000436766
-0.000523494
-0.000498264
-0.000396135
-0.000285745
-0.00025533
7.64819e-05
-0.000380584
-0.000667756
-0.000680883
-0.000564691
-0.00040067
-0.000178342
0.000190069
6.36287e-05
-8.60109e-06
-0.000131993
-0.000461153
-0.000865368
-0.00112269
-0.00104878
-0.000612024
-0.000393595
-2.9204e-06
-0.000112937
-0.000428899
-0.000819378
-0.00107339
-0.00108874
-0.000922127
-0.000371516
7.11352e-06
-8.93773e-05
-0.000400472
-0.000799756
-0.00108026
-0.00111013
-0.000885543
-0.000366459
2.60084e-05
-2.01472e-05
-0.00029288
-0.000675113
-0.000961781
-0.0010229
-0.000816623
-0.000329104
8.04466e-05
0.000108832
-0.000118438
-0.000489244
-0.000789673
-0.000872195
-0.0006453
-0.000179101
0.000151417
0.000390321
0.000323289
2.69813e-05
-0.00028606
-0.000420333
-0.00036934
-0.000317896
0.000369428
0.000887171
0.000979687
0.000703211
0.000278579
-0.000104439
-0.000341099
5.88106e-05
0.000564975
0.00175886
0.00237046
0.00229442
0.00178285
0.00121892
0.000917103
0.000224214
0.000501111
0.000574092
-0.00025263
-0.00143665
-0.00246093
-0.00316527
-0.00359908
-0.00159157
0.000513433
0.000593639
-0.000269727
-0.00156564
-0.00277424
-0.00347282
-0.00304214
-0.00134713
0.00056485
0.000741757
-5.10535e-05
-0.00129977
-0.00245334
-0.00310441
-0.00275721
-0.00108333
0.000685146
0.00104012
0.000353301
-0.000857446
-0.00199636
-0.00257374
-0.00221531
-0.000868005
0.000910096
0.00169002
0.00126028
0.000108714
-0.00114041
-0.00193916
-0.00196026
-0.00101314
0.00143754
0.00296807
0.00294882
0.00181129
0.000233523
-0.00118883
-0.00179958
-0.000642897
0.00224238
0.00531272
0.00619518
0.00523491
0.00328811
0.00131967
0.000268602
-0.000478563
0.00396264
0.00939086
0.0115762
0.0108503
0.0083416
0.00516628
0.00187842
0.000500681
0.000405932
0.000509894
-2.88195e-05
-0.000825079
-0.00155694
-0.00218155
-0.00276225
-0.00111177
0.000413804
0.000517706
-5.6366e-05
-0.000950134
-0.00183343
-0.00240792
-0.00213981
-0.000986036
0.00045123
0.000628541
0.000108705
-0.00074737
-0.00158289
-0.00212518
-0.00194617
-0.00074641
0.000542281
0.000843821
0.000396199
-0.000432142
-0.00124563
-0.00170017
-0.0015
-0.000582774
0.000703669
0.00132628
0.0010731
0.000289569
-0.000608827
-0.00123624
-0.00136152
-0.000775168
0.00110817
0.00225379
0.00227193
0.00147192
0.000312222
-0.00081042
-0.00134807
-0.000393273
0.0016771
0.00398879
0.00469199
0.00403343
0.00261339
0.00113836
0.000354371
-0.000460892
0.00301708
0.00696425
0.00852484
0.00799116
0.00615808
0.00376902
0.00115138
0.000340095
-0.000355261
-0.000835047
-0.00098493
-0.00090964
-0.000732021
-0.000559429
-0.000580716
-0.000957135
-0.000813884
-0.00132748
-0.00121994
-0.000887124
-0.00061453
-0.000545586
-0.000637412
-0.000530087
-0.00049273
-0.00112268
-0.00122735
-0.00102438
-0.00075139
-0.000566866
-0.000491306
-0.000410335
-0.00124044
-0.00177399
-0.0013009
-0.000553647
1.1206e-05
0.000254002
0.000256067
0.00019386
-0.000186528
-0.000236661
3.66304e-05
0.000353265
0.000518454
0.000506813
0.000388271
0.000255166
-0.000891104
-0.000802282
9.28622e-05
0.00094845
0.00137371
0.00135743
0.00108079
0.000742408
0.00099765
0.00350599
0.00507679
0.00538477
0.00470185
0.00354804
0.00237667
0.00143944
0.00183695
0.00314863
0.00341024
0.00303791
0.00235646
0.00163166
0.00102406
0.000589513
0.00121948
0.00316316
0.00416355
0.00412557
0.00336272
0.00231088
0.00117326
1.72277e-06
0.00150785
0.00493665
0.0071239
0.00756114
0.00657647
0.00487693
0.00317257
0.00208609
0.00286762
0.00751436
0.0101663
0.010503
0.00908311
0.00684625
0.00464786
0.00300482
0.00268163
0.00903385
0.0132882
0.014407
0.0128867
0.00998964
0.00693482
0.0044688
0.00441511
0.0113887
0.0153178
0.0158082
0.0136964
0.0103864
0.00707602
0.00443748
0.00265426
0.00930554
0.0138391
0.0150699
0.0135172
0.0104795
0.00723219
0.00453547
0.00399207
0.0105566
0.014081
0.0143291
0.0122302
0.00912963
0.00610411
0.00372131
0.00200967
0.00397678
0.00460468
0.00427117
0.00340449
0.00240428
0.00153425
0.000897898
0.0059489
0.0153048
0.0197429
0.0194156
0.0159702
0.0114289
0.00751728
0.00536362
0.00969764
0.0237685
0.03068
0.0306689
0.0261705
0.0202367
0.0150005
0.0107221
0.012288
0.0321595
0.0422656
0.0426221
0.0364137
0.0278288
0.0200344
0.0140761
0.0165887
0.0405915
0.0525641
0.0527001
0.0448523
0.0339137
0.0236048
0.0155182
0.015904
0.0414928
0.0542571
0.0544119
0.0460553
0.034355
0.0232805
0.0146608
0.0153869
0.0367957
0.0471094
0.0468036
0.0394304
0.0293301
0.0197522
0.0122709
0.00705485
0.0163384
0.0198594
0.0188566
0.0152572
0.0109243
0.00709869
0.00426934
-0.00230152
-0.00263142
-0.00225675
-0.0018097
-0.0013849
-0.000995787
-0.000657615
-0.000390819
0.00437416
0.0113066
0.0145945
0.0143804
0.0118755
0.00855863
0.00576331
0.00440476
0.0073759
0.0175044
0.0223362
0.0222206
0.0189795
0.0148142
0.0111906
0.00810589
0.00892765
0.0235224
0.0308719
0.0310947
0.0265792
0.0204156
0.0148953
0.0106609
0.0126666
0.0297836
0.037975
0.0377394
0.0319768
0.0241781
0.016926
0.0112432
0.0113023
0.0298674
0.0389759
0.038957
0.0328774
0.0244754
0.0165928
0.0104785
0.0118416
0.0266879
0.0333631
0.0326821
0.0272869
0.0202081
0.0136008
0.00847788
0.00406043
0.00928776
0.0108552
0.00991234
0.00772883
0.00534273
0.00337125
0.00198747
-0.00247424
-0.00345957
-0.00345119
-0.00304296
-0.00243293
-0.00176841
-0.00116781
-0.000699204
-0.000566786
-0.00027321
-0.000114132
-4.29563e-05
-1.49223e-05
-4.82877e-06
-1.47475e-06
-4.25e-07
-1.17704e-07
-3.13222e-08
-8.36831e-09
-2.27596e-09
-6.66134e-10
-2.22045e-10
-6.93889e-11
-3.46945e-11
-6.93889e-12
-6.93889e-12
0
0
-6.93889e-12
0
0
0
0
0
0
0
0
0
0
0
-0.000297544
-0.000134767
-5.09553e-05
-1.60676e-05
-3.94209e-06
-5.38777e-07
1.42081e-07
1.53724e-07
8.05467e-08
3.23977e-08
1.09981e-08
3.11556e-09
6.93889e-10
5.55112e-11
-2.08167e-11
-1.38778e-11
-1.38778e-11
0
-6.93889e-12
0
-2.08167e-11
-1.38778e-11
0
-6.93889e-12
0
0
-1.38778e-11
1.38778e-11
0
-1.38778e-11
0
0
-0.000259238
-0.000131402
-5.54486e-05
-1.98907e-05
-5.95998e-06
-1.40205e-06
-1.83534e-07
4.08007e-08
4.27575e-08
1.97897e-08
6.62664e-09
1.51268e-09
9.02056e-11
-1.66533e-10
-1.31839e-10
-7.63278e-11
-2.08167e-11
-1.38778e-11
-1.38778e-11
-1.38778e-11
0
0
-1.38778e-11
-6.93889e-12
0
-6.93889e-12
-1.38778e-11
0
0
-1.38778e-11
0
0
0.00013807
9.30267e-05
5.75177e-05
3.2252e-05
1.6433e-05
7.65888e-06
3.29271e-06
1.31303e-06
4.8847e-07
1.69732e-07
5.51503e-08
1.66672e-08
4.66988e-09
1.13798e-09
2.22045e-10
3.46945e-11
0
-2.08167e-11
-1.38778e-11
-2.08167e-11
1.38778e-11
1.38778e-11
-1.38778e-11
-1.38778e-11
0
-2.77556e-11
-2.77556e-11
6.93889e-12
0
0
6.93889e-12
6.93889e-12
0.00015549
8.99192e-05
4.94907e-05
2.55694e-05
1.23724e-05
5.56852e-06
2.34126e-06
9.16725e-07
3.35822e-07
1.14506e-07
3.63112e-08
1.05749e-08
2.7825e-09
6.03684e-10
9.02056e-11
-6.93889e-12
-1.38778e-11
-1.38778e-11
0
0
1.38778e-11
0
-1.38778e-11
0
1.38778e-11
0
-6.93889e-12
-1.38778e-11
0
0
0
-6.93889e-12
0.000455752
0.00025564
0.000132462
6.39809e-05
2.89293e-05
1.23108e-05
4.94163e-06
1.87812e-06
6.76535e-07
2.31516e-07
7.52176e-08
2.31967e-08
6.77236e-09
1.85268e-09
4.78784e-10
1.11022e-10
2.08167e-11
-1.38778e-11
0
6.93889e-12
-6.93889e-12
0
1.38778e-11
0
1.38778e-11
6.93889e-12
0
0
0
-6.93889e-12
6.93889e-12
1.38778e-11
0.000799335
0.000411301
0.000197734
8.93537e-05
3.81483e-05
1.54423e-05
5.94724e-06
2.18361e-06
7.66137e-07
2.57114e-07
8.26283e-08
2.54102e-08
7.49401e-09
2.08167e-09
5.6205e-10
1.59595e-10
2.77556e-11
-6.93889e-12
-1.38778e-11
0
6.93889e-12
0
0
-1.38778e-11
0
0
0
0
0
0
0
0
0.000314187
0.000156318
7.30393e-05
3.22323e-05
1.34815e-05
5.36535e-06
2.03555e-06
7.3825e-07
2.56122e-07
8.51819e-08
2.71172e-08
8.26422e-09
2.4078e-09
6.59195e-10
1.80411e-10
5.55112e-11
0
0
-6.93889e-12
0
-6.93889e-12
0
0
0
0
0
0
0
0
0
0
1.38778e-11
-1.85613e-05
1.91567e-05
3.70923e-05
3.10013e-05
1.88034e-05
9.41567e-06
4.14782e-06
1.65003e-06
6.05113e-07
2.05599e-07
6.51632e-08
1.91375e-08
5.17641e-09
1.22818e-09
2.498e-10
2.08167e-11
-2.77556e-11
-1.38778e-11
0
0
0
-1.38778e-11
1.38778e-11
0
0
-1.38778e-11
-1.38778e-11
-6.93889e-12
-6.93889e-12
0
-6.93889e-12
-6.93889e-12
0.00134772
0.000870007
0.000498999
0.000255338
0.000118703
5.09556e-05
2.04009e-05
7.67785e-06
2.7286e-06
9.18744e-07
2.93467e-07
8.88942e-08
2.54657e-08
6.83481e-09
1.70697e-09
3.747e-10
6.245e-11
0
-1.38778e-11
-1.38778e-11
-2.08167e-11
-6.93889e-12
0
0
0
0
1.38778e-11
0
0
-1.38778e-11
0
-6.93889e-12
0.00193558
0.00116868
0.000643106
0.000322764
0.000149263
6.41183e-05
2.57957e-05
9.76311e-06
3.49386e-06
1.18391e-06
3.80813e-07
1.16067e-07
3.34802e-08
9.05526e-09
2.26208e-09
4.996e-10
9.02056e-11
0
-6.93889e-12
-3.46945e-11
-1.38778e-11
0
1.38778e-11
0
1.38778e-11
-1.38778e-11
-1.38778e-11
6.93889e-12
0
0
6.93889e-12
0
0.00271797
0.00155158
0.000822611
0.000404634
0.000185222
7.93349e-05
3.1939e-05
1.2143e-05
4.37311e-06
1.4963e-06
4.86979e-07
1.50886e-07
4.44506e-08
1.23929e-08
3.22659e-09
7.84095e-10
1.59595e-10
6.93889e-12
0
-2.08167e-11
-1.38778e-11
0
-1.38778e-11
-6.93889e-12
-1.38778e-11
-6.93889e-12
0
0
0
0
0
0
0.00260423
0.00143401
0.00073916
0.000356724
0.000161423
6.87185e-05
2.76011e-05
1.04954e-05
3.78716e-06
1.29977e-06
4.24723e-07
1.32228e-07
3.91701e-08
1.09912e-08
2.91434e-09
7.14706e-10
1.59595e-10
3.46945e-11
0
0
1.38778e-11
6.93889e-12
0
-1.38778e-11
0
0
0
0
-1.38778e-11
1.38778e-11
-6.93889e-12
0
0.00262607
0.0014153
0.000713659
0.000337682
0.000150451
6.32887e-05
2.52161e-05
9.53918e-06
3.43489e-06
1.1793e-06
3.86594e-07
1.21084e-07
3.62349e-08
1.0332e-08
2.81025e-09
7.28584e-10
1.59595e-10
1.38778e-11
6.93889e-12
1.38778e-11
6.93889e-12
-1.38778e-11
0
-2.08167e-11
-2.77556e-11
1.38778e-11
6.93889e-12
-6.93889e-12
0
0
0
6.93889e-12
0.00209509
0.00109958
0.000541023
0.000250742
0.000109796
4.55772e-05
1.79752e-05
6.75388e-06
2.42144e-06
8.30114e-07
2.72324e-07
8.55913e-08
2.57849e-08
7.42462e-09
2.05391e-09
5.41234e-10
1.31839e-10
2.08167e-11
0
0
0
6.93889e-12
0
0
0
0
0
0
0
0
0
0
0.000488048
0.000248533
0.000119324
5.42053e-05
2.3366e-05
9.57289e-06
3.73396e-06
1.38788e-06
4.92106e-07
1.66464e-07
5.37279e-08
1.65076e-08
4.82253e-09
1.33227e-09
3.46945e-10
1.04083e-10
2.08167e-11
0
-1.38778e-11
0
0
-6.93889e-12
0
0
0
0
-6.93889e-12
0
0
-6.93889e-12
0
1.38778e-11
0.00258515
0.00169279
0.000983232
0.000494503
0.000223075
9.27281e-05
3.60846e-05
1.32789e-05
4.64957e-06
1.55527e-06
4.98449e-07
1.53239e-07
4.52208e-08
1.28231e-08
3.49026e-09
8.95117e-10
2.42861e-10
6.93889e-11
2.08167e-11
-6.93889e-12
-2.77556e-11
0
6.93889e-12
0
1.38778e-11
-6.93889e-12
-6.93889e-12
6.93889e-12
0
0
0
6.93889e-12
0.00771384
0.00485732
0.00263058
0.00126608
0.000556713
0.000227679
8.76069e-05
3.19505e-05
1.11006e-05
3.6862e-06
1.17278e-06
3.57873e-07
1.04798e-07
2.94348e-08
7.89646e-09
2.01228e-09
4.71845e-10
9.02056e-11
1.38778e-11
-6.93889e-12
-3.46945e-11
-2.77556e-11
-2.08167e-11
0
0
6.93889e-12
6.93889e-12
-1.38778e-11
-6.93889e-12
0
0
6.93889e-12
0.00924414
0.00549431
0.00293568
0.00142757
0.00064033
0.000268038
0.000105547
3.93625e-05
1.39615e-05
4.72875e-06
1.53252e-06
4.76355e-07
1.42039e-07
4.06689e-08
1.11508e-08
2.92127e-09
7.07767e-10
1.59595e-10
2.77556e-11
-2.08167e-11
-2.08167e-11
0
-2.08167e-11
0
-1.38778e-11
2.08167e-11
2.77556e-11
0
-6.93889e-12
0
0
-6.93889e-12
0.00964272
0.00555227
0.00293874
0.00143417
0.00065005
0.000275684
0.000110118
4.16516e-05
1.49847e-05
5.14561e-06
1.6912e-06
5.33108e-07
1.61406e-07
4.69486e-08
1.31214e-08
3.4972e-09
8.8124e-10
2.15106e-10
4.85723e-11
-1.38778e-11
-2.77556e-11
-2.08167e-11
0
2.08167e-11
-1.38778e-11
6.93889e-12
0
0
0
6.93889e-12
-6.93889e-12
0
0.00864023
0.00475357
0.00243724
0.00116624
0.000522784
0.000220518
8.79144e-05
3.32622e-05
1.19838e-05
4.12405e-06
1.35866e-06
4.29365e-07
1.30271e-07
3.79835e-08
1.06165e-08
2.86576e-09
7.28584e-10
1.73472e-10
3.46945e-11
0
-1.38778e-11
-6.93889e-12
0
-2.08167e-11
-2.77556e-11
1.38778e-11
2.08167e-11
0
-6.93889e-12
0
6.93889e-12
6.93889e-12
0.00710642
0.00385119
0.00195591
0.00093274
0.000418791
0.000177607
7.13856e-05
2.72812e-05
9.94322e-06
3.46551e-06
1.15771e-06
3.71425e-07
1.14617e-07
3.40492e-08
9.74221e-09
2.69229e-09
7.14706e-10
1.94289e-10
5.55112e-11
1.38778e-11
0
0
0
0
-6.93889e-12
-1.38778e-11
-6.93889e-12
0
0
6.93889e-12
0
-6.93889e-12
0.00240653
0.0012779
0.000640321
0.000302903
0.00013543
5.73173e-05
2.30122e-05
8.78314e-06
3.19404e-06
1.10876e-06
3.67997e-07
1.16893e-07
3.55549e-08
1.03528e-08
2.87964e-09
7.84095e-10
2.08167e-10
6.93889e-11
2.08167e-11
0
0
0
0
-6.93889e-12
0
0
0
0
0
0
0
0
-0.000206943
-9.75279e-05
-4.09778e-05
-1.53512e-05
-5.09352e-06
-1.47009e-06
-3.51143e-07
-5.95288e-08
-1.17961e-09
4.13558e-09
1.94983e-09
4.51028e-10
-1.38778e-11
-9.02056e-11
-6.93889e-11
-3.46945e-11
-6.93889e-12
2.08167e-11
0
0
1.38778e-11
-1.38778e-11
0
0
-6.93889e-12
-1.38778e-11
0
-2.08167e-11
-6.93889e-12
0
0
0
0.00203692
0.00140042
0.000832007
0.000420545
0.000189349
7.84837e-05
3.0462e-05
1.12039e-05
3.92673e-06
1.31836e-06
4.24882e-07
1.31811e-07
3.93852e-08
1.13451e-08
3.15026e-09
8.46545e-10
2.15106e-10
7.63278e-11
1.38778e-11
2.08167e-11
0
1.38778e-11
0
0
1.38778e-11
0
0
0
0
0
6.93889e-12
0
0.00606857
0.00385254
0.00208063
0.000994679
0.000434068
0.000176185
6.7348e-05
2.44264e-05
8.45261e-06
2.79984e-06
8.90267e-07
2.72095e-07
8.00193e-08
2.26416e-08
6.1548e-09
1.60288e-09
4.09395e-10
9.02056e-11
2.08167e-11
-1.38778e-11
-2.77556e-11
-6.93889e-12
-1.38778e-11
-2.77556e-11
0
0
-6.93889e-12
-6.93889e-12
0
0
0
0
0.00704932
0.00419424
0.00223713
0.00108492
0.000485107
0.000202518
7.95673e-05
2.96402e-05
1.05104e-05
3.56463e-06
1.15831e-06
3.61815e-07
1.08642e-07
3.14332e-08
8.74301e-09
2.35229e-09
5.89806e-10
1.38778e-10
3.46945e-11
0
0
0
-1.38778e-11
0
1.38778e-11
0
0
-6.93889e-12
0
0
-6.93889e-12
-1.38778e-11
0.00706281
0.00409372
0.00217365
0.00106178
0.000481261
0.000204008
8.1472e-05
3.08217e-05
1.11001e-05
3.81905e-06
1.25937e-06
3.98896e-07
1.21611e-07
3.57006e-08
1.0103e-08
2.75474e-09
7.21645e-10
1.73472e-10
4.16334e-11
0
0
6.93889e-12
-2.08167e-11
0
0
1.38778e-11
0
-6.93889e-12
0
0
0
0
0.00619149
0.00340948
0.00174757
0.000835083
0.000373734
0.000157368
6.26546e-05
2.36836e-05
8.53245e-06
2.93877e-06
9.70259e-07
3.07712e-07
9.39041e-08
2.7589e-08
7.81319e-09
2.13718e-09
5.48173e-10
1.31839e-10
3.46945e-11
2.77556e-11
0
0
-6.93889e-12
1.38778e-11
1.38778e-11
6.93889e-12
1.38778e-11
0
0
0
0
0
0.0049361
0.00269153
0.00137471
0.000659039
0.00029727
0.000126629
5.11111e-05
1.96201e-05
7.18486e-06
2.51774e-06
8.46309e-07
2.73524e-07
8.51541e-08
2.55698e-08
7.39686e-09
2.06779e-09
5.55112e-10
1.45717e-10
3.46945e-11
0
1.38778e-11
1.38778e-11
-1.38778e-11
1.38778e-11
6.93889e-12
0
0
6.93889e-12
1.38778e-11
0
0
0
0.00111078
0.000589617
0.000297031
0.000141515
6.37828e-05
2.71825e-05
1.09842e-05
4.21289e-06
1.53876e-06
5.35738e-07
1.78302e-07
5.67116e-08
1.7264e-08
5.02376e-09
1.39472e-09
3.747e-10
1.11022e-10
3.46945e-11
1.38778e-11
-6.93889e-12
-1.38778e-11
0
0
0
-6.93889e-12
0
0
0
0
0
0
0
-0.000380805
-0.000189743
-8.72622e-05
-3.73241e-05
-1.4978e-05
-5.67761e-06
-2.04957e-06
-7.09141e-07
-2.37158e-07
-7.71605e-08
-2.46678e-08
-7.77156e-09
-2.43555e-09
-7.49401e-10
-2.42861e-10
-6.93889e-11
-2.77556e-11
-6.93889e-12
0
0
0
0
0
0
0
0
0
0
-1.38778e-11
0
-6.93889e-12
0
)
;

boundaryField
{
    base
    {
        type            calculated;
        value           nonuniform List<scalar> 
160
(
-0.00104062
-0.000957519
-0.000851591
-0.000806255
-0.000346711
-0.000358046
-0.000100583
-0.00013704
-0.000616375
0.00233575
0.00279927
0.00377459
0.0033311
0.00276783
0.00197095
0.00127482
0.00239469
0.0109927
0.0156411
0.0167878
0.0146348
0.0114553
0.00800249
0.00520144
0.00197045
0.00769942
0.0119903
0.0122069
0.010957
0.00832946
0.00593095
0.00378957
-6.68195e-05
-9.17543e-05
-8.42249e-05
-9.45734e-05
-9.57917e-05
-9.85903e-05
-9.90758e-05
-0.000102123
0.00076245
0.000413013
0.000210699
9.63536e-05
3.91853e-05
1.12961e-05
-1.83561e-06
-8.74603e-06
0.00321487
0.0019387
0.00122013
0.00082762
0.000636926
0.000544267
0.000501704
0.000492444
0.0023856
0.00143393
0.000925206
0.000636693
0.000501949
0.00043438
0.000404464
0.000399067
-0.000101435
-0.000105536
-0.000103902
-0.000105658
-0.00010491
-0.000105013
-0.000105056
-0.000102176
-1.09384e-05
-1.41674e-05
-1.31927e-05
-1.44715e-05
-1.34663e-05
-1.35007e-05
-1.24553e-05
-1.01199e-05
0.000483661
0.000494639
0.000491507
0.00049594
0.000495815
0.000496061
0.000498732
0.00049069
0.000393164
0.000403271
0.000400797
0.000404754
0.000404372
0.000404549
0.000406131
0.000398634
-0.00010378
-0.00010255
-0.000106507
-0.000116856
-0.000125981
-0.00017796
-0.000195852
-0.000380584
-8.60109e-06
-2.9204e-06
7.11352e-06
2.60084e-05
8.04466e-05
0.000151417
0.000369428
0.000564975
0.000501111
0.000513433
0.00056485
0.000685146
0.000910096
0.00143754
0.00224238
0.00396264
0.000405932
0.000413804
0.00045123
0.000542281
0.000703669
0.00110817
0.0016771
0.00301708
-0.000355261
-0.000813884
-0.00049273
-0.00124044
-0.000186528
-0.000891104
0.00099765
0.00183695
0.00121948
0.00150785
0.00286762
0.00268163
0.00441511
0.00265426
0.00399207
0.00200967
0.0059489
0.00969764
0.012288
0.0165887
0.015904
0.0153869
0.00705485
-0.00230152
0.00437416
0.0073759
0.00892765
0.0126666
0.0113023
0.0118416
0.00406043
-0.00247424
)
;
    }
    cooled
    {
        type            calculated;
        value           nonuniform List<scalar> 
992
(
-0.00104062
-0.000616375
0.00239469
0.00197045
-0.00202847
-0.000127275
0.00650024
0.00459904
-0.00209369
0.000757118
0.00922002
0.00636921
-0.001656
0.00140535
0.00981163
0.00675028
-0.00108335
0.0016066
0.00869018
0.00600022
-0.000604609
0.00142818
0.00671801
0.00468522
-0.000292882
0.00106916
0.00465452
0.00329248
-0.000126208
0.000697048
0.00294988
0.00212662
-5.1167e-05
0.000405657
0.00173524
0.00127842
-1.98141e-05
0.00021494
0.000952893
0.000718139
-7.52082e-06
0.000105265
0.000489509
0.000376723
-2.68178e-06
4.80972e-05
0.00023553
0.000184751
-9.46049e-07
2.05961e-05
0.000106469
8.49267e-05
-3.07129e-07
8.29043e-06
4.52873e-05
3.66897e-05
-1.04895e-07
3.13768e-06
1.82014e-05
1.49588e-05
-3.49581e-08
1.11481e-06
6.92202e-06
5.77224e-06
-1.38917e-08
3.70745e-07
2.50101e-06
2.11641e-06
-5.69683e-09
1.14325e-07
8.58855e-07
7.3884e-07
-2.63678e-09
3.22173e-08
2.81226e-07
2.46379e-07
-1.1588e-09
7.97973e-09
8.7666e-08
7.85483e-08
-5.20417e-10
1.57513e-09
2.60902e-08
2.39878e-08
-2.28983e-10
1.249e-10
7.38298e-09
7.01522e-09
-9.71445e-11
-6.93889e-11
1.98452e-09
1.97065e-09
-4.85723e-11
-6.93889e-11
4.78784e-10
5.20417e-10
-3.46945e-11
-3.46945e-11
1.249e-10
1.249e-10
-6.93889e-12
-1.38778e-11
2.08167e-11
4.85723e-11
-2.77556e-11
-3.46945e-11
0
1.38778e-11
-2.77556e-11
-6.93889e-12
2.08167e-11
1.38778e-11
-6.93889e-12
-6.93889e-12
0
-1.38778e-11
-1.38778e-11
-1.38778e-11
-6.93889e-12
6.93889e-12
0
-1.38778e-11
-3.46945e-11
-1.38778e-11
0
0
-2.77556e-11
-6.93889e-12
0
-2.77556e-11
-6.93889e-12
-1.38778e-11
0
0
0
1.38778e-11
0
-1.38778e-11
1.38778e-11
6.93889e-12
0
0
-1.38778e-11
0
0
0
0
0
6.93889e-12
1.38778e-11
-1.38778e-11
0
0
0
0
0
0
0
-6.93889e-12
6.93889e-12
0
-1.38778e-11
0
6.93889e-12
1.38778e-11
6.93889e-12
1.38778e-11
0
0
-6.93889e-12
0
0
0
0
6.93889e-12
1.38778e-11
-6.93889e-12
0
2.08167e-11
-1.38778e-11
0
0
0
0
6.93889e-12
0
1.38778e-11
1.38778e-11
1.38778e-11
0
0
0
0
-1.38778e-11
-1.38778e-11
0
-6.93889e-12
0
-2.08167e-11
0
0
0
0
0
-1.38778e-11
0
0
0
6.93889e-12
0
-6.93889e-12
0
-6.93889e-12
0
2.08167e-11
0
0
0
0
1.38778e-11
6.93889e-12
0
-6.93889e-12
1.38778e-11
0
0
0
6.93889e-12
-6.93889e-12
1.38778e-11
0
1.38778e-11
-6.93889e-12
-6.93889e-12
0
0
0
6.93889e-12
0
1.38778e-11
6.93889e-12
6.93889e-12
-6.93889e-12
0
6.93889e-12
-6.93889e-12
0
0
0
0
-1.38778e-11
0
0
0
0
0
0.000269951
0.000549264
0.000554743
0.00027543
0.000133967
0.000248677
0.000183823
6.91139e-05
6.47825e-05
0.000119846
7.25336e-05
1.74702e-05
2.96223e-05
5.76041e-05
3.54896e-05
7.50776e-06
1.27497e-05
2.64199e-05
1.80635e-05
4.39331e-06
5.1882e-06
1.13824e-05
8.60076e-06
2.4066e-06
1.99998e-06
4.60156e-06
3.74525e-06
1.14368e-06
7.33393e-07
1.75036e-06
1.49705e-06
4.80109e-07
2.56004e-07
6.28858e-07
5.54223e-07
1.81362e-07
8.5279e-08
2.13982e-07
1.91264e-07
6.25888e-08
2.70894e-08
6.90767e-08
6.18117e-08
1.98175e-08
8.20871e-09
2.11844e-08
1.87211e-08
5.75234e-09
2.36616e-09
6.14786e-09
5.28744e-09
1.51962e-09
6.45317e-10
1.68615e-09
1.3739e-09
3.53884e-10
1.59595e-10
4.09395e-10
3.33067e-10
6.245e-11
4.16334e-11
1.17961e-10
4.16334e-11
-6.93889e-12
1.38778e-11
1.38778e-11
6.93889e-12
0
0
6.93889e-12
0
-6.93889e-12
0
0
0
-6.93889e-12
0
1.38778e-11
-1.38778e-11
0
6.93889e-12
-1.38778e-11
0
1.38778e-11
0
6.93889e-12
0
0
1.38778e-11
0
-2.08167e-11
-3.46945e-11
0
0
0
-6.93889e-12
0
0
0
0
0
0
-1.38778e-11
1.38778e-11
6.93889e-12
-1.38778e-11
-6.93889e-12
2.08167e-11
0
1.38778e-11
1.38778e-11
-1.38778e-11
1.38778e-11
0
0
0
0
0
0
-1.38778e-11
0
0
0
-1.38778e-11
0
1.38778e-11
0
0
0.000195408
4.41352e-05
1.23304e-07
-3.11129e-05
7.68594e-05
-7.29112e-05
0.000124728
2.22926e-05
0.000243624
-7.86206e-05
-0.000232725
-0.000294582
-0.000205246
-0.000466761
-0.000188051
-0.000492717
-4.27202e-06
-0.000635449
-0.000789436
-0.000821303
-0.00120632
-0.00113619
-0.00161052
-0.00178348
-5.24877e-05
-0.000512693
-0.000556588
-0.000557834
-0.000924216
-0.000742338
-0.00129774
-0.00126847
-0.000575032
-0.000615354
0.000532795
0.000573117
-0.00028438
-0.000247769
0.000825054
0.000788443
-0.000123341
-8.56735e-05
0.000614156
0.000576488
-4.88639e-05
-2.40496e-05
0.000342195
0.000317381
-1.81592e-05
-4.84764e-06
0.000162951
0.000149639
-6.39796e-06
-2.55532e-07
7.00369e-05
6.38945e-05
-2.17087e-06
3.73424e-07
2.78953e-05
2.5351e-05
-7.10827e-07
2.4189e-07
1.04361e-05
9.48334e-06
-2.2829e-07
1.00406e-07
3.69865e-06
3.36992e-06
-7.18314e-08
3.13014e-08
1.24668e-06
1.14354e-06
-2.25792e-08
6.98053e-09
4.01165e-07
3.71619e-07
-7.04298e-09
2.77556e-10
1.23235e-07
1.15914e-07
-2.19963e-09
-7.35523e-10
3.61725e-08
3.47222e-08
-7.07767e-10
-5.96745e-10
1.01238e-08
1.00059e-08
-2.35922e-10
-2.98372e-10
2.70617e-09
2.75474e-09
-9.02056e-11
-1.38778e-10
6.80012e-10
7.42462e-10
-4.85723e-11
-6.93889e-11
1.73472e-10
1.94289e-10
0
-3.46945e-11
0
5.55112e-11
-1.38778e-11
-3.46945e-11
0
0
0
-1.38778e-11
-6.93889e-12
2.08167e-11
-6.93889e-12
-1.38778e-11
0
0
0
-6.93889e-12
-1.38778e-11
0
0
0
-2.08167e-11
0
-1.38778e-11
-1.38778e-11
0
0
0
0
0
1.38778e-11
0
6.93889e-12
-6.93889e-12
6.93889e-12
0
0
0
0
0
-6.93889e-12
0
0
0
-1.38778e-11
0
0
0
-6.93889e-12
6.93889e-12
0
0
-6.93889e-12
6.93889e-12
0
0
0
6.93889e-12
0
0.000171657
-4.92335e-05
-0.00095517
-0.00073428
8.9052e-05
-1.49683e-05
-0.000462656
-0.000358635
4.38418e-05
2.06107e-06
-0.000209371
-0.000167591
2.01116e-05
6.45747e-06
-8.40974e-05
-7.04433e-05
8.61903e-06
5.16019e-06
-3.05152e-05
-2.70563e-05
3.48174e-06
2.95408e-06
-1.02307e-05
-9.70304e-06
1.32896e-06
1.41214e-06
-3.22792e-06
-3.31109e-06
4.81643e-07
5.95426e-07
-9.75636e-07
-1.08943e-06
1.65562e-07
2.27492e-07
-2.87916e-07
-3.49838e-07
5.40887e-08
7.9721e-08
-8.49668e-08
-1.10599e-07
1.67089e-08
2.57155e-08
-2.57155e-08
-3.47153e-08
4.86416e-09
7.59115e-09
-8.13932e-09
-1.08802e-08
1.31145e-09
2.01922e-09
-2.71311e-09
-3.42781e-09
3.40006e-10
4.78784e-10
-9.29812e-10
-1.08247e-09
6.93889e-11
9.02056e-11
-3.26128e-10
-3.53884e-10
1.38778e-11
-1.38778e-11
-1.249e-10
-1.04083e-10
0
-6.93889e-12
-4.85723e-11
-3.46945e-11
-2.08167e-11
-1.38778e-11
-6.93889e-12
-1.38778e-11
-2.77556e-11
-6.93889e-12
0
0
0
0
1.38778e-11
0
1.38778e-11
1.38778e-11
-2.77556e-11
-2.08167e-11
0
-1.38778e-11
0
1.38778e-11
0
0
0
-6.93889e-12
0
0
0
1.38778e-11
0
1.38778e-11
-1.38778e-11
1.38778e-11
0
0
0
0
0
0
-1.38778e-11
-6.93889e-12
0
0
0
-1.38778e-11
0
6.93889e-12
0
0
0
6.93889e-12
1.38778e-11
0
0
-6.93889e-12
6.93889e-12
0
0
0
0
1.38778e-11
8.61983e-05
-1.04249e-05
-2.95396e-05
-4.38728e-05
5.88693e-05
-6.82721e-05
7.64819e-05
6.36287e-05
-0.000393595
-0.000371516
-0.000366459
-0.000329104
-0.000179101
-0.000317896
5.88106e-05
0.000224214
-0.00159157
-0.00134713
-0.00108333
-0.000868005
-0.00101314
-0.000642897
-0.000478563
0.000500681
-0.00111177
-0.000986036
-0.00074641
-0.000582774
-0.000775168
-0.000393273
-0.000460892
0.000340095
-0.000566786
-1.85613e-05
0.00258515
0.00203692
-0.00027321
1.91567e-05
0.00169279
0.00140042
-0.000114132
3.70923e-05
0.000983232
0.000832007
-4.29563e-05
3.10013e-05
0.000494503
0.000420545
-1.49223e-05
1.88034e-05
0.000223075
0.000189349
-4.82877e-06
9.41567e-06
9.27281e-05
7.84837e-05
-1.47475e-06
4.14782e-06
3.60846e-05
3.0462e-05
-4.25e-07
1.65003e-06
1.32789e-05
1.12039e-05
-1.17704e-07
6.05113e-07
4.64957e-06
3.92673e-06
-3.13222e-08
2.05599e-07
1.55527e-06
1.31836e-06
-8.36831e-09
6.51632e-08
4.98449e-07
4.24882e-07
-2.27596e-09
1.91375e-08
1.53239e-07
1.31811e-07
-6.66134e-10
5.17641e-09
4.52208e-08
3.93852e-08
-2.22045e-10
1.22818e-09
1.28231e-08
1.13451e-08
-6.93889e-11
2.498e-10
3.49026e-09
3.15026e-09
-3.46945e-11
2.08167e-11
8.95117e-10
8.46545e-10
-6.93889e-12
-2.77556e-11
2.42861e-10
2.15106e-10
-6.93889e-12
-1.38778e-11
6.93889e-11
7.63278e-11
0
0
2.08167e-11
1.38778e-11
0
0
-6.93889e-12
2.08167e-11
-6.93889e-12
0
-2.77556e-11
0
0
-1.38778e-11
0
1.38778e-11
0
1.38778e-11
6.93889e-12
0
0
0
0
0
0
0
1.38778e-11
1.38778e-11
0
-1.38778e-11
-6.93889e-12
0
0
-1.38778e-11
-6.93889e-12
0
0
-6.93889e-12
6.93889e-12
0
0
-6.93889e-12
0
0
0
0
0
0
0
-6.93889e-12
0
6.93889e-12
0
-6.93889e-12
6.93889e-12
0
0.00183695
0.00200967
-0.00230152
-0.00247424
0.00314863
0.00397678
-0.00263142
-0.00345957
0.00341024
0.00460468
-0.00225675
-0.00345119
0.00303791
0.00427117
-0.0018097
-0.00304296
0.00235646
0.00340449
-0.0013849
-0.00243293
0.00163166
0.00240428
-0.000995787
-0.00176841
0.00102406
0.00153425
-0.000657615
-0.00116781
0.000589513
0.000897898
-0.000390819
-0.000699204
0.000314187
0.000488048
-0.000206943
-0.000380805
0.000156318
0.000248533
-9.75279e-05
-0.000189743
7.30393e-05
0.000119324
-4.09778e-05
-8.72622e-05
3.22323e-05
5.42053e-05
-1.53512e-05
-3.73241e-05
1.34815e-05
2.3366e-05
-5.09352e-06
-1.4978e-05
5.36535e-06
9.57289e-06
-1.47009e-06
-5.67761e-06
2.03555e-06
3.73396e-06
-3.51143e-07
-2.04957e-06
7.3825e-07
1.38788e-06
-5.95288e-08
-7.09141e-07
2.56122e-07
4.92106e-07
-1.17961e-09
-2.37158e-07
8.51819e-08
1.66464e-07
4.13558e-09
-7.71605e-08
2.71172e-08
5.37279e-08
1.94983e-09
-2.46678e-08
8.26422e-09
1.65076e-08
4.51028e-10
-7.77156e-09
2.4078e-09
4.82253e-09
-1.38778e-11
-2.43555e-09
6.59195e-10
1.33227e-09
-9.02056e-11
-7.49401e-10
1.80411e-10
3.46945e-10
-6.93889e-11
-2.42861e-10
5.55112e-11
1.04083e-10
-3.46945e-11
-6.93889e-11
0
2.08167e-11
-6.93889e-12
-2.77556e-11
0
0
2.08167e-11
-6.93889e-12
-6.93889e-12
-1.38778e-11
0
0
0
0
0
0
-6.93889e-12
0
1.38778e-11
0
0
-6.93889e-12
-1.38778e-11
0
0
0
0
0
0
0
0
0
0
0
-6.93889e-12
0
0
0
-1.38778e-11
0
0
-6.93889e-12
0
0
0
0
-2.08167e-11
0
0
0
-6.93889e-12
-1.38778e-11
0
-6.93889e-12
0
0
0
0
0
-6.93889e-12
1.38778e-11
1.38778e-11
0
0
)
;
    }
    front
    {
        type            symmetryPlane;
    }
    back
    {
        type            symmetryPlane;
    }
}


// ************************************************************************* //
