/*--------------------------------*- C++ -*----------------------------------*\
| =========                 |                                                 |
| \\      /  F ield         | OpenFOAM: The Open Source CFD Toolbox           |
|  \\    /   O peration     | Version:                                        |
|   \\  /    A nd           | Website:  www.openfoam.com                      |
|    \\/     M anipulation  |                                                 |
\*---------------------------------------------------------------------------*/
FoamFile
{
    version     2.0;
    format      ascii;
    class       volScalarField;
    location    "1896.0/air";
    object      T;
}
// * * * * * * * * * * * * * * * * * * * * * * * * * * * * * * * * * * * * * //

dimensions      [0 0 0 1 0 0 0];


internalField   nonuniform List<scalar> 
2228
(
307.142
307.208
307.262
307.308
307.078
307.141
307.205
307.267
307.035
307.095
307.164
307.233
307
307.06
307.131
307.203
306.971
307.029
307.101
307.176
306.943
307
307.073
307.15
306.917
306.97
307.044
307.125
306.889
306.933
307.01
307.1
306.858
306.883
306.964
307.072
306.816
306.803
306.896
307.038
306.755
306.668
306.783
306.991
306.662
306.446
306.602
306.923
306.527
306.109
306.325
306.83
306.344
305.642
305.921
306.71
306.108
305.009
305.307
306.522
305.621
304.088
304.309
306.04
307.308
307.261
307.207
307.142
307.266
307.204
307.139
307.077
307.231
307.16
307.092
307.033
307.201
307.125
307.054
306.998
307.172
307.093
307.02
306.967
307.145
307.058
306.984
306.937
307.115
307.016
306.938
306.904
307.08
306.953
306.867
306.863
307.032
306.849
306.75
306.806
306.963
306.679
306.565
306.726
306.867
306.426
306.306
306.621
306.735
306.076
305.966
306.501
306.55
305.573
305.498
306.371
306.279
304.837
304.767
306.177
305.937
303.842
303.47
305.547
305.715
302.8
301.5
303.23
296.042
296.993
297.993
298.962
293.112
292.955
292.974
293.137
293.127
293.012
292.875
292.747
293.152
293.143
293.12
293.081
293.155
293.155
293.157
293.158
293.16
293.159
293.159
293.16
293.166
293.165
293.163
293.162
293.188
293.185
293.182
293.18
293.265
293.261
293.257
293.252
293.377
293.376
293.374
293.371
293.473
293.474
293.475
293.474
293.574
293.576
293.576
293.575
293.702
293.703
293.702
293.701
293.847
293.847
293.847
293.845
293.978
293.979
293.978
293.975
294.034
294.03
294.023
294.014
293.986
293.974
293.96
293.945
293.819
293.797
293.775
293.753
293.669
293.695
293.727
293.766
293.673
293.691
293.702
293.721
299.799
300.25
300.598
301.301
293.477
293.882
294.286
294.708
292.653
292.607
292.61
292.652
293.025
292.958
292.887
292.816
293.155
293.146
293.13
293.107
293.161
293.163
293.165
293.166
293.162
293.161
293.161
293.162
293.177
293.175
293.172
293.17
293.247
293.241
293.235
293.229
293.367
293.362
293.356
293.348
293.473
293.472
293.469
293.466
293.573
293.571
293.568
293.564
293.699
293.695
293.691
293.686
293.841
293.837
293.831
293.824
293.971
293.965
293.956
293.946
294.004
293.992
293.978
293.963
293.929
293.911
293.892
293.872
293.732
293.715
293.702
293.698
293.81
293.859
293.909
293.959
293.737
293.748
293.756
293.766
301.779
302.051
302.219
295.019
295.246
295.466
292.704
292.754
292.814
292.765
292.731
292.702
293.086
293.068
293.049
293.166
293.165
293.163
293.162
293.163
293.164
293.169
293.168
293.167
293.224
293.22
293.217
293.341
293.335
293.329
293.463
293.46
293.456
293.56
293.557
293.554
293.681
293.677
293.673
293.818
293.813
293.808
293.936
293.928
293.92
293.95
293.941
293.931
293.855
293.842
293.829
293.701
293.706
293.715
293.995
294.02
294.044
293.779
293.79
293.798
302.248
302.244
302.231
295.599
295.665
295.727
292.857
292.882
292.909
292.684
292.675
292.668
293.036
293.028
293.021
293.162
293.161
293.161
293.164
293.164
293.165
293.167
293.167
293.166
293.214
293.213
293.212
293.325
293.322
293.32
293.454
293.452
293.451
293.552
293.55
293.549
293.67
293.668
293.666
293.804
293.802
293.8
293.914
293.911
293.908
293.924
293.92
293.917
293.82
293.816
293.811
293.722
293.726
293.731
294.058
294.065
294.073
293.801
293.803
293.804
302.194
302.158
302.318
295.841
295.976
296.102
292.962
293.038
293.11
292.655
292.641
292.632
293.007
292.987
292.968
293.159
293.155
293.151
293.165
293.166
293.167
293.166
293.166
293.166
293.21
293.207
293.204
293.316
293.309
293.302
293.448
293.442
293.436
293.547
293.543
293.538
293.663
293.658
293.652
293.796
293.789
293.782
293.902
293.893
293.883
293.91
293.9
293.89
293.802
293.789
293.775
293.741
293.758
293.778
294.087
294.105
294.122
293.808
293.821
293.841
302.972
301.343
298.661
297.323
296.48
296.684
296.398
295.874
293.207
293.342
293.448
293.471
292.623
292.621
292.636
292.66
292.942
292.913
292.89
292.873
293.145
293.136
293.125
293.115
293.168
293.169
293.169
293.168
293.165
293.165
293.165
293.164
293.2
293.195
293.19
293.192
293.291
293.277
293.265
293.27
293.425
293.408
293.386
293.36
293.532
293.522
293.511
293.497
293.644
293.633
293.622
293.61
293.772
293.758
293.744
293.729
293.87
293.852
293.835
293.818
293.876
293.858
293.84
293.823
293.758
293.739
293.725
293.715
293.808
293.85
293.893
293.933
294.142
294.16
294.172
294.176
293.859
293.873
293.901
293.923
297.928
298.762
300.653
301.422
295.228
294.498
294.152
295.581
293.383
293.23
293.044
293.029
292.684
292.707
292.72
292.627
292.863
292.86
292.869
292.82
293.104
293.092
293.085
293.057
293.166
293.163
293.159
293.147
293.163
293.167
293.183
293.218
293.216
293.299
293.471
293.711
293.321
293.449
293.653
293.897
293.334
293.32
293.343
293.431
293.479
293.455
293.424
293.386
293.597
293.582
293.565
293.544
293.715
293.7
293.686
293.671
293.801
293.785
293.77
293.756
293.806
293.789
293.773
293.758
293.713
293.719
293.735
293.758
293.967
293.994
294.013
294.023
294.177
294.171
294.161
294.146
293.949
293.948
293.959
293.97
293.151
293.152
293.147
293.121
293.067
293.003
292.955
292.922
292.892
292.863
292.836
292.813
292.793
292.773
292.752
292.729
292.702
292.683
292.765
294.434
293.151
293.152
293.145
293.114
293.056
292.993
292.946
292.913
292.884
292.856
292.831
292.811
292.791
292.774
292.757
292.742
292.731
292.739
292.877
294.413
293.151
293.152
293.143
293.111
293.05
292.986
292.938
292.904
292.875
292.85
292.829
292.81
292.794
292.782
292.777
292.783
292.798
292.819
292.949
294.437
293.151
293.152
293.145
293.114
293.054
292.987
292.936
292.899
292.87
292.849
292.831
292.815
292.802
292.8
292.813
292.846
292.883
292.893
292.966
294.476
293.151
293.151
293.147
293.124
293.068
292.998
292.94
292.9
292.872
292.853
292.838
292.825
292.818
292.827
292.859
292.914
292.964
292.962
292.97
294.52
293.15
293.151
293.149
293.135
293.089
293.018
292.953
292.907
292.879
292.863
292.851
292.84
292.839
292.858
292.905
292.972
293.028
293.024
292.975
294.565
293.15
293.15
293.15
293.143
293.111
293.045
292.974
292.921
292.89
292.876
292.866
292.859
292.863
292.889
292.944
293.013
293.066
293.071
292.984
294.611
293.15
293.15
293.15
293.148
293.129
293.076
293.002
292.94
292.905
292.891
292.884
292.88
292.887
292.917
292.973
293.037
293.082
293.1
292.995
294.66
293.15
293.15
293.15
293.149
293.141
293.104
293.035
292.966
292.924
292.908
292.902
292.901
292.91
292.94
292.992
293.047
293.082
293.111
293.008
294.71
293.15
293.15
293.15
293.15
293.147
293.125
293.069
292.997
292.947
292.925
292.92
292.921
292.93
292.959
293.005
293.049
293.077
293.115
293.021
294.763
293.15
293.15
293.15
293.15
293.149
293.139
293.099
293.032
292.974
292.945
292.938
292.939
292.948
292.973
293.012
293.048
293.071
293.118
293.03
294.816
293.15
293.15
293.15
293.15
293.15
293.146
293.122
293.067
293.004
292.967
292.955
292.955
292.964
292.984
293.016
293.045
293.069
293.12
293.038
294.87
293.15
293.15
293.15
293.15
293.15
293.149
293.136
293.097
293.038
292.992
292.973
292.971
292.977
292.993
293.018
293.043
293.069
293.123
293.043
294.925
293.15
293.15
293.15
293.15
293.15
293.15
293.145
293.119
293.07
293.021
292.993
292.986
292.99
293.002
293.021
293.041
293.072
293.126
293.048
294.979
293.15
293.15
293.15
293.15
293.15
293.15
293.149
293.134
293.098
293.051
293.017
293.003
293.003
293.011
293.025
293.043
293.076
293.13
293.051
295.033
293.15
293.15
293.15
293.15
293.15
293.15
293.15
293.143
293.119
293.08
293.043
293.023
293.017
293.021
293.033
293.05
293.083
293.134
293.052
295.086
293.15
293.15
293.15
293.15
293.15
293.15
293.15
293.148
293.134
293.104
293.07
293.045
293.034
293.034
293.043
293.06
293.091
293.139
293.052
295.138
293.15
293.15
293.15
293.15
293.15
293.15
293.15
293.15
293.143
293.123
293.094
293.069
293.054
293.05
293.057
293.074
293.101
293.143
293.051
295.188
293.15
293.15
293.15
293.15
293.15
293.15
293.15
293.15
293.147
293.135
293.114
293.092
293.075
293.068
293.073
293.089
293.11
293.147
293.048
295.226
293.15
293.15
293.15
293.15
293.15
293.15
293.15
293.15
293.149
293.143
293.129
293.11
293.095
293.086
293.09
293.104
293.119
293.15
293.045
295.329
293.15
293.151
293.152
293.151
293.15
293.149
293.148
293.149
293.149
293.148
293.145
293.138
293.131
293.126
293.125
293.129
293.133
293.154
293.053
294.318
293.155
293.2
293.227
293.219
293.194
293.172
293.158
293.151
293.148
293.148
293.148
293.148
293.148
293.147
293.146
293.147
293.147
293.154
293.109
293.549
293.2
293.358
293.448
293.442
293.369
293.285
293.224
293.188
293.168
293.158
293.153
293.151
293.15
293.15
293.15
293.15
293.15
293.153
293.144
293.223
293.26
293.509
293.641
293.656
293.57
293.444
293.336
293.265
293.221
293.195
293.178
293.169
293.163
293.16
293.158
293.158
293.158
293.158
293.158
293.155
293.335
293.644
293.783
293.797
293.713
293.571
293.436
293.341
293.28
293.241
293.216
293.199
293.188
293.181
293.177
293.174
293.171
293.168
293.165
293.158
293.421
293.754
293.866
293.87
293.79
293.645
293.491
293.378
293.309
293.27
293.244
293.225
293.211
293.2
293.191
293.184
293.179
293.174
293.169
293.164
293.499
293.825
293.893
293.892
293.821
293.671
293.504
293.382
293.314
293.276
293.25
293.23
293.215
293.204
293.195
293.19
293.186
293.182
293.177
293.17
293.552
293.856
293.893
293.892
293.819
293.663
293.491
293.372
293.311
293.275
293.25
293.233
293.219
293.21
293.205
293.205
293.207
293.209
293.206
293.196
293.598
293.869
293.896
293.882
293.798
293.638
293.474
293.372
293.325
293.299
293.275
293.254
293.238
293.229
293.228
293.237
293.252
293.269
293.278
293.273
293.629
293.876
293.893
293.865
293.771
293.616
293.474
293.404
293.388
293.384
293.356
293.312
293.276
293.259
293.261
293.278
293.306
293.339
293.366
293.377
293.661
293.879
293.886
293.848
293.749
293.611
293.506
293.483
293.515
293.537
293.52
293.456
293.374
293.314
293.297
293.317
293.352
293.399
293.443
293.465
293.671
293.876
293.875
293.833
293.74
293.631
293.573
293.603
293.656
293.694
293.699
293.656
293.564
293.462
293.398
293.389
293.427
293.483
293.535
293.563
293.699
293.869
293.863
293.823
293.745
293.672
293.659
293.709
293.767
293.816
293.833
293.812
293.745
293.65
293.572
293.544
293.569
293.617
293.664
293.691
293.708
293.856
293.849
293.816
293.758
293.716
293.728
293.765
293.844
293.919
293.946
293.927
293.874
293.8
293.734
293.708
293.726
293.767
293.811
293.836
293.7
293.838
293.832
293.807
293.766
293.743
293.752
293.791
293.912
294.007
294.033
294.005
293.952
293.89
293.84
293.825
293.844
293.888
293.935
293.966
293.697
293.813
293.81
293.795
293.767
293.748
293.739
293.806
293.941
294.026
294.042
294.017
293.976
293.93
293.892
293.881
293.912
293.947
293.992
294.03
293.666
293.783
293.786
293.782
293.764
293.737
293.719
293.781
293.903
293.978
293.995
293.981
293.942
293.904
293.887
293.889
293.881
293.908
293.968
294.002
293.659
293.758
293.761
293.771
293.765
293.741
293.707
293.718
293.82
293.894
293.912
293.915
293.913
293.895
293.844
293.778
293.775
293.833
293.881
293.87
293.662
293.749
293.753
293.774
293.783
293.777
293.722
293.643
293.706
293.796
293.852
293.881
293.869
293.813
293.724
293.664
293.663
293.675
293.665
293.646
293.588
293.638
293.637
293.664
293.672
293.659
293.651
293.578
293.56
293.603
293.643
293.675
293.68
293.656
293.596
293.549
293.548
293.572
293.602
293.643
294.303
292.39
292.73
292.746
292.767
292.819
292.887
292.934
292.948
292.949
292.951
292.959
292.974
292.994
293.02
293.059
293.103
293.135
293.148
293.15
294.249
292.507
292.773
292.765
292.784
292.827
292.89
292.935
292.95
292.952
292.953
292.961
292.976
292.998
293.029
293.072
293.115
293.141
293.149
293.15
294.266
292.674
292.843
292.8
292.818
292.847
292.898
292.94
292.956
292.957
292.957
292.963
292.979
293.005
293.043
293.09
293.129
293.146
293.15
293.15
294.316
292.799
292.913
292.848
292.867
292.879
292.914
292.949
292.964
292.965
292.963
292.967
292.984
293.014
293.06
293.108
293.139
293.149
293.15
293.15
294.374
292.88
292.976
292.907
292.924
292.919
292.938
292.963
292.975
292.975
292.971
292.972
292.989
293.026
293.077
293.123
293.146
293.15
293.15
293.15
294.433
292.936
293.031
292.97
292.979
292.963
292.967
292.981
292.989
292.986
292.979
292.978
292.996
293.039
293.094
293.134
293.149
293.15
293.15
293.15
294.49
292.98
293.08
293.029
293.028
293.004
292.999
293.002
293.005
292.999
292.989
292.985
293.003
293.052
293.108
293.142
293.15
293.15
293.15
293.15
294.546
293.015
293.121
293.077
293.069
293.042
293.029
293.025
293.022
293.013
293
292.993
293.012
293.065
293.119
293.147
293.151
293.15
293.15
293.15
294.599
293.044
293.155
293.115
293.101
293.073
293.057
293.047
293.039
293.027
293.011
293.001
293.021
293.077
293.129
293.15
293.151
293.15
293.15
293.15
294.651
293.069
293.182
293.143
293.127
293.1
293.081
293.068
293.056
293.041
293.022
293.009
293.031
293.089
293.137
293.153
293.152
293.15
293.15
293.15
294.702
293.091
293.205
293.167
293.149
293.123
293.104
293.088
293.074
293.056
293.033
293.018
293.041
293.1
293.144
293.157
293.155
293.152
293.15
293.15
294.751
293.111
293.226
293.189
293.17
293.146
293.126
293.109
293.092
293.071
293.045
293.028
293.052
293.11
293.151
293.162
293.161
293.157
293.151
293.149
294.798
293.129
293.245
293.209
293.191
293.168
293.149
293.131
293.112
293.087
293.056
293.037
293.062
293.12
293.159
293.171
293.173
293.167
293.155
293.149
294.844
293.147
293.265
293.23
293.213
293.191
293.172
293.154
293.132
293.103
293.068
293.047
293.073
293.13
293.168
293.185
293.194
293.187
293.164
293.149
294.888
293.165
293.284
293.25
293.236
293.216
293.197
293.177
293.153
293.119
293.08
293.057
293.084
293.14
293.181
293.208
293.226
293.218
293.182
293.149
294.93
293.182
293.304
293.271
293.259
293.241
293.222
293.201
293.173
293.135
293.091
293.067
293.094
293.151
293.198
293.239
293.272
293.264
293.21
293.152
294.97
293.201
293.323
293.293
293.282
293.266
293.248
293.225
293.193
293.15
293.103
293.078
293.106
293.164
293.221
293.281
293.331
293.325
293.25
293.158
295.008
293.22
293.342
293.313
293.306
293.291
293.272
293.247
293.212
293.164
293.114
293.088
293.117
293.18
293.249
293.333
293.403
293.4
293.302
293.17
295.041
293.24
293.359
293.333
293.328
293.315
293.295
293.268
293.229
293.178
293.125
293.099
293.13
293.198
293.285
293.395
293.486
293.485
293.365
293.188
295.099
293.26
293.376
293.352
293.348
293.336
293.316
293.288
293.245
293.191
293.135
293.111
293.144
293.22
293.328
293.467
293.574
293.573
293.433
293.214
294.687
293.317
293.415
293.394
293.394
293.381
293.359
293.326
293.278
293.219
293.162
293.142
293.188
293.301
293.475
293.67
293.78
293.744
293.578
293.292
295.168
293.5
293.476
293.455
293.455
293.441
293.414
293.372
293.318
293.259
293.212
293.212
293.303
293.494
293.744
293.935
293.974
293.905
293.753
293.413
294.784
294.071
293.566
293.523
293.506
293.497
293.464
293.413
293.35
293.296
293.27
293.311
293.466
293.719
293.953
294.025
293.96
293.916
293.816
293.488
294.136
294.453
293.728
293.636
293.563
293.551
293.516
293.455
293.383
293.333
293.339
293.435
293.649
293.904
294.03
293.963
293.888
293.875
293.808
293.511
293.632
294.544
294.047
293.834
293.67
293.597
293.563
293.497
293.416
293.374
293.418
293.57
293.812
294.008
294.006
293.884
293.851
293.852
293.786
293.521
293.304
294.376
294.358
294.182
293.892
293.652
293.603
293.536
293.452
293.421
293.503
293.696
293.929
294.035
293.941
293.842
293.847
293.847
293.78
293.538
293.118
294.041
294.48
294.563
294.272
293.751
293.643
293.574
293.491
293.474
293.587
293.801
293.996
294.013
293.883
293.833
293.843
293.84
293.788
293.562
293.252
293.854
294.487
294.889
294.657
293.908
293.685
293.611
293.534
293.533
293.666
293.879
294.023
293.974
293.852
293.829
293.819
293.818
293.796
293.6
294.008
294.155
294.704
295.241
294.898
294.03
293.728
293.647
293.581
293.595
293.736
293.932
294.023
293.933
293.837
293.823
293.801
293.792
293.786
293.632
294.449
294.774
295.22
295.49
294.864
294.031
293.774
293.682
293.633
293.657
293.795
293.963
294.006
293.901
293.843
293.84
293.827
293.794
293.768
293.651
293.937
294.883
295.249
295.127
294.466
293.938
293.816
293.714
293.688
293.718
293.843
293.977
293.984
293.887
293.874
293.901
293.904
293.84
293.767
293.67
293.443
294.066
294.323
294.177
293.909
293.833
293.86
293.743
293.743
293.774
293.878
293.977
293.962
293.885
293.912
293.984
293.999
293.916
293.793
293.689
293.471
293.523
293.552
293.477
293.53
293.772
293.903
293.769
293.792
293.821
293.9
293.969
293.942
293.895
293.944
294.042
294.067
293.99
293.839
293.706
293.621
293.563
293.501
293.35
293.404
293.757
293.948
293.795
293.825
293.854
293.909
293.952
293.928
293.911
293.969
294.054
294.083
294.028
293.884
293.724
293.715
293.667
293.635
293.455
293.416
293.768
293.999
293.83
293.837
293.87
293.906
293.931
293.921
293.925
293.977
294.038
294.061
294.027
293.908
293.743
293.72
293.736
293.759
293.564
293.464
293.787
294.06
293.911
293.837
293.868
293.897
293.915
293.92
293.935
293.975
294.014
294.026
294.001
293.905
293.761
293.832
293.917
293.854
293.603
293.511
293.813
294.114
294.079
293.931
293.868
293.875
293.9
293.922
293.945
293.974
293.992
293.99
293.962
293.88
293.762
294.016
293.953
293.772
293.571
293.558
293.832
294.131
294.243
294.182
294.024
293.904
293.873
293.893
293.926
293.952
293.959
293.946
293.911
293.835
293.753
294.08
293.939
293.764
293.659
293.699
293.917
294.192
294.388
294.433
294.307
294.099
293.935
293.868
293.866
293.881
293.888
293.878
293.837
293.772
293.729
293.99
293.996
294.015
294.008
294.031
294.118
294.25
294.297
294.237
294.136
294.013
293.891
293.817
293.78
293.764
293.762
293.751
293.723
293.696
293.694
)
;

boundaryField
{
    left_open
    {
        type            inletOutlet;
        inletValue      uniform 293.15;
        value           nonuniform List<scalar> 
40
(
293.151
293.151
293.151
293.151
293.151
293.15
293.15
293.15
293.15
293.15
293.15
293.15
293.15
293.15
293.15
293.15
293.15
293.15
293.15
293.15
293.15
293.15
293.15
293.15
293.15
293.15
293.15
293.15
293.594
293.624
293.657
293.15
293.695
293.705
293.697
293.696
293.15
293.657
293.661
293.587
)
;
    }
    right_open
    {
        type            inletOutlet;
        inletValue      uniform 293.15;
        value           nonuniform List<scalar> 
40
(
293.15
293.15
293.15
293.15
293.15
293.15
293.15
293.15
293.15
293.15
293.15
293.15
293.15
293.15
293.15
293.15
293.15
293.15
293.15
293.15
293.15
293.15
293.488
293.15
293.15
293.538
293.15
293.599
293.632
293.15
293.67
293.15
293.704
293.721
293.15
293.758
293.15
293.751
293.73
293.694
)
;
    }
    base_side
    {
        type            zeroGradient;
    }
    top
    {
        type            inletOutlet;
        inletValue      uniform 293.15;
        value           nonuniform List<scalar> 
65
(
293.587
293.637
293.635
293.662
293.15
293.15
293.651
293.15
293.558
293.6
293.15
293.672
293.678
293.657
293.15
293.551
293.546
293.15
293.15
293.635
293.15
293.683
293.15
293.15
293.727
293.74
293.15
293.15
293.15
293.783
293.791
293.15
293.801
293.15
293.15
293.15
293.829
293.847
293.15
293.89
293.902
293.944
293.15
293.15
293.966
293.15
293.15
293.15
294.02
294.046
294.132
294.26
294.292
294.216
294.116
293.992
293.15
293.807
293.775
293.763
293.15
293.749
293.721
293.695
293.694
)
;
    }
    front
    {
        type            empty;
    }
    back
    {
        type            empty;
    }
    air_to_aluminum
    {
        type            compressible::turbulentTemperatureCoupledBaffleMixed;
        refValue        nonuniform List<scalar> 
129
(
307.132
307.125
307.11
307.089
307.204
307.255
307.3
307.338
307.338
307.3
307.255
307.204
307.132
307.125
307.11
307.089
307.062
307.088
307.032
307.045
307.002
307.009
306.973
306.977
306.946
306.948
306.92
306.922
306.897
306.898
306.876
306.877
306.857
306.858
306.84
306.841
306.826
306.827
306.814
306.815
306.804
306.805
306.796
306.797
306.791
306.792
306.788
306.788
306.788
306.789
306.789
306.789
307.326
307.296
307.266
307.237
307.211
307.187
307.165
307.145
307.128
307.112
307.098
307.087
307.078
307.071
307.066
307.063
307.063
307.063
307.063
307.063
307.063
307.063
307.326
307.296
307.266
307.237
307.211
307.187
307.165
307.145
307.128
307.112
307.098
307.087
307.078
307.07
307.065
307.063
307.063
307.063
307.063
307.088
307.045
307.009
306.977
306.948
306.922
306.898
306.877
306.858
306.841
306.827
306.815
306.805
306.797
306.792
306.789
307.062
307.032
307.002
306.973
306.946
306.92
306.897
306.876
306.857
306.84
306.826
306.814
306.804
306.797
306.791
306.789
306.789
306.789
306.789
306.789
)
;
        refGradient     uniform 0;
        valueFraction   nonuniform List<scalar> 
129
(
0.999971
0.999971
0.999971
0.999971
0.999855
0.999855
0.999855
0.999855
0.999855
0.999855
0.999855
0.999855
0.999971
0.999971
0.999971
0.999971
0.999971
0.999855
0.999971
0.999855
0.999971
0.999855
0.999971
0.999855
0.999971
0.999855
0.999971
0.999855
0.999971
0.999855
0.999971
0.999855
0.999971
0.999855
0.999971
0.999855
0.999971
0.999855
0.999971
0.999855
0.999971
0.999855
0.999971
0.999855
0.999971
0.999855
0.999964
0.999971
0.999964
0.999964
0.999855
0.999964
0.999918
0.999918
0.999918
0.999918
0.999918
0.999918
0.999918
0.999918
0.999918
0.999918
0.999918
0.999918
0.999918
0.999918
0.999918
0.999918
0.999964
0.999964
0.999964
0.999964
0.999964
0.999964
0.999918
0.999918
0.999918
0.999918
0.999918
0.999918
0.999918
0.999918
0.999918
0.999918
0.999918
0.999918
0.999918
0.999918
0.999918
0.999964
0.999964
0.999918
0.999964
0.999855
0.999855
0.999855
0.999855
0.999855
0.999855
0.999855
0.999855
0.999855
0.999855
0.999855
0.999855
0.999855
0.999855
0.999855
0.999855
0.999971
0.999971
0.999971
0.999971
0.999971
0.999971
0.999971
0.999971
0.999971
0.999971
0.999971
0.999971
0.999971
0.999971
0.999971
0.999964
0.999964
0.999964
0.999964
0.999971
)
;
        value           nonuniform List<scalar> 
129
(
307.132
307.125
307.11
307.088
307.204
307.255
307.3
307.338
307.338
307.3
307.255
307.204
307.132
307.125
307.11
307.088
307.061
307.088
307.032
307.045
307.002
307.009
306.973
306.977
306.946
306.948
306.92
306.922
306.897
306.898
306.876
306.877
306.857
306.858
306.84
306.841
306.825
306.827
306.813
306.815
306.803
306.805
306.796
306.797
306.79
306.791
306.787
306.787
306.788
306.788
306.788
306.788
307.326
307.296
307.266
307.237
307.211
307.187
307.165
307.145
307.128
307.112
307.098
307.087
307.078
307.071
307.066
307.063
307.063
307.063
307.063
307.063
307.063
307.063
307.326
307.296
307.266
307.237
307.211
307.187
307.165
307.145
307.128
307.112
307.098
307.087
307.078
307.07
307.065
307.063
307.063
307.063
307.063
307.088
307.045
307.009
306.977
306.948
306.922
306.898
306.877
306.858
306.841
306.827
306.815
306.805
306.797
306.792
306.788
307.061
307.032
307.002
306.973
306.946
306.92
306.897
306.876
306.857
306.84
306.826
306.813
306.804
306.796
306.791
306.788
306.789
306.789
306.788
306.788
)
;
        Tnbr            T;
        thicknessLayers 0();
        kappaLayers     0();
        kappaMethod     fluidThermo;
        kappa           none;
        alphaAni        none;
        alpha           none;
    }
}


// ************************************************************************* //
