/*--------------------------------*- C++ -*----------------------------------*\
| =========                 |                                                 |
| \\      /  F ield         | OpenFOAM: The Open Source CFD Toolbox           |
|  \\    /   O peration     | Version:                                        |
|   \\  /    A nd           | Website:  www.openfoam.com                      |
|    \\/     M anipulation  |                                                 |
\*---------------------------------------------------------------------------*/
FoamFile
{
    version     2.0;
    format      ascii;
    class       volScalarField;
    location    "1000/air";
    object      T;
}
// * * * * * * * * * * * * * * * * * * * * * * * * * * * * * * * * * * * * * //

dimensions      [0 0 0 1 0 0 0];


internalField   nonuniform List<scalar> 
2228
(
300.68
300.744
300.798
300.843
300.617
300.678
300.741
300.801
300.574
300.633
300.7
300.767
300.541
300.599
300.667
300.737
300.513
300.57
300.639
300.71
300.487
300.545
300.614
300.685
300.464
300.521
300.591
300.662
300.442
300.498
300.568
300.641
300.422
300.474
300.544
300.621
300.4
300.445
300.517
300.601
300.376
300.406
300.481
300.579
300.343
300.344
300.426
300.552
300.294
300.237
300.334
300.514
300.214
300.053
300.172
300.453
300.073
299.741
299.888
300.343
299.748
299.226
299.394
300.079
300.843
300.797
300.744
300.68
300.801
300.741
300.678
300.617
300.766
300.7
300.633
300.574
300.737
300.667
300.598
300.541
300.71
300.639
300.569
300.512
300.684
300.612
300.542
300.486
300.661
300.586
300.516
300.462
300.638
300.559
300.488
300.438
300.615
300.529
300.456
300.414
300.591
300.49
300.415
300.388
300.563
300.438
300.358
300.357
300.527
300.358
300.267
300.314
300.474
300.221
300.098
300.244
300.391
299.974
299.764
300.1
300.267
299.569
299.159
299.743
300.103
299.062
298.309
298.891
295.005
295.544
296.094
296.608
293.284
293.285
293.359
293.49
293.139
293.107
293.07
293.039
293.134
293.128
293.117
293.1
293.142
293.141
293.139
293.137
293.151
293.15
293.149
293.149
293.164
293.162
293.16
293.159
293.177
293.175
293.173
293.171
293.181
293.179
293.178
293.176
293.17
293.169
293.169
293.168
293.169
293.168
293.167
293.166
293.23
293.23
293.229
293.229
293.317
293.32
293.323
293.326
293.426
293.427
293.43
293.433
293.555
293.554
293.554
293.554
293.629
293.62
293.61
293.598
293.605
293.595
293.583
293.572
293.587
293.581
293.575
293.57
293.59
293.587
293.584
293.581
293.566
293.556
293.558
293.551
296.987
297.209
297.432
297.799
293.684
293.894
294.106
294.339
293.024
293.03
293.056
293.1
293.077
293.052
293.026
293.003
293.132
293.124
293.113
293.099
293.148
293.147
293.146
293.143
293.158
293.157
293.156
293.156
293.169
293.167
293.166
293.165
293.175
293.174
293.172
293.171
293.167
293.167
293.166
293.166
293.165
293.164
293.163
293.162
293.228
293.228
293.227
293.225
293.329
293.333
293.336
293.34
293.437
293.441
293.447
293.452
293.556
293.556
293.556
293.555
293.585
293.573
293.563
293.554
293.561
293.552
293.543
293.535
293.565
293.562
293.559
293.556
293.579
293.577
293.575
293.574
293.549
293.547
293.54
293.539
298.046
298.184
298.274
294.523
294.659
294.794
293.145
293.186
293.232
292.987
292.978
292.971
293.086
293.076
293.065
293.141
293.138
293.134
293.156
293.155
293.155
293.164
293.163
293.163
293.17
293.169
293.168
293.165
293.165
293.165
293.162
293.161
293.161
293.224
293.223
293.222
293.343
293.345
293.346
293.456
293.459
293.462
293.554
293.553
293.551
293.544
293.536
293.528
293.53
293.526
293.522
293.555
293.554
293.553
293.573
293.572
293.572
293.535
293.533
293.532
298.301
298.308
298.312
294.879
294.922
294.965
293.266
293.285
293.305
292.967
292.966
292.965
293.058
293.054
293.05
293.132
293.13
293.129
293.155
293.154
293.154
293.162
293.162
293.162
293.168
293.168
293.167
293.164
293.164
293.164
293.16
293.16
293.16
293.221
293.221
293.221
293.348
293.348
293.349
293.464
293.465
293.466
293.55
293.549
293.548
293.522
293.519
293.516
293.52
293.519
293.518
293.552
293.552
293.552
293.571
293.571
293.571
293.529
293.527
293.526
298.316
298.328
298.387
295.043
295.147
295.248
293.344
293.404
293.465
292.964
292.966
292.971
293.042
293.031
293.02
293.126
293.12
293.115
293.154
293.153
293.152
293.162
293.162
293.161
293.167
293.166
293.166
293.164
293.164
293.163
293.16
293.159
293.159
293.22
293.218
293.217
293.35
293.351
293.352
293.467
293.47
293.472
293.547
293.544
293.542
293.51
293.502
293.494
293.516
293.514
293.512
293.551
293.551
293.55
293.571
293.57
293.57
293.524
293.525
293.524
298.529
297.845
296.751
296.307
295.437
295.548
295.451
295.243
293.552
293.665
293.761
293.812
292.982
293.002
293.03
293.062
293.006
292.991
292.98
292.973
293.106
293.094
293.082
293.071
293.15
293.146
293.142
293.137
293.161
293.16
293.16
293.159
293.165
293.165
293.164
293.163
293.163
293.162
293.162
293.161
293.158
293.158
293.157
293.156
293.215
293.213
293.211
293.209
293.354
293.355
293.356
293.356
293.475
293.478
293.479
293.478
293.537
293.529
293.519
293.505
293.484
293.474
293.464
293.456
293.509
293.507
293.505
293.504
293.55
293.549
293.548
293.547
293.569
293.568
293.567
293.567
293.523
293.521
293.519
293.519
296.681
297.122
297.528
297.05
294.979
294.698
294.529
294.617
293.802
293.74
293.652
293.563
293.09
293.109
293.12
293.097
292.97
292.971
292.976
292.976
293.06
293.051
293.044
293.04
293.132
293.126
293.12
293.117
293.157
293.155
293.153
293.152
293.163
293.162
293.161
293.161
293.161
293.16
293.16
293.16
293.156
293.155
293.155
293.154
293.207
293.205
293.203
293.201
293.356
293.354
293.352
293.35
293.476
293.472
293.468
293.463
293.487
293.466
293.446
293.428
293.448
293.441
293.436
293.432
293.504
293.504
293.504
293.505
293.547
293.546
293.545
293.544
293.566
293.566
293.565
293.565
293.519
293.521
293.52
293.521
293.15
293.15
293.15
293.15
293.15
293.15
293.15
293.15
293.148
293.137
293.12
293.109
293.102
293.071
293.002
292.934
292.907
292.891
292.891
294.017
293.15
293.15
293.15
293.15
293.15
293.15
293.15
293.15
293.148
293.138
293.121
293.111
293.1
293.064
292.992
292.932
292.911
292.905
292.963
293.998
293.15
293.15
293.15
293.15
293.15
293.15
293.15
293.15
293.149
293.141
293.125
293.113
293.1
293.057
292.983
292.936
292.929
292.942
293.034
294.016
293.15
293.15
293.15
293.15
293.15
293.15
293.15
293.15
293.15
293.144
293.13
293.117
293.101
293.053
292.981
292.948
292.959
292.981
293.066
294.051
293.15
293.15
293.15
293.15
293.15
293.15
293.15
293.15
293.15
293.147
293.136
293.122
293.104
293.055
292.986
292.966
292.993
293.018
293.076
294.09
293.15
293.15
293.15
293.15
293.15
293.15
293.15
293.15
293.15
293.149
293.142
293.128
293.11
293.063
292.996
292.984
293.024
293.051
293.081
294.129
293.15
293.15
293.15
293.15
293.15
293.15
293.15
293.15
293.15
293.15
293.146
293.134
293.118
293.076
293.01
293
293.047
293.079
293.086
294.17
293.15
293.15
293.15
293.15
293.15
293.15
293.15
293.15
293.15
293.15
293.148
293.14
293.126
293.091
293.028
293.014
293.061
293.098
293.09
294.212
293.15
293.15
293.15
293.15
293.15
293.15
293.15
293.15
293.15
293.15
293.149
293.144
293.133
293.106
293.049
293.028
293.069
293.11
293.095
294.255
293.15
293.15
293.15
293.15
293.15
293.15
293.15
293.15
293.15
293.15
293.15
293.147
293.139
293.119
293.072
293.044
293.076
293.114
293.1
294.301
293.15
293.15
293.15
293.15
293.15
293.15
293.15
293.15
293.15
293.15
293.15
293.149
293.144
293.129
293.093
293.062
293.082
293.116
293.104
294.347
293.15
293.15
293.15
293.15
293.15
293.15
293.15
293.15
293.15
293.15
293.15
293.15
293.147
293.137
293.11
293.08
293.09
293.118
293.106
294.394
293.15
293.15
293.15
293.15
293.15
293.15
293.15
293.15
293.15
293.15
293.15
293.15
293.148
293.142
293.124
293.098
293.099
293.121
293.106
294.441
293.15
293.15
293.15
293.15
293.15
293.15
293.15
293.15
293.15
293.15
293.15
293.15
293.149
293.146
293.134
293.112
293.108
293.124
293.106
294.487
293.15
293.15
293.15
293.15
293.15
293.15
293.15
293.15
293.15
293.15
293.15
293.15
293.15
293.148
293.14
293.124
293.116
293.128
293.104
294.532
293.15
293.15
293.15
293.15
293.15
293.15
293.15
293.15
293.15
293.15
293.15
293.15
293.15
293.149
293.145
293.133
293.124
293.133
293.1
294.574
293.15
293.15
293.15
293.15
293.15
293.15
293.15
293.15
293.15
293.15
293.15
293.15
293.15
293.15
293.147
293.14
293.131
293.138
293.095
294.611
293.15
293.15
293.15
293.15
293.15
293.15
293.15
293.15
293.15
293.15
293.15
293.15
293.15
293.15
293.149
293.144
293.136
293.143
293.089
294.642
293.15
293.15
293.15
293.15
293.15
293.15
293.15
293.15
293.15
293.15
293.15
293.15
293.15
293.15
293.149
293.147
293.14
293.148
293.081
294.66
293.15
293.149
293.15
293.151
293.152
293.152
293.152
293.151
293.15
293.15
293.15
293.15
293.15
293.15
293.15
293.148
293.143
293.152
293.072
294.696
293.15
293.15
293.155
293.163
293.168
293.168
293.164
293.157
293.151
293.148
293.147
293.148
293.148
293.149
293.149
293.15
293.146
293.161
293.059
293.946
293.151
293.195
293.262
293.318
293.347
293.344
293.315
293.269
293.222
293.186
293.164
293.153
293.149
293.147
293.148
293.149
293.146
293.159
293.107
293.337
293.193
293.343
293.47
293.55
293.588
293.587
293.549
293.475
293.38
293.29
293.224
293.184
293.163
293.153
293.149
293.148
293.146
293.152
293.138
293.165
293.267
293.483
293.617
293.678
293.699
293.703
293.69
293.643
293.548
293.424
293.313
293.238
293.195
293.171
293.159
293.152
293.149
293.148
293.148
293.141
293.331
293.576
293.683
293.711
293.716
293.717
293.721
293.717
293.663
293.543
293.403
293.297
293.234
293.2
293.18
293.167
293.159
293.153
293.152
293.146
293.383
293.636
293.701
293.705
293.706
293.708
293.712
293.727
293.718
293.628
293.477
293.347
293.273
293.238
293.216
293.198
293.184
293.171
293.163
293.156
293.423
293.67
293.694
293.691
293.701
293.711
293.711
293.721
293.736
293.679
293.532
293.388
293.313
293.282
293.258
293.235
293.215
293.196
293.181
293.17
293.457
293.688
293.679
293.681
293.701
293.719
293.719
293.719
293.74
293.708
293.57
293.421
293.351
293.318
293.285
293.254
293.231
293.212
293.197
293.184
293.488
293.696
293.664
293.673
293.697
293.717
293.723
293.721
293.743
293.723
293.593
293.449
293.383
293.336
293.285
293.243
293.218
293.203
293.193
293.186
293.506
293.695
293.653
293.664
293.688
293.711
293.725
293.728
293.749
293.731
293.605
293.474
293.408
293.343
293.273
293.221
293.194
293.181
293.175
293.171
293.533
293.691
293.644
293.654
293.681
293.713
293.735
293.746
293.759
293.73
293.612
293.498
293.431
293.354
293.273
293.222
293.2
293.189
293.18
293.173
293.566
293.687
293.635
293.644
293.676
293.718
293.752
293.766
293.765
293.722
293.617
293.523
293.459
293.382
293.306
293.26
293.241
293.236
293.233
293.231
293.598
293.682
293.627
293.634
293.665
293.712
293.755
293.77
293.758
293.707
293.621
293.548
293.493
293.429
293.372
293.335
293.317
293.31
293.308
293.313
293.601
293.678
293.621
293.621
293.648
293.689
293.73
293.748
293.731
293.684
293.619
293.565
293.52
293.477
293.446
293.431
293.428
293.427
293.424
293.424
293.609
293.675
293.616
293.604
293.624
293.653
293.683
293.697
293.683
293.644
293.595
293.553
293.531
293.527
293.538
293.557
293.575
293.581
293.573
293.561
293.625
293.673
293.618
293.587
293.592
293.608
293.621
293.625
293.609
293.579
293.556
293.574
293.597
293.624
293.657
293.69
293.709
293.704
293.681
293.65
293.603
293.667
293.632
293.582
293.561
293.558
293.559
293.56
293.564
293.585
293.624
293.624
293.621
293.653
293.702
293.761
293.768
293.733
293.672
293.614
293.587
293.651
293.657
293.616
293.579
293.566
293.571
293.588
293.606
293.599
293.565
293.573
293.631
293.674
293.686
293.688
293.676
293.647
293.62
293.599
293.551
293.61
293.654
293.659
293.651
293.655
293.662
293.661
293.634
293.572
293.524
293.55
293.613
293.667
293.688
293.679
293.659
293.639
293.622
293.604
293.481
293.515
293.541
293.567
293.57
293.584
293.604
293.61
293.585
293.526
293.481
293.474
293.503
293.537
293.559
293.583
293.605
293.612
293.607
293.592
294.057
292.783
293.033
293.042
293.047
293.042
293.034
293.025
293.016
293.009
293.005
293.003
293.004
293.005
293.008
293.011
293.015
293.019
293.022
293.033
293.994
292.817
293.047
293.049
293.053
293.048
293.041
293.032
293.023
293.016
293.01
293.007
293.006
293.007
293.009
293.011
293.015
293.019
293.022
293.035
293.969
292.879
293.068
293.062
293.065
293.06
293.054
293.046
293.037
293.028
293.021
293.015
293.012
293.011
293.011
293.013
293.016
293.022
293.025
293.043
293.969
292.934
293.09
293.078
293.08
293.076
293.07
293.063
293.054
293.045
293.035
293.027
293.021
293.017
293.016
293.018
293.021
293.027
293.031
293.06
293.981
292.972
293.111
293.094
293.096
293.092
293.087
293.08
293.072
293.062
293.051
293.041
293.033
293.027
293.024
293.024
293.028
293.036
293.044
293.084
293.997
292.995
293.128
293.11
293.111
293.107
293.103
293.097
293.088
293.078
293.067
293.055
293.045
293.038
293.034
293.034
293.039
293.05
293.063
293.117
294.016
293.008
293.142
293.123
293.124
293.121
293.118
293.112
293.104
293.094
293.082
293.069
293.058
293.049
293.045
293.045
293.053
293.069
293.089
293.154
294.035
293.013
293.152
293.134
293.136
293.134
293.132
293.127
293.12
293.11
293.097
293.083
293.071
293.062
293.057
293.059
293.071
293.094
293.122
293.192
294.055
293.013
293.157
293.142
293.146
293.146
293.146
293.144
293.138
293.128
293.114
293.099
293.085
293.075
293.071
293.075
293.095
293.125
293.158
293.227
294.075
293.011
293.158
293.148
293.155
293.157
293.16
293.16
293.156
293.147
293.132
293.116
293.101
293.09
293.087
293.096
293.123
293.161
293.195
293.257
294.096
293.007
293.155
293.151
293.162
293.167
293.172
293.175
293.173
293.166
293.152
293.135
293.119
293.108
293.107
293.121
293.156
293.198
293.229
293.281
294.117
293.003
293.15
293.153
293.168
293.175
293.182
293.186
293.188
293.183
293.171
293.154
293.138
293.127
293.129
293.149
293.19
293.232
293.257
293.299
294.139
293.002
293.143
293.153
293.171
293.179
293.188
293.194
293.198
293.197
293.188
293.173
293.158
293.149
293.154
293.179
293.223
293.261
293.279
293.312
294.161
293.003
293.137
293.152
293.172
293.181
293.189
293.197
293.204
293.207
293.203
293.19
293.177
293.17
293.179
293.209
293.252
293.284
293.295
293.322
294.184
293.007
293.131
293.15
293.171
293.18
293.188
293.195
293.204
293.212
293.214
293.205
293.194
293.191
293.203
293.235
293.276
293.301
293.308
293.33
294.208
293.014
293.128
293.149
293.169
293.177
293.184
293.192
293.201
293.213
293.221
293.217
293.21
293.209
293.225
293.258
293.295
293.314
293.317
293.336
294.233
293.024
293.127
293.147
293.167
293.175
293.182
293.189
293.198
293.211
293.224
293.226
293.223
293.225
293.243
293.276
293.31
293.324
293.325
293.341
294.26
293.036
293.128
293.147
293.166
293.176
293.186
293.192
293.196
293.206
293.224
293.233
293.233
293.238
293.258
293.291
293.321
293.332
293.331
293.345
294.288
293.05
293.131
293.149
293.169
293.185
293.199
293.204
293.201
293.203
293.221
293.236
293.24
293.248
293.27
293.303
293.331
293.338
293.336
293.348
294.331
293.063
293.137
293.154
293.179
293.204
293.226
293.229
293.215
293.205
293.217
293.238
293.245
293.255
293.279
293.313
293.339
293.343
293.34
293.349
294.135
293.087
293.166
293.191
293.238
293.294
293.335
293.336
293.294
293.241
293.219
293.235
293.251
293.266
293.295
293.334
293.356
293.355
293.349
293.35
294.447
293.474
293.222
293.287
293.386
293.491
293.559
293.556
293.471
293.344
293.246
293.229
293.252
293.274
293.311
293.36
293.381
293.378
293.367
293.355
294.073
293.958
293.373
293.358
293.512
293.648
293.755
293.782
293.682
293.496
293.322
293.239
293.247
293.278
293.318
293.375
293.408
293.413
293.402
293.376
293.407
293.936
293.682
293.414
293.471
293.62
293.792
293.91
293.835
293.616
293.404
293.276
293.251
293.283
293.326
293.386
293.434
293.451
293.44
293.402
293.031
293.584
293.813
293.611
293.442
293.469
293.71
293.961
293.924
293.67
293.442
293.312
293.272
293.297
293.345
293.405
293.459
293.483
293.472
293.421
292.993
293.249
293.664
293.763
293.617
293.538
293.734
294.018
293.963
293.661
293.433
293.333
293.305
293.329
293.38
293.439
293.489
293.509
293.491
293.435
293.072
293.097
293.397
293.692
293.76
293.759
293.943
294.124
293.933
293.585
293.398
293.348
293.348
293.38
293.43
293.482
293.521
293.529
293.497
293.443
293.131
293.086
293.21
293.495
293.727
293.906
294.132
294.131
293.771
293.46
293.368
293.37
293.402
293.444
293.486
293.523
293.544
293.536
293.492
293.452
293.153
293.111
293.146
293.354
293.652
293.947
294.079
293.835
293.486
293.361
293.369
293.406
293.462
293.503
293.53
293.548
293.552
293.524
293.487
293.466
293.158
293.133
293.135
293.266
293.516
293.715
293.653
293.413
293.319
293.361
293.39
293.449
293.514
293.54
293.55
293.556
293.542
293.504
293.505
293.486
293.155
293.145
293.131
293.164
293.256
293.299
293.243
293.242
293.34
293.385
293.412
293.498
293.544
293.551
293.553
293.545
293.522
293.514
293.546
293.51
293.193
293.174
293.147
293.121
293.111
293.122
293.188
293.319
293.395
293.387
293.448
293.537
293.55
293.547
293.541
293.532
293.535
293.568
293.589
293.532
293.337
293.279
293.203
293.153
293.159
293.228
293.339
293.415
293.396
293.393
293.499
293.555
293.551
293.548
293.55
293.566
293.601
293.621
293.618
293.55
293.43
293.321
293.243
293.258
293.325
293.399
293.441
293.418
293.377
293.429
293.545
293.568
293.569
293.578
293.598
293.627
293.645
293.641
293.629
293.563
293.385
293.341
293.358
293.411
293.453
293.461
293.433
293.393
293.396
293.489
293.575
293.589
293.604
293.625
293.648
293.659
293.649
293.633
293.624
293.572
293.432
293.443
293.469
293.482
293.472
293.448
293.426
293.422
293.46
293.543
293.596
293.614
293.637
293.658
293.669
293.66
293.638
293.62
293.615
293.576
293.507
293.511
293.51
293.502
293.491
293.482
293.478
293.486
293.519
293.572
293.601
293.621
293.641
293.653
293.653
293.64
293.624
293.612
293.609
293.58
293.543
293.541
293.544
293.555
293.571
293.584
293.589
293.586
293.586
293.599
293.61
293.62
293.629
293.634
293.633
293.628
293.626
293.619
293.609
293.581
293.566
293.571
293.584
293.607
293.633
293.656
293.67
293.674
293.668
293.662
293.661
293.664
293.667
293.671
293.675
293.675
293.665
293.639
293.608
293.577
293.534
293.549
293.564
293.577
293.59
293.597
293.595
293.597
293.59
293.581
293.576
293.58
293.572
293.581
293.584
293.583
293.567
293.546
293.532
293.529
)
;

boundaryField
{
    left_open
    {
        type            inletOutlet;
        inletValue      uniform 293.15;
        value           nonuniform List<scalar> 
40
(
293.15
293.15
293.15
293.15
293.15
293.15
293.15
293.15
293.15
293.15
293.15
293.15
293.15
293.15
293.15
293.15
293.15
293.15
293.15
293.15
293.15
293.15
293.15
293.15
293.15
293.15
293.15
293.15
293.15
293.15
293.531
293.15
293.597
293.15
293.15
293.625
293.603
293.15
293.55
293.48
)
;
    }
    right_open
    {
        type            inletOutlet;
        inletValue      uniform 293.15;
        value           nonuniform List<scalar> 
40
(
293.033
293.035
293.043
293.06
293.085
293.117
293.154
293.192
293.227
293.257
293.281
293.299
293.312
293.322
293.33
293.336
293.341
293.345
293.348
293.349
293.35
293.355
293.375
293.4
293.42
293.434
293.442
293.451
293.465
293.484
293.508
293.53
293.549
293.15
293.571
293.575
293.58
293.58
293.576
293.528
)
;
    }
    base_side
    {
        type            zeroGradient;
    }
    top
    {
        type            inletOutlet;
        inletValue      uniform 293.15;
        value           nonuniform List<scalar> 
65
(
293.48
293.514
293.15
293.566
293.569
293.582
293.602
293.61
293.15
293.527
293.482
293.473
293.501
293.536
293.15
293.15
293.15
293.15
293.607
293.593
293.568
293.554
293.559
293.551
293.15
293.547
293.54
293.539
293.535
293.533
293.532
293.53
293.15
293.15
293.15
293.525
293.524
293.522
293.521
293.518
293.518
293.518
293.15
293.15
293.15
293.533
293.15
293.563
293.15
293.589
293.596
293.593
293.595
293.588
293.15
293.15
293.579
293.15
293.581
293.583
293.582
293.565
293.544
293.531
293.528
)
;
    }
    front
    {
        type            empty;
    }
    back
    {
        type            empty;
    }
    air_to_aluminum
    {
        type            compressible::turbulentTemperatureCoupledBaffleMixed;
        refValue        nonuniform List<scalar> 
129
(
300.671
300.664
300.65
300.628
300.741
300.791
300.836
300.873
300.873
300.836
300.791
300.741
300.671
300.664
300.649
300.628
300.602
300.627
300.573
300.585
300.544
300.55
300.516
300.519
300.489
300.491
300.464
300.465
300.441
300.442
300.421
300.421
300.402
300.403
300.386
300.387
300.372
300.373
300.361
300.361
300.351
300.352
300.344
300.345
300.339
300.34
300.337
300.337
300.337
300.337
300.337
300.337
300.86
300.829
300.798
300.77
300.743
300.719
300.697
300.677
300.659
300.643
300.63
300.619
300.61
300.603
300.598
300.596
300.596
300.596
300.596
300.596
300.596
300.596
300.86
300.829
300.798
300.77
300.743
300.719
300.697
300.677
300.659
300.643
300.63
300.619
300.61
300.603
300.598
300.596
300.596
300.596
300.596
300.627
300.585
300.55
300.518
300.49
300.465
300.442
300.421
300.402
300.386
300.372
300.361
300.351
300.344
300.339
300.337
300.602
300.573
300.544
300.515
300.489
300.464
300.441
300.42
300.402
300.386
300.372
300.36
300.351
300.344
300.339
300.337
300.337
300.337
300.337
300.337
)
;
        refGradient     uniform 0;
        valueFraction   nonuniform List<scalar> 
129
(
0.999971
0.999971
0.999971
0.999971
0.999855
0.999855
0.999855
0.999855
0.999855
0.999855
0.999855
0.999855
0.999971
0.999971
0.999971
0.999971
0.999971
0.999855
0.999971
0.999855
0.999971
0.999855
0.999971
0.999855
0.999971
0.999855
0.999971
0.999855
0.999971
0.999855
0.999971
0.999855
0.999971
0.999855
0.999971
0.999855
0.999971
0.999855
0.999971
0.999855
0.999971
0.999855
0.999971
0.999855
0.999971
0.999855
0.999964
0.999971
0.999964
0.999964
0.999855
0.999964
0.999918
0.999918
0.999918
0.999918
0.999918
0.999918
0.999918
0.999918
0.999918
0.999918
0.999918
0.999918
0.999918
0.999918
0.999918
0.999918
0.999964
0.999964
0.999964
0.999964
0.999964
0.999964
0.999918
0.999918
0.999918
0.999918
0.999918
0.999918
0.999918
0.999918
0.999918
0.999918
0.999918
0.999918
0.999918
0.999918
0.999918
0.999964
0.999964
0.999918
0.999964
0.999855
0.999855
0.999855
0.999855
0.999855
0.999855
0.999855
0.999855
0.999855
0.999855
0.999855
0.999855
0.999855
0.999855
0.999855
0.999855
0.999971
0.999971
0.999971
0.999971
0.999971
0.999971
0.999971
0.999971
0.999971
0.999971
0.999971
0.999971
0.999971
0.999971
0.999971
0.999964
0.999964
0.999964
0.999964
0.999971
)
;
        value           nonuniform List<scalar> 
129
(
300.671
300.664
300.649
300.628
300.741
300.791
300.836
300.873
300.873
300.836
300.791
300.741
300.671
300.664
300.649
300.628
300.602
300.627
300.573
300.585
300.544
300.55
300.516
300.519
300.489
300.491
300.464
300.465
300.441
300.442
300.421
300.421
300.402
300.403
300.386
300.387
300.372
300.373
300.361
300.361
300.351
300.352
300.344
300.345
300.339
300.34
300.336
300.336
300.337
300.337
300.337
300.337
300.86
300.829
300.798
300.77
300.743
300.719
300.697
300.677
300.659
300.643
300.63
300.619
300.61
300.603
300.598
300.596
300.596
300.596
300.596
300.596
300.596
300.596
300.86
300.829
300.798
300.77
300.743
300.719
300.697
300.677
300.659
300.643
300.63
300.619
300.61
300.603
300.598
300.596
300.596
300.596
300.596
300.627
300.585
300.55
300.518
300.49
300.465
300.442
300.421
300.402
300.386
300.372
300.361
300.351
300.344
300.339
300.336
300.602
300.573
300.544
300.515
300.488
300.463
300.441
300.42
300.402
300.386
300.372
300.36
300.351
300.344
300.339
300.336
300.337
300.337
300.336
300.336
)
;
        Tnbr            T;
        thicknessLayers 0();
        kappaLayers     0();
        kappaMethod     fluidThermo;
        kappa           none;
        alphaAni        none;
        alpha           none;
    }
}


// ************************************************************************* //
