/*--------------------------------*- C++ -*----------------------------------*\
| =========                 |                                                 |
| \\      /  F ield         | OpenFOAM: The Open Source CFD Toolbox           |
|  \\    /   O peration     | Version:                                        |
|   \\  /    A nd           | Website:  www.openfoam.com                      |
|    \\/     M anipulation  |                                                 |
\*---------------------------------------------------------------------------*/
FoamFile
{
    version     2.0;
    format      ascii;
    class       volVectorField;
    location    "1000/air";
    object      U;
}
// * * * * * * * * * * * * * * * * * * * * * * * * * * * * * * * * * * * * * //

dimensions      [0 1 -1 0 0 0 0];


internalField   nonuniform List<vector> 
2228
(
(0.000283585 -0.000277038 0)
(0.000866341 -0.000127067 0)
(0.000883116 0.000132694 0)
(0.000295501 0.000279335 0)
(0.000218171 -0.000921571 0)
(0.000867791 -0.000554342 0)
(0.000941003 0.000501503 0)
(0.000267598 0.000948473 0)
(0.000121811 -0.001364 0)
(0.000540574 -0.000874281 0)
(0.000604374 0.000780701 0)
(0.000154195 0.00144463 0)
(6.18364e-05 -0.00161401 0)
(0.000287362 -0.00106024 0)
(0.000323624 0.000950865 0)
(7.45187e-05 0.00172915 0)
(2.86199e-05 -0.0017377 0)
(0.000138523 -0.00115313 0)
(0.000158262 0.00103671 0)
(3.39752e-05 0.0018647 0)
(8.83547e-06 -0.00179166 0)
(5.91685e-05 -0.00119971 0)
(7.87584e-05 0.00107367 0)
(1.77805e-05 0.00192712 0)
(-6.38033e-06 -0.00180725 0)
(1.74148e-05 -0.00123179 0)
(5.3645e-05 0.00108325 0)
(1.62581e-05 0.00196472 0)
(-2.21549e-05 -0.00179739 0)
(-6.72795e-06 -0.0012723 0)
(6.52764e-05 0.00107387 0)
(2.59847e-05 0.00200623 0)
(-4.44954e-05 -0.00176252 0)
(-2.78647e-05 -0.00134303 0)
(0.000108923 0.00104456 0)
(4.79572e-05 0.00207492 0)
(-8.05516e-05 -0.00169157 0)
(-6.17449e-05 -0.00147101 0)
(0.000186829 0.000984664 0)
(8.69069e-05 0.0021981 0)
(-0.000139325 -0.00155584 0)
(-0.000134707 -0.00169196 0)
(0.000296677 0.000867878 0)
(0.000149645 0.00240983 0)
(-0.000231897 -0.00130002 0)
(-0.000290911 -0.00204507 0)
(0.000410711 0.000642152 0)
(0.000240465 0.00274344 0)
(-0.00036187 -0.000854127 0)
(-0.000567139 -0.00253696 0)
(0.000445445 0.00022906 0)
(0.000347493 0.00319857 0)
(-0.000459019 -0.00021542 0)
(-0.000863823 -0.00306218 0)
(0.000242668 -0.000446377 0)
(0.000403857 0.00367323 0)
(-0.000346214 0.00107641 0)
(-0.000703722 -0.00343184 0)
(-0.000258295 -0.00123543 0)
(0.000282095 0.00393956 0)
(0.000564944 -0.000550171 0)
(0.000792557 -0.00386517 0)
(3.44255e-05 -0.00174765 0)
(0.000298932 0.00396457 0)
(-0.00029595 0.000279835 0)
(-0.000884305 0.000132943 0)
(-0.000867143 -0.000127156 0)
(-0.000283687 -0.000277158 0)
(-0.000268274 0.000949931 0)
(-0.000942789 0.000501705 0)
(-0.000868309 -0.000555531 0)
(-0.000217924 -0.000922262 0)
(-0.000155269 0.00144781 0)
(-0.000606968 0.000780635 0)
(-0.000540308 -0.00087699 0)
(-0.000120993 -0.00136431 0)
(-7.65712e-05 0.00173532 0)
(-0.000328265 0.000949496 0)
(-0.000285643 -0.00106615 0)
(-5.97769e-05 -0.00161255 0)
(-3.79937e-05 0.00187662 0)
(-0.000167021 0.00103203 0)
(-0.000133815 -0.00116581 0)
(-2.39163e-05 -0.00173152 0)
(-2.53979e-05 0.00195011 0)
(-9.49878e-05 0.0010617 0)
(-4.8223e-05 -0.00122539 0)
(1.32485e-06 -0.00177583 0)
(-3.02075e-05 0.00200731 0)
(-8.15688e-05 0.00105685 0)
(4.57359e-06 -0.0012808 0)
(2.52072e-05 -0.00177251 0)
(-4.9477e-05 0.00208093 0)
(-0.000109834 0.0010205 0)
(4.62589e-05 -0.00135986 0)
(5.42526e-05 -0.00172778 0)
(-8.55789e-05 0.00220049 0)
(-0.000179023 0.000945069 0)
(8.89074e-05 -0.00149189 0)
(9.61417e-05 -0.00163306 0)
(-0.000147314 0.00240591 0)
(-0.000310749 0.000817687 0)
(0.000127369 -0.00171606 0)
(0.000159332 -0.00147074 0)
(-0.000254295 0.00276862 0)
(-0.000562525 0.000630407 0)
(0.000117448 -0.00209955 0)
(0.000249089 -0.00122895 0)
(-0.000442447 0.00342593 0)
(-0.00104899 0.000398679 0)
(-8.31671e-05 -0.00276692 0)
(0.00034168 -0.000956759 0)
(-0.000764695 0.00461788 0)
(-0.00194143 0.00021074 0)
(-0.000805512 -0.00386939 0)
(0.000304327 -0.000825666 0)
(-0.00124957 0.00665337 0)
(-0.00335964 0.000358764 0)
(-0.00246983 -0.00543573 0)
(-0.000163546 -0.00109219 0)
(-0.001661 0.00958326 0)
(-0.00490559 0.00125794 0)
(-0.00501211 -0.00752138 0)
(-0.00164976 -0.00299272 0)
(-0.00150235 0.0129978 0)
(-0.00495642 0.00351894 0)
(-0.00723347 -0.00983883 0)
(-0.00524262 -0.00915948 0)
(0.0324306 0.0281129 0)
(0.0318556 0.0225836 0)
(0.0254648 0.0165757 0)
(0.0201255 0.0116184 0)
(0.0461476 0.0218205 0)
(0.0469023 0.0202753 0)
(0.0458198 0.0182647 0)
(0.0439464 0.0163586 0)
(0.0545282 0.0238028 0)
(0.0541863 0.0231319 0)
(0.0535164 0.0222668 0)
(0.052425 0.0213766 0)
(0.0583857 0.0273098 0)
(0.0579495 0.027088 0)
(0.057386 0.0266649 0)
(0.0566621 0.0261468 0)
(0.0545962 0.0273209 0)
(0.0549086 0.027585 0)
(0.0551474 0.0277227 0)
(0.0552855 0.0277575 0)
(0.0445821 0.0240165 0)
(0.0456164 0.0246271 0)
(0.0466092 0.0251752 0)
(0.0475382 0.0256474 0)
(0.0314994 0.0186606 0)
(0.0329197 0.0194076 0)
(0.0343244 0.0201344 0)
(0.0357023 0.020821 0)
(0.0185649 0.0126359 0)
(0.0200374 0.0133624 0)
(0.0215173 0.0140956 0)
(0.0229994 0.0148187 0)
(0.00818019 0.00704973 0)
(0.00945675 0.00765756 0)
(0.0107561 0.00828552 0)
(0.0120793 0.00892413 0)
(0.00150633 0.0026962 0)
(0.00244575 0.00312981 0)
(0.00342003 0.00359118 0)
(0.00443169 0.004075 0)
(-0.000572873 -0.000225018 0)
(1.40261e-05 3.24839e-05 0)
(0.000634785 0.000313977 0)
(0.00129147 0.000614336 0)
(0.00372116 -0.00175826 0)
(0.00407914 -0.00160993 0)
(0.00446004 -0.00144936 0)
(0.00487059 -0.00128199 0)
(0.013468 -0.0029614 0)
(0.0136262 -0.00301706 0)
(0.0138212 -0.00303731 0)
(0.0140601 -0.00302918 0)
(0.0233945 -0.00244817 0)
(0.0230562 -0.00281872 0)
(0.0227654 -0.00317091 0)
(0.0225449 -0.0034724 0)
(0.0225784 0.000648306 0)
(0.021936 9.58582e-05 0)
(0.0214651 -0.000566243 0)
(0.0212493 -0.00140043 0)
(0.0115275 0.00288318 0)
(0.0110422 0.0013118 0)
(0.0102523 -0.000808916 0)
(0.00927598 -0.0033266 0)
(-0.00841566 0.00628042 0)
(-0.00995304 0.00663415 0)
(-0.0116523 0.00688863 0)
(-0.0135962 0.00710477 0)
(-0.0285131 0.0130055 0)
(-0.0289988 0.0126889 0)
(-0.0293918 0.0122282 0)
(-0.0296487 0.0116126 0)
(-0.0320124 0.0124156 0)
(-0.030942 0.0113897 0)
(-0.0299921 0.0103767 0)
(-0.029252 0.00951253 0)
(-0.0147996 0.0032644 0)
(-0.0137624 0.00750988 0)
(-0.0130771 0.00255485 0)
(-0.0119247 0.00733249 0)
(0.0174016 0.0061984 0)
(0.0156862 0.00229675 0)
(0.0135435 0.000874791 0)
(0.0119118 0.00336932 0)
(0.0420374 0.0144935 0)
(0.0400908 0.0128794 0)
(0.0378663 0.0117213 0)
(0.0355853 0.0113929 0)
(0.0511017 0.0205075 0)
(0.0496621 0.0196845 0)
(0.0481361 0.0189765 0)
(0.0465828 0.0184685 0)
(0.0557994 0.0255846 0)
(0.0548377 0.0249991 0)
(0.0538039 0.02441 0)
(0.0527166 0.0238391 0)
(0.055294 0.0277037 0)
(0.0551781 0.027567 0)
(0.054955 0.027352 0)
(0.0546289 0.0270606 0)
(0.0483771 0.0260405 0)
(0.0491205 0.0263519 0)
(0.0497725 0.0265788 0)
(0.0503236 0.0267127 0)
(0.0370426 0.0214602 0)
(0.0383384 0.0220471 0)
(0.0395851 0.0225765 0)
(0.0407697 0.0230385 0)
(0.024485 0.0155245 0)
(0.0259685 0.0162074 0)
(0.0274428 0.0168616 0)
(0.0288982 0.0174792 0)
(0.0134325 0.00956709 0)
(0.0148116 0.0102086 0)
(0.0162105 0.0108438 0)
(0.0176236 0.0114674 0)
(0.00548513 0.00457507 0)
(0.00657887 0.00508608 0)
(0.00770934 0.0056053 0)
(0.0088741 0.00612966 0)
(0.00198654 0.000932645 0)
(0.00272376 0.00126969 0)
(0.00350329 0.0016245 0)
(0.00431983 0.00199621 0)
(0.00532141 -0.00109899 0)
(0.00580498 -0.000890548 0)
(0.00631072 -0.000651757 0)
(0.00683588 -0.00038228 0)
(0.0143582 -0.00298039 0)
(0.0147111 -0.00287628 0)
(0.0151049 -0.00270959 0)
(0.0155281 -0.00248268 0)
(0.0224307 -0.00368755 0)
(0.0224503 -0.00378667 0)
(0.0225991 -0.00375881 0)
(0.0228432 -0.00361935 0)
(0.0213499 -0.00246623 0)
(0.0217271 -0.00365192 0)
(0.0222022 -0.00464077 0)
(0.0224894 -0.00525561 0)
(0.00809401 -0.00572136 0)
(0.00667233 -0.00685605 0)
(0.00513483 -0.00571183 0)
(0.00348366 -0.00286286 0)
(-0.0157476 0.00728186 0)
(-0.0179111 0.0073936 0)
(-0.0197995 0.00744989 0)
(-0.0212894 0.00750094 0)
(-0.0298142 0.0108806 0)
(-0.0299034 0.0101041 0)
(-0.0299045 0.00936164 0)
(-0.0298233 0.0087354 0)
(-0.0287838 0.00868936 0)
(-0.0283756 0.00747019 0)
(-0.0279135 0.00650284 0)
(-0.0273777 0.00570312 0)
(-0.0139316 0.0142138 0)
(-0.0154988 0.00493386 0)
(-0.0147456 0.00678028 0)
(-0.0141044 0.00153703 0)
(0.0110836 0.0040532 0)
(0.0100999 0.0042673 0)
(0.00881365 0.00427108 0)
(0.0340411 0.0116185 0)
(0.0331015 0.0120554 0)
(0.0321575 0.0126497 0)
(0.0453953 0.0182358 0)
(0.0446004 0.0181782 0)
(0.0438753 0.0182306 0)
(0.0518529 0.0234178 0)
(0.0512402 0.0231251 0)
(0.0506468 0.0228543 0)
(0.05432 0.0267922 0)
(0.0540692 0.0265663 0)
(0.0538011 0.0263195 0)
(0.0506925 0.026761 0)
(0.0509227 0.0267551 0)
(0.0511208 0.0267168 0)
(0.0416545 0.0233554 0)
(0.0422704 0.0235536 0)
(0.0428601 0.0237252 0)
(0.0300213 0.0179358 0)
(0.0308262 0.0182478 0)
(0.0316204 0.0185437 0)
(0.0187355 0.0119442 0)
(0.0195447 0.0122814 0)
(0.020356 0.0126117 0)
(0.00980684 0.00653987 0)
(0.0104936 0.00683612 0)
(0.0111915 0.00713108 0)
(0.00497937 0.00229871 0)
(0.00546457 0.00252386 0)
(0.0059619 0.00275471 0)
(0.00726206 -0.000151414 0)
(0.00757866 2.49768e-05 0)
(0.0079047 0.000210196 0)
(0.0158675 -0.00226962 0)
(0.0161149 -0.00209693 0)
(0.0163696 -0.00190852 0)
(0.0230896 -0.00347138 0)
(0.0233051 -0.00335983 0)
(0.0235484 -0.00325779 0)
(0.0224505 -0.0055628 0)
(0.0222532 -0.00571783 0)
(0.0219889 -0.00585668 0)
(0.00207682 -0.000678485 0)
(0.00106727 0.000581233 0)
(6.48602e-05 0.00153561 0)
(-0.0222075 0.00750728 0)
(-0.0227316 0.00746583 0)
(-0.0231668 0.00745866 0)
(-0.0296956 0.0083217 0)
(-0.0295466 0.00806671 0)
(-0.029383 0.00791412 0)
(-0.0270111 0.00523227 0)
(-0.0267431 0.00498405 0)
(-0.0263911 0.00489 0)
(-0.0133298 0.00429142 0)
(-0.0129095 0.00365192 0)
(-0.0122894 9.76072e-05 0)
(0.00795572 0.00400868 0)
(0.00748325 0.00384364 0)
(0.00707704 0.00376999 0)
(0.0315268 0.0131206 0)
(0.0311284 0.013411 0)
(0.0307846 0.0136729 0)
(0.0434005 0.0183389 0)
(0.0431728 0.0184181 0)
(0.0429488 0.0185144 0)
(0.0502531 0.022693 0)
(0.0500719 0.0226008 0)
(0.0498746 0.0225255 0)
(0.0536008 0.0261412 0)
(0.0535139 0.0260333 0)
(0.0534036 0.025934 0)
(0.0512305 0.0266712 0)
(0.0512989 0.0266338 0)
(0.0513439 0.0266004 0)
(0.0432393 0.0238237 0)
(0.0434475 0.0238663 0)
(0.0436342 0.0239104 0)
(0.0321407 0.0187312 0)
(0.0324269 0.0188243 0)
(0.0326923 0.018918 0)
(0.0208933 0.0128271 0)
(0.02119 0.0129372 0)
(0.0214678 0.0130479 0)
(0.0116557 0.00732706 0)
(0.0119144 0.00742881 0)
(0.0121566 0.00753088 0)
(0.00628908 0.00291599 0)
(0.00647383 0.00300074 0)
(0.00664393 0.00308474 0)
(0.00811693 0.000348102 0)
(0.00824461 0.00042056 0)
(0.00835388 0.000486815 0)
(0.0165287 -0.00175762 0)
(0.0166336 -0.00167563 0)
(0.016714 -0.00160535 0)
(0.0237219 -0.00317926 0)
(0.0238419 -0.00313999 0)
(0.0239372 -0.00312583 0)
(0.0217592 -0.00591982 0)
(0.0216446 -0.00594639 0)
(0.0214997 -0.0060092 0)
(-0.000600249 0.00207559 0)
(-0.000935134 0.00232278 0)
(-0.00127929 0.00249601 0)
(-0.0234617 0.00749712 0)
(-0.023592 0.00748551 0)
(-0.0237268 0.00740011 0)
(-0.0293026 0.00784312 0)
(-0.029232 0.00777225 0)
(-0.0291532 0.0076549 0)
(-0.0261467 0.00478175 0)
(-0.0259829 0.00468606 0)
(-0.0257761 0.00468106 0)
(-0.0119311 0.000528734 0)
(-0.0119675 0.00427207 0)
(-0.0123575 0.00729434 0)
(0.00623572 0.00382333 0)
(0.0048273 0.00463487 0)
(0.00327079 0.00750344 0)
(0.0301246 0.0141145 0)
(0.0291594 0.014694 0)
(0.0282108 0.0154079 0)
(0.0425567 0.0187062 0)
(0.0420216 0.0190091 0)
(0.0415341 0.0193294 0)
(0.0495266 0.0223881 0)
(0.0490293 0.0222215 0)
(0.0485897 0.0220802 0)
(0.0532081 0.0257422 0)
(0.0528996 0.025455 0)
(0.0526086 0.0251535 0)
(0.051438 0.0265297 0)
(0.0515441 0.0264032 0)
(0.0516392 0.0262443 0)
(0.0439999 0.0239891 0)
(0.04451 0.0240807 0)
(0.0450064 0.0241418 0)
(0.0332125 0.0190954 0)
(0.0339609 0.0193394 0)
(0.0347048 0.0195616 0)
(0.0220154 0.0132611 0)
(0.0228141 0.0135678 0)
(0.0236188 0.0138614 0)
(0.0126375 0.00772933 0)
(0.0133436 0.00802173 0)
(0.0140618 0.00830729 0)
(0.00698791 0.00324808 0)
(0.00749645 0.00349684 0)
(0.00801854 0.00374455 0)
(0.00858047 0.000612157 0)
(0.00890643 0.000810557 0)
(0.00924254 0.00100654 0)
(0.0168928 -0.00147593 0)
(0.0171606 -0.0012455 0)
(0.0174492 -0.00100252 0)
(0.0241451 -0.0031188 0)
(0.0244576 -0.00308143 0)
(0.0248098 -0.00305639 0)
(0.0212503 -0.00615701 0)
(0.0208638 -0.00631654 0)
(0.0204618 -0.00645806 0)
(-0.00192905 0.00278057 0)
(-0.00293024 0.00321457 0)
(-0.0039317 0.00364214 0)
(-0.0239398 0.00729465 0)
(-0.0242454 0.00722699 0)
(-0.0245065 0.00718101 0)
(-0.0290209 0.00749323 0)
(-0.0288508 0.00734127 0)
(-0.028651 0.00721466 0)
(-0.0255217 0.00459005 0)
(-0.0250964 0.00433181 0)
(-0.0247971 0.00411992 0)
(-0.0133028 0.00792641 0)
(-0.0138846 -0.000628875 0)
(-0.01313 0.000748666 0)
(0.00174403 0.0170334 0)
(0.000993062 0.011415 0)
(-0.00165859 -0.00456114 0)
(-0.00541016 -0.0124945 0)
(0.0272174 0.0172018 0)
(0.0265574 0.0178827 0)
(0.0249744 0.0155556 0)
(0.0213973 0.0117336 0)
(0.0409946 0.0197225 0)
(0.0405445 0.0200636 0)
(0.0401142 0.0200849 0)
(0.0394001 0.0196003 0)
(0.0480466 0.021898 0)
(0.0474621 0.0216505 0)
(0.0469982 0.0213849 0)
(0.0466087 0.0210519 0)
(0.0521946 0.0247182 0)
(0.0516748 0.0241463 0)
(0.0511842 0.0235532 0)
(0.0507226 0.0229384 0)
(0.0517144 0.0259702 0)
(0.0517477 0.0255557 0)
(0.0517212 0.025071 0)
(0.0516368 0.0245236 0)
(0.0456344 0.0241717 0)
(0.0463608 0.0241288 0)
(0.0470009 0.0239959 0)
(0.047552 0.0237751 0)
(0.035694 0.0198304 0)
(0.0369062 0.0201076 0)
(0.0380543 0.0203078 0)
(0.0391317 0.0204276 0)
(0.0247136 0.0142457 0)
(0.0260933 0.0146936 0)
(0.0274455 0.0150899 0)
(0.0287621 0.0154311 0)
(0.0150527 0.00869277 0)
(0.0163236 0.00916623 0)
(0.0175954 0.00961618 0)
(0.0188615 0.0100387 0)
(0.00874461 0.00408768 0)
(0.00968949 0.00452472 0)
(0.0106492 0.00495431 0)
(0.0116213 0.00537031 0)
(0.0097022 0.00127239 0)
(0.0102965 0.00160202 0)
(0.0108975 0.00191198 0)
(0.0114987 0.00219611 0)
(0.0178504 -0.000661047 0)
(0.0184007 -0.000201837 0)
(0.0189864 0.000291162 0)
(0.0195879 0.000821883 0)
(0.0253219 -0.00307935 0)
(0.0260468 -0.00315883 0)
(0.0268151 -0.00318443 0)
(0.0275338 -0.00303494 0)
(0.0198478 -0.00665227 0)
(0.0189667 -0.0066707 0)
(0.0179642 -0.00601081 0)
(0.0168414 -0.00428015 0)
(-0.00534846 0.00422657 0)
(-0.0071165 0.00496525 0)
(-0.00875414 0.00570887 0)
(-0.0101705 0.00647618 0)
(-0.0248294 0.00716041 0)
(-0.0251905 0.00720426 0)
(-0.0254793 0.00734423 0)
(-0.0256935 0.00758087 0)
(-0.0283849 0.00706818 0)
(-0.0280547 0.00694312 0)
(-0.0277259 0.00690658 0)
(-0.0274097 0.00692869 0)
(-0.0244489 0.00393433 0)
(-0.0238871 0.00394056 0)
(-0.023333 0.00416816 0)
(-0.0229708 0.00452887 0)
(-0.0121382 0.00175826 0)
(-0.0108469 -0.00114321 0)
(-0.00972619 0.00374782 0)
(-0.00884753 0.00306314 0)
(-0.006491 -0.00880198 0)
(-0.00575774 -0.00196511 0)
(-0.00691792 0.0118776 0)
(-0.0106952 0.0289585 0)
(0.0167764 0.00765846 0)
(0.013205 0.00361781 0)
(0.0118369 0.00170545 0)
(0.011746 0.00845842 0)
(0.0382206 0.0184895 0)
(0.0366353 0.0167686 0)
(0.034798 0.0147406 0)
(0.0331144 0.0121343 0)
(0.0462015 0.0205671 0)
(0.0456633 0.019839 0)
(0.0449945 0.0190205 0)
(0.0439547 0.0171584 0)
(0.0502921 0.0223032 0)
(0.0498608 0.0216214 0)
(0.0494502 0.0209849 0)
(0.0489239 0.0199766 0)
(0.051509 0.0239258 0)
(0.0513441 0.0232822 0)
(0.0511382 0.0226175 0)
(0.0509854 0.0219496 0)
(0.0480198 0.0234715 0)
(0.0484172 0.0230946 0)
(0.0487143 0.0226279 0)
(0.049074 0.0222381 0)
(0.0401355 0.0204653 0)
(0.041072 0.0204257 0)
(0.0419087 0.0202807 0)
(0.0427646 0.0201883 0)
(0.0300368 0.0157131 0)
(0.0312689 0.0159349 0)
(0.0324365 0.0160734 0)
(0.0335891 0.0162276 0)
(0.0201168 0.0104282 0)
(0.0213579 0.0107807 0)
(0.0225751 0.0110853 0)
(0.0237715 0.0113788 0)
(0.0126059 0.00576645 0)
(0.0136033 0.006137 0)
(0.0146136 0.00647602 0)
(0.0156261 0.00678444 0)
(0.012093 0.00245122 0)
(0.0126759 0.00267669 0)
(0.0132512 0.00287679 0)
(0.0138167 0.00305459 0)
(0.0201803 0.00136352 0)
(0.0207544 0.00185401 0)
(0.0213084 0.00223086 0)
(0.0218478 0.00247299 0)
(0.0280693 -0.00270695 0)
(0.0283288 -0.00231321 0)
(0.0282981 -0.00193175 0)
(0.0280903 -0.00162919 0)
(0.0156348 -0.00168375 0)
(0.0143438 0.00103266 0)
(0.013009 0.00317471 0)
(0.0116058 0.00462431 0)
(-0.0113131 0.00728724 0)
(-0.0121836 0.00808648 0)
(-0.0128627 0.00882457 0)
(-0.0134316 0.00949253 0)
(-0.0258162 0.00790389 0)
(-0.0258376 0.00828293 0)
(-0.0257791 0.00869157 0)
(-0.0256637 0.00910312 0)
(-0.0271065 0.00700621 0)
(-0.0268046 0.00707182 0)
(-0.0265141 0.00717125 0)
(-0.0261961 0.00729103 0)
(-0.0229206 0.00510819 0)
(-0.0230135 0.00588515 0)
(-0.0229289 0.00652614 0)
(-0.0226479 0.00682223 0)
(-0.00758344 0.00553248 0)
(-0.00849827 0.0102704 0)
(-0.0108819 0.00905472 0)
(-0.0127934 0.00802045 0)
(0.00770558 -8.53121e-07 0)
(0.00761503 1.82498e-05 0)
(0.00715846 4.39385e-05 0)
(0.00618427 6.56367e-05 0)
(0.00469018 7.40794e-05 0)
(0.00284895 6.29044e-05 0)
(0.000972627 3.6321e-05 0)
(-0.000595328 1.36698e-05 0)
(-0.00166043 -5.43083e-06 0)
(-0.0022407 -1.25461e-05 0)
(-0.00243922 -1.68409e-05 0)
(-0.00243445 -9.37125e-06 0)
(-0.00251066 1.32068e-05 0)
(-0.00271455 7.04626e-06 0)
(-0.0028447 -3.70169e-05 0)
(-0.00400267 7.00322e-05 0)
(-0.0076014 0.000295725 0)
(-0.00842673 -0.000207003 0)
(0.00732205 -0.000852732 0)
(0.0139609 0.00166775 0)
(0.0244048 8.06285e-06 0)
(0.024228 0.000108156 0)
(0.023419 0.000287063 0)
(0.0215511 0.000503965 0)
(0.0183782 0.000694389 0)
(0.0139822 0.000785076 0)
(0.00886606 0.000733949 0)
(0.00387755 0.000573318 0)
(-0.000154858 0.000363254 0)
(-0.00284598 0.000184919 0)
(-0.0042864 5.44678e-05 0)
(-0.00486803 1.34423e-05 0)
(-0.0051527 7.31156e-05 0)
(-0.00556683 0.000106007 0)
(-0.0067148 0.000224615 0)
(-0.0106123 0.000853642 0)
(-0.0164295 0.000870715 0)
(-0.0142051 -0.00224581 0)
(0.00562045 -0.00525056 0)
(0.023127 0.00445234 0)
(0.0404214 2.17454e-05 0)
(0.0402177 0.000213672 0)
(0.0393423 0.000579136 0)
(0.0372591 0.00107469 0)
(0.0335063 0.0015906 0)
(0.0278772 0.00196792 0)
(0.0206404 0.0020584 0)
(0.0126913 0.00181595 0)
(0.00535636 0.00133425 0)
(-0.000243184 0.000813062 0)
(-0.00371887 0.000383958 0)
(-0.00546843 0.000156009 0)
(-0.00622958 0.000190345 0)
(-0.00697717 0.000362336 0)
(-0.00926619 0.000849616 0)
(-0.0144113 0.00181146 0)
(-0.0192409 0.00114623 0)
(-0.0150541 -0.00433866 0)
(0.00121951 -0.0102168 0)
(0.02536 0.00764977 0)
(0.0548909 3.57241e-05 0)
(0.0546912 0.000317287 0)
(0.0538592 0.000868467 0)
(0.0518569 0.00165894 0)
(0.0481399 0.00255869 0)
(0.0422821 0.00334742 0)
(0.0341818 0.00376605 0)
(0.0243724 0.00362854 0)
(0.0141882 0.00295335 0)
(0.00534833 0.00201014 0)
(-0.000906759 0.00110886 0)
(-0.00448847 0.00051482 0)
(-0.00617237 0.000415789 0)
(-0.00738869 0.000755133 0)
(-0.0103278 0.00160906 0)
(-0.0152159 0.00263213 0)
(-0.0181472 0.00121795 0)
(-0.013477 -0.00603142 0)
(-0.00151527 -0.0149579 0)
(0.0252126 0.0107202 0)
(0.0674828 4.83201e-05 0)
(0.0673036 0.000412109 0)
(0.0665592 0.00113521 0)
(0.0647469 0.00220576 0)
(0.0613256 0.0034898 0)
(0.0557863 0.00473798 0)
(0.0477619 0.00561564 0)
(0.0373094 0.00579275 0)
(0.0253301 0.00512645 0)
(0.0136336 0.00383309 0)
(0.00421278 0.00236798 0)
(-0.00191112 0.00121542 0)
(-0.00510131 0.000806801 0)
(-0.00691562 0.00122518 0)
(-0.00994671 0.00232325 0)
(-0.013785 0.00317869 0)
(-0.0148949 0.00111672 0)
(-0.0105304 -0.00722996 0)
(-0.00291723 -0.0192065 0)
(0.0241645 0.0133787 0)
(0.0781056 5.89523e-05 0)
(0.077956 0.000494743 0)
(0.0773208 0.0013716 0)
(0.075741 0.00269701 0)
(0.0727084 0.00433935 0)
(0.0677161 0.00604076 0)
(0.0602881 0.00743244 0)
(0.0501263 0.00808064 0)
(0.0375461 0.00765896 0)
(0.0239481 0.00621703 0)
(0.0116002 0.00423111 0)
(0.00245284 0.00239589 0)
(-0.00292585 0.00144147 0)
(-0.00561693 0.00173983 0)
(-0.00843727 0.00290929 0)
(-0.0110748 0.00344551 0)
(-0.0108294 0.000891367 0)
(-0.00701661 -0.00795489 0)
(-0.00354129 -0.022848 0)
(0.022701 0.0156616 0)
(0.0867783 6.71722e-05 0)
(0.0866638 0.00056275 0)
(0.0861496 0.00157316 0)
(0.0848211 0.00312486 0)
(0.0822096 0.00509013 0)
(0.0778405 0.00721125 0)
(0.0712282 0.00911314 0)
(0.0619032 0.0103105 0)
(0.0496959 0.0103276 0)
(0.0353531 0.00899363 0)
(0.0208716 0.00666578 0)
(0.00875537 0.00414419 0)
(0.000586161 0.00243789 0)
(-0.00352849 0.0023236 0)
(-0.00617802 0.00336668 0)
(-0.00784766 0.00350511 0)
(-0.00694397 0.000578531 0)
(-0.00356543 -0.00827465 0)
(-0.00365856 -0.0258509 0)
(0.0210055 0.0176586 0)
(0.0935689 7.24603e-05 0)
(0.0934932 0.000614249 0)
(0.0931073 0.0017372 0)
(0.0920394 0.00348562 0)
(0.0898602 0.00573582 0)
(0.0861339 0.00823325 0)
(0.0804029 0.0106091 0)
(0.0721581 0.0123664 0)
(0.0609467 0.0129395 0)
(0.0468876 0.0119499 0)
(0.0313472 0.0095384 0)
(0.01684 0.00646656 0)
(0.00573181 0.00391858 0)
(-0.000586976 0.00306282 0)
(-0.00347311 0.00375217 0)
(-0.00451896 0.00347323 0)
(-0.00375231 0.000222754 0)
(-0.000587583 -0.00828757 0)
(-0.0034189 -0.0282378 0)
(0.019158 0.0194146 0)
(0.0985617 7.4357e-05 0)
(0.098528 0.000647875 0)
(0.0982762 0.00186213 0)
(0.0974741 0.0037777 0)
(0.0957305 0.00627459 0)
(0.0926482 0.00910291 0)
(0.0878052 0.0119038 0)
(0.0807121 0.0141896 0)
(0.070809 0.0153604 0)
(0.0577689 0.0148849 0)
(0.0422303 0.0126571 0)
(0.0262588 0.00927168 0)
(0.0125603 0.0059453 0)
(0.00350746 0.00411754 0)
(-0.000479854 0.00414466 0)
(-0.00123052 0.00346787 0)
(-0.00120171 -0.000104101 0)
(0.00174712 -0.00811673 0)
(-0.00290351 -0.0300456 0)
(0.0171941 0.0209526 0)
(0.10184 7.24288e-05 0)
(0.101852 0.000662424 0)
(0.10174 0.00194682 0)
(0.101209 0.00400037 0)
(0.0999014 0.00670626 0)
(0.0974595 0.00982064 0)
(0.0934947 0.0129955 0)
(0.0875511 0.0157593 0)
(0.0790645 0.0175141 0)
(0.0674717 0.0176432 0)
(0.0527884 0.0158212 0)
(0.0363839 0.0123984 0)
(0.0208272 0.00848545 0)
(0.00904663 0.0056322 0)
(0.00297903 0.00469095 0)
(0.00191406 0.00355356 0)
(0.00108004 -0.000265783 0)
(0.00350609 -0.00796117 0)
(-0.00214509 -0.0313062 0)
(0.0151111 0.0222749 0)
(0.10348 6.61559e-05 0)
(0.103542 0.000656617 0)
(0.103577 0.00199017 0)
(0.103322 0.00415303 0)
(0.102452 0.007031 0)
(0.100647 0.0103878 0)
(0.0975486 0.0138868 0)
(0.0927316 0.0170731 0)
(0.0856653 0.0193674 0)
(0.0757104 0.0201237 0)
(0.0624591 0.0188577 0)
(0.0465549 0.0156574 0)
(0.0300714 0.0114231 0)
(0.0160467 0.00765533 0)
(0.00733108 0.0055647 0)
(0.00500922 0.00378974 0)
(0.00325979 -0.000249337 0)
(0.00503326 -0.00771341 0)
(-0.00116001 -0.032108 0)
(0.0129 0.0234042 0)
(0.103549 5.48581e-05 0)
(0.103665 0.000628996 0)
(0.103856 0.00199093 0)
(0.103884 0.00423483 0)
(0.103456 0.00724878 0)
(0.102285 0.0108058 0)
(0.100044 0.0145813 0)
(0.0963309 0.0181357 0)
(0.0906507 0.0209131 0)
(0.0823764 0.0222727 0)
(0.070878 0.0216386 0)
(0.0561948 0.0188676 0)
(0.0397276 0.0145926 0)
(0.0242471 0.0101456 0)
(0.0129235 0.00689544 0)
(0.00844473 0.00428897 0)
(0.00557208 -4.70654e-05 0)
(0.0065801 -0.00739189 0)
(8.59905e-05 -0.0324738 0)
(0.0105572 0.024378 0)
(0.102109 3.77813e-05 0)
(0.102287 0.000577777 0)
(0.102643 0.0019476 0)
(0.102963 0.00424462 0)
(0.102981 0.00735915 0)
(0.102445 0.0110752 0)
(0.101055 0.0150815 0)
(0.0984269 0.0189531 0)
(0.0940933 0.0221555 0)
(0.0874699 0.02407 0)
(0.0778545 0.0240835 0)
(0.0648698 0.021879 0)
(0.0492357 0.0178149 0)
(0.0332007 0.0129818 0)
(0.0198182 0.00872441 0)
(0.0127086 0.00517107 0)
(0.00836523 0.000377467 0)
(0.00837374 -0.0070036 0)
(0.00164565 -0.0323817 0)
(0.00808648 0.0252284 0)
(0.0992285 1.38991e-05 0)
(0.0994758 0.000501525 0)
(0.10001 0.00185885 0)
(0.100629 0.00418115 0)
(0.101099 0.00736154 0)
(0.101198 0.0111966 0)
(0.100652 0.0153897 0)
(0.0990938 0.0195305 0)
(0.0960727 0.0231032 0)
(0.0910459 0.0255146 0)
(0.0833246 0.0261506 0)
(0.0723 0.0245835 0)
(0.0581185 0.0209266 0)
(0.0423885 0.015999 0)
(0.0277722 0.0109934 0)
(0.0181295 0.00649964 0)
(0.0119982 0.00108947 0)
(0.0106477 -0.00649662 0)
(0.00356974 -0.0317928 0)
(0.00550301 0.0259842 0)
(0.0949861 -1.95164e-05 0)
(0.0953126 0.000397085 0)
(0.0960377 0.00172285 0)
(0.0969664 0.00404324 0)
(0.0978891 0.00725578 0)
(0.0986196 0.011171 0)
(0.0989087 0.015508 0)
(0.0984044 0.0198724 0)
(0.0966664 0.0237648 0)
(0.0931805 0.0266153 0)
(0.0873044 0.0278263 0)
(0.0783392 0.0269132 0)
(0.0660183 0.0237959 0)
(0.0513136 0.0190261 0)
(0.0363498 0.0135734 0)
(0.0247291 0.00826193 0)
(0.0167019 0.00214807 0)
(0.0136052 -0.00578745 0)
(0.00590705 -0.0306502 0)
(0.00283855 0.0266772 0)
(0.0894787 -6.45688e-05 0)
(0.0898983 0.000262045 0)
(0.0908314 0.00153799 0)
(0.0920775 0.00382972 0)
(0.0934522 0.00704229 0)
(0.0948037 0.0110002 0)
(0.09591 0.0154396 0)
(0.0964363 0.0199833 0)
(0.0959508 0.0241486 0)
(0.0939546 0.0273839 0)
(0.0898519 0.0291138 0)
(0.0829408 0.0288345 0)
(0.0727026 0.0263295 0)
(0.0595596 0.0219125 0)
(0.0450521 0.0163048 0)
(0.0322439 0.0103799 0)
(0.0224972 0.00357432 0)
(0.0173707 -0.00478477 0)
(0.00870355 -0.0288908 0)
(0.000144592 0.0273512 0)
(0.0828283 -0.000123204 0)
(0.0833589 9.41841e-05 0)
(0.0845206 0.00130388 0)
(0.0860926 0.00354077 0)
(0.0879137 0.00672285 0)
(0.0898659 0.0106881 0)
(0.0917581 0.0151898 0)
(0.093278 0.0198699 0)
(0.0940055 0.0242628 0)
(0.0934484 0.0278327 0)
(0.0910432 0.0300242 0)
(0.0861235 0.0303364 0)
(0.0780477 0.0284679 0)
(0.0668165 0.0245382 0)
(0.053413 0.0190272 0)
(0.0402437 0.012733 0)
(0.0291947 0.00534339 0)
(0.0219503 -0.00341913 0)
(0.0120036 -0.0264394 0)
(-0.00250073 0.0280371 0)
(0.0751845 -0.00019993 0)
(0.0758494 -0.00011322 0)
(0.0772668 0.00101842 0)
(0.0791767 0.00317859 0)
(0.0814355 0.00630245 0)
(0.0839551 0.0102411 0)
(0.0865819 0.0147663 0)
(0.0890366 0.0195399 0)
(0.0909198 0.0241167 0)
(0.0917441 0.0279755 0)
(0.0909616 0.0305766 0)
(0.0879457 0.0314307 0)
(0.0820169 0.0301904 0)
(0.0728862 0.026829 0)
(0.0610542 0.0216126 0)
(0.0482582 0.0151934 0)
(0.0364611 0.0073951 0)
(0.0272272 -0.00166607 0)
(0.0158563 -0.0231831 0)
(-0.00502042 0.028877 0)
(0.0667259 -0.000298111 0)
(0.0675485 -0.000373514 0)
(0.0692724 0.000663516 0)
(0.0715548 0.00273713 0)
(0.0742465 0.0057872 0)
(0.0772794 0.009674 0)
(0.0805535 0.0141886 0)
(0.0838479 0.0190127 0)
(0.0867994 0.023724 0)
(0.0889261 0.027819 0)
(0.0896802 0.0307721 0)
(0.0884632 0.0321085 0)
(0.0846025 0.0314615 0)
(0.0776327 0.0287028 0)
(0.0676718 0.0239254 0)
(0.0558416 0.0176106 0)
(0.0438952 0.00963025 0)
(0.0330081 0.000448183 0)
(0.0203263 -0.0190159 0)
(-0.00701238 0.0296081 0)
(0.0576585 -0.000413584 0)
(0.058644 -0.000653475 0)
(0.0608612 0.000193853 0)
(0.0636348 0.00216894 0)
(0.0667555 0.0051453 0)
(0.0701888 0.00896782 0)
(0.073937 0.0134469 0)
(0.0779008 0.0182947 0)
(0.0818013 0.0231185 0)
(0.0851678 0.0274318 0)
(0.0874198 0.0307159 0)
(0.0879447 0.0325048 0)
(0.0860796 0.0324256 0)
(0.0812606 0.0302822 0)
(0.0733155 0.0260285 0)
(0.0628227 0.0199694 0)
(0.0511756 0.011989 0)
(0.0390968 0.00283405 0)
(0.0254406 -0.0141267 0)
(-0.0105035 0.0318144 0)
(0.0350259 -0.000837619 0)
(0.0373499 -0.00131416 0)
(0.0411243 -0.000643031 0)
(0.0452026 0.00110571 0)
(0.0491401 0.00384401 0)
(0.0529852 0.00743118 0)
(0.0569332 0.011609 0)
(0.0612245 0.0161544 0)
(0.0660037 0.0208324 0)
(0.0711159 0.0252923 0)
(0.0760725 0.0290843 0)
(0.0801866 0.0317619 0)
(0.0826893 0.0329356 0)
(0.0828492 0.0323197 0)
(0.0801256 0.0296923 0)
(0.074292 0.0250719 0)
(0.0656797 0.0183094 0)
(0.0540559 0.0106906 0)
(0.038922 -0.0028771 0)
(0.0232571 0.0260033 0)
(0.0118609 -0.00298071 0)
(0.0194977 -0.00488898 0)
(0.0273123 -0.00480439 0)
(0.0335262 -0.00301754 0)
(0.0379266 0.000289367 0)
(0.0406448 0.0044858 0)
(0.042149 0.00891954 0)
(0.0433539 0.0131815 0)
(0.0453501 0.0171744 0)
(0.0489375 0.0209418 0)
(0.0542391 0.0244474 0)
(0.0606777 0.027499 0)
(0.0672469 0.0297723 0)
(0.0728327 0.0308972 0)
(0.0764163 0.0305076 0)
(0.0771604 0.0284163 0)
(0.0743557 0.0244545 0)
(0.0679569 0.0199171 0)
(0.0557175 0.012676 0)
(0.0461046 0.0201839 0)
(0.00251744 -0.00900464 0)
(0.0152118 -0.0128543 0)
(0.0236789 -0.0117485 0)
(0.0296897 -0.0080199 0)
(0.0341226 -0.00270529 0)
(0.0366292 0.00317301 0)
(0.0370379 0.00876013 0)
(0.0357323 0.013351 0)
(0.0338312 0.016552 0)
(0.0330853 0.0185802 0)
(0.0349928 0.0201475 0)
(0.0398625 0.0218426 0)
(0.0468324 0.0237211 0)
(0.0545441 0.0254358 0)
(0.0616346 0.0265191 0)
(0.0670146 0.0266796 0)
(0.0695018 0.0256721 0)
(0.0690393 0.0243844 0)
(0.0634904 0.021738 0)
(0.0571078 0.0237297 0)
(0.00110357 -0.0160979 0)
(0.013647 -0.0200802 0)
(0.0200349 -0.0171263 0)
(0.0250848 -0.0117254 0)
(0.0294038 -0.00499605 0)
(0.0321987 0.00227214 0)
(0.0330878 0.00934361 0)
(0.0317797 0.0153201 0)
(0.028307 0.0190232 0)
(0.0240493 0.0198557 0)
(0.0216298 0.0188388 0)
(0.0228854 0.0178287 0)
(0.0276462 0.0178684 0)
(0.0346117 0.0188731 0)
(0.0423504 0.0203081 0)
(0.0497952 0.0217835 0)
(0.0557237 0.022922 0)
(0.0598333 0.0241823 0)
(0.0607719 0.0248472 0)
(0.0594075 0.0267625 0)
(0.00198533 -0.021593 0)
(0.0117499 -0.0252148 0)
(0.0160877 -0.0215284 0)
(0.0209408 -0.0155883 0)
(0.0255346 -0.00784286 0)
(0.0283914 0.000832694 0)
(0.0292202 0.00943558 0)
(0.0281488 0.0172379 0)
(0.0247165 0.0226799 0)
(0.0189645 0.02372 0)
(0.0134282 0.0206931 0)
(0.0112832 0.0166056 0)
(0.0132067 0.0140804 0)
(0.0179443 0.0135 0)
(0.0242238 0.014259 0)
(0.031313 0.01588 0)
(0.0383093 0.0179113 0)
(0.0447796 0.0204956 0)
(0.0499482 0.0231427 0)
(0.0531223 0.0259468 0)
(0.00100695 -0.0263541 0)
(0.00929759 -0.029097 0)
(0.0126401 -0.0256986 0)
(0.0175423 -0.0197748 0)
(0.0220202 -0.0109932 0)
(0.0247955 -0.000630855 0)
(0.025364 0.00953181 0)
(0.0241379 0.0189249 0)
(0.0210879 0.0264331 0)
(0.0152683 0.0286851 0)
(0.00831219 0.024504 0)
(0.00411348 0.0175467 0)
(0.00394357 0.0124607 0)
(0.00623154 0.0101536 0)
(0.0100459 0.00974845 0)
(0.0152542 0.0106403 0)
(0.0214298 0.012434 0)
(0.028194 0.015145 0)
(0.0351194 0.0185083 0)
(0.0411887 0.0220079 0)
(0.000473387 -0.0303428 0)
(0.00677126 -0.0319316 0)
(0.00955132 -0.0295827 0)
(0.0137278 -0.0235106 0)
(0.0172968 -0.0135871 0)
(0.0195178 -0.00181451 0)
(0.0202058 0.00978769 0)
(0.019189 0.0205015 0)
(0.0166834 0.029897 0)
(0.0115563 0.0337251 0)
(0.00458455 0.0290077 0)
(-0.000188437 0.0196898 0)
(-0.00150888 0.0124193 0)
(-0.00149474 0.00883182 0)
(-0.000200014 0.00723705 0)
(0.00284807 0.00691224 0)
(0.00743476 0.00772286 0)
(0.0132572 0.00972975 0)
(0.0201207 0.0128388 0)
(0.0272386 0.0164544 0)
(0.0010369 -0.0330422 0)
(0.00422377 -0.0337686 0)
(0.00639146 -0.0326524 0)
(0.00889531 -0.0259992 0)
(0.0111991 -0.0150765 0)
(0.0126045 -0.00260265 0)
(0.0135887 0.00994429 0)
(0.0131781 0.0217723 0)
(0.0113716 0.0328289 0)
(0.00729642 0.0381683 0)
(0.00135602 0.0332477 0)
(-0.00280994 0.0221545 0)
(-0.00477398 0.0135679 0)
(-0.00658139 0.00916136 0)
(-0.00707488 0.00631729 0)
(-0.00560469 0.00452234 0)
(-0.00248356 0.00406745 0)
(0.0019708 0.00505547 0)
(0.00770444 0.00740512 0)
(0.0143802 0.0106002 0)
(0.000974259 -0.0348698 0)
(0.00162883 -0.034726 0)
(0.00309358 -0.0344611 0)
(0.00348799 -0.027108 0)
(0.0047979 -0.0157619 0)
(0.00538368 -0.00330713 0)
(0.00647297 0.00973814 0)
(0.0065154 0.0225747 0)
(0.00532462 0.0350384 0)
(0.00251248 0.0415435 0)
(-0.00163511 0.0364704 0)
(-0.00431544 0.0243726 0)
(-0.00641064 0.015461 0)
(-0.00915913 0.0105061 0)
(-0.0103696 0.00631123 0)
(-0.00966142 0.00304163 0)
(-0.00765578 0.00141238 0)
(-0.00463343 0.0014556 0)
(-0.000583705 0.00292366 0)
(0.00469512 0.00539802 0)
(0.00371085 -0.0342422 0)
(-0.000535323 -0.0342024 0)
(-0.000296222 -0.0346922 0)
(-0.0018888 -0.0271238 0)
(-0.00138754 -0.0160833 0)
(-0.00152664 -0.00400342 0)
(-0.000677217 0.00931608 0)
(-0.000679368 0.0230647 0)
(-0.00134354 0.0364932 0)
(-0.00248486 0.0434698 0)
(-0.00409645 0.0381221 0)
(-0.00472058 0.0259115 0)
(-0.00617168 0.0174197 0)
(-0.00870185 0.012098 0)
(-0.00967081 0.00669208 0)
(-0.00928317 0.00225042 0)
(-0.00833167 -0.00014535 0)
(-0.00679178 -0.000787897 0)
(-0.00451231 -9.12732e-05 0)
(-0.00102155 0.00152575 0)
(0.00512203 -0.0308176 0)
(-0.00251394 -0.0318777 0)
(-0.00419282 -0.0333811 0)
(-0.00718904 -0.0262616 0)
(-0.00770896 -0.0158191 0)
(-0.00865178 -0.00408892 0)
(-0.00853792 0.00932384 0)
(-0.00850007 0.0236503 0)
(-0.00822016 0.0369852 0)
(-0.00713122 0.0434392 0)
(-0.00565786 0.0377601 0)
(-0.00377257 0.0262308 0)
(-0.00366338 0.0186232 0)
(-0.00489771 0.0132074 0)
(-0.00489127 0.00703125 0)
(-0.00476785 0.0020711 0)
(-0.00484252 -0.000648083 0)
(-0.00458625 -0.00169466 0)
(-0.00390049 -0.00164367 0)
(-0.00211184 -0.000890314 0)
(-0.000478153 -0.02787 0)
(-0.00579314 -0.0289175 0)
(-0.00841345 -0.0308726 0)
(-0.0125712 -0.0244945 0)
(-0.0141631 -0.0146421 0)
(-0.0161337 -0.00335772 0)
(-0.0167152 0.00983827 0)
(-0.0162886 0.0238223 0)
(-0.0144451 0.0359081 0)
(-0.0106856 0.0409661 0)
(-0.00595266 0.0351084 0)
(-0.00135339 0.0248264 0)
(0.00103225 0.0183993 0)
(0.00210786 0.013276 0)
(0.00375995 0.00725908 0)
(0.00427752 0.00249448 0)
(0.00372202 -0.000318675 0)
(0.00302638 -0.00163427 0)
(0.00246632 -0.00207376 0)
(0.00300112 -0.00201462 0)
(0.00207146 -0.0246642 0)
(-0.00766437 -0.0251086 0)
(-0.0122103 -0.0271747 0)
(-0.0177425 -0.0218572 0)
(-0.0202025 -0.0127033 0)
(-0.0228496 -0.00206669 0)
(-0.0237733 0.0102143 0)
(-0.022608 0.0228313 0)
(-0.0188955 0.0328028 0)
(-0.0125142 0.0359943 0)
(-0.00487154 0.0301857 0)
(0.00218312 0.0213676 0)
(0.00719241 0.0160172 0)
(0.0114628 0.0113804 0)
(0.0152647 0.00643033 0)
(0.0173261 0.00255358 0)
(0.017422 0.000258624 0)
(0.0161119 -0.000909213 0)
(0.0142788 -0.00174594 0)
(0.0135124 -0.00259117 0)
(-0.00154131 -0.0192659 0)
(-0.0101922 -0.0202493 0)
(-0.0153676 -0.0223237 0)
(-0.0222857 -0.0184245 0)
(-0.0252471 -0.0103407 0)
(-0.0277861 -0.000686198 0)
(-0.0284256 0.0100006 0)
(-0.026289 0.0204081 0)
(-0.0209242 0.0277427 0)
(-0.0126314 0.0289417 0)
(-0.00308786 0.0232737 0)
(0.00570994 0.0157453 0)
(0.013499 0.0111024 0)
(0.0211394 0.00734483 0)
(0.027595 0.00397114 0)
(0.0315621 0.00163117 0)
(0.0325208 0.000792752 0)
(0.0309258 0.000691046 0)
(0.0277665 0.000147171 0)
(0.0248584 -0.00142181 0)
(-0.00326983 -0.0169977 0)
(-0.0113784 -0.01528 0)
(-0.0171595 -0.0165203 0)
(-0.0255735 -0.0142983 0)
(-0.0290424 -0.00793459 0)
(-0.0309243 0.00032501 0)
(-0.0307171 0.00901402 0)
(-0.027621 0.0168914 0)
(-0.0212879 0.0216109 0)
(-0.0122207 0.0210714 0)
(-0.00188941 0.015501 0)
(0.0084426 0.00854265 0)
(0.0195661 0.00317334 0)
(0.0298984 -0.000103372 0)
(0.0371813 -0.00143124 0)
(0.0404191 -0.000991556 0)
(0.0397054 0.00082356 0)
(0.0358742 0.00277079 0)
(0.0304188 0.0033403 0)
(0.0252611 0.0018409 0)
(-0.00101113 -0.0130799 0)
(-0.0110317 -0.0102393 0)
(-0.0167817 -0.0100749 0)
(-0.0264391 -0.00951703 0)
(-0.0307558 -0.00556451 0)
(-0.0323123 0.000821224 0)
(-0.0312291 0.00757441 0)
(-0.0274098 0.0131106 0)
(-0.0207815 0.0154485 0)
(-0.0117334 0.0128532 0)
(-0.0011671 0.00582079 0)
(0.0100338 -0.00270037 0)
(0.0190947 -0.00803168 0)
(0.0255824 -0.00811014 0)
(0.0285333 -0.00511636 0)
(0.0275764 -0.000757755 0)
(0.0240218 0.00378561 0)
(0.0197132 0.00698355 0)
(0.0154017 0.0076954 0)
(0.0125602 0.00543631 0)
(-0.00181484 -0.00583103 0)
(-0.0116159 -0.0056608 0)
(-0.0146205 -0.00385384 0)
(-0.0235054 -0.004259 0)
(-0.028139 -0.00291441 0)
(-0.0294869 0.00112075 0)
(-0.02813 0.00535332 0)
(-0.0244507 0.00851094 0)
(-0.0188292 0.00892935 0)
(-0.0119867 0.0048738 0)
(-0.00564684 -0.00176864 0)
(-0.00276589 -0.00782447 0)
(-0.000255139 -0.010737 0)
(0.00177554 -0.00765553 0)
(0.00166145 -0.00149712 0)
(-0.00138228 0.00442736 0)
(-0.00277145 0.00885579 0)
(-0.00301445 0.0107702 0)
(-0.00256379 0.00865786 0)
(-0.00442271 0.00494358 0)
(-0.0115986 -0.00303675 0)
(-0.0147109 -0.00343267 0)
(-0.0136452 0.000726406 0)
(-0.0177167 0.000635945 0)
(-0.0215516 -0.000844805 0)
(-0.0236131 0.000376785 0)
(-0.0237095 0.00262595 0)
(-0.0222683 0.00479456 0)
(-0.0209711 0.00611487 0)
(-0.0200343 0.0024902 0)
(-0.0192829 -0.0028013 0)
(-0.019833 -0.008734 0)
(-0.0218704 -0.0112228 0)
(-0.0221215 -0.00828984 0)
(-0.0205342 -0.00145293 0)
(-0.020111 0.00282739 0)
(-0.0199135 0.00463415 0)
(-0.01943 0.00598375 0)
(-0.0212971 0.00789031 0)
(-0.0259357 0.0114506 0)
(-0.00539243 -0.00300458 0)
(-0.0164165 -0.00416001 0)
(-0.0185652 0.00128527 0)
(-0.0208055 0.00196549 0)
(-0.0223585 0.00231898 0)
(-0.0239124 0.00340086 0)
(-0.0239297 0.00462925 0)
(-0.0218663 0.00601045 0)
(-0.0209681 0.00940592 0)
(-0.0200122 0.00272647 0)
(-0.0202681 -0.00216049 0)
(-0.0270103 -0.00741334 0)
(-0.0347354 -0.0107053 0)
(-0.0394407 -0.00950432 0)
(-0.0414026 -0.00181723 0)
(-0.04108 0.0035598 0)
(-0.0397644 0.008215 0)
(-0.0386459 0.012751 0)
(-0.0375416 0.0143782 0)
(-0.0349642 0.014128 0)
(-0.00739227 0.00342033 0)
(-0.0116722 0.00241121 0)
(-0.0168744 0.00843026 0)
(-0.0215397 0.00242251 0)
(-0.0213538 0.00312223 0)
(-0.0222408 0.00321548 0)
(-0.0208506 0.00109165 0)
(-0.0135492 -0.00287458 0)
(-0.0114026 0.00928628 0)
(-0.00966984 -0.00209865 0)
(-0.00845687 0.00548061 0)
(-0.0183068 0.0063901 0)
(-0.0275557 -0.000774293 0)
(-0.0319437 -0.00397754 0)
(-0.0360921 0.00407103 0)
(-0.0400035 0.00244942 0)
(-0.0388767 0.00280196 0)
(-0.0365651 0.00563124 0)
(-0.0312942 0.0037886 0)
(-0.0212833 0.00138947 0)
(-0.00990818 0.00120424 0)
(-0.00682393 -0.000664317 0)
(0.00188578 -9.68069e-05 0)
(-0.00179653 8.67234e-05 0)
(-0.00222068 9.35108e-05 0)
(-0.00384537 9.28823e-05 0)
(-0.00479978 8.31597e-05 0)
(-0.00516066 3.40052e-05 0)
(-0.0046382 -2.40592e-05 0)
(-0.00338269 -7.03929e-05 0)
(-0.00168861 -9.32024e-05 0)
(0.000118886 -9.43081e-05 0)
(0.00182997 -8.36439e-05 0)
(0.00339052 -7.25959e-05 0)
(0.00485969 -6.85601e-05 0)
(0.00636947 -7.40852e-05 0)
(0.00792821 -8.09745e-05 0)
(0.0101024 -0.000123503 0)
(0.0110948 -0.000109765 0)
(0.0181933 -0.000338176 0)
(-0.0164587 0.00360923 0)
(-0.00992331 -0.00308446 0)
(0.000619765 -0.000457299 0)
(-0.00511161 0.000586282 0)
(-0.00584354 0.000470881 0)
(-0.00826377 0.000433208 0)
(-0.00908577 0.000231362 0)
(-0.00873019 -6.40643e-05 0)
(-0.00695858 -0.000361346 0)
(-0.0041542 -0.000572649 0)
(-0.000809998 -0.000663633 0)
(0.00260448 -0.000657543 0)
(0.00582804 -0.000606153 0)
(0.00882332 -0.000559252 0)
(0.011702 -0.000549785 0)
(0.0146766 -0.00057614 0)
(0.0177081 -0.000654198 0)
(0.0217712 -0.000721953 0)
(0.0237504 -0.0010379 0)
(0.0352675 -0.0017105 0)
(-0.0179321 0.00664017 0)
(-0.0102573 -0.00536099 0)
(-0.00252719 -0.000470941 0)
(-0.00758718 0.00102599 0)
(-0.00822661 0.000850239 0)
(-0.0103961 0.000699941 0)
(-0.0105712 0.000220891 0)
(-0.00937782 -0.000365567 0)
(-0.00666419 -0.000918137 0)
(-0.00292078 -0.0012896 0)
(0.0012773 -0.00142872 0)
(0.00542589 -0.00140071 0)
(0.00928341 -0.00129914 0)
(0.0128437 -0.00121341 0)
(0.0162529 -0.00120187 0)
(0.0197556 -0.00125215 0)
(0.0233011 -0.00141282 0)
(0.0278814 -0.00149045 0)
(0.0303475 -0.00213748 0)
(0.0418688 -0.00321185 0)
(-0.0176687 0.00980846 0)
(-0.0105772 -0.00716294 0)
(-0.00570287 -0.000337594 0)
(-0.00937476 0.00134996 0)
(-0.0100053 0.00117617 0)
(-0.0117731 0.000875588 0)
(-0.0114824 8.1845e-05 0)
(-0.00969894 -0.000822818 0)
(-0.00631814 -0.00164317 0)
(-0.00186905 -0.00216343 0)
(0.00297584 -0.00233067 0)
(0.00764746 -0.00225308 0)
(0.0118759 -0.00207698 0)
(0.0156642 -0.0019352 0)
(0.0191937 -0.00191208 0)
(0.0227434 -0.00198121 0)
(0.0262947 -0.00221771 0)
(0.0307176 -0.00229448 0)
(0.0332653 -0.00322272 0)
(0.043287 -0.0046029 0)
(-0.0168714 0.012847 0)
(-0.0109625 -0.00847688 0)
(-0.00829563 -0.000158571 0)
(-0.0108025 0.00157738 0)
(-0.0117117 0.00147033 0)
(-0.013265 0.000990247 0)
(-0.0128221 -0.00013379 0)
(-0.0107166 -0.00138487 0)
(-0.00688083 -0.00249432 0)
(-0.00184269 -0.00316616 0)
(0.00362584 -0.00335189 0)
(0.00884602 -0.00319295 0)
(0.0134596 -0.00290535 0)
(0.01743 -0.00267318 0)
(0.0209545 -0.00261179 0)
(0.024346 -0.00268166 0)
(0.0276434 -0.00297077 0)
(0.0315733 -0.00303624 0)
(0.0339089 -0.00414287 0)
(0.0418991 -0.00576965 0)
(-0.0159472 0.0157229 0)
(-0.01115 -0.00937715 0)
(-0.0102248 4.5777e-05 0)
(-0.0120535 0.00178865 0)
(-0.0134813 0.00178333 0)
(-0.0150414 0.00109492 0)
(-0.0146696 -0.000376923 0)
(-0.0124472 -0.00200635 0)
(-0.00833174 -0.00343668 0)
(-0.00283571 -0.00428699 0)
(0.00320098 -0.00449248 0)
(0.0089819 -0.00423243 0)
(0.0140362 -0.00379604 0)
(0.0182382 -0.00342895 0)
(0.0217587 -0.00328755 0)
(0.024919 -0.00332474 0)
(0.0278205 -0.00363119 0)
(0.0310715 -0.00366858 0)
(0.0330247 -0.0048414 0)
(0.03881 -0.00668446 0)
(-0.0150303 0.0184558 0)
(-0.0110534 -0.00994263 0)
(-0.0115365 0.000283595 0)
(-0.0131266 0.00206031 0)
(-0.0152002 0.00215411 0)
(-0.0169257 0.00122828 0)
(-0.0167481 -0.000611433 0)
(-0.0145471 -0.00265168 0)
(-0.0102956 -0.00443727 0)
(-0.00449489 -0.00550168 0)
(0.00198647 -0.00573918 0)
(0.00825681 -0.00537246 0)
(0.0137405 -0.00475904 0)
(0.0181979 -0.00421234 0)
(0.0217275 -0.00394016 0)
(0.0246146 -0.00389723 0)
(0.0270221 -0.00417652 0)
(0.0294982 -0.00416864 0)
(0.0310439 -0.00530841 0)
(0.0347045 -0.00734428 0)
(-0.0141611 0.0210486 0)
(-0.0107041 -0.0102492 0)
(-0.012299 0.000560623 0)
(-0.0139462 0.00243726 0)
(-0.0167086 0.00260335 0)
(-0.0186915 0.00141251 0)
(-0.0187712 -0.000815472 0)
(-0.0166785 -0.00329568 0)
(-0.0124042 -0.00546736 0)
(-0.00644814 -0.00677665 0)
(0.000312628 -0.00706627 0)
(0.00694118 -0.00659651 0)
(0.0127684 -0.00578808 0)
(0.0174387 -0.00502232 0)
(0.0209474 -0.00456508 0)
(0.0234994 -0.00438563 0)
(0.0253403 -0.0045933 0)
(0.0270494 -0.00453785 0)
(0.0283308 -0.00557174 0)
(0.0301395 -0.00776835 0)
(-0.0133446 0.0234926 0)
(-0.0101839 -0.0103638 0)
(-0.0126123 0.00088275 0)
(-0.01447 0.00293504 0)
(-0.0179073 0.00313921 0)
(-0.0201898 0.00165904 0)
(-0.0205515 -0.000977312 0)
(-0.0186128 -0.00392162 0)
(-0.0143992 -0.00650276 0)
(-0.00842211 -0.00807829 0)
(-0.00155885 -0.00844184 0)
(0.00526613 -0.00787758 0)
(0.0113012 -0.00686355 0)
(0.0160851 -0.0058451 0)
(0.0194951 -0.00514835 0)
(0.0216281 -0.00477548 0)
(0.0228848 -0.00488287 0)
(0.0239746 -0.0048075 0)
(0.0252649 -0.005687 0)
(0.0255698 -0.00799078 0)
(-0.0125714 0.025782 0)
(-0.00959002 -0.01034 0)
(-0.0126166 0.00124518 0)
(-0.0147259 0.00355085 0)
(-0.0187797 0.00376096 0)
(-0.0213664 0.00197143 0)
(-0.0220022 -0.00109276 0)
(-0.020224 -0.00451971 0)
(-0.0161177 -0.00752401 0)
(-0.0102279 -0.00937656 0)
(-0.00343166 -0.00983009 0)
(0.00340916 -0.00918265 0)
(0.00948626 -0.0079575 0)
(0.0142482 -0.00665806 0)
(0.0174542 -0.00567046 0)
(0.019095 -0.00505883 0)
(0.0198542 -0.00507009 0)
(0.020609 -0.00503447 0)
(0.0221906 -0.00571502 0)
(0.0213022 -0.00804803 0)
(-0.0118267 0.0279186 0)
(-0.00901167 -0.0102088 0)
(-0.0124781 0.00163741 0)
(-0.0148014 0.00427122 0)
(-0.0193789 0.00446067 0)
(-0.0222483 0.00234663 0)
(-0.023124 -0.00116447 0)
(-0.0214768 -0.00508808 0)
(-0.0174746 -0.00851932 0)
(-0.0117322 -0.0106465 0)
(-0.00514292 -0.0111942 0)
(0.00152235 -0.0104752 0)
(0.00746152 -0.00903685 0)
(0.0120478 -0.00743425 0)
(0.014944 -0.00611336 0)
(0.0160714 -0.0052439 0)
(0.0165476 -0.00520462 0)
(0.0173029 -0.00528177 0)
(0.0193264 -0.00569841 0)
(0.0174843 -0.0079724 0)
(-0.0110942 0.0299103 0)
(-0.0085115 -0.00997969 0)
(-0.0123596 0.00204737 0)
(-0.0148146 0.0050758 0)
(-0.019809 0.00522577 0)
(-0.0229306 0.00277739 0)
(-0.0240045 -0.00120019 0)
(-0.0224319 -0.00563359 0)
(-0.0184689 -0.00948859 0)
(-0.0128585 -0.0118735 0)
(-0.00656224 -0.0125031 0)
(-0.000247751 -0.0117175 0)
(0.0053786 -0.0100666 0)
(0.0096372 -0.00814693 0)
(0.0121408 -0.00646755 0)
(0.012814 -0.0053594 0)
(0.013304 -0.00534738 0)
(0.0143032 -0.00559219 0)
(0.016732 -0.0056529 0)
(0.0141502 -0.00779424 0)
(-0.0103586 0.0317671 0)
(-0.00811875 -0.0096436 0)
(-0.0123915 0.00246864 0)
(-0.0148864 0.00594255 0)
(-0.0202053 0.00604377 0)
(-0.0235661 0.00325663 0)
(-0.0248145 -0.00120954 0)
(-0.0232498 -0.00617129 0)
(-0.0191986 -0.0104465 0)
(-0.013605 -0.0130579 0)
(-0.00760701 -0.0137376 0)
(-0.00176838 -0.0128761 0)
(0.00339774 -0.0110157 0)
(0.00720238 -0.00877461 0)
(0.00927272 -0.00673655 0)
(0.0096258 -0.00544777 0)
(0.010393 -0.0055458 0)
(0.0116826 -0.00597258 0)
(0.0143591 -0.00557743 0)
(0.0112862 -0.00754708 0)
(-0.00960548 0.0334991 0)
(-0.00782844 -0.00917913 0)
(-0.0126543 0.00290353 0)
(-0.0151192 0.00685353 0)
(-0.0207151 0.00690743 0)
(-0.0243422 0.00378217 0)
(-0.0257801 -0.00119976 0)
(-0.0241647 -0.00672306 0)
(-0.0198539 -0.0114249 0)
(-0.0140572 -0.0142196 0)
(-0.00825013 -0.0148913 0)
(-0.00294203 -0.0139263 0)
(0.0016605 -0.0118638 0)
(0.00493591 -0.00930599 0)
(0.00658099 -0.00693615 0)
(0.00677711 -0.00554837 0)
(0.00792564 -0.00581352 0)
(0.00937621 -0.00639976 0)
(0.012136 -0.0054712 0)
(0.00887558 -0.00726912 0)
(-0.0088223 0.0351134 0)
(-0.00760648 -0.00855746 0)
(-0.0131732 0.00336397 0)
(-0.0155837 0.00780047 0)
(-0.0214739 0.00782069 0)
(-0.0254411 0.00436195 0)
(-0.0271187 -0.00117558 0)
(-0.0254122 -0.00731756 0)
(-0.0206704 -0.0124741 0)
(-0.0143799 -0.0154045 0)
(-0.00852449 -0.0159775 0)
(-0.00371843 -0.0148588 0)
(0.000265005 -0.0125986 0)
(0.00299785 -0.00974228 0)
(0.00426388 -0.00708757 0)
(0.00442655 -0.00567953 0)
(0.00585466 -0.00612915 0)
(0.00728095 -0.00684025 0)
(0.0100142 -0.00534393 0)
(0.00690966 -0.00699888 0)
(-0.0079963 0.0366113 0)
(-0.00739336 -0.00774947 0)
(-0.0139259 0.00387021 0)
(-0.0163132 0.0087875 0)
(-0.0225773 0.00879875 0)
(-0.0269799 0.00500844 0)
(-0.028945 -0.00114132 0)
(-0.027124 -0.00798237 0)
(-0.0218404 -0.0136486 0)
(-0.0147808 -0.016682 0)
(-0.00852077 -0.0170392 0)
(-0.00409035 -0.0156802 0)
(-0.000736863 -0.0132125 0)
(0.00148266 -0.0100935 0)
(0.00243074 -0.00720648 0)
(0.00259249 -0.00583079 0)
(0.00405773 -0.00645053 0)
(0.00532576 -0.00726894 0)
(0.00796274 -0.00521902 0)
(0.00537995 -0.00677359 0)
(-0.0071139 0.0379849 0)
(-0.00710851 -0.0067345 0)
(-0.0148553 0.00445013 0)
(-0.017298 0.0098299 0)
(-0.0240469 0.00986099 0)
(-0.0289439 0.00572789 0)
(-0.0311831 -0.00109835 0)
(-0.0292342 -0.00871905 0)
(-0.0234144 -0.0149685 0)
(-0.0154418 -0.018115 0)
(-0.00837946 -0.0181474 0)
(-0.00408221 -0.0164166 0)
(-0.00133296 -0.0137096 0)
(0.000409605 -0.010368 0)
(0.00108862 -0.00729513 0)
(0.00119095 -0.00596862 0)
(0.00242478 -0.00673175 0)
(0.00347665 -0.00767948 0)
(0.00594399 -0.00513947 0)
(0.00427814 -0.00664228 0)
(-0.0061513 0.0392253 0)
(-0.00665399 -0.00549303 0)
(-0.0158786 0.00513706 0)
(-0.0184772 0.010947 0)
(-0.0257942 0.0110202 0)
(-0.0311338 0.00651559 0)
(-0.033529 -0.00103926 0)
(-0.0314532 -0.00949429 0)
(-0.0252417 -0.0164031 0)
(-0.0164337 -0.0197223 0)
(-0.00826988 -0.0193633 0)
(-0.00375033 -0.0171116 0)
(-0.00153454 -0.0141086 0)
(-0.000254867 -0.0105683 0)
(0.000166393 -0.00734755 0)
(0.00010556 -0.00605602 0)
(0.000894983 -0.00694167 0)
(0.0017143 -0.00807121 0)
(0.00391384 -0.00516257 0)
(0.00363347 -0.00666585 0)
(-0.00512559 0.0402574 0)
(-0.005932 -0.0039179 0)
(-0.0168857 0.00596372 0)
(-0.0197232 0.0121521 0)
(-0.0275889 0.01227 0)
(-0.0331502 0.00735091 0)
(-0.0354898 -0.000973703 0)
(-0.033326 -0.0103082 0)
(-0.0269798 -0.0179476 0)
(-0.0176413 -0.0215128 0)
(-0.00833388 -0.0207067 0)
(-0.00318884 -0.0177846 0)
(-0.00136347 -0.0144233 0)
(-0.000553614 -0.010708 0)
(-0.000431365 -0.00736464 0)
(-0.000756225 -0.00608044 0)
(-0.000540425 -0.00708343 0)
(3.27293e-05 -0.00839709 0)
(0.00186728 -0.0052979 0)
(0.00356764 -0.00683376 0)
(-0.00370716 0.0412573 0)
(-0.00493323 -0.00193606 0)
(-0.0177323 0.00692847 0)
(-0.020817 0.0134452 0)
(-0.0290295 0.0135869 0)
(-0.0344068 0.00817858 0)
(-0.0364723 -0.000984896 0)
(-0.0343064 -0.0112531 0)
(-0.0281106 -0.0196634 0)
(-0.0186933 -0.0235311 0)
(-0.00856618 -0.0222226 0)
(-0.00252139 -0.0184401 0)
(-0.000853915 -0.0146407 0)
(-0.000497612 -0.0107794 0)
(-0.00074343 -0.0073428 0)
(-0.00142383 -0.006036 0)
(-0.00181147 -0.00717161 0)
(-0.00150641 -0.00855865 0)
(-6.38606e-05 -0.00549233 0)
(0.00421143 -0.00706348 0)
(-0.00621233 0.0404618 0)
(-0.00206185 0.000574385 0)
(-0.0185574 0.00961828 0)
(-0.0209284 0.0168874 0)
(-0.0290266 0.0165531 0)
(-0.0333047 0.00967688 0)
(-0.0344813 -0.00142611 0)
(-0.0322732 -0.0137243 0)
(-0.0269841 -0.0238626 0)
(-0.0186841 -0.0287772 0)
(-0.00855152 -0.0267947 0)
(-0.000801962 -0.0205338 0)
(0.00127688 -0.0149246 0)
(0.000810092 -0.0104448 0)
(-0.000402145 -0.00680366 0)
(-0.00214334 -0.00536962 0)
(-0.00380867 -0.00691365 0)
(-0.00415648 -0.0087777 0)
(-0.00335356 -0.0070804 0)
(0.00673516 -0.00907404 0)
(0.0126934 0.0327075 0)
(0.017028 0.0147051 0)
(-0.00988358 0.015245 0)
(-0.0117605 0.0218817 0)
(-0.0202968 0.0204733 0)
(-0.0237357 0.0115173 0)
(-0.0249296 -0.00188128 0)
(-0.0234932 -0.0165356 0)
(-0.0200133 -0.029125 0)
(-0.0145624 -0.0362262 0)
(-0.00689983 -0.0347343 0)
(0.00181694 -0.0251455 0)
(0.00537797 -0.0155297 0)
(0.0042286 -0.00930268 0)
(0.00175998 -0.00503444 0)
(-0.00162979 -0.00333069 0)
(-0.00499231 -0.0056963 0)
(-0.00627307 -0.00960992 0)
(-0.0058996 -0.0122648 0)
(0.00908106 -0.0154741 0)
(0.032185 0.025975 0)
(0.0367852 0.0278158 0)
(0.012023 0.0246427 0)
(0.00401413 0.0273056 0)
(-0.00322161 0.0252763 0)
(-0.00590837 0.0146169 0)
(-0.00733483 -0.000530766 0)
(-0.00686259 -0.0168481 0)
(-0.00495414 -0.0310098 0)
(-0.00253988 -0.0397918 0)
(0.000270456 -0.0405067 0)
(0.00548002 -0.030556 0)
(0.00964284 -0.0167221 0)
(0.00857262 -0.00747785 0)
(0.00529452 -0.0023196 0)
(0.00146149 -0.000100968 0)
(-0.00259757 -0.00323274 0)
(-0.00457035 -0.0100401 0)
(-0.00588688 -0.0172146 0)
(0.00535876 -0.0223032 0)
(0.0433612 0.0228805 0)
(0.0506685 0.035373 0)
(0.0388933 0.0373242 0)
(0.0245595 0.0342779 0)
(0.0162943 0.0286735 0)
(0.0133239 0.016903 0)
(0.0114463 0.000589362 0)
(0.0111015 -0.0173975 0)
(0.0118314 -0.0322575 0)
(0.0124634 -0.040488 0)
(0.01186 -0.0418136 0)
(0.0116308 -0.0334335 0)
(0.0132842 -0.0178164 0)
(0.0122045 -0.00553836 0)
(0.00847028 0.000530902 0)
(0.00492508 0.0028901 0)
(0.00143062 -0.000141476 0)
(-0.000665995 -0.00839841 0)
(-0.00401937 -0.0185951 0)
(0.001748 -0.0261064 0)
(0.0477386 0.0199807 0)
(0.056237 0.0341483 0)
(0.0592245 0.0452035 0)
(0.0504288 0.0441513 0)
(0.0402388 0.0344179 0)
(0.0343775 0.0188771 0)
(0.0312689 0.00105563 0)
(0.0300233 -0.0174455 0)
(0.0287807 -0.0326786 0)
(0.0266491 -0.0398608 0)
(0.023382 -0.0400757 0)
(0.0190902 -0.0325538 0)
(0.0165387 -0.0170835 0)
(0.014114 -0.00317662 0)
(0.0100513 0.00350806 0)
(0.00668784 0.00535984 0)
(0.00404291 0.00219221 0)
(0.00296571 -0.00603511 0)
(-0.00135257 -0.0177715 0)
(0.00112853 -0.0278564 0)
(0.0494405 0.0186504 0)
(0.0553986 0.0265462 0)
(0.0676045 0.0424975 0)
(0.0719207 0.0495802 0)
(0.067874 0.0426336 0)
(0.0619688 0.0258267 0)
(0.056504 0.00555172 0)
(0.0515264 -0.014241 0)
(0.046058 -0.0298368 0)
(0.0393713 -0.0363393 0)
(0.032395 -0.0356607 0)
(0.024961 -0.0284531 0)
(0.018686 -0.0137263 0)
(0.0141507 0.000191661 0)
(0.00976407 0.00659018 0)
(0.00671361 0.00739408 0)
(0.00477484 0.00350639 0)
(0.00438771 -0.00453547 0)
(0.000873423 -0.0161429 0)
(0.00151307 -0.0282948 0)
(0.048738 0.0185716 0)
(0.0514958 0.0185722 0)
(0.0645725 0.031458 0)
(0.078864 0.0444662 0)
(0.0853639 0.0447726 0)
(0.0843653 0.0319048 0)
(0.0785612 0.012638 0)
(0.0698769 -0.00738451 0)
(0.059728 -0.0229859 0)
(0.0483665 -0.0290992 0)
(0.0377024 -0.0284532 0)
(0.0276503 -0.0217898 0)
(0.0186753 -0.00807656 0)
(0.012513 0.00449578 0)
(0.00836274 0.00953356 0)
(0.00602446 0.00902275 0)
(0.004724 0.00441893 0)
(0.00435547 -0.00369683 0)
(0.00162228 -0.0147358 0)
(0.0031969 -0.0285757 0)
(0.0443527 0.0176544 0)
(0.0459591 0.0133826 0)
(0.0546499 0.0192695 0)
(0.0704355 0.0320583 0)
(0.0836196 0.0382715 0)
(0.0882312 0.032356 0)
(0.0841095 0.0182124 0)
(0.0752334 0.000567255 0)
(0.0640878 -0.0137504 0)
(0.0506469 -0.0193394 0)
(0.0382749 -0.0194282 0)
(0.0267853 -0.0134118 0)
(0.0163945 -0.00107438 0)
(0.010142 0.0087966 0)
(0.00701181 0.0118312 0)
(0.00542742 0.010225 0)
(0.00415101 0.00535875 0)
(0.00312641 -0.00275496 0)
(0.000916555 -0.0141846 0)
(0.00411029 -0.0296181 0)
(0.0366603 0.0150856 0)
(0.038664 0.0104577 0)
(0.042355 0.0112461 0)
(0.0531368 0.02033 0)
(0.0660402 0.0290628 0)
(0.073148 0.0297806 0)
(0.0725794 0.0213678 0)
(0.0679998 0.00691733 0)
(0.0591387 -0.00457508 0)
(0.0462199 -0.00923651 0)
(0.0346264 -0.0101492 0)
(0.0229647 -0.00439163 0)
(0.0128152 0.00573245 0)
(0.00792325 0.0120678 0)
(0.00575994 0.0133671 0)
(0.00412747 0.011355 0)
(0.00188668 0.0067527 0)
(0.000483427 -0.00170471 0)
(-0.000316067 -0.0149812 0)
(0.00208145 -0.0309814 0)
(0.0273958 0.0114404 0)
(0.0303738 0.0087676 0)
(0.0313096 0.00812672 0)
(0.0356222 0.0139109 0)
(0.0439972 0.022502 0)
(0.0515095 0.0262462 0)
(0.0560838 0.0207769 0)
(0.0563126 0.0102955 0)
(0.048336 0.00351108 0)
(0.037646 -0.000447228 0)
(0.0284814 -0.00164092 0)
(0.0171824 0.00429516 0)
(0.00869873 0.0111912 0)
(0.00520648 0.0143963 0)
(0.00285513 0.0149491 0)
(0.000391855 0.0131327 0)
(-0.00191667 0.00812833 0)
(-0.00158499 -0.00169224 0)
(-0.000185835 -0.0166548 0)
(0.00302737 -0.0321984 0)
(0.0188572 0.00746382 0)
(0.0226633 0.00706564 0)
(0.0240353 0.0073219 0)
(0.0255442 0.0112661 0)
(0.0303553 0.0175264 0)
(0.0376712 0.0203847 0)
(0.0436984 0.0173299 0)
(0.0425333 0.0133914 0)
(0.0349562 0.0104337 0)
(0.0291051 0.00569768 0)
(0.0212609 0.00606978 0)
(0.0102371 0.0119965 0)
(0.00376248 0.0153883 0)
(0.000241671 0.0169413 0)
(-0.0028419 0.0172836 0)
(-0.00499072 0.0148051 0)
(-0.00483937 0.00792374 0)
(-0.00205706 -0.00316913 0)
(0.000997798 -0.0183113 0)
(0.0013359 -0.0327189 0)
(0.0157356 0.00371436 0)
(0.019048 0.00449882 0)
(0.0216774 0.00568826 0)
(0.0238171 0.0086583 0)
(0.0269004 0.0127245 0)
(0.0305452 0.0155595 0)
(0.0310821 0.0171189 0)
(0.0271058 0.0177844 0)
(0.0242685 0.0140097 0)
(0.0221585 0.00995387 0)
(0.0128713 0.01398 0)
(0.00300756 0.0184182 0)
(-0.00233771 0.0191815 0)
(-0.00637552 0.0199741 0)
(-0.00884461 0.0191648 0)
(-0.00885049 0.0145596 0)
(-0.00578867 0.00541443 0)
(-0.00212141 -0.00625652 0)
(0.00307667 -0.0203591 0)
(0.00353842 -0.0326098 0)
(0.0233751 0.00250368 0)
(0.0245164 0.00219509 0)
(0.024065 0.0033672 0)
(0.0226924 0.00711552 0)
(0.0208759 0.0122014 0)
(0.0186592 0.0169568 0)
(0.0163838 0.0201026 0)
(0.0162252 0.0189974 0)
(0.0184755 0.0141422 0)
(0.0151107 0.014913 0)
(0.00422671 0.0218912 0)
(-0.0032583 0.023529 0)
(-0.00800621 0.0227711 0)
(-0.0111402 0.0221337 0)
(-0.0115908 0.0190661 0)
(-0.00907225 0.0120649 0)
(-0.00419512 0.00147177 0)
(-0.000396107 -0.0102414 0)
(0.00578874 -0.0224642 0)
(0.00431384 -0.0322974 0)
(0.0267861 -4.1552e-05 0)
(0.0222893 0.00344207 0)
(0.0161134 0.00709651 0)
(0.0104726 0.0117467 0)
(0.00651086 0.0163567 0)
(0.00524998 0.0192158 0)
(0.00740479 0.0190912 0)
(0.0117703 0.0159859 0)
(0.0134166 0.0148362 0)
(0.00682787 0.021573 0)
(-0.0024417 0.0284024 0)
(-0.00675116 0.0273881 0)
(-0.00996538 0.0253099 0)
(-0.0108743 0.0225245 0)
(-0.00903523 0.0171128 0)
(-0.00487143 0.00852367 0)
(0.000967848 -0.00240537 0)
(0.00395799 -0.0134097 0)
(0.0095218 -0.0237191 0)
(0.00567847 -0.0326364 0)
(0.00798842 0.00722391 0)
(0.00247215 0.0103782 0)
(-0.00246997 0.0132853 0)
(-0.00521239 0.0157506 0)
(-0.00486439 0.0168389 0)
(-0.00136352 0.0161612 0)
(0.00354537 0.0143847 0)
(0.00661268 0.0137961 0)
(0.00525887 0.0182352 0)
(-0.00106812 0.0279172 0)
(-0.00522894 0.0320978 0)
(-0.0059093 0.0293736 0)
(-0.00623628 0.0260483 0)
(-0.00445541 0.0213377 0)
(-0.000713309 0.0142683 0)
(0.0041219 0.00473824 0)
(0.00902743 -0.00577424 0)
(0.00991524 -0.0151323 0)
(0.012478 -0.0231545 0)
(0.00203762 -0.0303773 0)
(-0.0145638 0.0110745 0)
(-0.015933 0.0131398 0)
(-0.0158742 0.0140305 0)
(-0.0140324 0.0139511 0)
(-0.0106771 0.0130869 0)
(-0.00691112 0.0122314 0)
(-0.00414729 0.0123156 0)
(-0.00319423 0.014948 0)
(-0.00398226 0.021967 0)
(-0.00560223 0.030638 0)
(-0.00348448 0.0321727 0)
(-0.000241414 0.0286957 0)
(0.00294065 0.0245352 0)
(0.00718773 0.0187122 0)
(0.0120863 0.0109059 0)
(0.0163263 0.00158118 0)
(0.0188447 -0.0073125 0)
(0.0167883 -0.0145701 0)
(0.0169316 -0.0201624 0)
(0.00577792 -0.0250321 0)
(-0.024934 0.0100695 0)
(-0.0235418 0.0114086 0)
(-0.0215119 0.0115796 0)
(-0.0197608 0.0114298 0)
(-0.0184686 0.0108158 0)
(-0.0174593 0.0106901 0)
(-0.0161044 0.0116467 0)
(-0.013744 0.0151418 0)
(-0.0102794 0.0216819 0)
(-0.00565222 0.0282014 0)
(0.0018728 0.0282403 0)
(0.00875675 0.0250405 0)
(0.0150158 0.0208437 0)
(0.0208298 0.0151405 0)
(0.0257047 0.00812137 0)
(0.0284091 0.000519788 0)
(0.0284818 -0.00636021 0)
(0.0238292 -0.0115192 0)
(0.0211908 -0.0150124 0)
(0.00249302 -0.0182771 0)
(-0.0250362 0.00788539 0)
(-0.0235436 0.00961823 0)
(-0.0225281 0.0102107 0)
(-0.0223082 0.011087 0)
(-0.0224555 0.010121 0)
(-0.0223447 0.0094038 0)
(-0.0212476 0.0089227 0)
(-0.017801 0.0107907 0)
(-0.0114623 0.0156501 0)
(-0.00251382 0.0206107 0)
(0.00805171 0.0205868 0)
(0.0176193 0.0183091 0)
(0.0257982 0.0150967 0)
(0.0321988 0.010461 0)
(0.0364684 0.00509021 0)
(0.0377447 -0.000208421 0)
(0.0366319 -0.00479812 0)
(0.0308077 -0.00716061 0)
(0.026759 -0.00799238 0)
(0.00328602 -0.00784918 0)
(-0.0208139 0.00733512 0)
(-0.0191167 0.011274 0)
(-0.0176816 0.0110903 0)
(-0.0156493 0.0138104 0)
(-0.0128648 0.0110975 0)
(-0.00946488 0.010761 0)
(-0.00644607 0.00874484 0)
(-0.00221445 0.00735576 0)
(0.0029908 0.00881727 0)
(0.0102493 0.011303 0)
(0.019338 0.0112511 0)
(0.0287156 0.00958163 0)
(0.036769 0.00921853 0)
(0.0426665 0.00610721 0)
(0.046698 0.00301686 0)
(0.0475077 0.000172393 0)
(0.0457134 -0.00216032 0)
(0.0390653 -0.0016377 0)
(0.0335693 0.000716026 0)
(0.00864139 0.0060328 0)
(-0.0101353 0.00207584 0)
(-0.00889416 0.0100985 0)
(-0.00640804 0.00246212 0)
(-0.00263832 0.00857837 0)
(0.00261556 -0.000266692 0)
(0.0111134 0.00382469 0)
(0.0161786 0.0032894 0)
(0.0215722 0.00136273 0)
(0.025668 0.00531073 0)
(0.0277667 0.00593612 0)
(0.0305281 0.00411302 0)
(0.0369003 0.00292753 0)
(0.0399711 0.00449322 0)
(0.0415376 0.0034127 0)
(0.0430446 0.00200022 0)
(0.0425558 0.00247258 0)
(0.0412159 -4.55909e-05 0)
(0.0371944 0.00711611 0)
(0.0333041 0.00747495 0)
(0.0279047 0.0139644 0)
)
;

boundaryField
{
    left_open
    {
        type            pressureInletOutletVelocity;
        value           nonuniform List<vector> 
40
(
(0.00770558 0 0)
(0.0244048 0 0)
(0.0404214 0 0)
(0.0548909 0 0)
(0.0674828 0 0)
(0.0781056 0 0)
(0.0867783 0 0)
(0.0935689 0 0)
(0.0985617 0 0)
(0.10184 0 0)
(0.10348 0 0)
(0.103549 0 0)
(0.102109 0 0)
(0.0992285 0 0)
(0.0949861 0 0)
(0.0894787 0 0)
(0.0828283 0 0)
(0.0751845 0 0)
(0.0667259 0 0)
(0.0576585 0 0)
(0.0350259 0 0)
(0.0118609 0 0)
(0.00251744 0 0)
(0.00110357 0 0)
(0.00198533 0 0)
(0.00100695 0 0)
(0.000473387 0 0)
(0.0010369 0 0)
(0.000974259 0 0)
(0.00371085 0 0)
(0.00512203 0 0)
(-0.000478153 -0.02787 0)
(0.00207146 0 0)
(-0.00154131 -0.0192659 0)
(-0.00326983 -0.0169977 0)
(-0.00101113 0 0)
(-0.00181484 0 0)
(-0.0115986 -0.00303675 0)
(-0.00539243 -0.00300458 0)
(-0.00739227 0.00342033 0)
)
;
    }
    right_open
    {
        type            pressureInletOutletVelocity;
        value           nonuniform List<vector> 
40
(
(0.0181933 -0.000338176 0)
(0.0352675 -0.0017105 0)
(0.0418688 -0.00321185 0)
(0.043287 -0.0046029 0)
(0.0418991 -0.00576965 0)
(0.03881 -0.00668446 0)
(0.0347045 -0.00734428 0)
(0.0301395 -0.00776835 0)
(0.0255698 -0.00799078 0)
(0.0213022 -0.00804803 0)
(0.0174843 -0.0079724 0)
(0.0141502 -0.00779424 0)
(0.0112862 -0.00754708 0)
(0.00887558 -0.00726912 0)
(0.00690966 -0.00699888 0)
(0.00537995 -0.00677359 0)
(0.00427814 -0.00664228 0)
(0.00363347 -0.00666585 0)
(0.00356764 -0.00683376 0)
(0.00421143 -0.00706348 0)
(0.00673516 -0.00907404 0)
(0.00908106 -0.0154741 0)
(0.00535876 -0.0223032 0)
(0.001748 -0.0261064 0)
(0.00112853 -0.0278564 0)
(0.00151307 -0.0282948 0)
(0.0031969 -0.0285757 0)
(0.00411029 -0.0296181 0)
(0.00208145 -0.0309814 0)
(0.00302737 -0.0321984 0)
(0.0013359 -0.0327189 0)
(0.00353842 -0.0326098 0)
(0.00431384 -0.0322974 0)
(0.00567847 -0.0326364 0)
(0.00203762 -0.0303773 0)
(0.00577792 -0.0250321 0)
(0.00249302 -0.0182771 0)
(0.00328602 -0.00784918 0)
(0.00864139 0.0060328 0)
(0.0279047 0.0139644 0)
)
;
    }
    base_side
    {
        type            noSlip;
    }
    top
    {
        type            pressureInletOutletVelocity;
        value           nonuniform List<vector> 
65
(
(-0.00739227 0.00342033 0)
(-0.0116722 0.00241121 0)
(-0.0168744 0.00843026 0)
(-0.0215397 0.00242251 0)
(-0.0213538 0.00312223 0)
(-0.0222408 0.00321548 0)
(-0.0208506 0.00109165 0)
(0 -0.00287458 0)
(-0.0114026 0.00928628 0)
(0 -0.00209865 0)
(-0.00845687 0.00548061 0)
(-0.0183068 0.0063901 0)
(0 -0.000774293 0)
(0 -0.00397754 0)
(-0.0360921 0.00407103 0)
(-0.0400035 0.00244942 0)
(-0.0388767 0.00280196 0)
(-0.0365651 0.00563124 0)
(-0.0312942 0.0037886 0)
(-0.0212833 0.00138947 0)
(-0.0147996 0.0032644 0)
(-0.0137624 0.00750988 0)
(-0.0130771 0.00255485 0)
(-0.0119247 0.00733249 0)
(-0.0139316 0.0142138 0)
(-0.0154988 0.00493386 0)
(-0.0147456 0.00678028 0)
(-0.0141044 0.00153703 0)
(-0.0133298 0.00429142 0)
(-0.0129095 0.00365192 0)
(0 9.76072e-05 0)
(0 0.000528734 0)
(-0.0119675 0.00427207 0)
(-0.0123575 0.00729434 0)
(-0.0133028 0.00792641 0)
(0 -0.000628875 0)
(0 0.000748666 0)
(0 0.00175826 0)
(0 -0.00114321 0)
(-0.00972619 0.00374782 0)
(-0.00884753 0.00306314 0)
(-0.00758344 0.00553248 0)
(-0.00849827 0.0102704 0)
(-0.0108819 0.00905472 0)
(-0.0127934 0.00802045 0)
(0 0.00207584 0)
(-0.00889416 0.0100985 0)
(0 0.00246212 0)
(-0.00263832 0.00857837 0)
(0 -0.000266692 0)
(0.0111134 0.00382469 0)
(0.0161786 0.0032894 0)
(0.0215722 0.00136273 0)
(0.025668 0.00531073 0)
(0.0277667 0.00593612 0)
(0.0305281 0.00411302 0)
(0 0.00292753 0)
(0.0399711 0.00449322 0)
(0.0415376 0.0034127 0)
(0.0430446 0.00200022 0)
(0.0425558 0.00247258 0)
(0 -4.55909e-05 0)
(0.0371944 0.00711611 0)
(0.0333041 0.00747495 0)
(0.0279047 0.0139644 0)
)
;
    }
    front
    {
        type            empty;
    }
    back
    {
        type            empty;
    }
    air_to_aluminum
    {
        type            noSlip;
    }
}


// ************************************************************************* //
