/*--------------------------------*- C++ -*----------------------------------*\
| =========                 |                                                 |
| \\      /  F ield         | OpenFOAM: The Open Source CFD Toolbox           |
|  \\    /   O peration     | Version:                                        |
|   \\  /    A nd           | Website:  www.openfoam.com                      |
|    \\/     M anipulation  |                                                 |
\*---------------------------------------------------------------------------*/
FoamFile
{
    version     2.0;
    format      ascii;
    class       volScalarField;
    location    "1914.0/aluminum";
    object      T;
}
// * * * * * * * * * * * * * * * * * * * * * * * * * * * * * * * * * * * * * //

dimensions      [0 0 0 1 0 0 0];


internalField   nonuniform List<scalar> 
372
(
307.26
307.271
307.291
307.321
307.253
307.263
307.283
307.313
307.238
307.247
307.267
307.298
307.216
307.224
307.241
307.271
307.36
307.408
307.464
307.533
307.354
307.401
307.453
307.511
307.343
307.391
307.439
307.485
307.332
307.383
307.428
307.465
307.607
307.675
307.767
307.562
307.6
307.635
307.516
307.536
307.551
307.481
307.491
307.497
307.859
307.875
307.859
307.649
307.651
307.649
307.555
307.556
307.555
307.499
307.499
307.499
307.767
307.675
307.607
307.635
307.6
307.562
307.551
307.536
307.516
307.497
307.491
307.481
307.533
307.464
307.407
307.36
307.511
307.453
307.401
307.354
307.484
307.439
307.391
307.343
307.465
307.428
307.383
307.331
307.32
307.291
307.27
307.26
307.313
307.283
307.263
307.253
307.298
307.267
307.247
307.238
307.271
307.241
307.224
307.216
307.189
307.195
307.204
307.215
307.16
307.163
307.168
307.173
307.13
307.132
307.135
307.137
307.101
307.102
307.104
307.105
307.074
307.075
307.076
307.076
307.048
307.049
307.05
307.05
307.025
307.026
307.026
307.026
307.004
307.004
307.005
307.005
306.985
306.985
306.986
306.986
306.968
306.969
306.969
306.969
306.954
306.954
306.955
306.955
306.942
306.942
306.943
306.943
306.932
306.932
306.933
306.933
306.925
306.925
306.925
306.925
306.919
306.92
306.92
306.92
306.917
306.917
306.917
306.917
307.454
307.456
307.458
307.423
307.424
307.424
307.393
307.394
307.394
307.365
307.365
307.365
307.339
307.339
307.339
307.315
307.315
307.315
307.293
307.293
307.293
307.273
307.273
307.273
307.256
307.256
307.256
307.24
307.24
307.24
307.227
307.227
307.227
307.215
307.215
307.216
307.206
307.206
307.206
307.199
307.199
307.199
307.194
307.194
307.194
307.192
307.192
307.192
307.458
307.458
307.458
307.424
307.424
307.424
307.394
307.394
307.394
307.365
307.365
307.365
307.339
307.339
307.339
307.315
307.315
307.315
307.293
307.293
307.293
307.273
307.273
307.273
307.256
307.256
307.256
307.24
307.24
307.24
307.227
307.227
307.227
307.216
307.216
307.216
307.206
307.206
307.206
307.199
307.199
307.199
307.194
307.194
307.194
307.192
307.192
307.192
307.458
307.456
307.454
307.424
307.424
307.423
307.394
307.394
307.393
307.365
307.365
307.365
307.339
307.339
307.339
307.315
307.315
307.315
307.293
307.293
307.293
307.273
307.273
307.273
307.256
307.256
307.256
307.24
307.24
307.24
307.227
307.227
307.227
307.216
307.215
307.215
307.206
307.206
307.206
307.199
307.199
307.199
307.194
307.194
307.194
307.192
307.192
307.192
307.215
307.204
307.195
307.189
307.173
307.168
307.163
307.16
307.137
307.135
307.132
307.13
307.105
307.104
307.102
307.101
307.076
307.075
307.074
307.074
307.05
307.049
307.049
307.048
307.026
307.026
307.025
307.025
307.005
307.004
307.004
307.003
306.986
306.985
306.985
306.985
306.969
306.969
306.968
306.968
306.954
306.954
306.954
306.953
306.942
306.942
306.942
306.941
306.932
306.932
306.932
306.931
306.925
306.924
306.924
306.924
306.919
306.919
306.919
306.918
306.916
306.916
306.916
306.915
)
;

boundaryField
{
    base_hotspot
    {
        type            fixedGradient;
        gradient        uniform 203.252;
    }
    base_adiabatic
    {
        type            zeroGradient;
    }
    front
    {
        type            empty;
    }
    back
    {
        type            empty;
    }
    aluminum_to_air
    {
        type            compressible::turbulentTemperatureCoupledBaffleMixed;
        refValue        nonuniform List<scalar> 
129
(
294.432
294.362
294.357
294.381
307.269
307.335
307.389
307.436
307.436
307.389
307.335
307.269
294.429
294.412
294.443
294.489
294.412
307.269
294.44
307.205
294.464
307.162
294.484
307.128
294.501
307.099
294.516
307.072
294.53
307.048
294.543
307.024
294.555
306.998
294.567
306.964
294.578
306.912
294.586
306.823
294.592
306.692
294.597
306.503
294.592
306.141
299.442
294.629
302.915
302.923
305.251
301.656
307.436
307.394
307.36
307.331
307.304
307.279
307.256
307.233
307.209
307.182
307.141
307.076
306.969
306.829
306.697
306.505
302.016
301.908
301.832
301.773
301.738
301.699
307.436
307.394
307.36
307.33
307.302
307.277
307.252
307.228
307.202
307.172
307.132
307.073
306.988
306.866
306.664
301.612
301.456
306.141
301.266
307.269
307.205
307.161
307.127
307.097
307.069
307.043
307.017
306.989
306.953
306.902
306.825
306.706
306.531
306.286
305.775
294.538
294.588
294.639
294.691
294.746
294.802
294.857
294.911
294.963
295.013
295.058
295.099
295.134
295.163
295.173
299.031
298.04
296.988
295.979
295.241
)
;
        refGradient     uniform 0;
        valueFraction   nonuniform List<scalar> 
129
(
2.89995e-05
2.89995e-05
2.89995e-05
2.89995e-05
0.000144981
0.000144981
0.000144981
0.000144981
0.000144981
0.000144981
0.000144981
0.000144981
2.89995e-05
2.89995e-05
2.89995e-05
2.89995e-05
2.89995e-05
0.000144981
2.89995e-05
0.000144981
2.89995e-05
0.000144981
2.89995e-05
0.000144981
2.89995e-05
0.000144981
2.89995e-05
0.000144981
2.89995e-05
0.000144981
2.89995e-05
0.000144981
2.89995e-05
0.000144981
2.89995e-05
0.000144981
2.89995e-05
0.000144981
2.89995e-05
0.000144981
2.89995e-05
0.000144981
2.89995e-05
0.000144981
2.89995e-05
0.000144981
3.62491e-05
2.89995e-05
3.62491e-05
3.62491e-05
0.000144981
3.62491e-05
8.21599e-05
8.21599e-05
8.21599e-05
8.21599e-05
8.21599e-05
8.21599e-05
8.21599e-05
8.21599e-05
8.21599e-05
8.21599e-05
8.21599e-05
8.21599e-05
8.21599e-05
8.21599e-05
8.21599e-05
8.21599e-05
3.62491e-05
3.62491e-05
3.62491e-05
3.62491e-05
3.62491e-05
3.62491e-05
8.21599e-05
8.21599e-05
8.21599e-05
8.21599e-05
8.21599e-05
8.21599e-05
8.21599e-05
8.21599e-05
8.21599e-05
8.21599e-05
8.21599e-05
8.21599e-05
8.21599e-05
8.21599e-05
8.21599e-05
3.62491e-05
3.62491e-05
8.21599e-05
3.62491e-05
0.000144981
0.000144981
0.000144981
0.000144981
0.000144981
0.000144981
0.000144981
0.000144981
0.000144981
0.000144981
0.000144981
0.000144981
0.000144981
0.000144981
0.000144981
0.000144981
2.89995e-05
2.89995e-05
2.89995e-05
2.89995e-05
2.89995e-05
2.89995e-05
2.89995e-05
2.89995e-05
2.89995e-05
2.89995e-05
2.89995e-05
2.89995e-05
2.89995e-05
2.89995e-05
2.89995e-05
3.62491e-05
3.62491e-05
3.62491e-05
3.62491e-05
2.89995e-05
)
;
        value           nonuniform List<scalar> 
129
(
307.259
307.252
307.237
307.216
307.331
307.382
307.428
307.465
307.465
307.428
307.382
307.331
307.259
307.252
307.237
307.215
307.189
307.215
307.159
307.172
307.129
307.136
307.1
307.105
307.073
307.076
307.048
307.05
307.024
307.026
307.003
307.005
306.984
306.986
306.967
306.969
306.953
306.954
306.941
306.942
306.931
306.933
306.924
306.925
306.919
306.92
306.916
306.916
306.917
306.917
306.917
306.917
307.454
307.423
307.393
307.365
307.339
307.315
307.293
307.273
307.255
307.24
307.226
307.215
307.206
307.199
307.194
307.191
307.191
307.191
307.191
307.191
307.191
307.191
307.454
307.423
307.393
307.365
307.339
307.315
307.293
307.273
307.255
307.24
307.226
307.215
307.206
307.199
307.194
307.191
307.191
307.191
307.191
307.215
307.172
307.136
307.104
307.076
307.049
307.026
307.004
306.985
306.969
306.954
306.942
306.932
306.924
306.919
306.916
307.189
307.159
307.129
307.1
307.073
307.047
307.024
307.003
306.984
306.967
306.953
306.94
306.931
306.923
306.918
306.916
306.915
306.915
306.915
306.915
)
;
        Tnbr            T;
        thicknessLayers 0();
        kappaLayers     0();
        kappaMethod     solidThermo;
        kappa           none;
        alphaAni        none;
        alpha           none;
    }
}


// ************************************************************************* //
