/*--------------------------------*- C++ -*----------------------------------*\
| =========                 |                                                 |
| \\      /  F ield         | OpenFOAM: The Open Source CFD Toolbox           |
|  \\    /   O peration     | Version:                                        |
|   \\  /    A nd           | Website:  www.openfoam.com                      |
|    \\/     M anipulation  |                                                 |
\*---------------------------------------------------------------------------*/
FoamFile
{
    version     2.0;
    format      ascii;
    class       volScalarField;
    location    "1859.0/aluminum";
    object      T;
}
// * * * * * * * * * * * * * * * * * * * * * * * * * * * * * * * * * * * * * //

dimensions      [0 0 0 1 0 0 0];


internalField   nonuniform List<scalar> 
372
(
306.87
306.881
306.901
306.931
306.863
306.873
306.893
306.923
306.848
306.858
306.877
306.908
306.827
306.835
306.851
306.881
306.97
307.018
307.074
307.144
306.964
307.011
307.063
307.121
306.953
307.001
307.049
307.095
306.942
306.993
307.038
307.076
307.217
307.285
307.378
307.172
307.21
307.245
307.126
307.146
307.161
307.091
307.101
307.107
307.469
307.485
307.469
307.259
307.261
307.259
307.165
307.166
307.165
307.109
307.109
307.109
307.378
307.285
307.217
307.245
307.21
307.172
307.161
307.146
307.126
307.107
307.101
307.091
307.144
307.074
307.018
306.97
307.121
307.063
307.011
306.964
307.095
307.049
307.001
306.953
307.076
307.038
306.993
306.942
306.931
306.901
306.881
306.871
306.924
306.893
306.873
306.863
306.908
306.877
306.858
306.848
306.881
306.851
306.835
306.827
306.8
306.805
306.815
306.826
306.771
306.774
306.779
306.783
306.741
306.743
306.745
306.747
306.712
306.713
306.714
306.715
306.684
306.685
306.686
306.687
306.659
306.66
306.66
306.661
306.636
306.636
306.637
306.637
306.615
306.615
306.616
306.616
306.596
306.596
306.597
306.597
306.579
306.58
306.58
306.58
306.565
306.565
306.566
306.566
306.553
306.553
306.553
306.554
306.543
306.543
306.544
306.544
306.535
306.536
306.536
306.536
306.53
306.531
306.531
306.531
306.528
306.528
306.528
306.528
307.064
307.066
307.068
307.034
307.034
307.035
307.004
307.004
307.004
306.976
306.976
306.976
306.949
306.95
306.95
306.926
306.926
306.926
306.904
306.904
306.904
306.884
306.884
306.884
306.866
306.866
306.866
306.851
306.851
306.851
306.837
306.837
306.837
306.826
306.826
306.826
306.817
306.817
306.817
306.809
306.81
306.81
306.804
306.805
306.805
306.802
306.802
306.802
307.069
307.069
307.069
307.035
307.035
307.035
307.004
307.004
307.004
306.976
306.976
306.976
306.95
306.95
306.95
306.926
306.926
306.926
306.904
306.904
306.904
306.884
306.884
306.884
306.866
306.866
306.866
306.851
306.851
306.851
306.837
306.837
306.837
306.826
306.826
306.826
306.817
306.817
306.817
306.81
306.81
306.81
306.805
306.805
306.805
306.802
306.802
306.802
307.068
307.066
307.064
307.035
307.034
307.034
307.004
307.004
307.004
306.976
306.976
306.976
306.95
306.95
306.949
306.926
306.926
306.926
306.904
306.904
306.904
306.884
306.884
306.884
306.866
306.866
306.866
306.851
306.851
306.851
306.837
306.837
306.837
306.826
306.826
306.826
306.817
306.817
306.817
306.81
306.81
306.81
306.805
306.805
306.805
306.802
306.802
306.802
306.826
306.815
306.805
306.8
306.783
306.779
306.774
306.771
306.747
306.745
306.743
306.741
306.715
306.714
306.713
306.712
306.687
306.686
306.685
306.684
306.661
306.66
306.66
306.659
306.637
306.637
306.636
306.636
306.616
306.615
306.615
306.614
306.597
306.596
306.596
306.596
306.58
306.58
306.579
306.579
306.565
306.565
306.565
306.564
306.553
306.553
306.553
306.552
306.543
306.543
306.543
306.542
306.536
306.536
306.535
306.535
306.53
306.53
306.53
306.53
306.528
306.527
306.527
306.527
)
;

boundaryField
{
    base_hotspot
    {
        type            fixedGradient;
        gradient        uniform 203.252;
    }
    base_adiabatic
    {
        type            zeroGradient;
    }
    front
    {
        type            empty;
    }
    back
    {
        type            empty;
    }
    aluminum_to_air
    {
        type            compressible::turbulentTemperatureCoupledBaffleMixed;
        refValue        nonuniform List<scalar> 
129
(
294.304
294.23
294.22
294.246
306.88
306.945
307
307.046
307.046
307
306.945
306.88
294.343
294.308
294.325
294.36
294.287
306.88
294.333
306.816
294.38
306.772
294.426
306.738
294.472
306.706
294.518
306.674
294.562
306.632
294.606
306.571
294.649
306.48
294.692
306.368
294.735
306.26
294.777
306.157
294.818
306.011
294.86
305.741
294.894
305.248
299.447
294.97
302.626
301.391
303.891
297.804
307.046
307.004
306.97
306.94
306.912
306.883
306.848
306.8
306.726
306.624
306.508
306.385
306.24
306.033
305.758
305.575
300.344
300.338
300.731
301.097
301.297
301.499
307.046
307.004
306.971
306.941
306.914
306.889
306.865
306.841
306.815
306.785
306.744
306.686
306.606
306.5
306.338
301.873
302.252
305.94
302.379
306.88
306.816
306.772
306.738
306.709
306.682
306.656
306.63
306.602
306.565
306.514
306.437
306.323
306.167
305.95
305.473
294.399
294.44
294.483
294.528
294.574
294.621
294.667
294.714
294.761
294.807
294.853
294.897
294.939
294.981
295.01
299.512
298.377
297.202
296.099
295.098
)
;
        refGradient     uniform 0;
        valueFraction   nonuniform List<scalar> 
129
(
2.89995e-05
2.89995e-05
2.89995e-05
2.89995e-05
0.000144981
0.000144981
0.000144981
0.000144981
0.000144981
0.000144981
0.000144981
0.000144981
2.89995e-05
2.89995e-05
2.89995e-05
2.89995e-05
2.89995e-05
0.000144981
2.89995e-05
0.000144981
2.89995e-05
0.000144981
2.89995e-05
0.000144981
2.89995e-05
0.000144981
2.89995e-05
0.000144981
2.89995e-05
0.000144981
2.89995e-05
0.000144981
2.89995e-05
0.000144981
2.89995e-05
0.000144981
2.89995e-05
0.000144981
2.89995e-05
0.000144981
2.89995e-05
0.000144981
2.89995e-05
0.000144981
2.89995e-05
0.000144981
3.62491e-05
2.89995e-05
3.62491e-05
3.62491e-05
0.000144981
3.62491e-05
8.21599e-05
8.21599e-05
8.21599e-05
8.21599e-05
8.21599e-05
8.21599e-05
8.21599e-05
8.21599e-05
8.21599e-05
8.21599e-05
8.21599e-05
8.21599e-05
8.21599e-05
8.21599e-05
8.21599e-05
8.21599e-05
3.62491e-05
3.62491e-05
3.62491e-05
3.62491e-05
3.62491e-05
3.62491e-05
8.21599e-05
8.21599e-05
8.21599e-05
8.21599e-05
8.21599e-05
8.21599e-05
8.21599e-05
8.21599e-05
8.21599e-05
8.21599e-05
8.21599e-05
8.21599e-05
8.21599e-05
8.21599e-05
8.21599e-05
3.62491e-05
3.62491e-05
8.21599e-05
3.62491e-05
0.000144981
0.000144981
0.000144981
0.000144981
0.000144981
0.000144981
0.000144981
0.000144981
0.000144981
0.000144981
0.000144981
0.000144981
0.000144981
0.000144981
0.000144981
0.000144981
2.89995e-05
2.89995e-05
2.89995e-05
2.89995e-05
2.89995e-05
2.89995e-05
2.89995e-05
2.89995e-05
2.89995e-05
2.89995e-05
2.89995e-05
2.89995e-05
2.89995e-05
2.89995e-05
2.89995e-05
3.62491e-05
3.62491e-05
3.62491e-05
3.62491e-05
2.89995e-05
)
;
        value           nonuniform List<scalar> 
129
(
306.87
306.862
306.847
306.826
306.941
306.993
307.038
307.075
307.075
307.038
306.993
306.941
306.87
306.862
306.848
306.826
306.799
306.825
306.77
306.783
306.74
306.747
306.711
306.715
306.684
306.686
306.658
306.66
306.635
306.637
306.614
306.615
306.595
306.596
306.578
306.58
306.564
306.565
306.552
306.553
306.542
306.543
306.535
306.536
306.53
306.53
306.527
306.527
306.528
306.528
306.527
306.527
307.064
307.033
307.003
306.975
306.949
306.925
306.903
306.883
306.866
306.85
306.837
306.825
306.816
306.809
306.804
306.801
306.801
306.801
306.801
306.801
306.802
306.802
307.064
307.033
307.003
306.975
306.949
306.925
306.903
306.884
306.866
306.85
306.837
306.826
306.816
306.809
306.804
306.802
306.802
306.802
306.801
306.825
306.783
306.747
306.715
306.686
306.66
306.637
306.615
306.596
306.58
306.565
306.553
306.543
306.535
306.53
306.527
306.799
306.77
306.74
306.711
306.684
306.658
306.635
306.614
306.595
306.578
306.564
306.552
306.542
306.534
306.529
306.527
306.527
306.526
306.526
306.526
)
;
        Tnbr            T;
        thicknessLayers 0();
        kappaLayers     0();
        kappaMethod     solidThermo;
        kappa           none;
        alphaAni        none;
        alpha           none;
    }
}


// ************************************************************************* //
