/*--------------------------------*- C++ -*----------------------------------*\
| =========                 |                                                 |
| \\      /  F ield         | OpenFOAM: The Open Source CFD Toolbox           |
|  \\    /   O peration     | Version:                                        |
|   \\  /    A nd           | Website:  www.openfoam.com                      |
|    \\/     M anipulation  |                                                 |
\*---------------------------------------------------------------------------*/
FoamFile
{
    version     2.0;
    format      ascii;
    class       volScalarField;
    location    "1816.0/air";
    object      T;
}
// * * * * * * * * * * * * * * * * * * * * * * * * * * * * * * * * * * * * * //

dimensions      [0 0 0 1 0 0 0];


internalField   nonuniform List<scalar> 
2228
(
306.574
306.64
306.694
306.74
306.51
306.573
306.637
306.698
306.467
306.527
306.596
306.664
306.433
306.492
306.562
306.635
306.403
306.461
306.533
306.607
306.376
306.432
306.505
306.582
306.35
306.402
306.476
306.557
306.323
306.367
306.443
306.532
306.292
306.32
306.4
306.505
306.254
306.249
306.338
306.473
306.199
306.132
306.238
306.429
306.119
305.94
306.077
306.368
306
305.636
305.821
306.28
305.829
305.18
305.416
306.156
305.591
304.517
304.762
305.969
305.087
303.538
303.686
305.507
306.739
306.692
306.638
306.573
306.696
306.631
306.567
306.507
306.66
306.584
306.515
306.462
306.628
306.544
306.472
306.425
306.597
306.506
306.432
306.391
306.567
306.468
306.393
306.359
306.539
306.429
306.352
306.329
306.51
306.386
306.309
306.299
306.481
306.339
306.259
306.267
306.448
306.279
306.195
306.232
306.407
306.19
306.096
306.187
306.347
306.035
305.919
306.118
306.249
305.755
305.597
306.006
306.094
305.299
305.062
305.796
305.911
304.727
304.287
305.27
305.768
304.3
303.469
304.065
296.13
297.04
297.954
298.788
293.245
293.197
293.261
293.413
293.112
293.049
292.974
292.902
293.13
293.121
293.104
293.076
293.141
293.14
293.14
293.138
293.147
293.146
293.146
293.147
293.149
293.149
293.148
293.148
293.154
293.153
293.152
293.151
293.167
293.165
293.164
293.162
293.181
293.179
293.178
293.177
293.16
293.16
293.16
293.161
293.17
293.167
293.164
293.162
293.255
293.252
293.249
293.246
293.376
293.376
293.377
293.378
293.498
293.495
293.493
293.493
293.62
293.614
293.609
293.604
293.725
293.714
293.704
293.695
293.777
293.765
293.754
293.744
293.707
293.693
293.675
293.653
293.544
293.538
293.53
293.522
299.446
299.7
299.815
300.392
293.666
293.94
294.181
294.423
292.849
292.824
292.826
292.847
293.038
292.993
292.945
292.896
293.134
293.124
293.11
293.089
293.148
293.149
293.15
293.149
293.148
293.149
293.15
293.152
293.15
293.15
293.15
293.15
293.161
293.16
293.158
293.157
293.176
293.174
293.173
293.171
293.162
293.163
293.164
293.165
293.159
293.157
293.155
293.154
293.243
293.239
293.235
293.23
293.379
293.38
293.38
293.381
293.495
293.498
293.502
293.507
293.601
293.598
293.597
293.597
293.688
293.681
293.676
293.674
293.734
293.725
293.715
293.703
293.629
293.604
293.578
293.553
293.515
293.507
293.5
293.496
300.783
301.061
301.356
294.622
294.775
294.943
292.875
292.902
292.937
292.859
292.833
292.809
293.069
293.052
293.033
293.146
293.144
293.14
293.153
293.154
293.155
293.15
293.151
293.151
293.156
293.155
293.155
293.17
293.169
293.168
293.165
293.166
293.166
293.153
293.152
293.152
293.227
293.224
293.221
293.38
293.38
293.379
293.511
293.513
293.516
293.598
293.599
293.601
293.672
293.672
293.671
293.689
293.678
293.665
293.535
293.523
293.512
293.494
293.494
293.494
301.567
301.68
301.795
295.069
295.139
295.212
292.964
292.98
292.997
292.793
292.785
292.778
293.019
293.012
293.004
293.137
293.135
293.133
293.156
293.156
293.157
293.152
293.152
293.152
293.155
293.155
293.154
293.168
293.167
293.167
293.167
293.167
293.167
293.152
293.152
293.151
293.219
293.218
293.217
293.379
293.378
293.378
293.518
293.519
293.52
293.603
293.604
293.605
293.67
293.669
293.669
293.655
293.649
293.644
293.504
293.5
293.497
293.493
293.493
293.492
302.017
302.352
302.716
295.364
295.62
295.918
293.034
293.099
293.179
292.764
292.745
292.729
292.988
292.964
292.939
293.128
293.12
293.111
293.157
293.157
293.157
293.153
293.154
293.155
293.154
293.154
293.154
293.166
293.166
293.165
293.167
293.168
293.168
293.151
293.152
293.152
293.215
293.212
293.209
293.377
293.376
293.374
293.522
293.526
293.529
293.607
293.61
293.613
293.668
293.665
293.661
293.633
293.617
293.6
293.49
293.48
293.471
293.49
293.487
293.486
303.404
303.6
302.597
300.827
296.515
297.49
298.209
298.371
293.326
293.628
294.064
294.554
292.711
292.705
292.736
292.829
292.901
292.848
292.793
292.742
293.094
293.068
293.035
292.996
293.156
293.153
293.146
293.135
293.157
293.16
293.162
293.164
293.155
293.156
293.157
293.159
293.164
293.163
293.162
293.162
293.168
293.167
293.167
293.167
293.152
293.153
293.154
293.155
293.205
293.199
293.193
293.186
293.371
293.365
293.356
293.344
293.533
293.536
293.537
293.533
293.618
293.621
293.622
293.62
293.654
293.641
293.626
293.609
293.577
293.548
293.521
293.495
293.459
293.444
293.431
293.418
293.482
293.479
293.478
293.477
300.926
301.837
301.791
299.137
298.266
298.135
298.215
297.547
294.962
295.219
295.391
295.552
292.981
293.162
293.336
293.487
292.707
292.694
292.708
292.726
292.951
292.904
292.859
292.821
293.12
293.099
293.072
293.046
293.164
293.163
293.158
293.152
293.162
293.164
293.167
293.169
293.162
293.162
293.163
293.165
293.166
293.166
293.166
293.166
293.156
293.157
293.158
293.16
293.18
293.173
293.166
293.161
293.329
293.31
293.288
293.266
293.523
293.506
293.482
293.45
293.612
293.599
293.58
293.554
293.589
293.566
293.541
293.512
293.468
293.441
293.413
293.386
293.406
293.395
293.385
293.376
293.477
293.478
293.477
293.476
293.15
293.15
293.15
293.15
293.15
293.15
293.151
293.147
293.118
293.051
292.975
292.906
292.838
292.773
292.724
292.702
292.711
292.747
292.882
294.49
293.15
293.15
293.15
293.15
293.15
293.15
293.151
293.147
293.118
293.049
292.97
292.897
292.825
292.761
292.718
292.706
292.725
292.788
293.015
294.489
293.15
293.15
293.15
293.15
293.15
293.15
293.15
293.148
293.124
293.057
292.972
292.891
292.813
292.751
292.718
292.718
292.75
292.826
293.091
294.534
293.15
293.15
293.15
293.15
293.15
293.15
293.15
293.149
293.134
293.075
292.987
292.896
292.811
292.749
292.726
292.739
292.776
292.842
293.094
294.593
293.15
293.15
293.15
293.15
293.15
293.15
293.15
293.15
293.143
293.1
293.015
292.916
292.82
292.756
292.74
292.764
292.808
292.862
293.079
294.655
293.15
293.15
293.15
293.15
293.15
293.15
293.15
293.15
293.148
293.122
293.051
292.949
292.843
292.771
292.758
292.792
292.847
292.896
293.065
294.718
293.15
293.15
293.15
293.15
293.15
293.15
293.15
293.15
293.15
293.137
293.087
292.993
292.878
292.793
292.778
292.82
292.889
292.939
293.054
294.781
293.15
293.15
293.15
293.15
293.15
293.15
293.15
293.15
293.15
293.146
293.116
293.04
292.925
292.823
292.798
292.842
292.922
292.983
293.048
294.846
293.15
293.15
293.15
293.15
293.15
293.15
293.15
293.15
293.15
293.15
293.135
293.082
292.981
292.865
292.82
292.859
292.941
293.019
293.047
294.914
293.15
293.15
293.15
293.15
293.15
293.15
293.15
293.15
293.15
293.15
293.145
293.113
293.034
292.918
292.848
292.872
292.948
293.039
293.049
294.984
293.15
293.15
293.15
293.15
293.15
293.15
293.15
293.15
293.15
293.15
293.149
293.133
293.079
292.977
292.887
292.889
292.952
293.044
293.055
295.058
293.15
293.15
293.15
293.15
293.15
293.15
293.15
293.15
293.15
293.15
293.15
293.144
293.112
293.032
292.937
292.914
292.959
293.048
293.059
295.134
293.15
293.15
293.15
293.15
293.15
293.15
293.15
293.15
293.15
293.15
293.15
293.149
293.133
293.078
292.992
292.948
292.973
293.054
293.061
295.211
293.15
293.15
293.15
293.15
293.15
293.15
293.15
293.15
293.15
293.15
293.15
293.151
293.144
293.111
293.043
292.989
292.994
293.065
293.062
295.288
293.15
293.15
293.15
293.15
293.15
293.15
293.15
293.15
293.15
293.15
293.15
293.15
293.149
293.132
293.085
293.033
293.022
293.079
293.06
295.364
293.15
293.15
293.15
293.15
293.15
293.15
293.15
293.15
293.15
293.15
293.15
293.15
293.151
293.144
293.115
293.072
293.052
293.095
293.057
295.437
293.15
293.15
293.15
293.15
293.15
293.15
293.15
293.15
293.15
293.15
293.15
293.15
293.151
293.149
293.134
293.104
293.081
293.113
293.052
295.503
293.15
293.15
293.15
293.15
293.15
293.15
293.15
293.15
293.15
293.15
293.15
293.15
293.15
293.151
293.144
293.126
293.105
293.13
293.043
295.559
293.15
293.15
293.15
293.15
293.15
293.15
293.15
293.15
293.15
293.15
293.15
293.15
293.15
293.151
293.149
293.139
293.123
293.144
293.032
295.589
293.15
293.15
293.15
293.15
293.15
293.15
293.15
293.15
293.15
293.15
293.15
293.15
293.15
293.15
293.15
293.146
293.134
293.155
293.019
295.672
293.15
293.15
293.15
293.15
293.15
293.15
293.15
293.15
293.15
293.15
293.15
293.15
293.15
293.15
293.15
293.151
293.143
293.171
293.003
294.377
293.15
293.151
293.156
293.163
293.166
293.164
293.159
293.153
293.148
293.146
293.145
293.146
293.147
293.148
293.148
293.15
293.146
293.165
293.09
293.412
293.154
293.205
293.277
293.335
293.359
293.347
293.309
293.262
293.218
293.186
293.166
293.154
293.148
293.146
293.146
293.147
293.146
293.153
293.138
293.167
293.197
293.346
293.482
293.572
293.616
293.615
293.567
293.485
293.392
293.31
293.248
293.205
293.178
293.162
293.153
293.149
293.147
293.147
293.149
293.139
293.245
293.465
293.626
293.717
293.756
293.763
293.737
293.67
293.571
293.462
293.366
293.292
293.239
293.203
293.179
293.164
293.155
293.149
293.15
293.144
293.302
293.568
293.728
293.799
293.821
293.822
293.811
293.772
293.692
293.582
293.467
293.369
293.295
293.244
293.209
293.185
293.169
293.158
293.152
293.149
293.361
293.651
293.79
293.834
293.838
293.831
293.829
293.814
293.759
293.656
293.527
293.404
293.315
293.258
293.22
293.195
293.178
293.165
293.157
293.152
293.416
293.711
293.821
293.84
293.832
293.821
293.824
293.826
293.791
293.694
293.544
293.396
293.299
293.245
293.215
293.196
293.183
293.172
293.164
293.157
293.467
293.754
293.829
293.829
293.817
293.81
293.816
293.827
293.804
293.702
293.523
293.36
293.274
293.236
293.219
293.207
293.198
293.19
293.181
293.172
293.517
293.781
293.824
293.81
293.799
293.801
293.811
293.828
293.806
293.682
293.478
293.325
293.263
293.243
293.231
293.22
293.208
293.198
293.19
293.184
293.564
293.795
293.813
293.79
293.783
293.795
293.811
293.831
293.794
293.64
293.429
293.306
293.267
293.252
293.235
293.215
293.195
293.179
293.167
293.161
293.606
293.802
293.8
293.774
293.774
293.794
293.818
293.832
293.769
293.59
293.395
293.305
293.282
293.273
293.264
293.251
293.232
293.21
293.191
293.177
293.644
293.804
293.79
293.765
293.773
293.801
293.828
293.827
293.736
293.548
293.383
293.32
293.311
293.32
293.334
293.345
293.337
293.309
293.28
293.262
293.66
293.803
293.785
293.764
293.781
293.814
293.837
293.816
293.706
293.527
293.395
293.353
293.357
293.381
293.412
293.438
293.45
293.441
293.412
293.383
293.67
293.801
293.785
293.77
293.793
293.829
293.842
293.804
293.69
293.535
293.433
293.406
293.423
293.465
293.515
293.553
293.564
293.556
293.535
293.51
293.677
293.797
293.79
293.781
293.804
293.838
293.845
293.8
293.697
293.574
293.498
293.483
293.512
293.577
293.653
293.708
293.726
293.708
293.673
293.64
293.672
293.786
293.793
293.792
293.812
293.841
293.846
293.807
293.728
293.64
293.585
293.573
293.606
293.686
293.76
293.814
293.853
293.849
293.808
293.757
293.657
293.758
293.783
293.796
293.811
293.834
293.842
293.819
293.77
293.713
293.671
293.648
293.67
293.738
293.76
293.803
293.873
293.9
293.868
293.812
293.616
293.693
293.731
293.769
293.797
293.815
293.827
293.821
293.796
293.763
293.727
293.695
293.671
293.69
293.651
293.702
293.765
293.774
293.756
293.73
293.55
293.573
293.593
293.622
293.65
293.676
293.691
293.707
293.708
293.684
293.644
293.603
293.555
293.536
293.51
293.525
293.54
293.548
293.562
293.559
294.243
292.351
292.737
292.801
292.815
292.829
292.844
292.861
292.878
292.895
292.911
292.925
292.939
292.952
292.965
292.978
292.991
293.007
293.011
293.058
294.183
292.452
292.758
292.807
292.822
292.836
292.852
292.868
292.886
292.903
292.919
292.933
292.947
292.961
292.975
292.99
293.006
293.023
293.032
293.09
294.189
292.594
292.809
292.819
292.838
292.85
292.866
292.882
292.9
292.917
292.934
292.949
292.965
292.981
292.998
293.017
293.038
293.061
293.077
293.154
294.226
292.704
292.858
292.837
292.86
292.87
292.885
292.902
292.92
292.938
292.956
292.974
292.992
293.012
293.034
293.059
293.088
293.115
293.141
293.226
294.272
292.778
292.901
292.864
292.888
292.895
292.91
292.927
292.946
292.966
292.986
293.007
293.03
293.054
293.082
293.112
293.146
293.176
293.205
293.285
294.319
292.831
292.94
292.898
292.92
292.923
292.939
292.957
292.978
293
293.023
293.047
293.074
293.103
293.134
293.166
293.202
293.229
293.255
293.324
294.364
292.873
292.981
292.938
292.953
292.956
292.972
292.991
293.013
293.038
293.064
293.091
293.121
293.151
293.182
293.213
293.243
293.266
293.286
293.348
294.405
292.909
293.021
292.979
292.988
292.99
293.006
293.026
293.051
293.078
293.105
293.134
293.164
293.192
293.22
293.245
293.268
293.287
293.304
293.367
294.444
292.94
293.058
293.018
293.022
293.024
293.041
293.063
293.089
293.116
293.144
293.172
293.198
293.222
293.243
293.262
293.28
293.298
293.316
293.385
294.48
292.967
293.091
293.053
293.054
293.058
293.075
293.098
293.124
293.15
293.176
293.2
293.221
293.239
293.255
293.27
293.286
293.305
293.327
293.403
294.515
292.991
293.119
293.083
293.084
293.09
293.107
293.129
293.154
293.177
293.199
293.218
293.233
293.247
293.26
293.274
293.291
293.313
293.341
293.422
294.55
293.012
293.142
293.109
293.111
293.118
293.135
293.155
293.177
293.197
293.214
293.227
293.239
293.25
293.262
293.278
293.3
293.325
293.357
293.438
294.585
293.031
293.16
293.13
293.134
293.141
293.157
293.176
293.194
293.209
293.222
293.232
293.242
293.253
293.267
293.286
293.312
293.34
293.374
293.449
294.62
293.05
293.174
293.147
293.152
293.16
293.175
293.191
293.205
293.217
293.227
293.236
293.246
293.259
293.276
293.299
293.328
293.358
293.391
293.46
294.658
293.069
293.185
293.16
293.166
293.175
293.188
293.202
293.214
293.225
293.235
293.244
293.256
293.271
293.291
293.317
293.346
293.377
293.408
293.468
294.697
293.087
293.195
293.17
293.177
293.186
293.199
293.212
293.225
293.237
293.248
293.26
293.273
293.29
293.311
293.337
293.367
293.396
293.427
293.474
294.737
293.104
293.206
293.179
293.186
293.195
293.209
293.224
293.241
293.257
293.271
293.285
293.298
293.314
293.335
293.36
293.388
293.415
293.446
293.481
294.779
293.119
293.22
293.188
293.193
293.204
293.221
293.242
293.265
293.287
293.305
293.319
293.33
293.344
293.361
293.383
293.409
293.433
293.464
293.487
294.813
293.131
293.239
293.198
293.201
293.215
293.238
293.266
293.298
293.327
293.348
293.36
293.368
293.376
293.389
293.407
293.429
293.452
293.482
293.494
294.895
293.145
293.261
293.211
293.213
293.23
293.261
293.3
293.341
293.374
293.396
293.406
293.408
293.41
293.417
293.431
293.449
293.469
293.499
293.501
294.252
293.233
293.319
293.259
293.252
293.283
293.344
293.411
293.466
293.5
293.513
293.51
293.498
293.487
293.481
293.483
293.492
293.509
293.533
293.516
295.222
293.513
293.435
293.38
293.375
293.428
293.513
293.585
293.626
293.64
293.636
293.624
293.607
293.586
293.566
293.554
293.554
293.566
293.58
293.534
295.56
294.872
293.841
293.512
293.501
293.567
293.642
293.687
293.697
293.689
293.672
293.653
293.639
293.628
293.612
293.599
293.596
293.604
293.61
293.551
294.19
294.949
294.695
293.802
293.593
293.66
293.725
293.753
293.756
293.742
293.713
293.675
293.643
293.629
293.625
293.619
293.618
293.625
293.631
293.58
292.97
293.996
294.747
294.434
293.715
293.722
293.794
293.831
293.856
293.856
293.821
293.759
293.685
293.635
293.624
293.626
293.63
293.647
293.673
293.622
292.706
293.13
294.159
294.656
294.175
293.747
293.829
293.92
293.966
293.978
293.955
293.899
293.802
293.691
293.635
293.635
293.653
293.696
293.744
293.673
292.896
292.822
293.474
294.374
294.523
294.045
293.823
293.919
294.022
294.031
294.002
294.002
293.958
293.825
293.692
293.664
293.701
293.767
293.805
293.717
293.085
292.884
293.051
293.828
294.465
294.405
294.045
293.906
293.958
293.987
293.964
293.993
294.054
293.993
293.816
293.717
293.754
293.82
293.821
293.74
293.166
293.03
292.935
293.324
294.044
294.449
294.362
294.123
293.997
293.961
293.96
294.013
294.094
294.108
293.972
293.801
293.793
293.834
293.791
293.744
293.181
293.13
292.991
293.046
293.519
294.095
294.382
294.361
294.232
294.131
294.098
294.136
294.191
294.188
294.08
293.902
293.828
293.821
293.746
293.726
293.176
293.174
293.086
292.994
293.147
293.574
294.012
294.259
294.321
294.296
294.269
294.271
294.276
294.232
294.121
293.963
293.864
293.811
293.713
293.706
293.166
293.182
293.152
293.057
293.016
293.179
293.503
293.827
294.046
294.157
294.202
294.215
294.196
294.135
294.046
293.949
293.883
293.813
293.698
293.697
293.156
293.17
293.176
293.128
293.045
293.028
293.148
293.363
293.584
293.754
293.859
293.902
293.893
293.858
293.844
293.856
293.872
293.82
293.698
293.687
293.215
293.163
293.171
293.164
293.109
293.042
293.028
293.094
293.213
293.335
293.424
293.466
293.472
293.492
293.583
293.727
293.842
293.827
293.71
293.682
293.34
293.184
293.163
293.169
293.149
293.098
293.048
293.028
293.045
293.082
293.114
293.13
293.141
293.2
293.366
293.611
293.807
293.832
293.73
293.683
293.441
293.226
293.155
293.16
293.158
293.135
293.099
293.065
293.043
293.033
293.03
293.025
293.021
293.074
293.256
293.543
293.78
293.837
293.759
293.693
293.414
293.24
293.157
293.145
293.142
293.133
293.116
293.098
293.087
293.088
293.094
293.086
293.064
293.095
293.261
293.538
293.77
293.844
293.795
293.717
293.32
293.235
293.192
293.175
293.175
293.188
293.212
293.251
293.286
293.297
293.277
293.229
293.191
293.223
293.371
293.596
293.78
293.852
293.832
293.757
293.359
293.343
293.36
293.415
293.503
293.592
293.636
293.64
293.613
293.563
293.507
293.455
293.441
293.472
293.574
293.708
293.818
293.873
293.879
293.806
293.479
293.489
293.528
293.582
293.623
293.658
293.697
293.725
293.733
293.733
293.718
293.725
293.731
293.753
293.778
293.825
293.847
293.87
293.879
293.817
)
;

boundaryField
{
    left_open
    {
        type            inletOutlet;
        inletValue      uniform 293.15;
        value           nonuniform List<scalar> 
40
(
293.15
293.15
293.15
293.15
293.15
293.15
293.15
293.15
293.15
293.15
293.15
293.15
293.15
293.15
293.15
293.15
293.15
293.15
293.15
293.15
293.15
293.15
293.15
293.196
293.15
293.15
293.15
293.15
293.15
293.514
293.15
293.15
293.64
293.15
293.667
293.674
293.15
293.656
293.615
293.55
)
;
    }
    right_open
    {
        type            inletOutlet;
        inletValue      uniform 293.15;
        value           nonuniform List<scalar> 
40
(
293.058
293.088
293.152
293.224
293.283
293.323
293.347
293.366
293.383
293.401
293.42
293.436
293.15
293.459
293.15
293.15
293.481
293.487
293.494
293.502
293.15
293.15
293.551
293.15
293.15
293.67
293.15
293.15
293.745
293.729
293.15
293.698
293.15
293.682
293.682
293.69
293.713
293.751
293.8
293.81
)
;
    }
    base_side
    {
        type            zeroGradient;
    }
    top
    {
        type            inletOutlet;
        inletValue      uniform 293.15;
        value           nonuniform List<scalar> 
65
(
293.55
293.572
293.591
293.619
293.646
293.672
293.15
293.703
293.15
293.15
293.641
293.601
293.554
293.539
293.15
293.15
293.539
293.15
293.56
293.15
293.543
293.538
293.53
293.522
293.516
293.508
293.501
293.496
293.15
293.15
293.495
293.494
293.494
293.494
293.492
293.488
293.487
293.15
293.15
293.478
293.478
293.477
293.479
293.477
293.477
293.479
293.487
293.523
293.578
293.15
293.654
293.15
293.724
293.15
293.736
293.15
293.73
293.15
293.76
293.784
293.832
293.15
293.872
293.878
293.81
)
;
    }
    front
    {
        type            empty;
    }
    back
    {
        type            empty;
    }
    air_to_aluminum
    {
        type            compressible::turbulentTemperatureCoupledBaffleMixed;
        refValue        nonuniform List<scalar> 
129
(
306.565
306.557
306.543
306.521
306.636
306.687
306.732
306.769
306.769
306.732
306.687
306.636
306.565
306.557
306.542
306.521
306.494
306.52
306.465
306.477
306.435
306.442
306.406
306.41
306.379
306.381
306.353
306.355
306.33
306.331
306.309
306.31
306.29
306.291
306.273
306.274
306.259
306.26
306.247
306.248
306.237
306.238
306.229
306.23
306.224
306.225
306.221
306.221
306.222
306.222
306.222
306.222
306.758
306.727
306.697
306.669
306.643
306.619
306.596
306.577
306.559
306.543
306.53
306.518
306.509
306.502
306.497
306.494
306.494
306.495
306.495
306.495
306.495
306.495
306.758
306.727
306.697
306.669
306.643
306.618
306.596
306.577
306.559
306.543
306.53
306.518
306.509
306.502
306.497
306.495
306.495
306.495
306.495
306.52
306.477
306.441
306.409
306.381
306.355
306.331
306.31
306.291
306.274
306.26
306.247
306.238
306.23
306.225
306.222
306.494
306.465
306.435
306.406
306.378
306.353
306.33
306.308
306.29
306.273
306.259
306.247
306.237
306.229
306.224
306.222
306.222
306.222
306.222
306.222
)
;
        refGradient     uniform 0;
        valueFraction   nonuniform List<scalar> 
129
(
0.999971
0.999971
0.999971
0.999971
0.999855
0.999855
0.999855
0.999855
0.999855
0.999855
0.999855
0.999855
0.999971
0.999971
0.999971
0.999971
0.999971
0.999855
0.999971
0.999855
0.999971
0.999855
0.999971
0.999855
0.999971
0.999855
0.999971
0.999855
0.999971
0.999855
0.999971
0.999855
0.999971
0.999855
0.999971
0.999855
0.999971
0.999855
0.999971
0.999855
0.999971
0.999855
0.999971
0.999855
0.999971
0.999855
0.999964
0.999971
0.999964
0.999964
0.999855
0.999964
0.999918
0.999918
0.999918
0.999918
0.999918
0.999918
0.999918
0.999918
0.999918
0.999918
0.999918
0.999918
0.999918
0.999918
0.999918
0.999918
0.999964
0.999964
0.999964
0.999964
0.999964
0.999964
0.999918
0.999918
0.999918
0.999918
0.999918
0.999918
0.999918
0.999918
0.999918
0.999918
0.999918
0.999918
0.999918
0.999918
0.999918
0.999964
0.999964
0.999918
0.999964
0.999855
0.999855
0.999855
0.999855
0.999855
0.999855
0.999855
0.999855
0.999855
0.999855
0.999855
0.999855
0.999855
0.999855
0.999855
0.999855
0.999971
0.999971
0.999971
0.999971
0.999971
0.999971
0.999971
0.999971
0.999971
0.999971
0.999971
0.999971
0.999971
0.999971
0.999971
0.999964
0.999964
0.999964
0.999964
0.999971
)
;
        value           nonuniform List<scalar> 
129
(
306.564
306.557
306.542
306.521
306.636
306.687
306.732
306.769
306.769
306.732
306.687
306.636
306.564
306.557
306.542
306.52
306.494
306.52
306.464
306.477
306.435
306.442
306.406
306.41
306.378
306.381
306.353
306.355
306.33
306.331
306.309
306.31
306.29
306.291
306.273
306.274
306.259
306.26
306.247
306.248
306.237
306.238
306.229
306.23
306.224
306.225
306.221
306.221
306.221
306.222
306.222
306.222
306.758
306.727
306.697
306.669
306.643
306.618
306.596
306.577
306.559
306.543
306.53
306.518
306.509
306.502
306.497
306.494
306.494
306.494
306.495
306.495
306.495
306.495
306.758
306.727
306.697
306.669
306.643
306.618
306.596
306.577
306.559
306.543
306.53
306.518
306.509
306.502
306.497
306.495
306.495
306.495
306.495
306.52
306.477
306.441
306.409
306.381
306.355
306.331
306.31
306.291
306.274
306.26
306.247
306.238
306.23
306.225
306.222
306.494
306.464
306.434
306.405
306.378
306.353
306.329
306.308
306.289
306.273
306.258
306.246
306.237
306.229
306.224
306.222
306.222
306.222
306.221
306.221
)
;
        Tnbr            T;
        thicknessLayers 0();
        kappaLayers     0();
        kappaMethod     fluidThermo;
        kappa           none;
        alphaAni        none;
        alpha           none;
    }
}


// ************************************************************************* //
