/*--------------------------------*- C++ -*----------------------------------*\
| =========                 |                                                 |
| \\      /  F ield         | OpenFOAM: The Open Source CFD Toolbox           |
|  \\    /   O peration     | Version:                                        |
|   \\  /    A nd           | Website:  www.openfoam.com                      |
|    \\/     M anipulation  |                                                 |
\*---------------------------------------------------------------------------*/
FoamFile
{
    version     2.0;
    format      ascii;
    class       volScalarField;
    location    "1927.0/aluminum";
    object      T;
}
// * * * * * * * * * * * * * * * * * * * * * * * * * * * * * * * * * * * * * //

dimensions      [0 0 0 1 0 0 0];


internalField   nonuniform List<scalar> 
372
(
307.352
307.363
307.383
307.413
307.345
307.355
307.375
307.405
307.33
307.34
307.359
307.39
307.308
307.316
307.333
307.363
307.452
307.5
307.556
307.625
307.446
307.493
307.545
307.603
307.435
307.483
307.531
307.577
307.424
307.475
307.52
307.557
307.699
307.767
307.859
307.654
307.692
307.727
307.608
307.628
307.643
307.573
307.583
307.589
307.951
307.967
307.951
307.741
307.743
307.741
307.647
307.648
307.647
307.591
307.591
307.591
307.859
307.767
307.699
307.727
307.692
307.654
307.643
307.628
307.608
307.589
307.583
307.573
307.625
307.556
307.5
307.452
307.603
307.545
307.493
307.446
307.577
307.531
307.483
307.435
307.557
307.52
307.475
307.424
307.413
307.383
307.362
307.352
307.405
307.375
307.355
307.345
307.39
307.359
307.339
307.33
307.363
307.333
307.316
307.308
307.282
307.287
307.296
307.307
307.252
307.255
307.26
307.265
307.222
307.224
307.227
307.229
307.193
307.195
307.196
307.197
307.166
307.167
307.168
307.168
307.14
307.141
307.142
307.142
307.117
307.118
307.118
307.118
307.096
307.097
307.097
307.097
307.077
307.078
307.078
307.078
307.06
307.061
307.061
307.061
307.046
307.046
307.047
307.047
307.034
307.034
307.035
307.035
307.024
307.024
307.025
307.025
307.016
307.017
307.017
307.017
307.011
307.012
307.012
307.012
307.008
307.009
307.009
307.009
307.546
307.548
307.55
307.516
307.516
307.516
307.486
307.486
307.486
307.458
307.458
307.458
307.431
307.431
307.432
307.407
307.407
307.407
307.386
307.386
307.386
307.366
307.366
307.366
307.348
307.348
307.348
307.332
307.333
307.333
307.319
307.319
307.319
307.308
307.308
307.308
307.298
307.298
307.298
307.291
307.291
307.291
307.286
307.286
307.286
307.283
307.284
307.284
307.551
307.551
307.551
307.517
307.517
307.517
307.486
307.486
307.486
307.458
307.458
307.458
307.432
307.432
307.432
307.407
307.407
307.407
307.386
307.386
307.386
307.366
307.366
307.366
307.348
307.348
307.348
307.333
307.333
307.333
307.319
307.319
307.319
307.308
307.308
307.308
307.298
307.298
307.298
307.291
307.291
307.291
307.286
307.286
307.286
307.284
307.284
307.284
307.55
307.548
307.546
307.516
307.516
307.516
307.486
307.486
307.486
307.458
307.458
307.458
307.432
307.431
307.431
307.407
307.407
307.407
307.386
307.386
307.386
307.366
307.366
307.366
307.348
307.348
307.348
307.333
307.333
307.333
307.319
307.319
307.319
307.308
307.308
307.308
307.298
307.298
307.298
307.291
307.291
307.291
307.286
307.286
307.286
307.284
307.284
307.283
307.307
307.296
307.287
307.281
307.265
307.26
307.255
307.252
307.229
307.227
307.224
307.222
307.197
307.196
307.194
307.193
307.168
307.167
307.166
307.166
307.142
307.141
307.141
307.14
307.118
307.118
307.117
307.117
307.097
307.096
307.096
307.095
307.078
307.077
307.077
307.076
307.061
307.061
307.06
307.06
307.046
307.046
307.046
307.045
307.034
307.034
307.034
307.033
307.024
307.024
307.024
307.023
307.016
307.016
307.016
307.016
307.011
307.011
307.011
307.01
307.008
307.008
307.008
307.007
)
;

boundaryField
{
    base_hotspot
    {
        type            fixedGradient;
        gradient        uniform 203.252;
    }
    base_adiabatic
    {
        type            zeroGradient;
    }
    front
    {
        type            empty;
    }
    back
    {
        type            empty;
    }
    aluminum_to_air
    {
        type            compressible::turbulentTemperatureCoupledBaffleMixed;
        refValue        nonuniform List<scalar> 
129
(
294.358
294.304
294.31
294.341
307.361
307.427
307.482
307.528
307.528
307.481
307.427
307.361
294.386
294.362
294.388
294.431
294.38
307.361
294.419
307.297
294.456
307.254
294.489
307.22
294.52
307.189
294.548
307.161
294.572
307.131
294.594
307.097
294.613
307.051
294.629
306.979
294.643
306.861
294.652
306.698
294.658
306.536
294.66
306.422
294.651
306.279
300.921
294.674
304.238
304.418
305.821
302.872
307.528
307.486
307.452
307.422
307.395
307.368
307.341
307.311
307.272
307.211
307.107
306.947
306.751
306.575
306.453
306.03
299.225
299.248
299.286
299.319
299.334
299.349
307.528
307.486
307.452
307.423
307.395
307.37
307.345
307.32
307.292
307.258
307.211
307.143
307.045
306.908
306.652
299.374
299.411
305.929
299.431
307.361
307.297
307.254
307.22
307.19
307.162
307.136
307.108
307.076
307.035
306.974
306.881
306.739
306.532
306.274
305.81
294.479
294.529
294.581
294.635
294.692
294.751
294.81
294.87
294.929
294.988
295.045
295.101
295.153
295.202
295.236
298.472
297.699
296.825
295.953
295.333
)
;
        refGradient     uniform 0;
        valueFraction   nonuniform List<scalar> 
129
(
2.89995e-05
2.89995e-05
2.89995e-05
2.89995e-05
0.000144981
0.000144981
0.000144981
0.000144981
0.000144981
0.000144981
0.000144981
0.000144981
2.89995e-05
2.89995e-05
2.89995e-05
2.89995e-05
2.89995e-05
0.000144981
2.89995e-05
0.000144981
2.89995e-05
0.000144981
2.89995e-05
0.000144981
2.89995e-05
0.000144981
2.89995e-05
0.000144981
2.89995e-05
0.000144981
2.89995e-05
0.000144981
2.89995e-05
0.000144981
2.89995e-05
0.000144981
2.89995e-05
0.000144981
2.89995e-05
0.000144981
2.89995e-05
0.000144981
2.89995e-05
0.000144981
2.89995e-05
0.000144981
3.62491e-05
2.89995e-05
3.62491e-05
3.62491e-05
0.000144981
3.62491e-05
8.21599e-05
8.21599e-05
8.21599e-05
8.21599e-05
8.21599e-05
8.21599e-05
8.21599e-05
8.21599e-05
8.21599e-05
8.21599e-05
8.21599e-05
8.21599e-05
8.21599e-05
8.21599e-05
8.21599e-05
8.21599e-05
3.62491e-05
3.62491e-05
3.62491e-05
3.62491e-05
3.62491e-05
3.62491e-05
8.21599e-05
8.21599e-05
8.21599e-05
8.21599e-05
8.21599e-05
8.21599e-05
8.21599e-05
8.21599e-05
8.21599e-05
8.21599e-05
8.21599e-05
8.21599e-05
8.21599e-05
8.21599e-05
8.21599e-05
3.62491e-05
3.62491e-05
8.21599e-05
3.62491e-05
0.000144981
0.000144981
0.000144981
0.000144981
0.000144981
0.000144981
0.000144981
0.000144981
0.000144981
0.000144981
0.000144981
0.000144981
0.000144981
0.000144981
0.000144981
0.000144981
2.89995e-05
2.89995e-05
2.89995e-05
2.89995e-05
2.89995e-05
2.89995e-05
2.89995e-05
2.89995e-05
2.89995e-05
2.89995e-05
2.89995e-05
2.89995e-05
2.89995e-05
2.89995e-05
2.89995e-05
3.62491e-05
3.62491e-05
3.62491e-05
3.62491e-05
2.89995e-05
)
;
        value           nonuniform List<scalar> 
129
(
307.351
307.344
307.329
307.308
307.423
307.475
307.52
307.557
307.557
307.52
307.474
307.423
307.351
307.344
307.329
307.307
307.281
307.307
307.251
307.265
307.222
307.229
307.193
307.197
307.165
307.168
307.14
307.142
307.116
307.118
307.095
307.097
307.076
307.078
307.06
307.061
307.045
307.047
307.033
307.034
307.023
307.024
307.016
307.017
307.011
307.012
307.008
307.008
307.009
307.009
307.009
307.009
307.546
307.515
307.485
307.457
307.431
307.407
307.385
307.365
307.348
307.332
307.319
307.307
307.298
307.291
307.286
307.283
307.283
307.283
307.283
307.283
307.283
307.283
307.546
307.515
307.485
307.457
307.431
307.407
307.385
307.365
307.348
307.332
307.319
307.307
307.298
307.291
307.286
307.283
307.283
307.283
307.283
307.307
307.264
307.228
307.196
307.168
307.141
307.118
307.096
307.077
307.06
307.046
307.034
307.024
307.016
307.011
307.007
307.281
307.251
307.221
307.192
307.165
307.139
307.116
307.095
307.076
307.059
307.045
307.032
307.022
307.015
307.009
307.007
307.007
307.007
307.006
307.006
)
;
        Tnbr            T;
        thicknessLayers 0();
        kappaLayers     0();
        kappaMethod     solidThermo;
        kappa           none;
        alphaAni        none;
        alpha           none;
    }
}


// ************************************************************************* //
