/*--------------------------------*- C++ -*----------------------------------*\
| =========                 |                                                 |
| \\      /  F ield         | OpenFOAM: The Open Source CFD Toolbox           |
|  \\    /   O peration     | Version:                                        |
|   \\  /    A nd           | Website:  www.openfoam.com                      |
|    \\/     M anipulation  |                                                 |
\*---------------------------------------------------------------------------*/
FoamFile
{
    version     2.0;
    format      ascii;
    class       volScalarField;
    location    "1907.0/air";
    object      T;
}
// * * * * * * * * * * * * * * * * * * * * * * * * * * * * * * * * * * * * * //

dimensions      [0 0 0 1 0 0 0];


internalField   nonuniform List<scalar> 
2228
(
307.22
307.285
307.34
307.386
307.156
307.219
307.283
307.345
307.112
307.173
307.242
307.311
307.078
307.138
307.209
307.281
307.049
307.108
307.18
307.254
307.022
307.08
307.153
307.229
306.997
307.052
307.126
307.205
306.972
307.022
307.097
307.181
306.945
306.984
307.062
307.157
306.913
306.93
307.013
307.129
306.87
306.844
306.94
307.095
306.807
306.704
306.823
307.047
306.714
306.488
306.646
306.983
306.58
306.182
306.393
306.893
306.39
305.763
306.002
306.713
306.048
305.186
305.305
306.095
307.386
307.339
307.285
307.22
307.344
307.281
307.217
307.155
307.309
307.237
307.168
307.111
307.277
307.199
307.127
307.074
307.246
307.158
307.082
307.038
307.212
307.103
307.019
306.997
307.167
307.014
306.911
306.941
307.105
306.865
306.728
306.859
307.019
306.643
306.474
306.75
306.917
306.388
306.207
306.631
306.821
306.17
306.005
306.532
306.747
306.025
305.892
306.468
306.694
305.924
305.834
306.441
306.644
305.814
305.766
306.432
306.585
305.651
305.57
306.356
306.44
305.391
305.089
305.902
296.496
298.071
299.749
301.297
293.014
293.095
293.618
294.39
292.695
292.361
292.234
292.312
292.381
292.141
291.981
291.907
292.33
292.232
292.173
292.142
292.67
292.639
292.634
292.644
292.997
292.984
292.983
292.988
293.218
293.218
293.221
293.227
293.452
293.452
293.453
293.455
293.56
293.566
293.572
293.577
293.637
293.644
293.65
293.655
293.727
293.731
293.734
293.735
293.815
293.816
293.815
293.813
293.914
293.913
293.91
293.905
294.078
294.078
294.074
294.068
294.183
294.168
294.163
294.17
294.305
294.312
294.314
294.314
294.241
294.245
294.246
294.241
294.105
294.094
294.085
294.075
293.971
293.987
293.998
294.006
302.545
303.117
302.885
302.025
295.349
296.322
297.062
297.396
292.567
292.97
293.456
293.917
291.909
291.979
292.11
292.28
292.125
292.115
292.105
292.094
292.659
292.67
292.671
292.657
292.997
293.007
293.016
293.022
293.236
293.246
293.256
293.265
293.457
293.459
293.461
293.463
293.581
293.583
293.583
293.582
293.658
293.659
293.658
293.655
293.736
293.734
293.73
293.722
293.809
293.803
293.795
293.784
293.898
293.889
293.88
293.869
294.06
294.049
294.032
294.008
294.178
294.177
294.163
294.138
294.31
294.299
294.281
294.258
294.232
294.217
294.197
294.171
294.063
294.049
294.033
294.014
293.993
294.007
294.025
294.035
301.541
301.18
300.88
297.461
297.404
297.235
294.196
294.334
294.402
292.417
292.514
292.606
292.088
292.091
292.11
292.628
292.596
292.553
293.022
293.018
293.007
293.271
293.275
293.28
293.464
293.465
293.471
293.58
293.579
293.582
293.651
293.647
293.646
293.715
293.708
293.701
293.774
293.766
293.756
293.861
293.853
293.845
293.987
293.971
293.955
294.117
294.101
294.085
294.236
294.219
294.2
294.147
294.126
294.104
293.997
293.985
293.972
294.032
294.032
294.03
300.734
300.67
300.622
297.06
296.951
296.838
294.407
294.399
294.388
292.668
292.704
292.743
292.141
292.163
292.191
292.521
292.506
292.494
292.992
292.982
292.97
293.282
293.283
293.284
293.478
293.483
293.49
293.591
293.598
293.608
293.652
293.658
293.668
293.698
293.699
293.702
293.749
293.746
293.744
293.838
293.833
293.829
293.944
293.939
293.933
294.075
294.069
294.063
294.186
294.178
294.17
294.088
294.08
294.071
293.963
293.959
293.954
294.031
294.032
294.034
300.571
300.797
301.551
296.637
296.707
297.753
294.374
294.535
295.318
292.832
293.079
293.676
292.261
292.465
292.889
292.483
292.534
292.733
292.943
292.892
292.869
293.282
293.267
293.223
293.503
293.526
293.534
293.633
293.69
293.752
293.694
293.771
293.883
293.713
293.768
293.882
293.741
293.757
293.819
293.821
293.812
293.819
293.922
293.905
293.89
294.051
294.032
294.01
294.154
294.128
294.1
294.053
294.026
294
293.945
293.933
293.921
294.037
294.042
294.045
303.417
304.076
302.889
302.006
300.652
301.077
298.08
296.016
297.961
299.605
296.238
293.792
295.6
298.319
296.464
293.497
294.096
296.89
296.872
294.284
293.373
295.611
296.83
295.446
293.016
294.344
296.075
296.162
293.13
293.404
294.762
295.875
293.477
293.308
293.786
295.058
293.794
293.62
293.548
294.45
294.037
293.999
293.762
294.213
294.112
294.305
294.188
294.311
294.003
294.366
294.553
294.652
293.886
294.162
294.534
294.829
293.885
293.983
294.247
294.599
293.982
293.987
294.086
294.29
294.061
294.027
294.029
294.084
293.964
293.926
293.903
293.901
293.908
293.896
293.89
293.892
294.048
294.049
294.051
294.053
301.059
299.545
297.877
296.306
294.686
293.673
293.047
292.945
292.753
292.41
292.518
292.895
292.439
292.344
292.647
293.044
292.67
292.517
292.816
293.15
293.511
292.84
292.996
293.255
294.794
293.553
293.217
293.335
295.606
294.475
293.597
293.423
295.676
295.023
293.935
293.515
295.438
295.124
294.001
293.584
295.176
295.017
293.953
293.662
294.99
294.97
294.132
293.825
295.038
295.12
294.648
294.303
295.154
295.329
295.196
294.983
294.962
295.233
295.336
295.321
294.552
294.801
294.974
295.053
294.184
294.303
294.407
294.465
293.92
293.954
293.991
294.019
293.9
293.913
293.93
293.948
294.056
294.062
294.068
294.073
292.94
292.902
292.89
292.875
292.863
292.852
292.842
292.833
292.826
292.819
292.813
292.807
292.798
292.782
292.756
292.715
292.655
292.588
292.633
294.581
292.928
292.894
292.884
292.871
292.861
292.851
292.842
292.834
292.827
292.822
292.817
292.811
292.804
292.792
292.773
292.743
292.698
292.644
292.72
294.539
292.922
292.889
292.88
292.869
292.86
292.851
292.844
292.838
292.833
292.828
292.825
292.823
292.821
292.82
292.819
292.818
292.809
292.772
292.792
294.542
292.931
292.892
292.882
292.871
292.863
292.856
292.85
292.846
292.842
292.84
292.841
292.844
292.852
292.866
292.886
292.915
292.942
292.925
292.828
294.56
292.954
292.906
292.891
292.879
292.871
292.865
292.861
292.858
292.857
292.858
292.863
292.874
292.893
292.92
292.954
292.993
293.034
293.051
292.859
294.584
292.988
292.929
292.905
292.891
292.883
292.878
292.875
292.874
292.876
292.881
292.891
292.91
292.936
292.969
293.004
293.037
293.07
293.109
292.894
294.613
293.029
292.962
292.926
292.907
292.898
292.893
292.892
292.893
292.897
292.906
292.921
292.944
292.973
293.005
293.034
293.057
293.079
293.128
292.92
294.644
293.069
293.002
292.954
292.926
292.914
292.91
292.909
292.913
292.92
292.931
292.949
292.973
293
293.027
293.049
293.066
293.082
293.134
292.938
294.676
293.103
293.045
292.987
292.949
292.931
292.926
292.927
292.932
292.941
292.954
292.973
292.995
293.018
293.039
293.056
293.072
293.086
293.139
292.952
294.705
293.127
293.085
293.026
292.977
292.951
292.943
292.945
292.951
292.961
292.974
292.991
293.011
293.03
293.048
293.063
293.079
293.093
293.145
292.963
294.733
293.141
293.116
293.065
293.009
292.973
292.96
292.961
292.968
292.979
292.992
293.008
293.025
293.042
293.057
293.072
293.089
293.101
293.151
292.971
294.758
293.147
293.135
293.1
293.044
292.998
292.979
292.977
292.985
292.995
293.008
293.023
293.039
293.054
293.07
293.084
293.1
293.111
293.158
292.978
294.78
293.149
293.144
293.125
293.079
293.027
292.999
292.993
293
293.011
293.024
293.039
293.054
293.069
293.084
293.098
293.112
293.12
293.164
292.983
294.8
293.15
293.148
293.139
293.108
293.06
293.022
293.01
293.015
293.026
293.04
293.055
293.07
293.085
293.099
293.111
293.123
293.129
293.17
292.987
294.817
293.15
293.15
293.146
293.129
293.09
293.049
293.03
293.03
293.041
293.055
293.07
293.085
293.099
293.112
293.122
293.133
293.136
293.176
292.99
294.831
293.15
293.15
293.149
293.141
293.114
293.077
293.052
293.047
293.055
293.069
293.084
293.099
293.112
293.123
293.131
293.141
293.143
293.182
292.992
294.843
293.15
293.15
293.15
293.147
293.131
293.102
293.076
293.066
293.07
293.082
293.096
293.11
293.122
293.131
293.139
293.147
293.149
293.188
292.995
294.853
293.15
293.15
293.15
293.149
293.142
293.122
293.099
293.086
293.086
293.096
293.108
293.12
293.13
293.138
293.145
293.154
293.156
293.194
292.997
294.86
293.15
293.15
293.15
293.15
293.147
293.135
293.118
293.105
293.102
293.109
293.119
293.128
293.136
293.144
293.152
293.161
293.163
293.199
293.002
294.855
293.149
293.15
293.15
293.15
293.149
293.143
293.131
293.12
293.116
293.12
293.128
293.135
293.142
293.15
293.158
293.167
293.17
293.203
293.012
294.907
293.153
293.156
293.155
293.152
293.151
293.149
293.145
293.142
293.14
293.141
293.144
293.149
293.157
293.166
293.175
293.183
293.184
293.207
293.053
294.084
293.206
293.25
293.225
293.194
293.174
293.164
293.159
293.157
293.156
293.159
293.164
293.173
293.185
293.195
293.201
293.203
293.2
293.203
293.143
293.654
293.318
293.45
293.397
293.307
293.249
293.218
293.202
293.195
293.193
293.195
293.201
293.21
293.216
293.217
293.214
293.208
293.199
293.195
293.227
293.527
293.425
293.626
293.548
293.405
293.325
293.289
293.269
293.256
293.247
293.242
293.239
293.234
293.226
293.22
293.213
293.203
293.191
293.204
293.312
293.127
293.504
293.732
293.606
293.446
293.369
293.336
293.318
293.303
293.286
293.269
293.253
293.235
293.224
293.222
293.218
293.207
293.197
293.216
293.216
292.852
293.551
293.751
293.603
293.455
293.395
293.387
293.393
293.382
293.346
293.303
293.267
293.24
293.231
293.236
293.237
293.23
293.219
293.206
293.165
292.927
293.562
293.738
293.584
293.469
293.454
293.496
293.53
293.532
293.489
293.41
293.324
293.266
293.248
293.256
293.267
293.276
293.273
293.242
293.178
293.077
293.561
293.725
293.579
293.514
293.561
293.628
293.672
293.685
293.658
293.578
293.455
293.337
293.274
293.274
293.3
293.326
293.349
293.349
293.308
293.238
293.561
293.718
293.596
293.593
293.668
293.724
293.758
293.776
293.772
293.723
293.61
293.458
293.332
293.29
293.317
293.354
293.389
293.424
293.451
293.452
293.579
293.716
293.625
293.678
293.729
293.752
293.778
293.803
293.818
293.806
293.734
293.592
293.43
293.322
293.318
293.354
293.394
293.446
293.5
293.539
293.595
293.718
293.662
293.729
293.725
293.747
293.796
293.828
293.841
293.843
293.809
293.704
293.543
293.396
293.333
293.356
293.414
293.491
293.564
293.612
293.598
293.723
293.701
293.725
293.699
293.769
293.85
293.881
293.879
293.868
293.85
293.782
293.648
293.499
293.412
293.415
293.486
293.581
293.662
293.706
293.616
293.732
293.718
293.691
293.698
293.813
293.907
293.925
293.91
293.888
293.87
293.828
293.728
293.603
293.524
293.531
293.609
293.703
293.771
293.803
293.614
293.739
293.71
293.668
293.712
293.844
293.937
293.943
293.921
293.896
293.879
293.852
293.782
293.689
293.634
293.658
293.74
293.814
293.868
293.901
293.628
293.744
293.7
293.661
293.716
293.854
293.948
293.95
293.93
293.906
293.887
293.865
293.815
293.75
293.726
293.778
293.845
293.905
293.988
294.052
293.623
293.748
293.701
293.665
293.709
293.844
293.946
293.952
293.941
293.923
293.9
293.874
293.835
293.8
293.815
293.871
293.921
294.034
294.159
294.212
293.63
293.754
293.714
293.68
293.69
293.812
293.93
293.947
293.937
293.927
293.905
293.88
293.861
293.865
293.894
293.927
294.046
294.199
294.24
294.256
293.632
293.76
293.732
293.709
293.663
293.75
293.887
293.931
293.929
293.92
293.914
293.909
293.911
293.916
293.933
294.027
294.183
294.258
294.232
294.217
293.645
293.782
293.767
293.732
293.628
293.656
293.783
293.87
293.918
293.941
293.949
293.952
293.95
293.959
294.005
294.096
294.176
294.189
294.164
294.125
293.617
293.71
293.686
293.63
293.574
293.547
293.582
293.63
293.682
293.724
293.749
293.78
293.793
293.794
293.789
293.788
293.822
293.82
293.847
293.903
294.39
292.433
292.891
292.913
292.938
292.957
292.97
292.976
292.977
292.978
292.988
293.018
293.074
293.126
293.147
293.15
293.15
293.15
293.15
293.15
294.305
292.505
292.911
292.922
292.949
292.965
292.976
292.979
292.98
292.981
292.992
293.027
293.085
293.133
293.149
293.15
293.15
293.15
293.15
293.15
294.282
292.618
292.938
292.94
292.968
292.98
292.986
292.986
292.985
292.986
293.002
293.044
293.103
293.141
293.15
293.15
293.15
293.15
293.15
293.15
294.298
292.71
292.967
292.966
292.992
292.999
292.999
292.995
292.992
292.995
293.017
293.068
293.121
293.147
293.15
293.15
293.15
293.15
293.15
293.15
294.328
292.772
292.995
292.995
293.017
293.019
293.014
293.006
293.001
293.007
293.039
293.093
293.135
293.149
293.15
293.15
293.15
293.15
293.15
293.15
294.364
292.818
293.023
293.023
293.041
293.037
293.028
293.016
293.011
293.023
293.063
293.114
293.144
293.15
293.15
293.15
293.15
293.15
293.15
293.15
294.401
292.854
293.05
293.05
293.061
293.053
293.04
293.027
293.023
293.042
293.087
293.13
293.149
293.15
293.15
293.15
293.15
293.15
293.15
293.15
294.437
292.883
293.075
293.072
293.077
293.065
293.05
293.036
293.037
293.063
293.108
293.141
293.15
293.15
293.15
293.15
293.15
293.15
293.15
293.15
294.472
292.908
293.097
293.089
293.088
293.073
293.058
293.047
293.052
293.084
293.124
293.147
293.151
293.15
293.15
293.15
293.15
293.15
293.15
293.15
294.504
292.929
293.116
293.102
293.095
293.08
293.066
293.058
293.07
293.103
293.136
293.15
293.15
293.15
293.15
293.15
293.15
293.15
293.15
293.15
294.535
292.947
293.132
293.11
293.1
293.085
293.073
293.07
293.087
293.118
293.143
293.151
293.15
293.15
293.15
293.15
293.15
293.15
293.15
293.15
294.563
292.962
293.144
293.115
293.103
293.091
293.082
293.083
293.102
293.13
293.147
293.151
293.15
293.15
293.15
293.15
293.15
293.15
293.15
293.15
294.589
292.975
293.153
293.118
293.107
293.097
293.091
293.096
293.116
293.139
293.15
293.15
293.15
293.15
293.15
293.15
293.15
293.15
293.15
293.15
294.613
292.987
293.161
293.12
293.11
293.103
293.1
293.108
293.127
293.144
293.15
293.15
293.15
293.15
293.15
293.15
293.15
293.15
293.15
293.15
294.634
292.996
293.167
293.122
293.114
293.109
293.11
293.119
293.135
293.147
293.151
293.15
293.15
293.15
293.15
293.15
293.15
293.15
293.15
293.15
294.653
293.004
293.172
293.124
293.117
293.116
293.118
293.127
293.141
293.149
293.15
293.15
293.15
293.15
293.15
293.15
293.15
293.15
293.15
293.15
294.668
293.01
293.176
293.126
293.121
293.122
293.126
293.134
293.145
293.15
293.15
293.15
293.15
293.15
293.15
293.15
293.15
293.15
293.15
293.15
294.682
293.016
293.18
293.127
293.125
293.127
293.132
293.14
293.147
293.15
293.15
293.15
293.15
293.151
293.151
293.152
293.151
293.15
293.15
293.15
294.683
293.021
293.184
293.129
293.128
293.132
293.137
293.143
293.149
293.15
293.15
293.15
293.151
293.153
293.155
293.157
293.155
293.152
293.15
293.15
294.738
293.03
293.189
293.131
293.13
293.136
293.141
293.146
293.15
293.15
293.15
293.15
293.153
293.158
293.167
293.172
293.169
293.159
293.151
293.15
293.946
293.071
293.201
293.139
293.134
293.142
293.146
293.148
293.149
293.148
293.15
293.159
293.178
293.208
293.243
293.264
293.257
293.218
293.171
293.149
293.588
293.191
293.22
293.153
293.136
293.143
293.147
293.148
293.15
293.16
293.183
293.23
293.305
293.402
293.494
293.546
293.526
293.427
293.282
293.161
293.531
293.304
293.27
293.185
293.137
293.139
293.148
293.152
293.164
293.195
293.254
293.352
293.485
293.631
293.748
293.796
293.757
293.631
293.419
293.186
293.533
293.395
293.35
293.251
293.158
293.132
293.145
293.16
293.186
293.243
293.342
293.485
293.656
293.814
293.912
293.933
293.897
293.797
293.581
293.255
293.547
293.463
293.435
293.347
293.223
293.143
293.136
293.161
293.202
293.284
293.419
293.597
293.782
293.919
293.968
293.959
293.94
293.888
293.72
293.354
293.559
293.517
293.508
293.443
293.325
293.201
293.138
293.15
293.202
293.303
293.472
293.677
293.861
293.961
293.968
293.946
293.933
293.914
293.801
293.437
293.565
293.569
293.573
293.523
293.423
293.295
293.182
293.141
293.187
293.299
293.498
293.725
293.902
293.976
293.968
293.949
293.922
293.92
293.838
293.485
293.579
293.633
293.638
293.595
293.499
293.38
293.256
293.163
293.168
293.279
293.498
293.746
293.921
293.985
293.985
293.967
293.919
293.931
293.863
293.503
293.618
293.717
293.702
293.668
293.569
293.45
293.325
293.212
293.169
293.258
293.482
293.747
293.927
293.992
294.004
293.982
293.915
293.953
293.904
293.539
293.71
293.841
293.763
293.737
293.643
293.528
293.396
293.276
293.201
293.257
293.468
293.737
293.922
293.994
294.017
293.984
293.911
293.98
293.967
293.6
293.897
294.042
293.829
293.796
293.712
293.617
293.487
293.361
293.269
293.291
293.471
293.726
293.911
293.99
294.019
293.973
293.908
294.006
294.043
293.673
294.207
294.335
293.911
293.848
293.77
293.704
293.595
293.472
293.374
293.368
293.505
293.726
293.899
293.981
294.009
293.956
293.908
294.023
294.115
293.739
294.638
294.643
294.004
293.902
293.814
293.773
293.7
293.597
293.505
293.481
293.57
293.744
293.89
293.967
293.988
293.933
293.909
294.038
294.177
293.8
295.104
294.818
294.083
293.971
293.86
293.817
293.783
293.716
293.641
293.608
293.657
293.776
293.889
293.953
293.96
293.911
293.915
294.06
294.229
293.854
295.276
294.769
294.111
294.062
293.926
293.846
293.829
293.802
293.758
293.729
293.749
293.819
293.894
293.937
293.928
293.894
293.932
294.101
294.286
293.946
294.962
294.515
294.122
294.159
294.024
293.876
293.856
293.84
293.824
293.812
293.82
293.856
293.894
293.909
293.892
293.89
293.976
294.173
294.342
294.053
294.431
294.229
294.163
294.247
294.121
293.914
293.868
293.884
293.868
293.855
293.854
293.866
293.879
293.885
293.898
293.952
294.088
294.266
294.367
294.115
294.055
294.058
294.205
294.293
294.164
293.932
293.841
293.909
293.953
293.949
293.94
293.941
293.955
293.988
294.048
294.143
294.243
294.295
294.301
294.092
294.003
294.083
294.242
294.269
294.098
293.876
293.791
293.869
293.974
294.034
294.061
294.079
294.099
294.126
294.16
294.172
294.151
294.108
294.087
293.981
294.098
294.14
294.119
293.988
293.813
293.719
293.721
293.778
293.825
293.876
293.879
293.904
293.887
293.874
293.871
293.835
293.793
293.767
293.766
293.777
)
;

boundaryField
{
    left_open
    {
        type            inletOutlet;
        inletValue      uniform 293.15;
        value           nonuniform List<scalar> 
40
(
292.942
292.929
292.923
292.931
292.954
292.989
293.029
293.07
293.103
293.127
293.15
293.15
293.15
293.15
293.15
293.15
293.15
293.15
293.15
293.15
293.15
293.15
293.15
293.15
293.15
293.549
293.15
293.56
293.15
293.15
293.593
293.597
293.614
293.15
293.15
293.621
293.628
293.632
293.15
293.614
)
;
    }
    right_open
    {
        type            inletOutlet;
        inletValue      uniform 293.15;
        value           nonuniform List<scalar> 
40
(
293.15
293.15
293.15
293.15
293.15
293.15
293.15
293.15
293.15
293.15
293.15
293.15
293.15
293.15
293.15
293.15
293.15
293.15
293.15
293.15
293.15
293.15
293.15
293.15
293.15
293.15
293.15
293.15
293.15
293.15
293.15
293.15
293.795
293.15
293.15
294.037
294.106
293.15
293.15
293.777
)
;
    }
    base_side
    {
        type            zeroGradient;
    }
    top
    {
        type            inletOutlet;
        inletValue      uniform 293.15;
        value           nonuniform List<scalar> 
65
(
293.614
293.15
293.684
293.629
293.575
293.546
293.579
293.625
293.15
293.718
293.15
293.774
293.79
293.792
293.786
293.15
293.819
293.82
293.846
293.15
293.964
293.15
293.15
294.014
293.15
294.001
294.015
294.035
294.035
294.036
294.035
294.032
294.033
294.036
294.038
294.044
294.05
294.056
294.058
294.06
294.062
294.065
294.071
294.077
294.08
294.104
294.144
293.15
293.15
293.793
293.714
293.723
293.781
293.824
293.874
293.873
293.902
293.15
293.867
293.868
293.15
293.789
293.766
293.15
293.777
)
;
    }
    front
    {
        type            empty;
    }
    back
    {
        type            empty;
    }
    air_to_aluminum
    {
        type            compressible::turbulentTemperatureCoupledBaffleMixed;
        refValue        nonuniform List<scalar> 
129
(
307.21
307.203
307.188
307.166
307.282
307.333
307.378
307.415
307.415
307.378
307.333
307.282
307.21
307.203
307.188
307.166
307.14
307.165
307.11
307.123
307.08
307.087
307.051
307.055
307.024
307.026
306.998
307
306.975
306.976
306.954
306.955
306.935
306.936
306.918
306.919
306.904
306.905
306.892
306.893
306.882
306.883
306.874
306.875
306.869
306.87
306.866
306.866
306.866
306.867
306.867
306.867
307.404
307.373
307.343
307.315
307.289
307.265
307.243
307.223
307.205
307.19
307.176
307.165
307.156
307.149
307.144
307.141
307.141
307.141
307.141
307.141
307.141
307.141
307.404
307.373
307.343
307.315
307.289
307.265
307.243
307.223
307.205
307.19
307.176
307.165
307.156
307.149
307.144
307.141
307.141
307.141
307.141
307.165
307.123
307.087
307.055
307.026
307
306.976
306.955
306.936
306.919
306.904
306.892
306.882
306.875
306.87
306.867
307.139
307.11
307.08
307.051
307.024
306.998
306.975
306.954
306.935
306.918
306.903
306.891
306.881
306.874
306.869
306.867
306.867
306.866
306.866
306.866
)
;
        refGradient     uniform 0;
        valueFraction   nonuniform List<scalar> 
129
(
0.999971
0.999971
0.999971
0.999971
0.999855
0.999855
0.999855
0.999855
0.999855
0.999855
0.999855
0.999855
0.999971
0.999971
0.999971
0.999971
0.999971
0.999855
0.999971
0.999855
0.999971
0.999855
0.999971
0.999855
0.999971
0.999855
0.999971
0.999855
0.999971
0.999855
0.999971
0.999855
0.999971
0.999855
0.999971
0.999855
0.999971
0.999855
0.999971
0.999855
0.999971
0.999855
0.999971
0.999855
0.999971
0.999855
0.999964
0.999971
0.999964
0.999964
0.999855
0.999964
0.999918
0.999918
0.999918
0.999918
0.999918
0.999918
0.999918
0.999918
0.999918
0.999918
0.999918
0.999918
0.999918
0.999918
0.999918
0.999918
0.999964
0.999964
0.999964
0.999964
0.999964
0.999964
0.999918
0.999918
0.999918
0.999918
0.999918
0.999918
0.999918
0.999918
0.999918
0.999918
0.999918
0.999918
0.999918
0.999918
0.999918
0.999964
0.999964
0.999918
0.999964
0.999855
0.999855
0.999855
0.999855
0.999855
0.999855
0.999855
0.999855
0.999855
0.999855
0.999855
0.999855
0.999855
0.999855
0.999855
0.999855
0.999971
0.999971
0.999971
0.999971
0.999971
0.999971
0.999971
0.999971
0.999971
0.999971
0.999971
0.999971
0.999971
0.999971
0.999971
0.999964
0.999964
0.999964
0.999964
0.999971
)
;
        value           nonuniform List<scalar> 
129
(
307.21
307.202
307.188
307.166
307.282
307.333
307.378
307.415
307.415
307.378
307.333
307.282
307.21
307.202
307.188
307.166
307.139
307.165
307.11
307.123
307.08
307.087
307.051
307.055
307.023
307.026
306.998
307
306.975
306.976
306.953
306.955
306.934
306.936
306.918
306.919
306.903
306.905
306.891
306.892
306.881
306.883
306.874
306.875
306.868
306.87
306.865
306.865
306.866
306.866
306.867
306.867
307.404
307.373
307.343
307.315
307.289
307.265
307.243
307.223
307.205
307.19
307.176
307.165
307.156
307.149
307.144
307.141
307.141
307.141
307.141
307.141
307.141
307.141
307.404
307.373
307.343
307.315
307.289
307.265
307.243
307.223
307.205
307.19
307.176
307.165
307.156
307.149
307.144
307.141
307.141
307.141
307.141
307.165
307.123
307.087
307.055
307.026
307
306.976
306.955
306.936
306.919
306.904
306.892
306.882
306.875
306.869
306.867
307.139
307.11
307.08
307.051
307.023
306.998
306.974
306.953
306.934
306.918
306.903
306.891
306.881
306.874
306.868
306.866
306.866
306.866
306.865
306.865
)
;
        Tnbr            T;
        thicknessLayers 0();
        kappaLayers     0();
        kappaMethod     fluidThermo;
        kappa           none;
        alphaAni        none;
        alpha           none;
    }
}


// ************************************************************************* //
