/*--------------------------------*- C++ -*----------------------------------*\
| =========                 |                                                 |
| \\      /  F ield         | OpenFOAM: The Open Source CFD Toolbox           |
|  \\    /   O peration     | Version:                                        |
|   \\  /    A nd           | Website:  www.openfoam.com                      |
|    \\/     M anipulation  |                                                 |
\*---------------------------------------------------------------------------*/
FoamFile
{
    version     2.0;
    format      ascii;
    class       volScalarField;
    location    "1821.0/air";
    object      rho;
}
// * * * * * * * * * * * * * * * * * * * * * * * * * * * * * * * * * * * * * //

dimensions      [1 -3 0 0 0 0 0];


internalField   nonuniform List<scalar> 
2228
(
1.15145
1.1512
1.151
1.15082
1.15169
1.15145
1.15121
1.15098
1.15185
1.15162
1.15136
1.15111
1.15197
1.15175
1.15149
1.15122
1.15209
1.15187
1.1516
1.15132
1.15219
1.15197
1.1517
1.15141
1.15228
1.15208
1.15181
1.1515
1.15238
1.15221
1.15193
1.1516
1.15249
1.15238
1.15208
1.1517
1.15264
1.15264
1.15231
1.15181
1.15284
1.15308
1.15269
1.15198
1.15315
1.15382
1.1533
1.15221
1.15362
1.15502
1.15432
1.15255
1.15431
1.15682
1.15593
1.15302
1.15523
1.15938
1.15855
1.15381
1.15703
1.16307
1.16282
1.1559
1.15082
1.151
1.1512
1.15145
1.15098
1.15121
1.15145
1.15169
1.15111
1.15137
1.15162
1.15185
1.15122
1.15149
1.15176
1.15198
1.15132
1.1516
1.15187
1.15209
1.15141
1.1517
1.15198
1.15219
1.1515
1.15181
1.15208
1.15228
1.15159
1.15192
1.1522
1.15238
1.15169
1.15206
1.15236
1.15248
1.1518
1.15227
1.1526
1.15262
1.15196
1.15262
1.15299
1.1528
1.15218
1.15317
1.15362
1.15307
1.15246
1.15392
1.15444
1.1534
1.15277
1.15473
1.15538
1.15381
1.15318
1.15573
1.15668
1.15448
1.15483
1.15842
1.15937
1.15598
1.19323
1.18968
1.18603
1.18263
1.20434
1.2047
1.20462
1.20415
1.20448
1.20475
1.20508
1.20542
1.20435
1.20438
1.20444
1.20453
1.20428
1.20429
1.20429
1.20429
1.20418
1.20419
1.2042
1.20421
1.20411
1.20412
1.20413
1.20414
1.20413
1.20413
1.20414
1.20414
1.20419
1.20419
1.20419
1.20419
1.20423
1.20423
1.20423
1.20422
1.20418
1.20419
1.2042
1.20421
1.20383
1.20386
1.2039
1.20393
1.20314
1.20317
1.2032
1.20324
1.20265
1.20262
1.2026
1.20259
1.20251
1.20246
1.20241
1.20237
1.20229
1.20225
1.20222
1.2022
1.20207
1.20208
1.20212
1.2022
1.20217
1.20231
1.20248
1.20265
1.20279
1.20294
1.20305
1.20312
1.20317
1.20319
1.20319
1.20318
1.17974
1.17845
1.17799
1.17666
1.2032
1.20209
1.20109
1.20024
1.20571
1.20588
1.20595
1.20594
1.20467
1.20485
1.20504
1.20524
1.2043
1.20433
1.20437
1.20444
1.20421
1.20422
1.20422
1.20422
1.20415
1.20416
1.20417
1.20417
1.20414
1.20415
1.20416
1.20416
1.20419
1.20419
1.20419
1.20419
1.20422
1.20422
1.20422
1.20422
1.20422
1.20423
1.20423
1.20423
1.20397
1.204
1.20403
1.20406
1.20328
1.20333
1.20338
1.20343
1.20258
1.20258
1.20259
1.20261
1.20234
1.20231
1.2023
1.2023
1.2022
1.20222
1.20225
1.20231
1.2023
1.20242
1.20254
1.20265
1.2028
1.20292
1.20302
1.20308
1.20314
1.20314
1.20311
1.20308
1.20317
1.20315
1.20313
1.20312
1.17586
1.17547
1.17523
1.19967
1.1993
1.19895
1.2059
1.20584
1.20577
1.2054
1.2055
1.20561
1.2045
1.20456
1.20463
1.20423
1.20424
1.20425
1.20417
1.20417
1.20417
1.20416
1.20417
1.20417
1.20419
1.20419
1.20419
1.20422
1.20422
1.20422
1.20423
1.20423
1.20424
1.20408
1.2041
1.20411
1.20347
1.2035
1.20353
1.20264
1.20266
1.20268
1.2023
1.2023
1.20231
1.20235
1.20238
1.20242
1.20273
1.20278
1.20283
1.20311
1.20313
1.20315
1.20305
1.20304
1.20303
1.20311
1.20311
1.2031
1.17511
1.17508
1.17505
1.19873
1.19862
1.19851
1.20571
1.20568
1.20565
1.20567
1.20571
1.20574
1.20467
1.2047
1.20472
1.20426
1.20426
1.20427
1.20417
1.20417
1.20417
1.20417
1.20417
1.20417
1.20419
1.20419
1.20419
1.20422
1.20422
1.20422
1.20424
1.20424
1.20424
1.20412
1.20412
1.20413
1.20355
1.20356
1.20357
1.2027
1.20271
1.20272
1.20232
1.20232
1.20232
1.20244
1.20245
1.20246
1.20286
1.20287
1.20288
1.20316
1.20316
1.20317
1.20302
1.20302
1.20301
1.20309
1.20309
1.20309
1.17501
1.17496
1.17489
1.19832
1.19806
1.19783
1.20558
1.20546
1.20534
1.2058
1.20588
1.20595
1.20478
1.20486
1.20495
1.20428
1.20431
1.20434
1.20417
1.20418
1.20418
1.20417
1.20417
1.20417
1.20419
1.20419
1.20419
1.20423
1.20423
1.20423
1.20424
1.20424
1.20424
1.20413
1.20414
1.20415
1.2036
1.20363
1.20366
1.20274
1.20277
1.20281
1.20233
1.20234
1.20236
1.20248
1.20252
1.20255
1.20291
1.20295
1.20298
1.20318
1.20319
1.2032
1.20301
1.203
1.203
1.2031
1.20311
1.20312
1.1749
1.17496
1.17389
1.17006
1.19755
1.19725
1.19684
1.19532
1.20516
1.20489
1.2046
1.20424
1.20604
1.20611
1.20616
1.20619
1.20507
1.20524
1.20542
1.20559
1.20439
1.20448
1.20458
1.20471
1.20418
1.2042
1.20422
1.20426
1.20417
1.20416
1.20416
1.20416
1.20419
1.20419
1.20418
1.20418
1.20423
1.20423
1.20422
1.20422
1.20424
1.20424
1.20424
1.20424
1.20416
1.20418
1.20419
1.20419
1.2037
1.20376
1.20381
1.20386
1.20286
1.20294
1.20303
1.20313
1.20238
1.20242
1.20248
1.20255
1.20259
1.20265
1.2027
1.20276
1.20303
1.20308
1.20314
1.20319
1.20321
1.20324
1.20326
1.20329
1.203
1.20302
1.20304
1.20307
1.20314
1.20314
1.20316
1.20319
1.16493
1.16004
1.16101
1.17512
1.19101
1.18343
1.17582
1.17691
1.20343
1.20113
1.19617
1.18972
1.20625
1.20621
1.20564
1.20327
1.20579
1.20605
1.20637
1.20668
1.20485
1.20503
1.20526
1.20568
1.20431
1.20438
1.20447
1.20462
1.20416
1.20417
1.20418
1.20419
1.20417
1.20416
1.20415
1.20414
1.20422
1.20421
1.2042
1.20419
1.20424
1.20424
1.20423
1.20423
1.2042
1.2042
1.20421
1.20421
1.2039
1.20395
1.20399
1.20402
1.20323
1.20334
1.20346
1.20357
1.20264
1.20276
1.2029
1.20306
1.20283
1.20292
1.20301
1.20313
1.20325
1.20331
1.20339
1.20347
1.20332
1.20336
1.20341
1.20347
1.2031
1.20314
1.20317
1.2032
1.20322
1.20325
1.20327
1.20328
1.20432
1.20432
1.20432
1.20432
1.20431
1.20431
1.20434
1.20448
1.2048
1.20519
1.20554
1.20579
1.20595
1.20603
1.20605
1.20602
1.20602
1.20593
1.20533
1.19862
1.20432
1.20432
1.20432
1.20432
1.20431
1.20431
1.20434
1.20449
1.20483
1.20525
1.2056
1.20584
1.20597
1.20603
1.20603
1.20602
1.20601
1.20584
1.20492
1.19866
1.20431
1.20431
1.20431
1.20431
1.20431
1.20431
1.20433
1.20449
1.20484
1.20528
1.20564
1.20587
1.20599
1.20602
1.20601
1.20599
1.20595
1.20575
1.20471
1.19853
1.20431
1.20431
1.20431
1.20431
1.20431
1.20431
1.20432
1.20445
1.20479
1.20525
1.20563
1.20588
1.20599
1.206
1.20597
1.20592
1.20585
1.20569
1.20474
1.19832
1.20431
1.20431
1.20431
1.20431
1.20431
1.20431
1.20432
1.2044
1.20469
1.20514
1.20556
1.20584
1.20597
1.20596
1.20591
1.2058
1.20568
1.20559
1.20481
1.1981
1.20431
1.20431
1.20431
1.20431
1.20431
1.20431
1.20431
1.20435
1.20456
1.20498
1.20543
1.20576
1.20593
1.20592
1.20583
1.20567
1.20548
1.20543
1.20487
1.19787
1.20431
1.20431
1.20431
1.20431
1.20431
1.20431
1.20431
1.20433
1.20445
1.20479
1.20524
1.20564
1.20588
1.20588
1.20575
1.20554
1.20531
1.20525
1.2049
1.19764
1.20431
1.20431
1.20431
1.20431
1.20431
1.20431
1.20431
1.20431
1.20437
1.20461
1.20501
1.20545
1.20579
1.20584
1.20569
1.20546
1.20523
1.2051
1.20492
1.19739
1.20431
1.20431
1.20431
1.20431
1.20431
1.20431
1.20431
1.20431
1.20433
1.20447
1.20478
1.20522
1.20566
1.2058
1.20565
1.20543
1.20523
1.20499
1.20491
1.19713
1.20431
1.20431
1.20431
1.20431
1.20431
1.20431
1.20431
1.20431
1.20431
1.20438
1.20459
1.20496
1.20545
1.20575
1.20564
1.20544
1.20528
1.20494
1.20489
1.19686
1.20431
1.20431
1.20431
1.20431
1.20431
1.20431
1.20431
1.20431
1.20431
1.20433
1.20445
1.20472
1.20518
1.20563
1.20563
1.20547
1.20531
1.20494
1.20486
1.19659
1.20431
1.20431
1.20431
1.20431
1.20431
1.20431
1.20431
1.20431
1.20431
1.20431
1.20437
1.20454
1.20491
1.20542
1.20559
1.20549
1.20533
1.20492
1.20484
1.1963
1.20431
1.20431
1.20431
1.20431
1.20431
1.20431
1.20431
1.20431
1.20431
1.20431
1.20433
1.20442
1.20467
1.20514
1.20546
1.20546
1.20531
1.20488
1.20483
1.19602
1.20431
1.20431
1.20431
1.20431
1.20431
1.20431
1.20431
1.20431
1.20431
1.20431
1.20431
1.20435
1.2045
1.20486
1.20524
1.20535
1.20523
1.20482
1.20482
1.19575
1.20431
1.20431
1.20431
1.20431
1.20431
1.20431
1.20431
1.20431
1.20431
1.20431
1.20431
1.20432
1.20439
1.20462
1.20497
1.20516
1.2051
1.20474
1.20482
1.19549
1.20431
1.20431
1.20431
1.20431
1.20431
1.20431
1.20431
1.20431
1.20431
1.20431
1.2043
1.20431
1.20433
1.20446
1.20472
1.20492
1.20493
1.20464
1.20482
1.19526
1.2043
1.2043
1.2043
1.2043
1.20431
1.20431
1.20431
1.20431
1.20431
1.20431
1.20431
1.2043
1.20431
1.20437
1.20453
1.2047
1.20475
1.20453
1.20483
1.19508
1.2043
1.2043
1.2043
1.2043
1.2043
1.2043
1.2043
1.2043
1.2043
1.20431
1.20431
1.2043
1.2043
1.20432
1.2044
1.20452
1.20459
1.20443
1.20485
1.19494
1.2043
1.2043
1.2043
1.2043
1.2043
1.2043
1.2043
1.2043
1.2043
1.2043
1.2043
1.2043
1.2043
1.2043
1.20434
1.2044
1.20447
1.20434
1.20487
1.19492
1.2043
1.2043
1.2043
1.2043
1.2043
1.2043
1.2043
1.2043
1.2043
1.2043
1.2043
1.2043
1.2043
1.2043
1.20431
1.20434
1.2044
1.20428
1.2049
1.1947
1.2043
1.2043
1.2043
1.2043
1.2043
1.2043
1.2043
1.20431
1.20431
1.2043
1.2043
1.2043
1.2043
1.2043
1.2043
1.2043
1.20433
1.20421
1.20489
1.19988
1.2043
1.20427
1.20421
1.20416
1.20415
1.20417
1.20422
1.20426
1.20429
1.2043
1.20431
1.20431
1.20431
1.20431
1.20431
1.2043
1.20431
1.20425
1.20451
1.20338
1.20425
1.20389
1.2035
1.20326
1.20321
1.20334
1.20357
1.20381
1.204
1.20413
1.20421
1.20425
1.20428
1.20429
1.2043
1.2043
1.20431
1.20429
1.20433
1.20424
1.20412
1.20339
1.20278
1.20242
1.20229
1.20238
1.20268
1.20307
1.20345
1.20373
1.20392
1.20404
1.20413
1.20418
1.20422
1.20424
1.20426
1.20428
1.20428
1.20432
1.20395
1.20295
1.20226
1.20191
1.20178
1.20181
1.20204
1.20246
1.20292
1.20329
1.20355
1.20372
1.20384
1.20393
1.204
1.20406
1.20411
1.20416
1.2042
1.20425
1.20373
1.20256
1.20191
1.20167
1.20158
1.20156
1.2017
1.20207
1.20256
1.20298
1.20326
1.20344
1.20357
1.20368
1.20377
1.20385
1.20392
1.20399
1.20406
1.20414
1.20351
1.20223
1.20171
1.20159
1.20156
1.2015
1.20156
1.20187
1.20237
1.20282
1.20314
1.20339
1.20362
1.20378
1.20388
1.20394
1.20399
1.20401
1.20404
1.20408
1.20326
1.20196
1.2016
1.20162
1.20161
1.20151
1.2015
1.20179
1.2023
1.20281
1.20327
1.20369
1.20392
1.20402
1.20408
1.20411
1.20413
1.20414
1.20414
1.20413
1.20298
1.20174
1.20158
1.20166
1.20164
1.20151
1.20149
1.2018
1.20236
1.20301
1.20363
1.20397
1.20406
1.20411
1.20415
1.20417
1.20418
1.20419
1.2042
1.2042
1.20276
1.20163
1.20159
1.20168
1.20162
1.20148
1.20152
1.2019
1.20258
1.20336
1.2039
1.20403
1.20408
1.20411
1.20413
1.20413
1.20414
1.20417
1.2042
1.20422
1.20263
1.20156
1.2016
1.20165
1.20157
1.20147
1.2016
1.20212
1.20294
1.20369
1.20397
1.20398
1.20397
1.20396
1.20397
1.20396
1.20395
1.20397
1.20404
1.20413
1.2025
1.20151
1.20156
1.20158
1.20151
1.20149
1.20178
1.20247
1.20333
1.20385
1.20387
1.20374
1.20361
1.20354
1.20362
1.2037
1.20367
1.20361
1.20363
1.20373
1.2024
1.20147
1.20152
1.20152
1.20148
1.20159
1.20207
1.20287
1.2036
1.20379
1.20361
1.20332
1.203
1.20279
1.20294
1.20331
1.20341
1.20331
1.20317
1.20311
1.20225
1.20144
1.20148
1.20148
1.20152
1.20179
1.20242
1.20322
1.20368
1.20359
1.20325
1.20283
1.20244
1.20226
1.20223
1.20251
1.203
1.20315
1.20298
1.20276
1.20217
1.20141
1.20146
1.20149
1.20164
1.20205
1.20275
1.20341
1.2036
1.20334
1.20295
1.20253
1.20221
1.20222
1.20211
1.20204
1.20236
1.20274
1.20284
1.20265
1.20198
1.2014
1.20148
1.20156
1.2018
1.20229
1.20295
1.20344
1.20347
1.20319
1.20284
1.20246
1.20217
1.20232
1.20214
1.20193
1.20199
1.20229
1.20247
1.20241
1.20189
1.20141
1.20152
1.20165
1.20194
1.20242
1.20298
1.20334
1.20334
1.20312
1.20282
1.20243
1.20219
1.20241
1.20204
1.20167
1.20171
1.20195
1.20213
1.20211
1.20191
1.20144
1.20158
1.20174
1.20201
1.20241
1.20282
1.20307
1.20309
1.20293
1.20268
1.20237
1.20225
1.20253
1.20196
1.20144
1.20153
1.20172
1.20185
1.20191
1.202
1.20146
1.20157
1.20173
1.20194
1.2022
1.20244
1.20258
1.20261
1.20255
1.20247
1.20239
1.20245
1.20272
1.2022
1.20163
1.20151
1.20165
1.20188
1.20231
1.20245
1.20209
1.20202
1.20211
1.20218
1.20223
1.20239
1.20251
1.20255
1.20268
1.20279
1.20286
1.20296
1.20311
1.20296
1.20277
1.20262
1.20264
1.20287
1.20305
1.19981
1.20744
1.20581
1.2056
1.20554
1.20551
1.20546
1.20541
1.20533
1.20524
1.20515
1.20504
1.20493
1.20481
1.20469
1.20456
1.20443
1.20431
1.20428
1.20431
1.20009
1.20705
1.20569
1.20557
1.2055
1.20548
1.20544
1.20538
1.20531
1.20522
1.20512
1.20501
1.20488
1.20475
1.20462
1.20448
1.20434
1.20426
1.20428
1.20431
1.2001
1.20646
1.20552
1.20551
1.20543
1.20542
1.20539
1.20534
1.20527
1.20517
1.20506
1.20494
1.2048
1.20465
1.2045
1.20435
1.20423
1.20421
1.20428
1.20432
1.19997
1.206
1.20533
1.20541
1.20533
1.20534
1.20532
1.20527
1.2052
1.20511
1.20499
1.20484
1.20469
1.20453
1.20436
1.20421
1.20412
1.20417
1.20428
1.20432
1.1998
1.2057
1.20514
1.20527
1.20521
1.20524
1.20523
1.20519
1.20512
1.20502
1.20489
1.20473
1.20456
1.20438
1.20421
1.20406
1.20403
1.20415
1.20429
1.20432
1.19962
1.20547
1.20497
1.20511
1.20508
1.20513
1.20512
1.2051
1.20503
1.20492
1.20477
1.2046
1.20441
1.20423
1.20405
1.20392
1.20396
1.20414
1.2043
1.20432
1.19945
1.20529
1.2048
1.20495
1.20495
1.20501
1.20501
1.20499
1.20492
1.2048
1.20464
1.20446
1.20426
1.20407
1.20389
1.2038
1.2039
1.20413
1.2043
1.20432
1.19929
1.20514
1.20464
1.2048
1.20482
1.20488
1.20489
1.20487
1.2048
1.20467
1.20451
1.20431
1.20411
1.20392
1.20375
1.2037
1.20385
1.20412
1.2043
1.20432
1.19914
1.20502
1.2045
1.20466
1.2047
1.20476
1.20477
1.20475
1.20467
1.20454
1.20437
1.20417
1.20397
1.20378
1.20362
1.2036
1.20379
1.2041
1.20429
1.20432
1.19899
1.2049
1.20439
1.20454
1.20458
1.20464
1.20465
1.20463
1.20454
1.20441
1.20423
1.20404
1.20384
1.20364
1.20349
1.2035
1.20373
1.20405
1.20428
1.20432
1.19885
1.2048
1.20429
1.20443
1.20448
1.20453
1.20454
1.20451
1.20442
1.20428
1.20411
1.20392
1.20372
1.20352
1.20338
1.2034
1.20364
1.20397
1.20424
1.20432
1.19871
1.2047
1.20422
1.20434
1.20438
1.20442
1.20443
1.20439
1.2043
1.20416
1.204
1.20381
1.20361
1.2034
1.20326
1.20329
1.20351
1.20386
1.20419
1.20432
1.19856
1.20461
1.20415
1.20426
1.20429
1.20433
1.20433
1.20428
1.20419
1.20406
1.2039
1.20372
1.20351
1.20329
1.20315
1.20316
1.20336
1.20372
1.20411
1.20432
1.19841
1.20452
1.20409
1.20419
1.20422
1.20424
1.20424
1.20419
1.2041
1.20397
1.20381
1.20363
1.2034
1.20318
1.20302
1.20302
1.20319
1.20356
1.20402
1.20431
1.19825
1.20443
1.20403
1.20412
1.20415
1.20417
1.20416
1.20411
1.20402
1.2039
1.20374
1.20354
1.2033
1.20306
1.2029
1.20287
1.20302
1.2034
1.20393
1.2043
1.1981
1.20434
1.20395
1.20405
1.20409
1.20411
1.2041
1.20405
1.20396
1.20383
1.20366
1.20345
1.2032
1.20295
1.20277
1.20271
1.20285
1.20325
1.20383
1.20428
1.19795
1.20426
1.20387
1.20398
1.20402
1.20405
1.20404
1.20399
1.2039
1.20377
1.20359
1.20337
1.20311
1.20284
1.20264
1.20257
1.20271
1.20313
1.20375
1.20427
1.1978
1.20417
1.20377
1.20389
1.20395
1.20399
1.20399
1.20394
1.20385
1.20371
1.20352
1.20328
1.20301
1.20273
1.20251
1.20244
1.2026
1.20304
1.20368
1.20425
1.1977
1.20405
1.20365
1.20378
1.20387
1.20392
1.20393
1.20389
1.20379
1.20364
1.20345
1.2032
1.20292
1.20262
1.20239
1.20233
1.20253
1.20299
1.20363
1.20423
1.19745
1.2039
1.20352
1.20364
1.20376
1.20384
1.20386
1.20383
1.20374
1.20358
1.20338
1.20312
1.20282
1.20251
1.20228
1.20224
1.20248
1.20296
1.20361
1.20422
1.1997
1.2035
1.20314
1.20327
1.20344
1.20359
1.20367
1.20367
1.20358
1.20342
1.20321
1.20294
1.20261
1.20226
1.20203
1.20204
1.20234
1.20293
1.20365
1.20421
1.19498
1.2037
1.20235
1.20267
1.2028
1.203
1.20317
1.20327
1.20326
1.20316
1.20298
1.20269
1.20231
1.20191
1.20161
1.20155
1.20192
1.20284
1.20383
1.2043
1.1903
1.19772
1.20087
1.20171
1.20225
1.20251
1.20265
1.20282
1.20291
1.20291
1.20279
1.2025
1.20207
1.20157
1.20108
1.20082
1.20121
1.20239
1.20375
1.20437
1.19493
1.19313
1.19566
1.19847
1.20118
1.20204
1.20236
1.20247
1.20261
1.20269
1.20263
1.20237
1.2019
1.20129
1.20061
1.20016
1.20044
1.20157
1.20323
1.20436
1.20212
1.1958
1.1942
1.19562
1.19836
1.20069
1.20198
1.20231
1.20241
1.20252
1.20252
1.20229
1.20181
1.20115
1.20038
1.19984
1.19994
1.20076
1.20237
1.20417
1.20542
1.20132
1.19792
1.19691
1.1977
1.19912
1.20036
1.20181
1.20236
1.20241
1.20243
1.20224
1.2018
1.20115
1.20038
1.19985
1.19984
1.20026
1.20146
1.20367
1.20542
1.20471
1.20271
1.20105
1.20008
1.19964
1.19951
1.20011
1.20167
1.2024
1.20236
1.20222
1.20183
1.20122
1.20048
1.19999
1.20002
1.20013
1.20082
1.20303
1.20466
1.2053
1.20514
1.20444
1.20336
1.20196
1.20047
1.19947
1.19998
1.20175
1.20236
1.2022
1.20187
1.20132
1.20057
1.20012
1.20028
1.20025
1.20052
1.20248
1.20422
1.20475
1.20527
1.20547
1.2052
1.20425
1.20255
1.20048
1.19925
1.20016
1.20193
1.20223
1.20191
1.20139
1.20063
1.20021
1.2005
1.20046
1.20043
1.20203
1.20414
1.20429
1.20466
1.20507
1.20535
1.20523
1.20431
1.20233
1.19998
1.19916
1.20064
1.20202
1.20198
1.20144
1.2007
1.20032
1.20058
1.20064
1.20048
1.20172
1.20418
1.20414
1.20425
1.20452
1.20488
1.20517
1.20503
1.20386
1.20145
1.19928
1.19938
1.20112
1.20193
1.20156
1.20082
1.20046
1.20062
1.20074
1.20059
1.20146
1.2042
1.20415
1.20414
1.20427
1.20455
1.20487
1.20501
1.2045
1.20268
1.20007
1.19878
1.19981
1.20135
1.20165
1.20109
1.20069
1.20074
1.20082
1.20066
1.20129
1.20409
1.20415
1.20415
1.20421
1.2044
1.20469
1.20487
1.20458
1.20327
1.20085
1.19876
1.19866
1.20013
1.20126
1.20131
1.20103
1.20095
1.20092
1.20074
1.20121
1.20382
1.20414
1.20415
1.20417
1.20431
1.20457
1.20482
1.20471
1.2037
1.20155
1.19915
1.19807
1.1988
1.2002
1.201
1.20114
1.2011
1.20099
1.2008
1.20109
1.20353
1.20411
1.2042
1.20416
1.20422
1.20442
1.20469
1.20486
1.20438
1.20267
1.20025
1.19846
1.1982
1.19913
1.2002
1.2008
1.20099
1.20097
1.20086
1.20108
1.20355
1.20409
1.20423
1.20417
1.20417
1.20428
1.20448
1.20474
1.20485
1.20408
1.20219
1.20012
1.19897
1.19902
1.19972
1.20039
1.20079
1.20092
1.20092
1.2011
1.20373
1.20409
1.20424
1.20422
1.20422
1.20429
1.20443
1.20461
1.20483
1.20485
1.20402
1.20239
1.20088
1.20015
1.20016
1.20052
1.20085
1.20098
1.20108
1.20132
1.20365
1.20395
1.20418
1.2043
1.20436
1.20444
1.20454
1.20463
1.20471
1.20484
1.20476
1.20398
1.20276
1.20174
1.20123
1.20112
1.20113
1.20128
1.20178
1.20245
1.20332
1.20351
1.20372
1.20391
1.20407
1.20418
1.20428
1.20437
1.20447
1.20459
1.20471
1.20447
1.20372
1.2028
1.20209
1.20171
1.20179
1.2024
1.20327
1.2033
1.20329
1.20334
1.20335
1.20337
1.20342
1.2035
1.20359
1.20371
1.20389
1.20414
1.20428
1.20409
1.20367
1.20313
1.2027
1.20259
1.20282
1.20307
1.20309
1.20266
)
;

boundaryField
{
    left_open
    {
        type            calculated;
        value           nonuniform List<scalar> 
40
(
1.20432
1.20432
1.20431
1.20431
1.20431
1.20431
1.20431
1.20431
1.20431
1.20431
1.20431
1.20431
1.20431
1.20431
1.20431
1.20431
1.2043
1.2043
1.2043
1.2043
1.2043
1.2043
1.2043
1.20429
1.20429
1.20429
1.20428
1.20428
1.20299
1.20428
1.20427
1.20427
1.20427
1.20227
1.20426
1.202
1.20191
1.20425
1.20202
1.20425
)
;
    }
    right_open
    {
        type            calculated;
        value           nonuniform List<scalar> 
40
(
1.20432
1.20432
1.20431
1.20431
1.20431
1.20431
1.20431
1.20431
1.20431
1.20431
1.20431
1.20431
1.20431
1.20431
1.20431
1.20431
1.2043
1.2043
1.2043
1.2043
1.2043
1.2043
1.2043
1.20429
1.20429
1.20429
1.20428
1.20428
1.20428
1.20428
1.20427
1.20427
1.20427
1.2011
1.20426
1.20111
1.20138
1.2026
1.20331
1.20264
)
;
    }
    base_side
    {
        type            calculated;
        value           nonuniform List<scalar> 
40
(
1.20432
1.20432
1.20432
1.20432
1.20431
1.20431
1.20434
1.20448
1.2048
1.20519
1.20554
1.20579
1.20595
1.20603
1.20605
1.20602
1.20602
1.20593
1.20533
1.19862
1.19981
1.20744
1.20581
1.2056
1.20554
1.20551
1.20546
1.20541
1.20533
1.20524
1.20515
1.20504
1.20493
1.20481
1.20469
1.20456
1.20443
1.20431
1.20428
1.20431
)
;
    }
    top
    {
        type            calculated;
        value           nonuniform List<scalar> 
65
(
1.20245
1.20425
1.20202
1.20425
1.20218
1.20425
1.2024
1.20425
1.20255
1.20269
1.20425
1.20286
1.20425
1.2031
1.20425
1.20277
1.20425
1.20265
1.20425
1.20305
1.20425
1.20425
1.20425
1.20318
1.20317
1.20315
1.20425
1.20425
1.20311
1.20425
1.20425
1.20425
1.20425
1.20425
1.20309
1.2031
1.20311
1.20425
1.20313
1.20425
1.20425
1.20321
1.20425
1.20425
1.20327
1.20329
1.20425
1.20425
1.20336
1.20341
1.20349
1.20425
1.20425
1.20388
1.20412
1.20426
1.20406
1.20364
1.20313
1.20274
1.20267
1.20291
1.20309
1.20306
1.20264
)
;
    }
    front
    {
        type            empty;
    }
    back
    {
        type            empty;
    }
    air_to_aluminum
    {
        type            calculated;
        value           nonuniform List<scalar> 
129
(
1.15149
1.15151
1.15157
1.15165
1.15121
1.15102
1.15085
1.15071
1.15071
1.15085
1.15102
1.15121
1.15149
1.15151
1.15157
1.15165
1.15175
1.15165
1.15186
1.15181
1.15197
1.15194
1.15208
1.15206
1.15218
1.15217
1.15227
1.15227
1.15236
1.15235
1.15244
1.15243
1.15251
1.1525
1.15257
1.15257
1.15263
1.15262
1.15267
1.15267
1.15271
1.1527
1.15273
1.15273
1.15275
1.15275
1.15276
1.15276
1.15276
1.15276
1.15276
1.15276
1.15076
1.15087
1.15098
1.15109
1.15119
1.15128
1.15136
1.15143
1.1515
1.15155
1.1516
1.15165
1.15168
1.15171
1.15172
1.15173
1.15173
1.15173
1.15173
1.15173
1.15173
1.15173
1.15076
1.15087
1.15098
1.15109
1.15119
1.15128
1.15136
1.15143
1.1515
1.15155
1.1516
1.15165
1.15168
1.15171
1.15172
1.15173
1.15173
1.15173
1.15173
1.15165
1.15181
1.15194
1.15206
1.15217
1.15227
1.15236
1.15243
1.15251
1.15257
1.15262
1.15267
1.1527
1.15273
1.15275
1.15276
1.15175
1.15186
1.15197
1.15208
1.15218
1.15227
1.15236
1.15244
1.15251
1.15257
1.15263
1.15267
1.15271
1.15273
1.15275
1.15276
1.15276
1.15276
1.15276
1.15276
)
;
    }
}


// ************************************************************************* //
