/*--------------------------------*- C++ -*----------------------------------*\
| =========                 |                                                 |
| \\      /  F ield         | OpenFOAM: The Open Source CFD Toolbox           |
|  \\    /   O peration     | Version:                                        |
|   \\  /    A nd           | Website:  www.openfoam.com                      |
|    \\/     M anipulation  |                                                 |
\*---------------------------------------------------------------------------*/
FoamFile
{
    version     2.0;
    format      ascii;
    class       volScalarField;
    location    "1420/aluminum";
    object      T;
}
// * * * * * * * * * * * * * * * * * * * * * * * * * * * * * * * * * * * * * //

dimensions      [0 0 0 1 0 0 0];


internalField   nonuniform List<scalar> 
372
(
303.728
303.738
303.758
303.788
303.721
303.73
303.75
303.78
303.706
303.715
303.734
303.765
303.685
303.692
303.709
303.738
303.827
303.874
303.93
303.999
303.82
303.867
303.919
303.977
303.81
303.857
303.905
303.95
303.798
303.849
303.894
303.931
304.072
304.14
304.233
304.028
304.066
304.101
303.982
304.002
304.017
303.946
303.956
303.962
304.325
304.341
304.325
304.114
304.117
304.114
304.021
304.021
304.021
303.964
303.964
303.964
304.233
304.14
304.072
304.101
304.066
304.028
304.017
304.002
303.982
303.962
303.956
303.946
303.999
303.93
303.874
303.827
303.977
303.919
303.867
303.82
303.95
303.905
303.857
303.81
303.931
303.894
303.849
303.798
303.788
303.758
303.738
303.728
303.78
303.75
303.73
303.721
303.765
303.734
303.715
303.706
303.738
303.709
303.692
303.685
303.658
303.663
303.673
303.683
303.629
303.632
303.637
303.641
303.599
303.601
303.604
303.606
303.571
303.572
303.573
303.574
303.544
303.544
303.545
303.546
303.519
303.519
303.52
303.52
303.495
303.496
303.496
303.497
303.475
303.475
303.475
303.476
303.456
303.456
303.457
303.457
303.44
303.44
303.44
303.44
303.426
303.426
303.426
303.426
303.414
303.414
303.414
303.414
303.404
303.405
303.405
303.405
303.397
303.397
303.397
303.398
303.392
303.392
303.393
303.393
303.389
303.39
303.39
303.39
303.919
303.921
303.923
303.888
303.889
303.889
303.858
303.858
303.858
303.83
303.83
303.83
303.803
303.803
303.803
303.779
303.779
303.779
303.757
303.757
303.757
303.737
303.737
303.737
303.72
303.72
303.72
303.704
303.704
303.704
303.691
303.691
303.691
303.68
303.68
303.68
303.671
303.671
303.671
303.664
303.664
303.664
303.659
303.659
303.659
303.657
303.657
303.657
303.923
303.923
303.923
303.889
303.889
303.889
303.858
303.858
303.858
303.83
303.83
303.83
303.803
303.803
303.803
303.779
303.779
303.779
303.757
303.757
303.757
303.737
303.737
303.737
303.72
303.72
303.72
303.704
303.704
303.704
303.691
303.691
303.691
303.68
303.68
303.68
303.671
303.671
303.671
303.664
303.664
303.664
303.659
303.659
303.659
303.657
303.657
303.657
303.923
303.921
303.919
303.889
303.889
303.888
303.858
303.858
303.858
303.83
303.83
303.83
303.803
303.803
303.803
303.779
303.779
303.779
303.757
303.757
303.757
303.737
303.737
303.737
303.72
303.72
303.72
303.704
303.704
303.704
303.691
303.691
303.691
303.68
303.68
303.68
303.671
303.671
303.671
303.664
303.664
303.664
303.659
303.659
303.659
303.657
303.657
303.656
303.683
303.673
303.663
303.658
303.641
303.637
303.632
303.629
303.606
303.604
303.601
303.599
303.574
303.573
303.572
303.571
303.546
303.545
303.544
303.544
303.52
303.52
303.519
303.519
303.497
303.496
303.496
303.496
303.476
303.475
303.475
303.475
303.457
303.457
303.456
303.456
303.441
303.44
303.44
303.44
303.426
303.426
303.426
303.426
303.414
303.414
303.414
303.414
303.405
303.405
303.405
303.404
303.397
303.397
303.397
303.397
303.392
303.392
303.392
303.392
303.39
303.39
303.389
303.389
)
;

boundaryField
{
    base_hotspot
    {
        type            fixedGradient;
        gradient        uniform 203.252;
    }
    base_adiabatic
    {
        type            zeroGradient;
    }
    front
    {
        type            empty;
    }
    back
    {
        type            empty;
    }
    aluminum_to_air
    {
        type            compressible::turbulentTemperatureCoupledBaffleMixed;
        refValue        nonuniform List<scalar> 
129
(
294.299
294.266
294.274
294.297
303.737
303.802
303.855
303.901
303.901
303.855
303.802
303.737
294.181
294.139
294.14
294.161
294.325
303.737
294.356
303.673
294.389
303.63
294.423
303.597
294.457
303.568
294.489
303.542
294.518
303.519
294.544
303.497
294.566
303.476
294.583
303.454
294.594
303.43
294.601
303.401
294.601
303.364
294.597
303.311
294.581
303.226
296.228
294.603
297.803
299.535
303.064
301.197
303.901
303.859
303.825
303.796
303.769
303.744
303.722
303.7
303.68
303.66
303.638
303.614
303.583
303.532
303.377
302.761
299.406
299.334
299.266
299.223
299.2
299.176
303.901
303.859
303.825
303.796
303.769
303.744
303.721
303.7
303.679
303.657
303.632
303.598
303.546
303.46
303.29
299.129
299.059
302.838
298.976
303.737
303.673
303.63
303.597
303.568
303.542
303.518
303.496
303.474
303.45
303.42
303.377
303.307
303.19
302.99
302.555
294.189
294.22
294.253
294.288
294.323
294.359
294.395
294.431
294.468
294.504
294.541
294.578
294.616
294.653
294.684
297.721
296.996
296.206
295.44
294.761
)
;
        refGradient     uniform 0;
        valueFraction   nonuniform List<scalar> 
129
(
2.89995e-05
2.89995e-05
2.89995e-05
2.89995e-05
0.000144981
0.000144981
0.000144981
0.000144981
0.000144981
0.000144981
0.000144981
0.000144981
2.89995e-05
2.89995e-05
2.89995e-05
2.89995e-05
2.89995e-05
0.000144981
2.89995e-05
0.000144981
2.89995e-05
0.000144981
2.89995e-05
0.000144981
2.89995e-05
0.000144981
2.89995e-05
0.000144981
2.89995e-05
0.000144981
2.89995e-05
0.000144981
2.89995e-05
0.000144981
2.89995e-05
0.000144981
2.89995e-05
0.000144981
2.89995e-05
0.000144981
2.89995e-05
0.000144981
2.89995e-05
0.000144981
2.89995e-05
0.000144981
3.62491e-05
2.89995e-05
3.62491e-05
3.62491e-05
0.000144981
3.62491e-05
8.21599e-05
8.21599e-05
8.21599e-05
8.21599e-05
8.21599e-05
8.21599e-05
8.21599e-05
8.21599e-05
8.21599e-05
8.21599e-05
8.21599e-05
8.21599e-05
8.21599e-05
8.21599e-05
8.21599e-05
8.21599e-05
3.62491e-05
3.62491e-05
3.62491e-05
3.62491e-05
3.62491e-05
3.62491e-05
8.21599e-05
8.21599e-05
8.21599e-05
8.21599e-05
8.21599e-05
8.21599e-05
8.21599e-05
8.21599e-05
8.21599e-05
8.21599e-05
8.21599e-05
8.21599e-05
8.21599e-05
8.21599e-05
8.21599e-05
3.62491e-05
3.62491e-05
8.21599e-05
3.62491e-05
0.000144981
0.000144981
0.000144981
0.000144981
0.000144981
0.000144981
0.000144981
0.000144981
0.000144981
0.000144981
0.000144981
0.000144981
0.000144981
0.000144981
0.000144981
0.000144981
2.89995e-05
2.89995e-05
2.89995e-05
2.89995e-05
2.89995e-05
2.89995e-05
2.89995e-05
2.89995e-05
2.89995e-05
2.89995e-05
2.89995e-05
2.89995e-05
2.89995e-05
2.89995e-05
2.89995e-05
3.62491e-05
3.62491e-05
3.62491e-05
3.62491e-05
2.89995e-05
)
;
        value           nonuniform List<scalar> 
129
(
303.727
303.72
303.705
303.684
303.798
303.849
303.894
303.931
303.931
303.894
303.849
303.798
303.727
303.72
303.705
303.684
303.657
303.683
303.628
303.641
303.599
303.605
303.57
303.574
303.543
303.545
303.518
303.52
303.495
303.496
303.474
303.475
303.455
303.456
303.439
303.44
303.425
303.426
303.413
303.414
303.404
303.405
303.396
303.397
303.391
303.392
303.388
303.388
303.389
303.389
303.39
303.39
303.919
303.888
303.858
303.829
303.803
303.779
303.757
303.737
303.719
303.704
303.691
303.679
303.67
303.663
303.659
303.656
303.656
303.656
303.656
303.656
303.656
303.656
303.919
303.888
303.858
303.829
303.803
303.779
303.757
303.737
303.719
303.704
303.691
303.679
303.67
303.663
303.659
303.656
303.656
303.656
303.656
303.683
303.641
303.605
303.574
303.545
303.52
303.496
303.475
303.457
303.44
303.426
303.414
303.404
303.397
303.392
303.389
303.657
303.628
303.599
303.57
303.543
303.518
303.495
303.474
303.455
303.439
303.425
303.413
303.404
303.396
303.391
303.389
303.389
303.389
303.388
303.388
)
;
        Tnbr            T;
        thicknessLayers 0();
        kappaLayers     0();
        kappaMethod     solidThermo;
        kappa           none;
        alphaAni        none;
        alpha           none;
    }
}


// ************************************************************************* //
