/*--------------------------------*- C++ -*----------------------------------*\
| =========                 |                                                 |
| \\      /  F ield         | OpenFOAM: The Open Source CFD Toolbox           |
|  \\    /   O peration     | Version:                                        |
|   \\  /    A nd           | Website:  www.openfoam.com                      |
|    \\/     M anipulation  |                                                 |
\*---------------------------------------------------------------------------*/
FoamFile
{
    version     2.0;
    format      ascii;
    class       volScalarField;
    location    "0.7";
    object      gradTx;
}
// * * * * * * * * * * * * * * * * * * * * * * * * * * * * * * * * * * * * * //

dimensions      [0 -1 0 1 0 0 0];


internalField   nonuniform List<scalar> 
4352
(
-20644.1
-6109.48
-2343.72
-1150.99
-664.78
-414.423
-264.061
-166.978
-12437.7
-7534.98
-4441.9
-2739.97
-1760.85
-1152.12
-751.214
-480.699
-9047.3
-7078.55
-5101.28
-3587.08
-2493.67
-1708.19
-1144.38
-744.201
-7486.69
-6514.65
-5221.26
-3983.15
-2930.41
-2085.2
-1432.84
-946.963
-6713.89
-6118.49
-5185.13
-4154.4
-3176.38
-2327.16
-1634.32
-1095.34
-6315.48
-5876.22
-5126.05
-4226.98
-3315.87
-2485.06
-1780.43
-1208.11
-6107.15
-5737.71
-5081.38
-4262.19
-3404.3
-2604.04
-1911.95
-1319.9
-5998.82
-5662.65
-5055.92
-4286.41
-3473.26
-2719.47
-2084.02
-1509.87
-20644.1
-6109.48
-2343.72
-1150.99
-664.78
-414.423
-264.061
-166.978
-12437.7
-7534.98
-4441.9
-2739.97
-1760.85
-1152.12
-751.215
-480.699
-9047.3
-7078.55
-5101.28
-3587.08
-2493.67
-1708.19
-1144.38
-744.202
-7486.69
-6514.64
-5221.26
-3983.15
-2930.41
-2085.2
-1432.84
-946.964
-6713.89
-6118.48
-5185.13
-4154.4
-3176.38
-2327.16
-1634.32
-1095.34
-6315.48
-5876.22
-5126.05
-4226.98
-3315.88
-2485.06
-1780.43
-1208.11
-6107.14
-5737.71
-5081.38
-4262.19
-3404.3
-2604.04
-1911.95
-1319.9
-5998.82
-5662.65
-5055.92
-4286.41
-3473.26
-2719.47
-2084.02
-1509.87
-20644.1
-6109.48
-2343.72
-1150.99
-664.78
-414.423
-264.061
-166.979
-12437.7
-7534.97
-4441.9
-2739.96
-1760.85
-1152.12
-751.217
-480.702
-9047.29
-7078.54
-5101.28
-3587.08
-2493.67
-1708.2
-1144.38
-744.206
-7486.67
-6514.63
-5221.25
-3983.14
-2930.41
-2085.2
-1432.84
-946.969
-6713.87
-6118.47
-5185.12
-4154.39
-3176.38
-2327.16
-1634.32
-1095.34
-6315.47
-5876.21
-5126.04
-4226.98
-3315.88
-2485.06
-1780.43
-1208.12
-6107.13
-5737.7
-5081.38
-4262.19
-3404.3
-2604.05
-1911.95
-1319.9
-5998.81
-5662.64
-5055.92
-4286.4
-3473.26
-2719.47
-2084.03
-1509.87
-20644.1
-6109.48
-2343.72
-1150.99
-664.779
-414.423
-264.062
-166.98
-12437.7
-7534.96
-4441.89
-2739.96
-1760.85
-1152.12
-751.221
-480.707
-9047.27
-7078.52
-5101.27
-3587.08
-2493.67
-1708.2
-1144.39
-744.213
-7486.65
-6514.61
-5221.24
-3983.14
-2930.41
-2085.2
-1432.85
-946.978
-6713.84
-6118.45
-5185.1
-4154.39
-3176.38
-2327.17
-1634.33
-1095.35
-6315.44
-5876.18
-5126.03
-4226.97
-3315.87
-2485.06
-1780.44
-1208.12
-6107.11
-5737.68
-5081.37
-4262.19
-3404.3
-2604.05
-1911.96
-1319.91
-5998.79
-5662.63
-5055.91
-4286.4
-3473.27
-2719.48
-2084.04
-1509.88
-103.155
-61.7296
-35.6269
-19.7957
-10.5871
-5.45369
-2.70895
-1.29925
-0.602513
-0.270537
-0.117774
-0.0497722
-0.0204435
-0.0081705
-0.00318074
-0.00120735
-0.000447274
-0.000161862
-5.72684e-05
-1.98262e-05
-6.72121e-06
-2.23285e-06
-7.27418e-07
-2.32536e-07
-7.3011e-08
-2.25098e-08
-6.81399e-09
-2.04003e-09
-5.96745e-10
-1.38778e-10
-4.16334e-11
-4.16334e-11
-298.837
-179.364
-103.608
-57.5422
-30.737
-15.8083
-7.83899
-3.75344
-1.73793
-0.77927
-0.338824
-0.143034
-0.0586948
-0.0234389
-0.00911819
-0.00345896
-0.00128073
-0.000463262
-0.000163841
-5.67014e-05
-1.92163e-05
-6.38216e-06
-2.07863e-06
-6.6433e-07
-2.08486e-07
-6.42819e-08
-1.94844e-08
-5.81479e-09
-1.70697e-09
-5.27356e-10
-8.32667e-11
-5.55112e-11
-466.791
-281.167
-162.383
-89.9608
-47.8793
-24.5253
-12.1129
-5.77827
-2.66653
-1.19211
-0.516996
-0.217765
-0.0891897
-0.0355578
-0.013813
-0.00523348
-0.0019357
-0.000699527
-0.0002472
-8.54893e-05
-2.89545e-05
-9.61109e-06
-3.12878e-06
-9.99562e-07
-3.13569e-07
-9.66172e-08
-2.92544e-08
-8.78464e-09
-2.58127e-09
-7.63278e-10
-1.52656e-10
-2.77556e-11
-598.61
-360.595
-207.201
-113.918
-60.1247
-30.55
-14.9786
-7.09986
-3.25855
-1.45005
-0.626405
-0.262981
-0.107409
-0.0427205
-0.0165622
-0.00626436
-0.00231358
-0.000835029
-0.000294761
-0.00010184
-3.44637e-05
-1.14314e-05
-3.71897e-06
-1.18747e-06
-3.72341e-07
-1.14686e-07
-3.47222e-08
-1.03528e-08
-3.03924e-09
-8.74301e-10
-2.22045e-10
-4.16334e-11
-693.905
-413.544
-233.631
-126.156
-65.4931
-32.8108
-15.9002
-7.46529
-3.39996
-1.50356
-0.646228
-0.270176
-0.10997
-0.0436144
-0.0168684
-0.00636734
-0.0023476
-0.000846069
-0.000298283
-0.000102945
-3.48047e-05
-1.1535e-05
-3.74993e-06
-1.19656e-06
-3.74964e-07
-1.15449e-07
-3.49998e-08
-1.03945e-08
-3.02536e-09
-8.32667e-10
-2.35922e-10
-8.32667e-11
-756.75
-433.771
-234.828
-122.227
-61.6431
-30.2105
-14.4002
-6.67741
-3.0125
-1.32254
-0.565204
-0.23524
-0.0954049
-0.0377272
-0.0145564
-0.00548367
-0.00201842
-0.000726409
-0.00025579
-8.81889e-05
-2.97895e-05
-9.86536e-06
-3.20503e-06
-1.02211e-06
-3.20188e-07
-9.85739e-08
-2.97817e-08
-8.86791e-09
-2.55351e-09
-7.21645e-10
-2.08167e-10
-4.16334e-11
-791.058
-401.462
-196.763
-95.5788
-46.0504
-21.9006
-10.2318
-4.67984
-2.09097
-0.911555
-0.387532
-0.16065
-0.064952
-0.0256216
-0.00986607
-0.00371071
-0.00136401
-0.000490346
-0.000172503
-5.94269e-05
-2.00603e-05
-6.63954e-06
-2.15597e-06
-6.87284e-07
-2.15217e-07
-6.62387e-08
-2.00256e-08
-5.95357e-09
-1.70697e-09
-4.996e-10
-1.66533e-10
0
-793.635
-249.851
-93.7317
-39.6329
-17.8095
-8.17219
-3.74454
-1.69337
-0.751246
-0.325956
-0.138113
-0.0571146
-0.0230491
-0.00907908
-0.00349207
-0.00131219
-0.000481977
-0.000173157
-6.08844e-05
-2.09652e-05
-7.07441e-06
-2.34072e-06
-7.59837e-07
-2.42167e-07
-7.58282e-08
-2.33286e-08
-7.04992e-09
-2.1233e-09
-6.10623e-10
-1.52656e-10
-2.77556e-11
0
-103.155
-61.7295
-35.6268
-19.7957
-10.5871
-5.45367
-2.70895
-1.29925
-0.602514
-0.270538
-0.117775
-0.0497727
-0.0204438
-0.00817065
-0.00318081
-0.00120738
-0.000447288
-0.000161868
-5.72708e-05
-1.9827e-05
-6.72151e-06
-2.23292e-06
-7.2746e-07
-2.32578e-07
-7.3011e-08
-2.24959e-08
-6.81399e-09
-2.04003e-09
-5.96745e-10
-1.80411e-10
-4.16334e-11
0
-298.837
-179.364
-103.609
-57.5423
-30.7371
-15.8084
-7.83903
-3.75346
-1.73795
-0.779281
-0.33883
-0.143037
-0.0586963
-0.0234396
-0.0091185
-0.0034591
-0.00128078
-0.000463284
-0.00016385
-5.67045e-05
-1.92174e-05
-6.38253e-06
-2.07877e-06
-6.64413e-07
-2.08514e-07
-6.42542e-08
-1.94705e-08
-5.81479e-09
-1.70697e-09
-4.996e-10
-1.38778e-10
-4.16334e-11
-466.791
-281.167
-162.383
-89.9608
-47.8794
-24.5254
-12.113
-5.77831
-2.66655
-1.19213
-0.517004
-0.217769
-0.0891918
-0.0355588
-0.0138134
-0.00523367
-0.00193578
-0.000699559
-0.000247213
-8.54939e-05
-2.89562e-05
-9.61163e-06
-3.129e-06
-9.997e-07
-3.13582e-07
-9.66449e-08
-2.92821e-08
-8.75688e-09
-2.53964e-09
-7.07767e-10
-2.22045e-10
-5.55112e-11
-598.611
-360.596
-207.201
-113.918
-60.1249
-30.5502
-14.9788
-7.09994
-3.2586
-1.45008
-0.62642
-0.262988
-0.107413
-0.0427222
-0.0165629
-0.00626466
-0.00231371
-0.000835079
-0.00029478
-0.000101847
-3.44662e-05
-1.14323e-05
-3.71929e-06
-1.18756e-06
-3.72355e-07
-1.14728e-07
-3.475e-08
-1.03112e-08
-3.02536e-09
-8.88178e-10
-2.35922e-10
-8.32667e-11
-693.906
-413.543
-233.631
-126.156
-65.4932
-32.8109
-15.9003
-7.46536
-3.40001
-1.50359
-0.646242
-0.270183
-0.109973
-0.0436159
-0.0168691
-0.00636763
-0.00234772
-0.000846116
-0.000298301
-0.000102952
-3.4807e-05
-1.15358e-05
-3.75026e-06
-1.19667e-06
-3.75006e-07
-1.15519e-07
-3.4972e-08
-1.03945e-08
-3.05311e-09
-8.88178e-10
-1.94289e-10
-6.93889e-11
-756.75
-433.771
-234.828
-122.227
-61.6434
-30.2107
-14.4003
-6.67751
-3.01256
-1.32258
-0.565221
-0.235249
-0.0954089
-0.037729
-0.0145572
-0.005484
-0.00201855
-0.000726462
-0.00025581
-8.81964e-05
-2.97922e-05
-9.86627e-06
-3.20532e-06
-1.02221e-06
-3.20188e-07
-9.85878e-08
-2.98789e-08
-8.88178e-09
-2.55351e-09
-7.21645e-10
-2.35922e-10
-4.16334e-11
-791.059
-401.464
-196.764
-95.5797
-46.051
-21.901
-10.2321
-4.67997
-2.09104
-0.911591
-0.38755
-0.160659
-0.0649558
-0.0256233
-0.00986679
-0.00371101
-0.00136413
-0.000490393
-0.000172521
-5.94334e-05
-2.00626e-05
-6.64031e-06
-2.15621e-06
-6.87353e-07
-2.15286e-07
-6.62248e-08
-2.00395e-08
-5.9952e-09
-1.70697e-09
-5.27356e-10
-1.38778e-10
0
-793.638
-249.852
-93.7324
-39.6333
-17.8098
-8.17235
-3.74463
-1.69342
-0.751273
-0.325969
-0.13812
-0.0571177
-0.0230505
-0.00907969
-0.00349233
-0.00131229
-0.000482019
-0.000173173
-6.08905e-05
-2.09675e-05
-7.07522e-06
-2.34095e-06
-7.5992e-07
-2.42223e-07
-7.58144e-08
-2.33286e-08
-7.03604e-09
-2.16493e-09
-6.10623e-10
-1.80411e-10
-2.77556e-11
0
-103.156
-61.7302
-35.6274
-19.7961
-10.5874
-5.45389
-2.70908
-1.29932
-0.602558
-0.270561
-0.117787
-0.0497782
-0.0204464
-0.00817178
-0.00318129
-0.00120758
-0.000447368
-0.000161898
-5.72823e-05
-1.98312e-05
-6.72305e-06
-2.23345e-06
-7.27612e-07
-2.32633e-07
-7.3011e-08
-2.24543e-08
-6.82787e-09
-2.09555e-09
-5.82867e-10
-1.80411e-10
-5.55112e-11
0
-298.84
-179.366
-103.611
-57.5438
-30.7382
-15.8091
-7.83947
-3.75372
-1.73809
-0.779355
-0.338867
-0.143055
-0.0587045
-0.0234432
-0.00912006
-0.00345974
-0.00128104
-0.000463385
-0.000163888
-5.67186e-05
-1.92224e-05
-6.3842e-06
-2.07934e-06
-6.64635e-07
-2.08569e-07
-6.42542e-08
-1.95122e-08
-5.84255e-09
-1.72085e-09
-4.996e-10
-1.38778e-10
-2.77556e-11
-466.795
-281.171
-162.386
-89.9632
-47.8811
-24.5265
-12.1137
-5.77871
-2.66677
-1.19224
-0.517061
-0.217796
-0.0892043
-0.0355643
-0.0138158
-0.00523465
-0.00193617
-0.000699711
-0.00024727
-8.5515e-05
-2.89637e-05
-9.61423e-06
-3.12984e-06
-9.9995e-07
-3.13666e-07
-9.66727e-08
-2.93099e-08
-8.75688e-09
-2.58127e-09
-7.63278e-10
-1.80411e-10
-4.16334e-11
-598.616
-360.6
-207.205
-113.921
-60.1271
-30.5517
-14.9797
-7.10046
-3.25888
-1.45023
-0.626492
-0.263022
-0.107428
-0.0427291
-0.0165659
-0.00626588
-0.0023142
-0.000835269
-0.000294852
-0.000101873
-3.44756e-05
-1.14356e-05
-3.72037e-06
-1.1879e-06
-3.72508e-07
-1.14783e-07
-3.47639e-08
-1.03667e-08
-2.9976e-09
-8.88178e-10
-2.498e-10
-2.77556e-11
-693.911
-413.549
-233.636
-126.159
-65.4956
-32.8125
-15.9012
-7.4659
-3.4003
-1.50374
-0.646315
-0.270217
-0.109989
-0.0436229
-0.0168721
-0.00636885
-0.0023482
-0.000846305
-0.000298372
-0.000102978
-3.48164e-05
-1.15391e-05
-3.75137e-06
-1.197e-06
-3.7513e-07
-1.15519e-07
-3.4972e-08
-1.04361e-08
-3.02536e-09
-8.46545e-10
-2.22045e-10
-9.71445e-11
-756.755
-433.776
-234.833
-122.231
-61.6458
-30.2122
-14.4012
-6.678
-3.01282
-1.32271
-0.565287
-0.235279
-0.0954228
-0.0377351
-0.0145598
-0.00548506
-0.00201898
-0.000726625
-0.000255872
-8.8219e-05
-2.98002e-05
-9.86909e-06
-3.20631e-06
-1.02253e-06
-3.20299e-07
-9.86294e-08
-2.98372e-08
-8.84015e-09
-2.53964e-09
-7.63278e-10
-1.52656e-10
-1.11022e-10
-791.064
-401.467
-196.767
-95.5819
-46.0525
-21.9019
-10.2326
-4.68028
-2.0912
-0.911677
-0.387592
-0.160679
-0.0649647
-0.0256272
-0.00986845
-0.00371169
-0.0013644
-0.000490498
-0.00017256
-5.94479e-05
-2.00679e-05
-6.64215e-06
-2.15684e-06
-6.87506e-07
-2.15328e-07
-6.62803e-08
-2.00256e-08
-5.96745e-09
-1.72085e-09
-4.996e-10
-1.38778e-10
-2.77556e-11
-793.641
-249.853
-93.7332
-39.6339
-17.8102
-8.17258
-3.74477
-1.6935
-0.751316
-0.325991
-0.13813
-0.0571228
-0.0230528
-0.0090807
-0.00349276
-0.00131247
-0.000482089
-0.0001732
-6.09007e-05
-2.09712e-05
-7.07658e-06
-2.34143e-06
-7.60086e-07
-2.42237e-07
-7.5856e-08
-2.33702e-08
-7.04992e-09
-2.09555e-09
-5.96745e-10
-1.94289e-10
-6.93889e-11
0
-103.157
-61.7314
-35.6286
-19.7971
-10.5882
-5.4544
-2.70941
-1.29952
-0.602667
-0.270619
-0.117816
-0.0497924
-0.0204529
-0.00817472
-0.00318256
-0.00120811
-0.000447582
-0.000161983
-5.73144e-05
-1.98432e-05
-6.72733e-06
-2.235e-06
-7.28154e-07
-2.32786e-07
-7.30527e-08
-2.25098e-08
-6.84175e-09
-2.04003e-09
-5.68989e-10
-1.66533e-10
-6.93889e-11
-1.38778e-11
-298.845
-179.371
-103.615
-57.5472
-30.7407
-15.8107
-7.84047
-3.75429
-1.73841
-0.779517
-0.338947
-0.143093
-0.0587218
-0.0234509
-0.00912331
-0.00346108
-0.00128158
-0.000463592
-0.000163966
-5.67471e-05
-1.92326e-05
-6.38781e-06
-2.08056e-06
-6.65024e-07
-2.08708e-07
-6.43513e-08
-1.94844e-08
-5.84255e-09
-1.70697e-09
-4.71845e-10
-1.66533e-10
-1.38778e-11
-466.803
-281.179
-162.393
-89.9692
-47.8853
-24.5292
-12.1153
-5.77965
-2.66728
-1.1925
-0.517189
-0.217856
-0.0892317
-0.0355763
-0.0138209
-0.00523674
-0.001937
-0.000700034
-0.000247392
-8.55596e-05
-2.89797e-05
-9.61985e-06
-3.13173e-06
-1.00053e-06
-3.13929e-07
-9.67559e-08
-2.9296e-08
-8.75688e-09
-2.55351e-09
-7.21645e-10
-2.08167e-10
-8.32667e-11
-598.627
-360.612
-207.215
-113.929
-60.1326
-30.5552
-14.9818
-7.10163
-3.2595
-1.45054
-0.626648
-0.263095
-0.107461
-0.0427436
-0.016572
-0.00626839
-0.0023152
-0.000835656
-0.000294997
-0.000101927
-3.44948e-05
-1.14423e-05
-3.72269e-06
-1.18869e-06
-3.7273e-07
-1.14853e-07
-3.47639e-08
-1.03667e-08
-3.05311e-09
-8.88178e-10
-2.498e-10
-8.32667e-11
-693.921
-413.562
-233.648
-126.169
-65.5019
-32.8163
-15.9034
-7.46712
-3.40094
-1.50406
-0.646469
-0.270289
-0.110021
-0.0436367
-0.0168779
-0.00637122
-0.00234914
-0.000846666
-0.000298508
-0.000103027
-3.48341e-05
-1.15452e-05
-3.75344e-06
-1.19771e-06
-3.75394e-07
-1.15602e-07
-3.4972e-08
-1.04083e-08
-3.05311e-09
-8.60423e-10
-2.498e-10
-1.11022e-10
-756.767
-433.789
-234.845
-122.24
-61.6517
-30.2158
-14.4032
-6.6791
-3.01338
-1.32299
-0.565421
-0.235342
-0.0954507
-0.0377472
-0.0145649
-0.00548713
-0.0020198
-0.000726944
-0.000255992
-8.8263e-05
-2.98161e-05
-9.87463e-06
-3.2082e-06
-1.02315e-06
-3.20494e-07
-9.86711e-08
-2.98511e-08
-8.89566e-09
-2.56739e-09
-7.49401e-10
-2.08167e-10
-6.93889e-11
-791.073
-401.476
-196.773
-95.5861
-46.0551
-21.9035
-10.2335
-4.68075
-2.09144
-0.911795
-0.387648
-0.160704
-0.0649761
-0.0256321
-0.00987048
-0.00371251
-0.00136472
-0.000490621
-0.000172606
-5.94646e-05
-2.00738e-05
-6.6442e-06
-2.15755e-06
-6.87783e-07
-2.15369e-07
-6.62803e-08
-2.00534e-08
-5.98133e-09
-1.70697e-09
-4.996e-10
-1.52656e-10
0
-793.644
-249.855
-93.734
-39.6344
-17.8105
-8.17279
-3.7449
-1.69357
-0.751352
-0.326009
-0.138139
-0.0571268
-0.0230546
-0.00908148
-0.00349308
-0.0013126
-0.000482141
-0.00017322
-6.0908e-05
-2.09738e-05
-7.07748e-06
-2.34179e-06
-7.60184e-07
-2.42237e-07
-7.58699e-08
-2.33563e-08
-7.04992e-09
-2.10942e-09
-5.96745e-10
-1.80411e-10
-6.93889e-11
0
-5943.59
-5624.11
-5044.53
-4306.89
-3532.14
-2842.29
-2367.61
-2338.85
-5916.14
-5605.17
-5040.2
-4320.71
-3566.73
-2898.68
-2425.16
-2227.21
-5902.77
-5596.07
-5038.55
-4328.24
-3583.44
-2920.64
-2436.86
-2193.44
-5896.2
-5591.48
-5037.43
-4331.26
-3590.15
-2928.57
-2440.05
-2184.85
-5892.62
-5588.63
-5035.79
-4330.95
-3591.04
-2930.41
-2442.63
-2187.93
-5890.08
-5585.99
-5032.79
-4327.22
-3586.59
-2927.04
-2445.84
-2204.45
-5887.58
-5582.71
-5027.64
-4318.77
-3573.77
-2912.42
-2444.49
-2252.62
-5884.77
-5578.46
-5019.87
-4303.95
-3546.58
-2868.55
-2403.6
-2394.23
-5943.59
-5624.11
-5044.52
-4306.89
-3532.14
-2842.29
-2367.62
-2338.86
-5916.14
-5605.17
-5040.2
-4320.71
-3566.73
-2898.68
-2425.16
-2227.21
-5902.77
-5596.06
-5038.55
-4328.24
-3583.44
-2920.64
-2436.86
-2193.44
-5896.2
-5591.48
-5037.43
-4331.26
-3590.15
-2928.57
-2440.05
-2184.85
-5892.62
-5588.63
-5035.79
-4330.95
-3591.04
-2930.41
-2442.63
-2187.93
-5890.08
-5585.99
-5032.79
-4327.22
-3586.59
-2927.04
-2445.84
-2204.45
-5887.58
-5582.71
-5027.64
-4318.77
-3573.77
-2912.42
-2444.49
-2252.62
-5884.77
-5578.46
-5019.87
-4303.95
-3546.57
-2868.55
-2403.6
-2394.23
-5943.58
-5624.1
-5044.52
-4306.88
-3532.14
-2842.3
-2367.62
-2338.86
-5916.13
-5605.17
-5040.2
-4320.71
-3566.73
-2898.68
-2425.16
-2227.21
-5902.77
-5596.06
-5038.55
-4328.24
-3583.44
-2920.64
-2436.86
-2193.44
-5896.2
-5591.48
-5037.43
-4331.26
-3590.15
-2928.57
-2440.05
-2184.85
-5892.62
-5588.63
-5035.79
-4330.95
-3591.04
-2930.41
-2442.63
-2187.93
-5890.08
-5585.99
-5032.79
-4327.22
-3586.59
-2927.04
-2445.84
-2204.45
-5887.58
-5582.71
-5027.64
-4318.77
-3573.77
-2912.43
-2444.49
-2252.62
-5884.77
-5578.46
-5019.87
-4303.95
-3546.58
-2868.55
-2403.6
-2394.23
-5943.57
-5624.09
-5044.52
-4306.89
-3532.14
-2842.31
-2367.63
-2338.86
-5916.12
-5605.16
-5040.2
-4320.71
-3566.74
-2898.69
-2425.16
-2227.21
-5902.76
-5596.06
-5038.55
-4328.24
-3583.45
-2920.65
-2436.86
-2193.44
-5896.19
-5591.48
-5037.43
-4331.27
-3590.16
-2928.57
-2440.05
-2184.85
-5892.62
-5588.63
-5035.79
-4330.96
-3591.05
-2930.41
-2442.63
-2187.92
-5890.08
-5585.99
-5032.79
-4327.23
-3586.6
-2927.04
-2445.83
-2204.44
-5887.58
-5582.71
-5027.65
-4318.77
-3573.77
-2912.43
-2444.49
-2252.61
-5884.76
-5578.46
-5019.87
-4303.95
-3546.58
-2868.56
-2403.6
-2394.22
-5881.74
-5573.59
-5010.22
-4283.67
-3502.51
-2766.74
-2138.1
-1563.86
-5878.96
-5569.05
-5001.21
-4265.14
-3464.79
-2692.42
-2004.43
-1401.29
-5876.86
-5565.68
-4994.69
-4252.36
-3440.84
-2651.28
-1944.95
-1346.38
-5875.76
-5563.92
-4991.38
-4246.11
-3429.79
-2633.9
-1922.79
-1328.85
-5875.75
-5563.92
-4991.37
-4246.1
-3429.78
-2633.9
-1922.79
-1328.84
-5876.86
-5565.67
-4994.68
-4252.35
-3440.82
-2651.26
-1944.93
-1346.37
-5878.95
-5569.04
-5001.19
-4265.11
-3464.75
-2692.36
-2004.39
-1401.28
-5881.74
-5573.58
-5010.2
-4283.64
-3502.47
-2766.69
-2138.08
-1563.89
-5881.74
-5573.59
-5010.22
-4283.67
-3502.51
-2766.75
-2138.1
-1563.86
-5878.96
-5569.05
-5001.21
-4265.14
-3464.79
-2692.42
-2004.44
-1401.29
-5876.86
-5565.68
-4994.69
-4252.36
-3440.84
-2651.28
-1944.95
-1346.38
-5875.76
-5563.92
-4991.38
-4246.11
-3429.79
-2633.9
-1922.79
-1328.85
-5875.76
-5563.92
-4991.37
-4246.1
-3429.78
-2633.9
-1922.79
-1328.84
-5876.86
-5565.67
-4994.68
-4252.35
-3440.82
-2651.26
-1944.93
-1346.37
-5878.95
-5569.04
-5001.19
-4265.11
-3464.75
-2692.36
-2004.39
-1401.28
-5881.74
-5573.58
-5010.2
-4283.64
-3502.47
-2766.69
-2138.08
-1563.89
-5881.74
-5573.59
-5010.22
-4283.67
-3502.51
-2766.75
-2138.1
-1563.86
-5878.96
-5569.05
-5001.21
-4265.14
-3464.79
-2692.42
-2004.43
-1401.29
-5876.86
-5565.68
-4994.69
-4252.36
-3440.84
-2651.28
-1944.95
-1346.38
-5875.76
-5563.92
-4991.38
-4246.11
-3429.79
-2633.9
-1922.79
-1328.84
-5875.75
-5563.92
-4991.37
-4246.1
-3429.78
-2633.9
-1922.79
-1328.84
-5876.86
-5565.67
-4994.68
-4252.35
-3440.82
-2651.25
-1944.93
-1346.37
-5878.95
-5569.04
-5001.19
-4265.11
-3464.75
-2692.36
-2004.39
-1401.28
-5881.74
-5573.58
-5010.2
-4283.64
-3502.47
-2766.69
-2138.08
-1563.89
-5881.74
-5573.59
-5010.22
-4283.67
-3502.51
-2766.74
-2138.1
-1563.86
-5878.95
-5569.05
-5001.21
-4265.14
-3464.78
-2692.41
-2004.43
-1401.29
-5876.86
-5565.68
-4994.69
-4252.36
-3440.83
-2651.27
-1944.94
-1346.37
-5875.75
-5563.92
-4991.37
-4246.1
-3429.78
-2633.89
-1922.78
-1328.84
-5875.75
-5563.91
-4991.37
-4246.1
-3429.78
-2633.89
-1922.78
-1328.84
-5876.86
-5565.67
-4994.68
-4252.34
-3440.81
-2651.25
-1944.92
-1346.36
-5878.95
-5569.04
-5001.19
-4265.11
-3464.74
-2692.36
-2004.38
-1401.28
-5881.73
-5573.58
-5010.2
-4283.64
-3502.47
-2766.7
-2138.08
-1563.89
-830.464
-265.587
-101.881
-44.083
-20.2083
-9.42062
-4.36854
-1.99296
-0.889672
-0.387646
-0.164688
-0.0682031
-0.0275382
-0.0108454
-0.00416844
-0.00156458
-0.000573864
-0.000205829
-7.2242e-05
-2.48286e-05
-8.36146e-06
-2.76094e-06
-8.94396e-07
-2.84481e-07
-8.88734e-08
-2.72837e-08
-8.22953e-09
-2.44249e-09
-6.93889e-10
-2.35922e-10
-6.93889e-11
0
-851.71
-440.424
-220.281
-109.058
-53.4005
-25.7227
-12.1332
-5.58746
-2.50798
-1.09645
-0.466823
-0.193604
-0.0782478
-0.0308376
-0.0118584
-0.00445257
-0.0016336
-0.000586053
-0.000205729
-7.07158e-05
-2.38174e-05
-7.86524e-06
-2.5482e-06
-8.10477e-07
-2.532e-07
-7.77156e-08
-2.34396e-08
-7.00828e-09
-2.05391e-09
-5.82867e-10
-1.66533e-10
-6.93889e-11
-859.115
-501.815
-276.438
-146.001
-74.466
-36.7887
-17.6278
-8.19855
-3.70341
-1.62581
-0.694121
-0.288414
-0.11672
-0.0460422
-0.0177171
-0.00665565
-0.00244278
-0.000876593
-0.000307786
-0.000105814
-3.56435e-05
-1.17718e-05
-3.81421e-06
-1.21321e-06
-3.79058e-07
-1.16351e-07
-3.51108e-08
-1.05055e-08
-3.06699e-09
-8.88178e-10
-2.22045e-10
-9.71445e-11
-861.569
-521.993
-298.06
-161.901
-84.2411
-42.1878
-20.3995
-9.54529
-4.32926
-1.90576
-0.815169
-0.339152
-0.137379
-0.0542278
-0.0208771
-0.0078456
-0.00288032
-0.00103383
-0.000363058
-0.000124834
-4.20553e-05
-1.38907e-05
-4.50118e-06
-1.43184e-06
-4.47392e-07
-1.37348e-07
-4.14807e-08
-1.23651e-08
-3.59435e-09
-1.01308e-09
-3.05311e-10
-1.38778e-10
-861.567
-521.997
-298.065
-161.906
-84.2457
-42.1912
-20.4018
-9.54664
-4.33001
-1.90615
-0.815363
-0.339244
-0.137421
-0.054246
-0.0208848
-0.00784877
-0.00288158
-0.00103432
-0.00036324
-0.000124901
-4.2079e-05
-1.38991e-05
-4.50402e-06
-1.4328e-06
-4.47739e-07
-1.37487e-07
-4.15223e-08
-1.23235e-08
-3.55271e-09
-1.01308e-09
-3.05311e-10
-1.38778e-10
-859.125
-501.832
-276.46
-146.021
-74.4821
-36.7998
-17.6347
-8.20258
-3.70561
-1.62694
-0.69468
-0.288678
-0.11684
-0.0460949
-0.0177395
-0.00666486
-0.00244646
-0.00087802
-0.000308325
-0.000106013
-3.57148e-05
-1.17969e-05
-3.82279e-06
-1.21614e-06
-3.80043e-07
-1.16698e-07
-3.52357e-08
-1.04916e-08
-3.03924e-09
-8.60423e-10
-2.35922e-10
-6.93889e-11
-851.739
-440.468
-220.324
-109.093
-53.4248
-25.7382
-12.1423
-5.5926
-2.51071
-1.09783
-0.467496
-0.193919
-0.0783899
-0.0308996
-0.0118846
-0.0044633
-0.00163787
-0.000587707
-0.000206352
-7.09449e-05
-2.38995e-05
-7.894e-06
-2.55806e-06
-8.13793e-07
-2.54338e-07
-7.81042e-08
-2.35367e-08
-7.02216e-09
-2.06779e-09
-5.96745e-10
-1.38778e-10
0
-830.503
-265.616
-101.907
-44.1025
-20.2213
-9.42866
-4.37319
-1.99551
-0.891008
-0.388317
-0.165013
-0.0683541
-0.0276062
-0.0108749
-0.00418088
-0.00156967
-0.000575885
-0.00020661
-7.2536e-05
-2.49364e-05
-8.40002e-06
-2.77443e-06
-8.99059e-07
-2.86035e-07
-8.93591e-08
-2.7478e-08
-8.27116e-09
-2.42861e-09
-7.49401e-10
-2.08167e-10
-2.77556e-11
0
-830.463
-265.586
-101.88
-44.0825
-20.208
-9.4205
-4.36849
-1.99294
-0.889663
-0.387643
-0.164688
-0.0682029
-0.0275383
-0.0108454
-0.00416847
-0.0015646
-0.000573874
-0.000205834
-7.22439e-05
-2.48293e-05
-8.36174e-06
-2.76104e-06
-8.94437e-07
-2.84467e-07
-8.88595e-08
-2.72421e-08
-8.22953e-09
-2.48412e-09
-7.49401e-10
-2.22045e-10
-4.16334e-11
1.38778e-11
-851.708
-440.423
-220.28
-109.058
-53.4003
-25.7227
-12.1331
-5.58746
-2.50799
-1.09646
-0.466826
-0.193606
-0.0782489
-0.0308382
-0.0118587
-0.00445269
-0.00163365
-0.000586074
-0.000205737
-7.07188e-05
-2.38185e-05
-7.86561e-06
-2.54834e-06
-8.10546e-07
-2.53214e-07
-7.77017e-08
-2.34673e-08
-6.98053e-09
-2.02616e-09
-6.10623e-10
-1.80411e-10
-2.77556e-11
-859.114
-501.814
-276.437
-146
-74.4657
-36.7885
-17.6277
-8.19854
-3.70342
-1.62581
-0.694124
-0.288416
-0.116721
-0.0460429
-0.0177174
-0.00665581
-0.00244285
-0.00087662
-0.000307797
-0.000105818
-3.5645e-05
-1.17724e-05
-3.81442e-06
-1.21327e-06
-3.79058e-07
-1.16393e-07
-3.51524e-08
-1.04639e-08
-3.06699e-09
-9.15934e-10
-1.94289e-10
-5.55112e-11
-861.568
-521.992
-298.06
-161.9
-84.2409
-42.1877
-20.3995
-9.54532
-4.32928
-1.90578
-0.81518
-0.339158
-0.137382
-0.0542292
-0.0208777
-0.00784588
-0.00288044
-0.00103388
-0.000363076
-0.000124841
-4.20577e-05
-1.38917e-05
-4.5015e-06
-1.43191e-06
-4.4742e-07
-1.37376e-07
-4.15085e-08
-1.23235e-08
-3.58047e-09
-1.06859e-09
-2.77556e-10
-9.71445e-11
-861.567
-521.996
-298.064
-161.905
-84.2455
-42.1911
-20.4018
-9.54666
-4.33003
-1.90617
-0.815371
-0.339249
-0.137424
-0.0542472
-0.0208853
-0.00784901
-0.00288168
-0.00103436
-0.000363256
-0.000124907
-4.20812e-05
-1.38998e-05
-4.50431e-06
-1.4329e-06
-4.47711e-07
-1.37432e-07
-4.15362e-08
-1.23512e-08
-3.60822e-09
-1.06859e-09
-2.498e-10
-1.249e-10
-859.123
-501.831
-276.459
-146.021
-74.4821
-36.7999
-17.6348
-8.20264
-3.70565
-1.62697
-0.694693
-0.288685
-0.116843
-0.0460965
-0.0177402
-0.00666516
-0.00244658
-0.00087807
-0.000308344
-0.00010602
-3.57174e-05
-1.17978e-05
-3.82314e-06
-1.21622e-06
-3.80029e-07
-1.16643e-07
-3.52496e-08
-1.05194e-08
-3.06699e-09
-8.74301e-10
-2.498e-10
-6.93889e-11
-851.739
-440.468
-220.325
-109.094
-53.4253
-25.7385
-12.1425
-5.59271
-2.51077
-1.09787
-0.467512
-0.193927
-0.0783936
-0.0309012
-0.0118853
-0.00446359
-0.00163798
-0.000587753
-0.000206369
-7.09512e-05
-2.39018e-05
-7.89478e-06
-2.55836e-06
-8.13891e-07
-2.54297e-07
-7.80487e-08
-2.36061e-08
-7.04992e-09
-2.06779e-09
-6.10623e-10
-1.38778e-10
-2.77556e-11
-830.505
-265.616
-101.907
-44.1028
-20.2215
-9.4288
-4.37327
-1.99556
-0.891032
-0.38833
-0.165019
-0.068357
-0.0276075
-0.0108755
-0.00418113
-0.00156977
-0.000575926
-0.000206626
-7.2542e-05
-2.49386e-05
-8.40082e-06
-2.77472e-06
-8.99156e-07
-2.86035e-07
-8.93313e-08
-2.74503e-08
-8.29892e-09
-2.47025e-09
-7.49401e-10
-2.08167e-10
-2.77556e-11
0
-830.462
-265.586
-101.881
-44.0829
-20.2084
-9.42076
-4.36865
-1.99304
-0.889717
-0.387671
-0.164702
-0.0682096
-0.0275413
-0.0108468
-0.00416904
-0.00156483
-0.000573967
-0.000205869
-7.22572e-05
-2.48341e-05
-8.36339e-06
-2.7616e-06
-8.94687e-07
-2.84536e-07
-8.88595e-08
-2.72699e-08
-8.20177e-09
-2.48412e-09
-7.21645e-10
-2.22045e-10
-6.93889e-11
1.38778e-11
-851.708
-440.424
-220.282
-109.06
-53.4016
-25.7235
-12.1337
-5.58778
-2.50816
-1.09655
-0.466872
-0.193627
-0.0782588
-0.0308425
-0.0118605
-0.00445345
-0.00163395
-0.000586191
-0.000205781
-7.0735e-05
-2.38243e-05
-7.86765e-06
-2.54904e-06
-8.10699e-07
-2.5327e-07
-7.77711e-08
-2.34396e-08
-6.95277e-09
-2.06779e-09
-6.245e-10
-1.52656e-10
-2.77556e-11
-859.114
-501.815
-276.44
-146.002
-74.4674
-36.7898
-17.6285
-8.19899
-3.70367
-1.62594
-0.69419
-0.288448
-0.116735
-0.0460492
-0.0177201
-0.00665692
-0.00244329
-0.000876792
-0.000307862
-0.000105842
-3.56535e-05
-1.17753e-05
-3.81542e-06
-1.21358e-06
-3.79169e-07
-1.16421e-07
-3.51108e-08
-1.04083e-08
-3.06699e-09
-9.29812e-10
-2.498e-10
-5.55112e-11
-861.568
-521.994
-298.062
-161.903
-84.243
-42.1892
-20.4004
-9.54586
-4.32958
-1.90594
-0.815258
-0.339195
-0.1374
-0.0542368
-0.020881
-0.00784723
-0.00288098
-0.00103409
-0.000363155
-0.00012487
-4.20681e-05
-1.38953e-05
-4.50273e-06
-1.43231e-06
-4.47517e-07
-1.37404e-07
-4.1453e-08
-1.23235e-08
-3.63598e-09
-1.09635e-09
-2.91434e-10
-6.93889e-11
-861.567
-521.997
-298.067
-161.908
-84.2474
-42.1925
-20.4026
-9.54717
-4.33031
-1.90632
-0.815446
-0.339284
-0.13744
-0.0542545
-0.0208885
-0.0078503
-0.0028822
-0.00103456
-0.000363333
-0.000124935
-4.20912e-05
-1.39034e-05
-4.50547e-06
-1.43328e-06
-4.47836e-07
-1.37459e-07
-4.14807e-08
-1.23374e-08
-3.64986e-09
-1.04083e-09
-3.19189e-10
-1.38778e-10
-859.123
-501.833
-276.462
-146.023
-74.4839
-36.8011
-17.6356
-8.20309
-3.7059
-1.62709
-0.694757
-0.288716
-0.116857
-0.0461027
-0.0177428
-0.00666625
-0.00244702
-0.000878239
-0.000308409
-0.000106044
-3.57258e-05
-1.18007e-05
-3.82414e-06
-1.21651e-06
-3.80126e-07
-1.16726e-07
-3.52079e-08
-1.045e-08
-3.09475e-09
-9.15934e-10
-2.63678e-10
-9.71445e-11
-851.739
-440.469
-220.327
-109.095
-53.4264
-25.7393
-12.143
-5.59298
-2.51092
-1.09794
-0.467551
-0.193945
-0.0784022
-0.0309051
-0.0118869
-0.00446427
-0.00163826
-0.000587859
-0.00020641
-7.09661e-05
-2.39072e-05
-7.8966e-06
-2.55895e-06
-8.14043e-07
-2.54421e-07
-7.81597e-08
-2.35229e-08
-7.03604e-09
-2.06779e-09
-5.82867e-10
-1.80411e-10
-5.55112e-11
-830.505
-265.616
-101.907
-44.1029
-20.2217
-9.42891
-4.37335
-1.99561
-0.891063
-0.388346
-0.165027
-0.0683612
-0.0276094
-0.0108764
-0.00418151
-0.00156993
-0.00057599
-0.000206651
-7.25515e-05
-2.49422e-05
-8.40207e-06
-2.77513e-06
-8.99281e-07
-2.86077e-07
-8.94146e-08
-2.74641e-08
-8.27116e-09
-2.48412e-09
-6.80012e-10
-2.22045e-10
-1.11022e-10
1.38778e-11
-830.463
-265.587
-101.883
-44.0852
-20.21
-9.42179
-4.36926
-1.99337
-0.889895
-0.387761
-0.164745
-0.0682302
-0.0275506
-0.0108508
-0.00417077
-0.00156554
-0.000574249
-0.000205979
-7.22984e-05
-2.48493e-05
-8.36883e-06
-2.76353e-06
-8.95298e-07
-2.84717e-07
-8.89705e-08
-2.73392e-08
-8.22953e-09
-2.41474e-09
-6.93889e-10
-2.498e-10
-5.55112e-11
-1.38778e-11
-851.709
-440.431
-220.29
-109.066
-53.4061
-25.7264
-12.1353
-5.58868
-2.50863
-1.09678
-0.466986
-0.19368
-0.0782824
-0.0308527
-0.0118648
-0.00445519
-0.00163464
-0.000586455
-0.000205879
-7.07707e-05
-2.38369e-05
-7.87197e-06
-2.5505e-06
-8.11226e-07
-2.5345e-07
-7.77989e-08
-2.34535e-08
-6.95277e-09
-1.9984e-09
-6.38378e-10
-2.08167e-10
-1.38778e-11
-859.117
-501.824
-276.449
-146.01
-74.4733
-36.7935
-17.6308
-8.20026
-3.70434
-1.62628
-0.694355
-0.288525
-0.11677
-0.0460643
-0.0177265
-0.00665951
-0.00244432
-0.000877188
-0.00030801
-0.000105896
-3.56727e-05
-1.1782e-05
-3.81767e-06
-1.2144e-06
-3.79474e-07
-1.16462e-07
-3.5083e-08
-1.03806e-08
-3.02536e-09
-9.85323e-10
-2.91434e-10
-4.16334e-11
-861.571
-522.001
-298.072
-161.911
-84.2492
-42.1933
-20.403
-9.54729
-4.33035
-1.90633
-0.815447
-0.339284
-0.13744
-0.0542542
-0.0208883
-0.00785023
-0.00288217
-0.00103455
-0.000363328
-0.000124933
-4.20907e-05
-1.39031e-05
-4.50538e-06
-1.43327e-06
-4.47836e-07
-1.37473e-07
-4.14946e-08
-1.23512e-08
-3.63598e-09
-1.08247e-09
-2.498e-10
-6.93889e-11
-861.568
-522.006
-298.077
-161.916
-84.2536
-42.1965
-20.405
-9.54851
-4.33102
-1.90667
-0.815619
-0.339365
-0.137476
-0.0542703
-0.0208951
-0.007853
-0.00288327
-0.00103497
-0.000363487
-0.000124991
-4.21114e-05
-1.39104e-05
-4.50789e-06
-1.43405e-06
-4.48086e-07
-1.37598e-07
-4.15223e-08
-1.22957e-08
-3.64986e-09
-1.08247e-09
-2.77556e-10
-8.32667e-11
-859.127
-501.84
-276.471
-146.031
-74.4894
-36.8045
-17.6376
-8.2042
-3.70648
-1.62739
-0.694901
-0.288783
-0.116888
-0.046116
-0.0177484
-0.00666855
-0.00244793
-0.000878595
-0.000308543
-0.000106093
-3.57436e-05
-1.18069e-05
-3.82629e-06
-1.21728e-06
-3.80362e-07
-1.16782e-07
-3.52635e-08
-1.04916e-08
-3.02536e-09
-8.74301e-10
-3.05311e-10
-8.32667e-11
-851.741
-440.473
-220.33
-109.098
-53.4282
-25.7405
-12.1437
-5.59338
-2.51113
-1.09805
-0.467603
-0.19397
-0.0784132
-0.0309098
-0.0118889
-0.0044651
-0.00163858
-0.000587985
-0.000206457
-7.09835e-05
-2.39133e-05
-7.89878e-06
-2.5597e-06
-8.14335e-07
-2.54477e-07
-7.81736e-08
-2.35784e-08
-7.00828e-09
-2.02616e-09
-6.10623e-10
-1.80411e-10
-4.16334e-11
-830.5
-265.615
-101.907
-44.1027
-20.2216
-9.42892
-4.37338
-1.99563
-0.891078
-0.388355
-0.165032
-0.0683636
-0.0276106
-0.0108769
-0.00418173
-0.00157002
-0.000576028
-0.000206666
-7.25572e-05
-2.49443e-05
-8.40283e-06
-2.77538e-06
-8.99392e-07
-2.86091e-07
-8.94007e-08
-2.75058e-08
-8.32667e-09
-2.45637e-09
-6.80012e-10
-2.08167e-10
-6.93889e-11
-1.38778e-11
-5884.77
-5578.46
-5019.86
-4303.93
-3546.56
-2868.54
-2403.61
-2394.28
-5887.59
-5582.71
-5027.64
-4318.76
-3573.76
-2912.43
-2444.5
-2252.62
-5890.1
-5586
-5032.8
-4327.22
-3586.59
-2927.03
-2445.82
-2204.43
-5892.66
-5588.65
-5035.8
-4330.96
-3591.04
-2930.39
-2442.6
-2187.89
-5896.25
-5591.52
-5037.46
-4331.27
-3590.14
-2928.54
-2440.01
-2184.81
-5902.84
-5596.12
-5038.59
-4328.25
-3583.43
-2920.6
-2436.8
-2193.37
-5916.23
-5605.25
-5040.26
-4320.73
-3566.72
-2898.63
-2425.07
-2227.11
-5943.7
-5624.2
-5044.59
-4306.92
-3532.14
-2842.25
-2367.52
-2338.68
-5884.77
-5578.46
-5019.86
-4303.93
-3546.55
-2868.54
-2403.61
-2394.29
-5887.59
-5582.71
-5027.64
-4318.76
-3573.76
-2912.43
-2444.5
-2252.62
-5890.1
-5586
-5032.8
-4327.22
-3586.59
-2927.03
-2445.83
-2204.43
-5892.66
-5588.65
-5035.8
-4330.96
-3591.04
-2930.39
-2442.6
-2187.89
-5896.25
-5591.52
-5037.46
-4331.27
-3590.14
-2928.54
-2440.01
-2184.81
-5902.84
-5596.12
-5038.59
-4328.25
-3583.43
-2920.6
-2436.8
-2193.37
-5916.23
-5605.25
-5040.26
-4320.73
-3566.72
-2898.63
-2425.07
-2227.11
-5943.7
-5624.2
-5044.59
-4306.92
-3532.13
-2842.25
-2367.52
-2338.68
-5884.76
-5578.46
-5019.86
-4303.93
-3546.56
-2868.54
-2403.61
-2394.29
-5887.59
-5582.71
-5027.64
-4318.76
-3573.76
-2912.43
-2444.5
-2252.62
-5890.1
-5586
-5032.8
-4327.23
-3586.59
-2927.03
-2445.82
-2204.43
-5892.65
-5588.65
-5035.8
-4330.96
-3591.04
-2930.39
-2442.6
-2187.89
-5896.25
-5591.52
-5037.46
-4331.27
-3590.14
-2928.54
-2440.02
-2184.81
-5902.84
-5596.12
-5038.58
-4328.25
-3583.43
-2920.6
-2436.8
-2193.37
-5916.23
-5605.25
-5040.25
-4320.73
-3566.72
-2898.63
-2425.08
-2227.11
-5943.69
-5624.19
-5044.59
-4306.92
-3532.14
-2842.25
-2367.53
-2338.69
-5884.76
-5578.46
-5019.86
-4303.94
-3546.56
-2868.55
-2403.6
-2394.27
-5887.59
-5582.71
-5027.64
-4318.76
-3573.76
-2912.43
-2444.5
-2252.61
-5890.09
-5586
-5032.8
-4327.23
-3586.59
-2927.04
-2445.82
-2204.42
-5892.65
-5588.65
-5035.8
-4330.96
-3591.04
-2930.4
-2442.6
-2187.89
-5896.24
-5591.52
-5037.46
-4331.27
-3590.15
-2928.54
-2440.02
-2184.8
-5902.83
-5596.12
-5038.58
-4328.25
-3583.43
-2920.61
-2436.8
-2193.37
-5916.22
-5605.24
-5040.25
-4320.74
-3566.73
-2898.64
-2425.08
-2227.11
-5943.68
-5624.18
-5044.58
-4306.92
-3532.14
-2842.26
-2367.54
-2338.69
-5998.94
-5662.75
-5056
-4286.45
-3473.28
-2719.46
-2083.97
-1509.77
-6107.26
-5737.8
-5081.45
-4262.23
-3404.32
-2604.04
-1911.93
-1319.85
-6315.56
-5876.29
-5126.09
-4227
-3315.88
-2485.04
-1780.4
-1208.07
-6713.92
-6118.51
-5185.14
-4154.4
-3176.37
-2327.14
-1634.28
-1095.31
-7486.66
-6514.62
-5221.24
-3983.14
-2930.4
-2085.19
-1432.83
-946.96
-9047.21
-7078.47
-5101.24
-3587.06
-2493.67
-1708.21
-1144.4
-744.228
-12437.6
-7534.89
-4441.85
-2739.94
-1760.86
-1152.14
-751.25
-480.74
-20644.1
-6109.44
-2343.69
-1150.98
-664.782
-414.434
-264.077
-166.997
-5998.94
-5662.75
-5056
-4286.45
-3473.28
-2719.46
-2083.98
-1509.77
-6107.25
-5737.8
-5081.45
-4262.23
-3404.32
-2604.04
-1911.93
-1319.85
-6315.56
-5876.28
-5126.09
-4227
-3315.88
-2485.04
-1780.4
-1208.08
-6713.92
-6118.51
-5185.14
-4154.4
-3176.37
-2327.14
-1634.28
-1095.31
-7486.66
-6514.62
-5221.24
-3983.14
-2930.4
-2085.19
-1432.83
-946.961
-9047.21
-7078.47
-5101.23
-3587.06
-2493.67
-1708.21
-1144.4
-744.229
-12437.6
-7534.88
-4441.84
-2739.94
-1760.86
-1152.14
-751.252
-480.742
-20644.1
-6109.44
-2343.69
-1150.98
-664.783
-414.435
-264.078
-166.998
-5998.93
-5662.75
-5055.99
-4286.45
-3473.28
-2719.47
-2083.98
-1509.78
-6107.24
-5737.79
-5081.45
-4262.23
-3404.32
-2604.05
-1911.94
-1319.85
-6315.54
-5876.27
-5126.09
-4227
-3315.88
-2485.04
-1780.4
-1208.08
-6713.91
-6118.5
-5185.13
-4154.4
-3176.37
-2327.14
-1634.29
-1095.32
-7486.64
-6514.61
-5221.24
-3983.13
-2930.4
-2085.19
-1432.84
-946.966
-9047.2
-7078.46
-5101.23
-3587.06
-2493.67
-1708.21
-1144.4
-744.233
-12437.5
-7534.88
-4441.84
-2739.94
-1760.86
-1152.15
-751.254
-480.744
-20644.1
-6109.44
-2343.69
-1150.98
-664.783
-414.435
-264.079
-166.998
-5998.91
-5662.73
-5055.98
-4286.45
-3473.28
-2719.47
-2083.99
-1509.78
-6107.22
-5737.77
-5081.43
-4262.23
-3404.32
-2604.05
-1911.94
-1319.86
-6315.52
-5876.25
-5126.07
-4226.99
-3315.87
-2485.05
-1780.41
-1208.09
-6713.88
-6118.48
-5185.12
-4154.39
-3176.37
-2327.14
-1634.29
-1095.33
-7486.62
-6514.59
-5221.22
-3983.13
-2930.4
-2085.2
-1432.84
-946.975
-9047.18
-7078.45
-5101.22
-3587.05
-2493.67
-1708.21
-1144.41
-744.24
-12437.5
-7534.87
-4441.84
-2739.94
-1760.86
-1152.15
-751.255
-480.745
-20644.1
-6109.44
-2343.69
-1150.98
-664.782
-414.434
-264.077
-166.997
-793.553
-249.808
-93.7017
-39.6126
-17.7969
-8.1648
-3.74043
-1.69118
-0.750123
-0.325401
-0.137848
-0.0569923
-0.0229944
-0.00905539
-0.00348211
-0.00130812
-0.000480359
-0.000172531
-6.06483e-05
-2.08784e-05
-7.04325e-06
-2.32982e-06
-7.56104e-07
-2.40877e-07
-7.53564e-08
-2.3162e-08
-7.03604e-09
-2.10942e-09
-6.10623e-10
-1.80411e-10
-5.55112e-11
0
-790.989
-401.401
-196.714
-95.5447
-46.0285
-21.8874
-10.2243
-4.67576
-2.08884
-0.91049
-0.387018
-0.160411
-0.064844
-0.0255745
-0.00984614
-0.00370253
-0.00136074
-0.000489076
-0.000172023
-5.92494e-05
-1.99964e-05
-6.61705e-06
-2.14817e-06
-6.84633e-07
-2.14287e-07
-6.59472e-08
-1.99424e-08
-5.95357e-09
-1.72085e-09
-5.55112e-10
-1.38778e-10
0
-756.712
-433.743
-234.807
-122.211
-61.6322
-30.2034
-14.3958
-6.67492
-3.01114
-1.32184
-0.564854
-0.235073
-0.0953278
-0.037693
-0.0145417
-0.00547754
-0.00201594
-0.000725436
-0.000255417
-8.80502e-05
-2.97391e-05
-9.84746e-06
-3.19879e-06
-1.01998e-06
-3.19439e-07
-9.8338e-08
-2.98234e-08
-8.85403e-09
-2.58127e-09
-8.04912e-10
-1.80411e-10
-1.38778e-11
-693.894
-413.545
-233.638
-126.162
-65.497
-32.8128
-15.9011
-7.46568
-3.40011
-1.50361
-0.646238
-0.270175
-0.109968
-0.0436127
-0.0168674
-0.00636682
-0.00234735
-0.000845958
-0.000298236
-0.000102926
-3.47972e-05
-1.15321e-05
-3.74888e-06
-1.1962e-06
-3.74825e-07
-1.15435e-07
-3.49859e-08
-1.04639e-08
-3.06699e-09
-9.15934e-10
-2.22045e-10
-2.77556e-11
-598.621
-360.618
-207.225
-113.938
-60.1386
-30.5588
-14.9837
-7.10262
-3.25997
-1.45076
-0.62674
-0.263133
-0.107476
-0.0427492
-0.016574
-0.0062691
-0.00231543
-0.000835729
-0.000295019
-0.000101933
-3.44963e-05
-1.14426e-05
-3.72267e-06
-1.18865e-06
-3.72744e-07
-1.14853e-07
-3.47639e-08
-1.03667e-08
-3.09475e-09
-9.29812e-10
-2.08167e-10
-2.77556e-11
-466.825
-281.204
-162.417
-89.9883
-47.8988
-24.5379
-12.1205
-5.78255
-2.66881
-1.19328
-0.517563
-0.218031
-0.0893097
-0.0356102
-0.0138351
-0.00524253
-0.00193929
-0.000700917
-0.000247723
-8.56811e-05
-2.90231e-05
-9.63508e-06
-3.13691e-06
-1.00227e-06
-3.14457e-07
-9.6978e-08
-2.93793e-08
-8.74301e-09
-2.59515e-09
-7.77156e-10
-2.08167e-10
0
-298.879
-179.404
-103.643
-57.569
-30.7558
-15.8205
-7.84635
-3.75762
-1.74019
-0.78043
-0.339394
-0.143303
-0.0588171
-0.0234926
-0.00914098
-0.00346834
-0.00128447
-0.000464715
-0.00016439
-5.69036e-05
-1.92889e-05
-6.40753e-06
-2.08733e-06
-6.67286e-07
-2.09457e-07
-6.4615e-08
-1.95538e-08
-5.8703e-09
-1.72085e-09
-5.27356e-10
-1.11022e-10
-2.77556e-11
-103.174
-61.7472
-35.6417
-19.8071
-10.5951
-5.4589
-2.71212
-1.30106
-0.603498
-0.271046
-0.118026
-0.0498914
-0.0204979
-0.00819446
-0.00319094
-0.00121156
-0.000448959
-0.000162517
-5.75164e-05
-1.99176e-05
-6.75408e-06
-2.24439e-06
-7.31401e-07
-2.33827e-07
-7.34135e-08
-2.26485e-08
-6.8695e-09
-2.10942e-09
-6.10623e-10
-1.66533e-10
-4.16334e-11
1.38778e-11
-793.552
-249.807
-93.7011
-39.6123
-17.7968
-8.16473
-3.74041
-1.69117
-0.750123
-0.325401
-0.137849
-0.0569929
-0.0229947
-0.00905557
-0.00348219
-0.00130815
-0.000480376
-0.000172538
-6.06511e-05
-2.08794e-05
-7.04363e-06
-2.32994e-06
-7.56159e-07
-2.40918e-07
-7.53703e-08
-2.31343e-08
-7.02216e-09
-2.17881e-09
-6.10623e-10
-1.66533e-10
-2.77556e-11
0
-790.989
-401.401
-196.714
-95.5447
-46.0285
-21.8875
-10.2244
-4.6758
-2.08887
-0.910505
-0.387026
-0.160415
-0.0648459
-0.0255754
-0.00984653
-0.0037027
-0.00136081
-0.000489103
-0.000172033
-5.92533e-05
-1.99978e-05
-6.61748e-06
-2.14838e-06
-6.84716e-07
-2.14329e-07
-6.59334e-08
-1.99424e-08
-5.93969e-09
-1.72085e-09
-4.996e-10
-1.38778e-10
-2.77556e-11
-756.712
-433.743
-234.807
-122.211
-61.6324
-30.2035
-14.3959
-6.67498
-3.01118
-1.32186
-0.564864
-0.235078
-0.0953304
-0.0376942
-0.0145422
-0.00547777
-0.00201604
-0.000725473
-0.000255432
-8.80555e-05
-2.97411e-05
-9.84812e-06
-3.19908e-06
-1.0201e-06
-3.19453e-07
-9.83658e-08
-2.97401e-08
-8.84015e-09
-2.6229e-09
-7.49401e-10
-1.80411e-10
-1.38778e-11
-693.895
-413.545
-233.639
-126.163
-65.4973
-32.8131
-15.9013
-7.46578
-3.40017
-1.50364
-0.646255
-0.270184
-0.109972
-0.0436145
-0.0168682
-0.00636715
-0.00234749
-0.000846013
-0.000298257
-0.000102933
-3.48e-05
-1.15332e-05
-3.74925e-06
-1.19628e-06
-3.74895e-07
-1.15435e-07
-3.49443e-08
-1.045e-08
-3.06699e-09
-8.88178e-10
-1.94289e-10
-5.55112e-11
-598.622
-360.619
-207.226
-113.938
-60.139
-30.559
-14.9839
-7.10272
-3.26003
-1.45079
-0.626755
-0.263141
-0.10748
-0.0427508
-0.0165748
-0.0062694
-0.00231555
-0.000835778
-0.000295038
-0.00010194
-3.44988e-05
-1.14436e-05
-3.72297e-06
-1.18874e-06
-3.72771e-07
-1.14894e-07
-3.47639e-08
-1.03667e-08
-3.05311e-09
-8.88178e-10
-2.22045e-10
-2.77556e-11
-466.826
-281.205
-162.418
-89.9888
-47.8992
-24.5382
-12.1207
-5.78265
-2.66887
-1.19331
-0.51758
-0.218039
-0.0893135
-0.0356119
-0.0138359
-0.00524284
-0.00193942
-0.000700968
-0.000247743
-8.56883e-05
-2.90258e-05
-9.636e-06
-3.13725e-06
-1.00238e-06
-3.14526e-07
-9.6978e-08
-2.94209e-08
-8.75688e-09
-2.58127e-09
-7.49401e-10
-1.66533e-10
-2.77556e-11
-298.881
-179.406
-103.644
-57.5697
-30.7564
-15.8208
-7.84654
-3.75773
-1.74025
-0.780461
-0.33941
-0.143311
-0.0588206
-0.0234941
-0.00914164
-0.00346861
-0.00128458
-0.000464759
-0.000164407
-5.69096e-05
-1.92911e-05
-6.4083e-06
-2.08761e-06
-6.67355e-07
-2.09527e-07
-6.46011e-08
-1.95538e-08
-5.84255e-09
-1.72085e-09
-5.55112e-10
-1.11022e-10
-2.77556e-11
-103.175
-61.7478
-35.6422
-19.8074
-10.5953
-5.45903
-2.7122
-1.3011
-0.60352
-0.271057
-0.118031
-0.0498941
-0.0204992
-0.008195
-0.00319117
-0.00121165
-0.000448997
-0.000162532
-5.75221e-05
-1.99197e-05
-6.75483e-06
-2.24464e-06
-7.31457e-07
-2.33896e-07
-7.34551e-08
-2.26208e-08
-6.81399e-09
-2.09555e-09
-6.38378e-10
-1.80411e-10
-2.77556e-11
0
-793.556
-249.809
-93.7023
-39.6131
-17.7973
-8.16509
-3.74062
-1.69129
-0.750185
-0.325433
-0.137864
-0.0570001
-0.022998
-0.00905697
-0.00348278
-0.00130839
-0.000480471
-0.000172574
-6.06646e-05
-2.08843e-05
-7.04542e-06
-2.33051e-06
-7.56312e-07
-2.40946e-07
-7.54258e-08
-2.3162e-08
-7.00828e-09
-2.16493e-09
-6.38378e-10
-1.80411e-10
-1.38778e-11
1.38778e-11
-790.994
-401.405
-196.717
-95.5473
-46.0303
-21.8886
-10.2251
-4.67616
-2.08906
-0.910603
-0.387073
-0.160437
-0.064856
-0.0255798
-0.00984838
-0.00370345
-0.00136111
-0.000489218
-0.000172076
-5.9269e-05
-2.00034e-05
-6.61944e-06
-2.149e-06
-6.84897e-07
-2.14384e-07
-6.59472e-08
-1.99424e-08
-5.96745e-09
-1.77636e-09
-5.27356e-10
-1.11022e-10
-2.77556e-11
-756.717
-433.748
-234.812
-122.215
-61.6347
-30.205
-14.3968
-6.67547
-3.01144
-1.322
-0.564931
-0.235109
-0.0953446
-0.0377004
-0.0145448
-0.00547884
-0.00201646
-0.000725638
-0.000255494
-8.80782e-05
-2.97491e-05
-9.85091e-06
-3.20001e-06
-1.02042e-06
-3.19564e-07
-9.83241e-08
-2.9754e-08
-8.92342e-09
-2.60902e-09
-7.49401e-10
-1.80411e-10
-5.55112e-11
-693.901
-413.55
-233.643
-126.166
-65.4998
-32.8147
-15.9022
-7.46633
-3.40046
-1.50379
-0.64633
-0.270219
-0.109988
-0.0436216
-0.0168712
-0.0063684
-0.00234799
-0.000846207
-0.00029833
-0.00010296
-3.48096e-05
-1.15365e-05
-3.75039e-06
-1.19671e-06
-3.75006e-07
-1.15491e-07
-3.49443e-08
-1.04777e-08
-3.05311e-09
-8.60423e-10
-2.498e-10
-2.77556e-11
-598.627
-360.624
-207.23
-113.941
-60.1411
-30.5604
-14.9847
-7.1032
-3.26029
-1.45092
-0.626823
-0.263173
-0.107495
-0.0427574
-0.0165776
-0.00627056
-0.00231602
-0.00083596
-0.000295107
-0.000101965
-3.45079e-05
-1.14467e-05
-3.7241e-06
-1.18919e-06
-3.72868e-07
-1.14853e-07
-3.48332e-08
-1.04083e-08
-2.9976e-09
-8.74301e-10
-2.22045e-10
-2.77556e-11
-466.83
-281.209
-162.421
-89.9911
-47.9008
-24.5393
-12.1213
-5.78303
-2.66907
-1.19342
-0.517633
-0.218064
-0.0893254
-0.0356171
-0.0138381
-0.00524378
-0.0019398
-0.000701116
-0.000247799
-8.57092e-05
-2.90333e-05
-9.63864e-06
-3.13821e-06
-1.00273e-06
-3.14568e-07
-9.6978e-08
-2.94209e-08
-8.77076e-09
-2.52576e-09
-7.21645e-10
-2.08167e-10
-2.77556e-11
-298.884
-179.408
-103.646
-57.571
-30.7573
-15.8214
-7.84692
-3.75795
-1.74037
-0.780524
-0.339442
-0.143326
-0.0588277
-0.0234973
-0.00914302
-0.00346919
-0.00128481
-0.00046485
-0.000164442
-5.69226e-05
-1.92958e-05
-6.40998e-06
-2.08819e-06
-6.67549e-07
-2.09555e-07
-6.4615e-08
-1.95954e-08
-5.89806e-09
-1.70697e-09
-4.71845e-10
-1.11022e-10
-2.77556e-11
-103.175
-61.7481
-35.6425
-19.8076
-10.5955
-5.45915
-2.71227
-1.30115
-0.603547
-0.271072
-0.118039
-0.0498977
-0.0205009
-0.00819576
-0.00319151
-0.00121179
-0.000449053
-0.000162554
-5.75306e-05
-1.99228e-05
-6.756e-06
-2.24504e-06
-7.31595e-07
-2.3398e-07
-7.34551e-08
-2.26069e-08
-6.88338e-09
-2.1233e-09
-5.82867e-10
-1.38778e-10
-2.77556e-11
0
-793.565
-249.813
-93.706
-39.616
-17.7992
-8.16622
-3.74125
-1.69163
-0.750361
-0.32552
-0.137906
-0.0570193
-0.0230066
-0.00906071
-0.00348435
-0.00130904
-0.000480725
-0.000172672
-6.07017e-05
-2.0898e-05
-7.05019e-06
-2.33218e-06
-7.56922e-07
-2.41127e-07
-7.54952e-08
-2.32314e-08
-7.04992e-09
-2.10942e-09
-5.96745e-10
-1.80411e-10
-4.16334e-11
0
-791.004
-401.417
-196.728
-95.555
-46.0353
-21.8916
-10.2267
-4.67705
-2.08951
-0.910827
-0.38718
-0.160486
-0.0648777
-0.0255891
-0.00985228
-0.00370503
-0.00136173
-0.000489456
-0.000172165
-5.93013e-05
-2.00148e-05
-6.62338e-06
-2.15034e-06
-6.85299e-07
-2.14509e-07
-6.60305e-08
-2.00118e-08
-5.95357e-09
-1.72085e-09
-5.27356e-10
-1.11022e-10
0
-756.73
-433.762
-234.823
-122.224
-61.6406
-30.2086
-14.3989
-6.67663
-3.01204
-1.3223
-0.565076
-0.235177
-0.0953749
-0.0377135
-0.0145504
-0.0054811
-0.00201736
-0.000725982
-0.000255623
-8.81255e-05
-2.97659e-05
-9.85681e-06
-3.20201e-06
-1.02097e-06
-3.1973e-07
-9.8449e-08
-2.98372e-08
-8.9373e-09
-2.56739e-09
-7.35523e-10
-1.94289e-10
0
-693.912
-413.563
-233.654
-126.174
-65.5055
-32.8183
-15.9044
-7.46753
-3.4011
-1.50411
-0.646487
-0.270293
-0.110021
-0.0436362
-0.0168774
-0.00637093
-0.00234899
-0.000846597
-0.000298477
-0.000103014
-3.4829e-05
-1.15433e-05
-3.75266e-06
-1.19742e-06
-3.75283e-07
-1.15546e-07
-3.50414e-08
-1.04639e-08
-3.03924e-09
-8.88178e-10
-2.35922e-10
-1.38778e-11
-598.637
-360.634
-207.238
-113.948
-60.1457
-30.5633
-14.9865
-7.10419
-3.26082
-1.4512
-0.626957
-0.263236
-0.107523
-0.0427699
-0.0165829
-0.00627275
-0.00231689
-0.000836298
-0.000295235
-0.000102012
-3.45248e-05
-1.14526e-05
-3.7261e-06
-1.18978e-06
-3.7309e-07
-1.14964e-07
-3.47639e-08
-1.04222e-08
-3.03924e-09
-9.15934e-10
-2.22045e-10
-4.16334e-11
-466.837
-281.216
-162.427
-89.9956
-47.904
-24.5413
-12.1226
-5.78376
-2.66947
-1.19362
-0.517737
-0.218114
-0.0893481
-0.0356272
-0.0138424
-0.00524558
-0.00194052
-0.000701399
-0.000247907
-8.57491e-05
-2.90478e-05
-9.64374e-06
-3.13993e-06
-1.00329e-06
-3.14818e-07
-9.70196e-08
-2.93515e-08
-8.77076e-09
-2.59515e-09
-8.04912e-10
-1.94289e-10
0
-298.885
-179.409
-103.647
-57.5723
-30.7582
-15.8221
-7.84733
-3.7582
-1.74051
-0.780596
-0.339478
-0.143344
-0.0588357
-0.0235009
-0.00914455
-0.00346982
-0.00128507
-0.00046495
-0.00016448
-5.69366e-05
-1.93008e-05
-6.41173e-06
-2.08882e-06
-6.67785e-07
-2.09624e-07
-6.46011e-08
-1.95677e-08
-5.84255e-09
-1.73472e-09
-5.13478e-10
-1.249e-10
-1.38778e-11
-103.174
-61.7473
-35.6421
-19.8074
-10.5954
-5.45912
-2.71228
-1.30116
-0.603554
-0.271077
-0.118042
-0.0498992
-0.0205016
-0.00819613
-0.00319167
-0.00121186
-0.000449083
-0.000162566
-5.75352e-05
-1.99246e-05
-6.75664e-06
-2.24529e-06
-7.31637e-07
-2.3398e-07
-7.34829e-08
-2.26485e-08
-6.84175e-09
-2.09555e-09
-5.68989e-10
-1.80411e-10
-4.16334e-11
2.77556e-11
)
;

boundaryField
{
    base
    {
        type            calculated;
        value           nonuniform List<scalar> 
160
(
-32278.1
-15339.3
-9916.36
-7824.48
-6891.27
-6436.57
-6205.73
-6087.45
-32278.1
-15339.3
-9916.36
-7824.48
-6891.26
-6436.57
-6205.73
-6087.45
-32278.1
-15339.3
-9916.35
-7824.47
-6891.25
-6436.56
-6205.72
-6087.44
-32278.1
-15339.3
-9916.33
-7824.44
-6891.22
-6436.53
-6205.69
-6087.42
-6027.49
-5997.7
-5983.19
-5976.08
-5972.3
-5969.77
-5967.45
-5964.95
-6027.49
-5997.7
-5983.19
-5976.08
-5972.3
-5969.77
-5967.45
-5964.95
-6027.48
-5997.7
-5983.18
-5976.08
-5972.3
-5969.77
-5967.45
-5964.95
-6027.46
-5997.69
-5983.17
-5976.07
-5972.3
-5969.77
-5967.45
-5964.95
-5962.33
-5959.93
-5958.12
-5957.16
-5957.16
-5958.12
-5959.92
-5962.32
-5962.33
-5959.93
-5958.12
-5957.16
-5957.16
-5958.12
-5959.92
-5962.32
-5962.33
-5959.93
-5958.12
-5957.16
-5957.16
-5958.11
-5959.92
-5962.32
-5962.32
-5959.92
-5958.12
-5957.16
-5957.15
-5958.11
-5959.92
-5962.32
-5964.95
-5967.46
-5969.79
-5972.34
-5976.13
-5983.26
-5997.8
-6027.6
-5964.95
-5967.46
-5969.79
-5972.34
-5976.13
-5983.26
-5997.8
-6027.6
-5964.95
-5967.46
-5969.79
-5972.34
-5976.13
-5983.26
-5997.79
-6027.6
-5964.95
-5967.45
-5969.78
-5972.33
-5976.12
-5983.25
-5997.78
-6027.58
-6087.58
-6205.85
-6436.66
-6891.3
-7824.45
-9916.27
-15339.1
-32278
-6087.58
-6205.85
-6436.66
-6891.3
-7824.45
-9916.27
-15339.1
-32278
-6087.57
-6205.84
-6436.64
-6891.28
-7824.43
-9916.26
-15339.1
-32278
-6087.55
-6205.81
-6436.61
-6891.25
-7824.41
-9916.23
-15339.1
-32278
)
;
    }
    cooled
    {
        type            calculated;
        value           nonuniform List<scalar> 
992
(
-20644.1
-20644.1
-20644.1
-20644.1
-6109.48
-6109.48
-6109.48
-6109.48
-2343.72
-2343.72
-2343.72
-2343.72
-1150.99
-1150.99
-1150.99
-1150.99
-664.78
-664.78
-664.78
-664.779
-414.423
-414.423
-414.423
-414.423
-264.061
-264.061
-264.061
-264.062
-166.978
-166.978
-166.979
-166.98
-103.155
-103.155
-103.156
-103.157
-61.7296
-61.7295
-61.7302
-61.7314
-35.6269
-35.6268
-35.6274
-35.6286
-19.7957
-19.7957
-19.7961
-19.7971
-10.5871
-10.5871
-10.5874
-10.5882
-5.45369
-5.45367
-5.45389
-5.4544
-2.70895
-2.70895
-2.70908
-2.70941
-1.29925
-1.29925
-1.29932
-1.29952
-0.602513
-0.602514
-0.602558
-0.602667
-0.270537
-0.270538
-0.270561
-0.270619
-0.117774
-0.117775
-0.117787
-0.117816
-0.0497722
-0.0497727
-0.0497782
-0.0497924
-0.0204435
-0.0204438
-0.0204464
-0.0204529
-0.0081705
-0.00817065
-0.00817178
-0.00817472
-0.00318074
-0.00318081
-0.00318129
-0.00318256
-0.00120735
-0.00120738
-0.00120758
-0.00120811
-0.000447274
-0.000447288
-0.000447368
-0.000447582
-0.000161862
-0.000161868
-0.000161898
-0.000161983
-5.72684e-05
-5.72708e-05
-5.72823e-05
-5.73144e-05
-1.98262e-05
-1.9827e-05
-1.98312e-05
-1.98432e-05
-6.72121e-06
-6.72151e-06
-6.72305e-06
-6.72733e-06
-2.23285e-06
-2.23292e-06
-2.23345e-06
-2.235e-06
-7.27418e-07
-7.2746e-07
-7.27612e-07
-7.28154e-07
-2.32536e-07
-2.32578e-07
-2.32633e-07
-2.32786e-07
-7.3011e-08
-7.3011e-08
-7.3011e-08
-7.30527e-08
-2.25098e-08
-2.24959e-08
-2.24543e-08
-2.25098e-08
-6.81399e-09
-6.81399e-09
-6.82787e-09
-6.84175e-09
-2.04003e-09
-2.04003e-09
-2.09555e-09
-2.04003e-09
-5.96745e-10
-5.96745e-10
-5.82867e-10
-5.68989e-10
-1.38778e-10
-1.80411e-10
-1.80411e-10
-1.66533e-10
-4.16334e-11
-4.16334e-11
-5.55112e-11
-6.93889e-11
-4.16334e-11
0
0
-1.38778e-11
0
-4.54747e-11
0
0
-4.54747e-11
0
9.09495e-11
4.54747e-11
0
0
4.54747e-11
-4.54747e-11
-9.09495e-11
0
0
4.54747e-11
4.54747e-11
4.54747e-11
0
4.54747e-11
-9.09495e-11
-1.36424e-10
0
0
0
4.54747e-11
-9.09495e-11
0
-1.36424e-10
-4.54747e-11
0
0
4.54747e-11
-4.54747e-11
-4.54747e-11
-9.09495e-11
-9.09495e-11
0
0
0
4.54747e-11
0
0
-9.09495e-11
-1.81899e-10
0
4.54747e-11
0
0
0
0
0
-4.54747e-11
-4.54747e-11
0
4.54747e-11
0
0
0
-4.54747e-11
-9.09495e-11
-4.54747e-11
0
-4.54747e-11
0
0
0
4.54747e-11
0
9.09495e-11
0
1.36424e-10
4.54747e-11
4.54747e-11
0
0
4.54747e-11
0
0
4.54747e-11
0
0
0
4.54747e-11
0
4.54747e-11
0
4.54747e-11
0
0
9.09495e-11
0
0
4.54747e-11
0
4.54747e-11
-793.635
-793.638
-793.641
-793.644
-249.851
-249.852
-249.853
-249.855
-93.7317
-93.7324
-93.7332
-93.734
-39.6329
-39.6333
-39.6339
-39.6344
-17.8095
-17.8098
-17.8102
-17.8105
-8.17219
-8.17235
-8.17258
-8.17279
-3.74454
-3.74463
-3.74477
-3.7449
-1.69337
-1.69342
-1.6935
-1.69357
-0.751246
-0.751273
-0.751316
-0.751352
-0.325956
-0.325969
-0.325991
-0.326009
-0.138113
-0.13812
-0.13813
-0.138139
-0.0571146
-0.0571177
-0.0571228
-0.0571268
-0.0230491
-0.0230505
-0.0230528
-0.0230546
-0.00907908
-0.00907969
-0.0090807
-0.00908148
-0.00349207
-0.00349233
-0.00349276
-0.00349308
-0.00131219
-0.00131229
-0.00131247
-0.0013126
-0.000481977
-0.000482019
-0.000482089
-0.000482141
-0.000173157
-0.000173173
-0.0001732
-0.00017322
-6.08844e-05
-6.08905e-05
-6.09007e-05
-6.0908e-05
-2.09652e-05
-2.09675e-05
-2.09712e-05
-2.09738e-05
-7.07441e-06
-7.07522e-06
-7.07658e-06
-7.07748e-06
-2.34072e-06
-2.34095e-06
-2.34143e-06
-2.34179e-06
-7.59837e-07
-7.5992e-07
-7.60086e-07
-7.60184e-07
-2.42167e-07
-2.42223e-07
-2.42237e-07
-2.42237e-07
-7.58282e-08
-7.58144e-08
-7.5856e-08
-7.58699e-08
-2.33286e-08
-2.33286e-08
-2.33702e-08
-2.33563e-08
-7.04992e-09
-7.03604e-09
-7.04992e-09
-7.04992e-09
-2.1233e-09
-2.16493e-09
-2.09555e-09
-2.10942e-09
-6.10623e-10
-6.10623e-10
-5.96745e-10
-5.96745e-10
-1.52656e-10
-1.80411e-10
-1.94289e-10
-1.80411e-10
-2.77556e-11
-2.77556e-11
-6.93889e-11
-6.93889e-11
0
0
0
0
-2476.03
-2204.79
-2136.71
-2120.73
-2123.98
-2148.58
-2233.5
-2545.72
-2476.04
-2204.79
-2136.71
-2120.73
-2123.98
-2148.58
-2233.51
-2545.72
-2476.04
-2204.79
-2136.71
-2120.73
-2123.98
-2148.58
-2233.5
-2545.71
-2476.05
-2204.79
-2136.7
-2120.72
-2123.97
-2148.57
-2233.49
-2545.7
-830.464
-830.463
-830.462
-830.463
-265.587
-265.586
-265.586
-265.587
-101.881
-101.88
-101.881
-101.883
-44.083
-44.0825
-44.0829
-44.0852
-20.2083
-20.208
-20.2084
-20.21
-9.42062
-9.4205
-9.42076
-9.42179
-4.36854
-4.36849
-4.36865
-4.36926
-1.99296
-1.99294
-1.99304
-1.99337
-0.889672
-0.889663
-0.889717
-0.889895
-0.387646
-0.387643
-0.387671
-0.387761
-0.164688
-0.164688
-0.164702
-0.164745
-0.0682031
-0.0682029
-0.0682096
-0.0682302
-0.0275382
-0.0275383
-0.0275413
-0.0275506
-0.0108454
-0.0108454
-0.0108468
-0.0108508
-0.00416844
-0.00416847
-0.00416904
-0.00417077
-0.00156458
-0.0015646
-0.00156483
-0.00156554
-0.000573864
-0.000573874
-0.000573967
-0.000574249
-0.000205829
-0.000205834
-0.000205869
-0.000205979
-7.2242e-05
-7.22439e-05
-7.22572e-05
-7.22984e-05
-2.48286e-05
-2.48293e-05
-2.48341e-05
-2.48493e-05
-8.36146e-06
-8.36174e-06
-8.36339e-06
-8.36883e-06
-2.76094e-06
-2.76104e-06
-2.7616e-06
-2.76353e-06
-8.94396e-07
-8.94437e-07
-8.94687e-07
-8.95298e-07
-2.84481e-07
-2.84467e-07
-2.84536e-07
-2.84717e-07
-8.88734e-08
-8.88595e-08
-8.88595e-08
-8.89705e-08
-2.72837e-08
-2.72421e-08
-2.72699e-08
-2.73392e-08
-8.22953e-09
-8.22953e-09
-8.20177e-09
-8.22953e-09
-2.44249e-09
-2.48412e-09
-2.48412e-09
-2.41474e-09
-6.93889e-10
-7.49401e-10
-7.21645e-10
-6.93889e-10
-2.35922e-10
-2.22045e-10
-2.22045e-10
-2.498e-10
-6.93889e-11
-4.16334e-11
-6.93889e-11
-5.55112e-11
0
1.38778e-11
1.38778e-11
-1.38778e-11
-830.503
-830.505
-830.505
-830.5
-265.616
-265.616
-265.616
-265.615
-101.907
-101.907
-101.907
-101.907
-44.1025
-44.1028
-44.1029
-44.1027
-20.2213
-20.2215
-20.2217
-20.2216
-9.42866
-9.4288
-9.42891
-9.42892
-4.37319
-4.37327
-4.37335
-4.37338
-1.99551
-1.99556
-1.99561
-1.99563
-0.891008
-0.891032
-0.891063
-0.891078
-0.388317
-0.38833
-0.388346
-0.388355
-0.165013
-0.165019
-0.165027
-0.165032
-0.0683541
-0.068357
-0.0683612
-0.0683636
-0.0276062
-0.0276075
-0.0276094
-0.0276106
-0.0108749
-0.0108755
-0.0108764
-0.0108769
-0.00418088
-0.00418113
-0.00418151
-0.00418173
-0.00156967
-0.00156977
-0.00156993
-0.00157002
-0.000575885
-0.000575926
-0.00057599
-0.000576028
-0.00020661
-0.000206626
-0.000206651
-0.000206666
-7.2536e-05
-7.2542e-05
-7.25515e-05
-7.25572e-05
-2.49364e-05
-2.49386e-05
-2.49422e-05
-2.49443e-05
-8.40002e-06
-8.40082e-06
-8.40207e-06
-8.40283e-06
-2.77443e-06
-2.77472e-06
-2.77513e-06
-2.77538e-06
-8.99059e-07
-8.99156e-07
-8.99281e-07
-8.99392e-07
-2.86035e-07
-2.86035e-07
-2.86077e-07
-2.86091e-07
-8.93591e-08
-8.93313e-08
-8.94146e-08
-8.94007e-08
-2.7478e-08
-2.74503e-08
-2.74641e-08
-2.75058e-08
-8.27116e-09
-8.29892e-09
-8.27116e-09
-8.32667e-09
-2.42861e-09
-2.47025e-09
-2.48412e-09
-2.45637e-09
-7.49401e-10
-7.49401e-10
-6.80012e-10
-6.80012e-10
-2.08167e-10
-2.08167e-10
-2.22045e-10
-2.08167e-10
-2.77556e-11
-2.77556e-11
-1.11022e-10
-6.93889e-11
0
0
1.38778e-11
-1.38778e-11
-2545.81
-2233.5
-2148.55
-2123.95
-2120.68
-2136.64
-2204.68
-2475.8
-2545.81
-2233.5
-2148.55
-2123.95
-2120.68
-2136.64
-2204.68
-2475.81
-2545.81
-2233.5
-2148.55
-2123.95
-2120.68
-2136.64
-2204.68
-2475.81
-2545.8
-2233.49
-2148.54
-2123.94
-2120.67
-2136.64
-2204.68
-2475.82
-793.553
-793.552
-793.556
-793.565
-249.808
-249.807
-249.809
-249.813
-93.7017
-93.7011
-93.7023
-93.706
-39.6126
-39.6123
-39.6131
-39.616
-17.7969
-17.7968
-17.7973
-17.7992
-8.1648
-8.16473
-8.16509
-8.16622
-3.74043
-3.74041
-3.74062
-3.74125
-1.69118
-1.69117
-1.69129
-1.69163
-0.750123
-0.750123
-0.750185
-0.750361
-0.325401
-0.325401
-0.325433
-0.32552
-0.137848
-0.137849
-0.137864
-0.137906
-0.0569923
-0.0569929
-0.0570001
-0.0570193
-0.0229944
-0.0229947
-0.022998
-0.0230066
-0.00905539
-0.00905557
-0.00905697
-0.00906071
-0.00348211
-0.00348219
-0.00348278
-0.00348435
-0.00130812
-0.00130815
-0.00130839
-0.00130904
-0.000480359
-0.000480376
-0.000480471
-0.000480725
-0.000172531
-0.000172538
-0.000172574
-0.000172672
-6.06483e-05
-6.06511e-05
-6.06646e-05
-6.07017e-05
-2.08784e-05
-2.08794e-05
-2.08843e-05
-2.0898e-05
-7.04325e-06
-7.04363e-06
-7.04542e-06
-7.05019e-06
-2.32982e-06
-2.32994e-06
-2.33051e-06
-2.33218e-06
-7.56104e-07
-7.56159e-07
-7.56312e-07
-7.56922e-07
-2.40877e-07
-2.40918e-07
-2.40946e-07
-2.41127e-07
-7.53564e-08
-7.53703e-08
-7.54258e-08
-7.54952e-08
-2.3162e-08
-2.31343e-08
-2.3162e-08
-2.32314e-08
-7.03604e-09
-7.02216e-09
-7.00828e-09
-7.04992e-09
-2.10942e-09
-2.17881e-09
-2.16493e-09
-2.10942e-09
-6.10623e-10
-6.10623e-10
-6.38378e-10
-5.96745e-10
-1.80411e-10
-1.66533e-10
-1.80411e-10
-1.80411e-10
-5.55112e-11
-2.77556e-11
-1.38778e-11
-4.16334e-11
0
0
1.38778e-11
0
-20644.1
-20644.1
-20644.1
-20644.1
-6109.44
-6109.44
-6109.44
-6109.44
-2343.69
-2343.69
-2343.69
-2343.69
-1150.98
-1150.98
-1150.98
-1150.98
-664.782
-664.783
-664.783
-664.782
-414.434
-414.435
-414.435
-414.434
-264.077
-264.078
-264.079
-264.077
-166.997
-166.998
-166.998
-166.997
-103.174
-103.175
-103.175
-103.174
-61.7472
-61.7478
-61.7481
-61.7473
-35.6417
-35.6422
-35.6425
-35.6421
-19.8071
-19.8074
-19.8076
-19.8074
-10.5951
-10.5953
-10.5955
-10.5954
-5.4589
-5.45903
-5.45915
-5.45912
-2.71212
-2.7122
-2.71227
-2.71228
-1.30106
-1.3011
-1.30115
-1.30116
-0.603498
-0.60352
-0.603547
-0.603554
-0.271046
-0.271057
-0.271072
-0.271077
-0.118026
-0.118031
-0.118039
-0.118042
-0.0498914
-0.0498941
-0.0498977
-0.0498992
-0.0204979
-0.0204992
-0.0205009
-0.0205016
-0.00819446
-0.008195
-0.00819576
-0.00819613
-0.00319094
-0.00319117
-0.00319151
-0.00319167
-0.00121156
-0.00121165
-0.00121179
-0.00121186
-0.000448959
-0.000448997
-0.000449053
-0.000449083
-0.000162517
-0.000162532
-0.000162554
-0.000162566
-5.75164e-05
-5.75221e-05
-5.75306e-05
-5.75352e-05
-1.99176e-05
-1.99197e-05
-1.99228e-05
-1.99246e-05
-6.75408e-06
-6.75483e-06
-6.756e-06
-6.75664e-06
-2.24439e-06
-2.24464e-06
-2.24504e-06
-2.24529e-06
-7.31401e-07
-7.31457e-07
-7.31595e-07
-7.31637e-07
-2.33827e-07
-2.33896e-07
-2.3398e-07
-2.3398e-07
-7.34135e-08
-7.34551e-08
-7.34551e-08
-7.34829e-08
-2.26485e-08
-2.26208e-08
-2.26069e-08
-2.26485e-08
-6.8695e-09
-6.81399e-09
-6.88338e-09
-6.84175e-09
-2.10942e-09
-2.09555e-09
-2.1233e-09
-2.09555e-09
-6.10623e-10
-6.38378e-10
-5.82867e-10
-5.68989e-10
-1.66533e-10
-1.80411e-10
-1.38778e-10
-1.80411e-10
-4.16334e-11
-2.77556e-11
-2.77556e-11
-4.16334e-11
1.38778e-11
0
0
2.77556e-11
)
;
    }
    front
    {
        type            symmetryPlane;
    }
    back
    {
        type            symmetryPlane;
    }
}


// ************************************************************************* //
