/*--------------------------------*- C++ -*----------------------------------*\
| =========                 |                                                 |
| \\      /  F ield         | OpenFOAM: The Open Source CFD Toolbox           |
|  \\    /   O peration     | Version:                                        |
|   \\  /    A nd           | Website:  www.openfoam.com                      |
|    \\/     M anipulation  |                                                 |
\*---------------------------------------------------------------------------*/
FoamFile
{
    version     2.0;
    format      ascii;
    class       volScalarField;
    location    "1869.0/air";
    object      T;
}
// * * * * * * * * * * * * * * * * * * * * * * * * * * * * * * * * * * * * * //

dimensions      [0 0 0 1 0 0 0];


internalField   nonuniform List<scalar> 
2228
(
306.95
307.015
307.069
307.117
306.885
306.945
307.01
307.074
306.84
306.894
306.964
307.038
306.801
306.849
306.922
307.005
306.764
306.801
306.878
306.973
306.724
306.74
306.822
306.937
306.674
306.648
306.743
306.895
306.6
306.478
306.608
306.838
306.474
306.137
306.356
306.749
306.269
305.566
305.916
306.607
306.005
304.892
305.323
306.412
305.755
304.371
304.765
306.202
305.59
304.137
304.419
306.038
305.547
304.143
304.3
305.952
305.606
304.239
304.317
305.926
305.554
304.198
304.372
305.919
307.117
307.071
307.016
306.951
307.075
307.014
306.95
306.887
307.042
306.973
306.904
306.843
307.012
306.94
306.869
306.809
306.985
306.911
306.839
306.78
306.959
306.884
306.811
306.753
306.935
306.856
306.783
306.727
306.912
306.826
306.751
306.702
306.887
306.789
306.711
306.674
306.858
306.737
306.652
306.641
306.82
306.655
306.558
306.594
306.767
306.521
306.4
306.525
306.689
306.29
306.132
306.417
306.571
305.901
305.703
306.252
306.359
305.25
305.069
306.017
305.789
304.194
304.168
305.577
296.385
297.912
299.574
301.137
293.08
293.211
293.954
295.215
293.062
292.682
292.592
293.253
293.24
292.815
292.552
293.81
293.382
293.177
293.702
295.856
294.15
294.533
295.69
297.322
295.602
296.277
297.211
297.942
296.071
296.603
297.1
297.302
294.748
294.961
295.134
295.14
293.387
293.382
293.394
293.372
293.091
293.05
293.037
293.035
293.242
293.2
293.191
293.195
293.382
293.341
293.343
293.357
293.481
293.454
293.461
293.476
293.626
293.613
293.612
293.616
293.784
293.802
293.813
293.821
293.775
293.82
293.863
293.899
293.845
293.847
293.861
293.881
294.091
294.078
294.07
294.066
294.04
294.043
294.038
294.034
302.432
303.208
304.222
304.119
297.458
300.753
302.348
299.52
295.957
300.188
300.149
296.254
297.289
299.416
297.204
293.843
298.039
297.442
294.568
292.683
297.747
295.978
293.758
292.842
297.585
296.017
294.521
293.754
296.879
295.899
294.916
294.122
294.865
294.38
293.864
293.423
293.292
293.184
293.095
293.047
293.043
293.063
293.093
293.127
293.207
293.225
293.246
293.267
293.371
293.386
293.4
293.415
293.495
293.515
293.537
293.563
293.624
293.636
293.649
293.664
293.83
293.839
293.846
293.852
293.93
293.957
293.982
294.003
293.903
293.927
293.951
293.974
294.067
294.07
294.076
294.084
294.018
294.015
294.007
294.013
302.641
301.754
301.167
296.674
295.641
295.158
294.012
293.327
293.016
292.716
292.421
292.296
292.36
292.292
292.273
292.675
292.591
292.532
293.366
293.134
292.941
293.618
293.322
293.094
293.181
293.06
292.992
293.043
293.052
293.069
293.153
293.17
293.184
293.283
293.294
293.305
293.43
293.442
293.456
293.584
293.6
293.616
293.677
293.687
293.697
293.857
293.862
293.867
294.019
294.03
294.042
293.993
294.006
294.019
294.091
294.096
294.102
294.011
294.002
294.002
300.93
300.83
300.75
295.003
294.943
294.898
292.899
292.849
292.807
292.252
292.234
292.221
292.274
292.276
292.28
292.508
292.497
292.49
292.839
292.794
292.756
292.985
292.94
292.904
292.974
292.969
292.968
293.082
293.089
293.097
293.193
293.197
293.201
293.312
293.317
293.321
293.466
293.471
293.477
293.627
293.633
293.638
293.704
293.708
293.712
293.871
293.874
293.876
294.05
294.054
294.058
294.027
294.032
294.036
294.106
294.109
294.111
294.002
294
294
300.639
300.567
300.538
294.834
294.775
294.724
292.739
292.659
292.592
292.203
292.19
292.19
292.292
292.319
292.355
292.484
292.5
292.536
292.699
292.669
292.684
292.854
292.834
292.854
292.974
292.998
293.029
293.11
293.128
293.142
293.208
293.217
293.226
293.329
293.343
293.359
293.489
293.507
293.526
293.649
293.665
293.68
293.719
293.73
293.742
293.88
293.886
293.892
294.066
294.078
294.09
294.045
294.057
294.07
294.115
294.122
294.128
293.995
293.992
293.993
300.503
300.471
300.579
300.313
294.632
294.461
294.175
293.744
292.511
292.418
292.344
292.323
292.21
292.264
292.36
292.507
292.419
292.521
292.649
292.797
292.61
292.727
292.851
292.969
292.75
292.865
292.976
293.063
292.916
293.006
293.079
293.125
293.072
293.115
293.141
293.152
293.158
293.171
293.18
293.19
293.238
293.257
293.281
293.312
293.383
293.417
293.456
293.497
293.554
293.59
293.625
293.658
293.701
293.725
293.748
293.769
293.759
293.781
293.803
293.824
293.899
293.905
293.908
293.908
294.105
294.124
294.142
294.158
294.087
294.109
294.13
294.152
294.138
294.15
294.163
294.176
293.998
293.992
293.973
293.956
299.442
298.351
297.138
295.979
293.281
292.972
292.841
292.978
292.392
292.563
292.814
293.076
292.696
292.902
293.081
293.19
292.949
293.077
293.157
293.186
293.067
293.131
293.16
293.164
293.12
293.148
293.155
293.153
293.147
293.152
293.151
293.15
293.156
293.157
293.161
293.171
293.203
293.223
293.25
293.284
293.348
293.39
293.434
293.479
293.538
293.578
293.615
293.648
293.688
293.715
293.738
293.76
293.789
293.807
293.826
293.845
293.845
293.865
293.885
293.904
293.906
293.904
293.903
293.904
294.173
294.188
294.203
294.22
294.173
294.195
294.217
294.24
294.189
294.202
294.216
294.229
293.954
293.948
293.934
293.926
293.15
293.15
293.15
293.15
293.15
293.15
293.123
293.013
292.89
292.842
292.837
292.848
292.865
292.889
292.92
292.945
292.9
292.769
292.445
294.311
293.15
293.15
293.15
293.15
293.15
293.151
293.133
293.034
292.903
292.847
292.841
292.852
292.869
292.893
292.923
292.949
292.906
292.801
292.555
294.258
293.15
293.15
293.15
293.15
293.15
293.151
293.143
293.068
292.932
292.86
292.849
292.861
292.878
292.901
292.931
292.955
292.92
292.866
292.709
294.272
293.15
293.15
293.15
293.15
293.15
293.15
293.149
293.101
292.974
292.881
292.86
292.871
292.89
292.914
292.943
292.967
292.94
292.933
292.824
294.317
293.15
293.15
293.15
293.15
293.15
293.15
293.152
293.125
293.021
292.911
292.874
292.882
292.904
292.93
292.959
292.982
292.964
292.987
292.898
294.369
293.15
293.15
293.15
293.15
293.15
293.15
293.152
293.141
293.064
292.951
292.893
292.893
292.918
292.946
292.976
293.003
292.993
293.03
292.95
294.422
293.15
293.15
293.15
293.15
293.15
293.15
293.151
293.149
293.098
292.993
292.917
292.904
292.931
292.962
292.995
293.026
293.026
293.069
292.991
294.473
293.15
293.15
293.15
293.15
293.15
293.15
293.15
293.152
293.122
293.034
292.946
292.916
292.941
292.977
293.013
293.05
293.062
293.106
293.023
294.522
293.15
293.15
293.15
293.15
293.15
293.15
293.15
293.153
293.137
293.069
292.979
292.93
292.949
292.99
293.029
293.072
293.095
293.141
293.049
294.569
293.15
293.15
293.15
293.15
293.15
293.15
293.15
293.152
293.146
293.097
293.012
292.948
292.954
292.999
293.043
293.089
293.122
293.17
293.071
294.613
293.15
293.15
293.15
293.15
293.15
293.15
293.15
293.151
293.151
293.118
293.043
292.969
292.958
293.004
293.052
293.101
293.141
293.194
293.087
294.654
293.15
293.15
293.15
293.15
293.15
293.15
293.15
293.15
293.152
293.132
293.071
292.993
292.964
293.005
293.056
293.108
293.153
293.212
293.099
294.693
293.15
293.15
293.15
293.15
293.15
293.15
293.15
293.15
293.153
293.142
293.094
293.018
292.973
293.003
293.056
293.11
293.158
293.225
293.108
294.729
293.15
293.15
293.15
293.15
293.151
293.151
293.15
293.15
293.152
293.148
293.112
293.042
292.986
293.001
293.052
293.107
293.159
293.232
293.115
294.763
293.15
293.15
293.15
293.152
293.154
293.154
293.152
293.15
293.152
293.151
293.125
293.063
293.001
293.001
293.046
293.1
293.156
293.237
293.118
294.793
293.15
293.15
293.152
293.157
293.162
293.161
293.156
293.152
293.151
293.152
293.135
293.083
293.018
293.003
293.04
293.093
293.15
293.238
293.121
294.82
293.15
293.15
293.158
293.171
293.181
293.178
293.167
293.156
293.152
293.152
293.142
293.099
293.037
293.01
293.036
293.085
293.144
293.237
293.123
294.844
293.149
293.153
293.172
293.199
293.216
293.21
293.187
293.165
293.153
293.152
293.147
293.113
293.054
293.02
293.035
293.079
293.138
293.235
293.126
294.864
293.149
293.162
293.2
293.242
293.266
293.257
293.221
293.181
293.158
293.153
293.149
293.124
293.071
293.033
293.038
293.076
293.134
293.232
293.132
294.871
293.15
293.18
293.24
293.295
293.324
293.315
293.268
293.208
293.167
293.153
293.151
293.132
293.086
293.046
293.045
293.077
293.132
293.23
293.143
294.931
293.16
293.25
293.357
293.432
293.467
293.465
293.419
293.329
293.234
293.174
293.153
293.14
293.112
293.08
293.068
293.086
293.137
293.228
293.181
294.121
293.192
293.378
293.537
293.629
293.66
293.649
293.611
293.531
293.402
293.271
293.19
293.154
293.132
293.111
293.1
293.11
293.157
293.236
293.255
293.723
293.232
293.494
293.677
293.77
293.798
293.782
293.741
293.679
293.565
293.406
293.267
293.188
293.15
293.13
293.121
293.136
293.191
293.266
293.304
293.62
293.294
293.586
293.754
293.839
293.859
293.841
293.806
293.762
293.68
293.532
293.363
293.241
293.178
293.15
293.146
293.174
293.239
293.306
293.338
293.539
293.362
293.639
293.779
293.862
293.884
293.855
293.818
293.79
293.743
293.624
293.451
293.302
293.217
293.181
293.185
293.231
293.297
293.343
293.375
293.58
293.413
293.665
293.783
293.873
293.902
293.862
293.811
293.788
293.768
293.68
293.517
293.358
293.261
293.227
293.246
293.3
293.348
293.367
293.46
293.982
293.447
293.678
293.788
293.888
293.919
293.87
293.806
293.78
293.775
293.71
293.56
293.403
293.308
293.285
293.317
293.362
293.38
293.387
293.609
294.669
293.476
293.691
293.805
293.911
293.93
293.87
293.805
293.779
293.778
293.723
293.582
293.435
293.354
293.349
293.38
293.402
293.407
293.419
293.718
294.951
293.507
293.709
293.836
293.938
293.936
293.864
293.809
293.787
293.784
293.725
293.588
293.458
293.401
293.407
293.423
293.435
293.46
293.482
293.721
294.535
293.535
293.729
293.875
293.961
293.932
293.858
293.819
293.801
293.786
293.715
293.585
293.481
293.448
293.453
293.456
293.493
293.535
293.579
293.684
294.042
293.562
293.755
293.913
293.972
293.92
293.853
293.831
293.811
293.778
293.696
293.581
293.509
293.492
293.493
293.506
293.563
293.607
293.71
293.706
293.818
293.591
293.78
293.941
293.972
293.906
293.85
293.836
293.806
293.758
293.676
293.588
293.547
293.54
293.545
293.575
293.625
293.665
293.878
293.81
293.792
293.616
293.8
293.956
293.97
293.899
293.85
293.832
293.791
293.738
293.67
293.616
293.598
293.6
293.614
293.643
293.67
293.708
294.053
293.966
293.842
293.619
293.805
293.96
293.968
293.896
293.849
293.826
293.784
293.737
293.693
293.668
293.666
293.672
293.684
293.697
293.697
293.735
294.167
294.105
293.852
293.628
293.797
293.951
293.965
293.894
293.846
293.826
293.797
293.764
293.741
293.732
293.731
293.732
293.731
293.725
293.71
293.748
294.178
294.176
293.81
293.629
293.773
293.923
293.956
293.896
293.846
293.826
293.813
293.794
293.781
293.772
293.763
293.753
293.742
293.731
293.728
293.792
294.11
294.201
293.771
293.629
293.735
293.867
293.92
293.885
293.838
293.812
293.798
293.783
293.769
293.758
293.75
293.748
293.754
293.754
293.784
293.89
294.049
294.208
293.792
293.624
293.686
293.782
293.832
293.817
293.789
293.778
293.783
293.8
293.823
293.84
293.846
293.833
293.8
293.782
293.866
294.01
294.104
294.206
293.938
293.617
293.634
293.687
293.744
293.798
293.878
293.966
294.027
294.043
294.02
293.976
293.92
293.852
293.782
293.757
293.837
294.012
294.173
294.244
294.141
293.603
293.592
293.597
293.626
293.662
293.733
293.782
293.813
293.824
293.834
293.822
293.778
293.757
293.73
293.712
293.723
293.798
293.939
294.049
294.05
294.439
292.575
292.584
292.647
292.697
292.734
292.766
292.796
292.83
292.869
292.913
292.954
292.986
293.007
293.022
293.039
293.062
293.091
293.119
293.142
294.408
292.695
292.634
292.678
292.716
292.746
292.774
292.801
292.83
292.863
292.901
292.942
292.976
293.001
293.018
293.034
293.056
293.084
293.112
293.139
294.425
292.801
292.754
292.761
292.765
292.777
292.796
292.818
292.84
292.864
292.894
292.929
292.965
292.994
293.014
293.031
293.05
293.077
293.105
293.135
294.459
292.852
292.898
292.872
292.837
292.827
292.835
292.85
292.865
292.88
292.898
292.925
292.958
292.989
293.013
293.031
293.049
293.074
293.102
293.134
294.495
292.885
293.027
292.972
292.912
292.887
292.886
292.893
292.901
292.906
292.915
292.932
292.959
292.989
293.014
293.034
293.053
293.078
293.105
293.135
294.533
292.916
293.105
293.037
292.977
292.948
292.94
292.941
292.941
292.939
292.938
292.947
292.967
292.994
293.02
293.041
293.061
293.086
293.112
293.138
294.573
292.942
293.138
293.076
293.028
293
292.99
292.985
292.979
292.972
292.965
292.968
292.982
293.005
293.029
293.051
293.072
293.097
293.121
293.142
294.613
292.959
293.151
293.099
293.064
293.042
293.03
293.021
293.012
293.002
292.992
292.991
293.001
293.02
293.042
293.064
293.086
293.11
293.131
293.145
294.653
292.971
293.157
293.111
293.088
293.071
293.059
293.05
293.039
293.028
293.018
293.014
293.022
293.038
293.058
293.078
293.101
293.123
293.139
293.148
294.692
292.98
293.16
293.119
293.104
293.091
293.08
293.071
293.061
293.05
293.041
293.037
293.043
293.056
293.074
293.094
293.115
293.133
293.144
293.149
294.729
292.987
293.162
293.124
293.115
293.104
293.096
293.087
293.078
293.069
293.061
293.058
293.063
293.074
293.09
293.109
293.127
293.141
293.148
293.15
294.763
292.992
293.164
293.128
293.123
293.114
293.107
293.101
293.093
293.086
293.08
293.078
293.082
293.092
293.106
293.122
293.137
293.146
293.149
293.15
294.795
292.996
293.166
293.132
293.129
293.123
293.117
293.112
293.107
293.101
293.096
293.095
293.099
293.107
293.12
293.133
293.143
293.148
293.15
293.15
294.824
292.998
293.168
293.135
293.134
293.13
293.126
293.122
293.118
293.114
293.111
293.11
293.113
293.121
293.131
293.141
293.147
293.149
293.15
293.15
294.849
292.999
293.169
293.138
293.139
293.135
293.133
293.131
293.128
293.125
293.123
293.122
293.125
293.131
293.139
293.145
293.149
293.15
293.15
293.15
294.87
292.999
293.171
293.14
293.143
293.14
293.139
293.137
293.135
293.134
293.132
293.132
293.134
293.139
293.144
293.148
293.15
293.15
293.15
293.15
294.887
292.999
293.172
293.142
293.146
293.144
293.143
293.142
293.141
293.14
293.139
293.139
293.141
293.144
293.147
293.149
293.15
293.15
293.15
293.15
294.901
292.999
293.173
293.143
293.147
293.146
293.146
293.145
293.145
293.144
293.144
293.144
293.145
293.147
293.149
293.15
293.15
293.15
293.15
293.15
294.899
293
293.174
293.144
293.149
293.147
293.147
293.147
293.147
293.147
293.146
293.147
293.147
293.148
293.149
293.15
293.15
293.15
293.15
293.15
294.955
293.004
293.173
293.145
293.149
293.148
293.148
293.148
293.148
293.148
293.148
293.148
293.149
293.149
293.15
293.15
293.15
293.15
293.15
293.15
294.071
293.028
293.171
293.147
293.151
293.15
293.15
293.149
293.149
293.149
293.149
293.149
293.15
293.15
293.15
293.15
293.15
293.151
293.151
293.15
293.564
293.095
293.163
293.153
293.155
293.154
293.154
293.153
293.152
293.151
293.151
293.15
293.15
293.151
293.154
293.16
293.171
293.187
293.194
293.167
293.346
293.132
293.161
293.159
293.162
293.164
293.165
293.165
293.164
293.162
293.16
293.161
293.164
293.17
293.185
293.216
293.268
293.327
293.331
293.236
293.233
293.148
293.162
293.164
293.17
293.176
293.181
293.184
293.186
293.185
293.182
293.181
293.187
293.202
293.232
293.291
293.386
293.466
293.437
293.294
293.179
293.155
293.163
293.172
293.186
293.202
293.213
293.218
293.217
293.212
293.21
293.209
293.214
293.229
293.265
293.335
293.453
293.543
293.515
293.353
293.157
293.16
293.174
293.204
293.24
293.271
293.292
293.296
293.281
293.255
293.237
293.235
293.242
293.261
293.301
293.375
293.492
293.581
293.58
293.409
293.152
293.173
293.219
293.288
293.351
293.394
293.417
293.416
293.384
293.326
293.277
293.259
293.271
293.302
293.356
293.434
293.533
293.602
293.635
293.456
293.164
293.23
293.337
293.442
293.511
293.546
293.557
293.542
293.491
293.405
293.327
293.293
293.308
293.361
293.437
293.513
293.581
293.63
293.686
293.488
293.232
293.379
293.528
293.622
293.664
293.678
293.673
293.646
293.578
293.469
293.373
293.335
293.365
293.451
293.551
293.618
293.655
293.69
293.736
293.509
293.398
293.58
293.692
293.737
293.754
293.754
293.743
293.715
293.641
293.515
293.411
293.389
293.456
293.583
293.685
293.727
293.742
293.76
293.774
293.527
293.584
293.718
293.779
293.816
293.829
293.809
293.779
293.753
293.683
293.547
293.447
293.462
293.583
293.707
293.753
293.753
293.764
293.784
293.781
293.523
293.717
293.813
293.888
293.95
293.954
293.898
293.819
293.773
293.708
293.573
293.483
293.554
293.69
293.752
293.731
293.723
293.742
293.772
293.763
293.522
293.82
293.924
294.031
294.095
294.084
294.005
293.879
293.791
293.723
293.594
293.518
293.633
293.743
293.742
293.714
293.714
293.724
293.74
293.713
293.526
293.907
294.015
294.113
294.148
294.132
294.061
293.929
293.807
293.729
293.612
293.546
293.684
293.764
293.748
293.75
293.752
293.733
293.704
293.655
293.526
293.958
294.038
294.089
294.108
294.102
294.048
293.93
293.805
293.727
293.624
293.567
293.712
293.779
293.787
293.839
293.87
293.846
293.778
293.68
293.537
293.932
293.984
294.024
294.057
294.063
294.005
293.886
293.775
293.716
293.631
293.586
293.728
293.793
293.824
293.911
293.978
293.99
293.926
293.793
293.573
294.247
294.208
294.154
294.119
294.063
293.95
293.812
293.725
293.703
293.637
293.608
293.738
293.803
293.847
293.927
293.987
294.012
294
293.888
293.622
294.334
294.446
294.417
294.269
294.067
293.863
293.716
293.673
293.698
293.655
293.642
293.751
293.809
293.853
293.907
293.946
293.971
293.981
293.9
293.646
294.285
294.343
294.293
294.127
293.902
293.71
293.613
293.634
293.696
293.71
293.718
293.784
293.828
293.864
293.896
293.914
293.927
293.91
293.825
293.628
293.926
293.827
293.732
293.64
293.563
293.524
293.54
293.588
293.633
293.668
293.705
293.736
293.742
293.758
293.76
293.705
293.69
293.661
293.614
293.529
)
;

boundaryField
{
    left_open
    {
        type            inletOutlet;
        inletValue      uniform 293.15;
        value           nonuniform List<scalar> 
40
(
293.15
293.15
293.15
293.15
293.15
293.15
293.15
293.15
293.15
293.15
293.15
293.15
293.15
293.15
293.15
293.15
293.15
293.15
293.15
293.15
293.15
293.15
293.15
293.15
293.15
293.15
293.15
293.15
293.508
293.15
293.15
293.15
293.614
293.15
293.625
293.15
293.627
293.623
293.15
293.603
)
;
    }
    right_open
    {
        type            inletOutlet;
        inletValue      uniform 293.15;
        value           nonuniform List<scalar> 
40
(
293.143
293.139
293.136
293.134
293.135
293.138
293.142
293.146
293.148
293.149
293.15
293.15
293.15
293.15
293.15
293.15
293.15
293.15
293.15
293.15
293.15
293.15
293.15
293.15
293.15
293.15
293.15
293.15
293.15
293.525
293.15
293.522
293.15
293.527
293.15
293.57
293.15
293.15
293.623
293.534
)
;
    }
    base_side
    {
        type            zeroGradient;
    }
    top
    {
        type            inletOutlet;
        inletValue      uniform 293.15;
        value           nonuniform List<scalar> 
65
(
293.603
293.592
293.595
293.624
293.15
293.726
293.776
293.808
293.15
293.831
293.823
293.15
293.758
293.732
293.713
293.15
293.15
293.912
294.03
294.04
294.031
294.037
294.03
294.028
293.15
294.011
293.15
294.012
294.007
293.15
294.001
294.004
293.15
293.15
293.15
293.15
293.15
293.996
293.986
293.15
293.15
293.952
293.947
293.15
293.15
293.921
293.15
293.725
293.637
293.15
293.524
293.541
293.588
293.15
293.666
293.704
293.15
293.15
293.755
293.755
293.15
293.688
293.15
293.612
293.15
)
;
    }
    front
    {
        type            empty;
    }
    back
    {
        type            empty;
    }
    air_to_aluminum
    {
        type            compressible::turbulentTemperatureCoupledBaffleMixed;
        refValue        nonuniform List<scalar> 
129
(
306.941
306.934
306.919
306.897
307.012
307.064
307.109
307.146
307.146
307.109
307.064
307.012
306.941
306.934
306.919
306.897
306.87
306.896
306.841
306.854
306.811
306.818
306.782
306.786
306.755
306.757
306.729
306.731
306.706
306.707
306.685
306.686
306.666
306.667
306.649
306.65
306.635
306.636
306.623
306.623
306.613
306.614
306.605
306.606
306.6
306.601
306.597
306.597
306.598
306.598
306.598
306.598
307.135
307.104
307.074
307.046
307.02
306.996
306.974
306.954
306.936
306.921
306.907
306.896
306.886
306.879
306.875
306.872
306.872
306.872
306.872
306.872
306.872
306.872
307.135
307.104
307.074
307.046
307.02
306.996
306.974
306.954
306.936
306.921
306.907
306.896
306.887
306.88
306.875
306.872
306.872
306.872
306.872
306.896
306.854
306.818
306.786
306.757
306.731
306.707
306.686
306.667
306.65
306.636
306.624
306.614
306.606
306.601
306.598
306.87
306.841
306.811
306.782
306.755
306.729
306.706
306.685
306.666
306.649
306.635
306.623
306.613
306.605
306.6
306.598
306.598
306.598
306.597
306.597
)
;
        refGradient     uniform 0;
        valueFraction   nonuniform List<scalar> 
129
(
0.999971
0.999971
0.999971
0.999971
0.999855
0.999855
0.999855
0.999855
0.999855
0.999855
0.999855
0.999855
0.999971
0.999971
0.999971
0.999971
0.999971
0.999855
0.999971
0.999855
0.999971
0.999855
0.999971
0.999855
0.999971
0.999855
0.999971
0.999855
0.999971
0.999855
0.999971
0.999855
0.999971
0.999855
0.999971
0.999855
0.999971
0.999855
0.999971
0.999855
0.999971
0.999855
0.999971
0.999855
0.999971
0.999855
0.999964
0.999971
0.999964
0.999964
0.999855
0.999964
0.999918
0.999918
0.999918
0.999918
0.999918
0.999918
0.999918
0.999918
0.999918
0.999918
0.999918
0.999918
0.999918
0.999918
0.999918
0.999918
0.999964
0.999964
0.999964
0.999964
0.999964
0.999964
0.999918
0.999918
0.999918
0.999918
0.999918
0.999918
0.999918
0.999918
0.999918
0.999918
0.999918
0.999918
0.999918
0.999918
0.999918
0.999964
0.999964
0.999918
0.999964
0.999855
0.999855
0.999855
0.999855
0.999855
0.999855
0.999855
0.999855
0.999855
0.999855
0.999855
0.999855
0.999855
0.999855
0.999855
0.999855
0.999971
0.999971
0.999971
0.999971
0.999971
0.999971
0.999971
0.999971
0.999971
0.999971
0.999971
0.999971
0.999971
0.999971
0.999971
0.999964
0.999964
0.999964
0.999964
0.999971
)
;
        value           nonuniform List<scalar> 
129
(
306.941
306.933
306.918
306.897
307.012
307.064
307.109
307.146
307.146
307.109
307.064
307.012
306.941
306.933
306.919
306.897
306.87
306.896
306.841
306.854
306.811
306.818
306.782
306.786
306.754
306.757
306.729
306.731
306.706
306.707
306.684
306.686
306.666
306.667
306.649
306.65
306.634
306.636
306.622
306.623
306.613
306.613
306.605
306.606
306.6
306.601
306.597
306.597
306.597
306.598
306.598
306.598
307.135
307.104
307.074
307.046
307.02
306.996
306.974
306.954
306.936
306.921
306.907
306.896
306.886
306.879
306.875
306.872
306.872
306.872
306.872
306.872
306.872
306.872
307.135
307.104
307.074
307.046
307.02
306.996
306.974
306.954
306.936
306.921
306.907
306.896
306.887
306.88
306.875
306.872
306.872
306.872
306.872
306.896
306.854
306.818
306.786
306.757
306.731
306.707
306.686
306.667
306.65
306.636
306.624
306.614
306.606
306.601
306.598
306.87
306.841
306.811
306.782
306.755
306.729
306.706
306.685
306.666
306.649
306.635
306.622
306.613
306.605
306.6
306.598
306.598
306.597
306.597
306.597
)
;
        Tnbr            T;
        thicknessLayers 0();
        kappaLayers     0();
        kappaMethod     fluidThermo;
        kappa           none;
        alphaAni        none;
        alpha           none;
    }
}


// ************************************************************************* //
