/*--------------------------------*- C++ -*----------------------------------*\
| =========                 |                                                 |
| \\      /  F ield         | OpenFOAM: The Open Source CFD Toolbox           |
|  \\    /   O peration     | Version:                                        |
|   \\  /    A nd           | Website:  www.openfoam.com                      |
|    \\/     M anipulation  |                                                 |
\*---------------------------------------------------------------------------*/
FoamFile
{
    version     2.0;
    format      ascii;
    class       volScalarField;
    location    "280/aluminum";
    object      T;
}
// * * * * * * * * * * * * * * * * * * * * * * * * * * * * * * * * * * * * * //

dimensions      [0 0 0 1 0 0 0];


internalField   nonuniform List<scalar> 
372
(
295.329
295.339
295.358
295.387
295.322
295.331
295.35
295.38
295.307
295.316
295.335
295.365
295.287
295.294
295.31
295.339
295.425
295.471
295.527
295.596
295.419
295.465
295.516
295.573
295.408
295.455
295.502
295.546
295.397
295.447
295.491
295.527
295.668
295.736
295.829
295.624
295.661
295.696
295.577
295.597
295.612
295.542
295.551
295.557
295.921
295.936
295.921
295.71
295.712
295.71
295.616
295.617
295.616
295.559
295.559
295.559
295.829
295.736
295.668
295.696
295.661
295.624
295.612
295.597
295.577
295.557
295.551
295.542
295.596
295.527
295.471
295.425
295.573
295.516
295.465
295.419
295.546
295.502
295.455
295.408
295.527
295.491
295.447
295.397
295.387
295.358
295.339
295.329
295.38
295.35
295.331
295.322
295.365
295.335
295.316
295.307
295.339
295.31
295.294
295.287
295.261
295.265
295.274
295.285
295.232
295.235
295.239
295.244
295.203
295.205
295.207
295.209
295.176
295.176
295.177
295.178
295.149
295.15
295.15
295.151
295.125
295.125
295.125
295.126
295.103
295.103
295.103
295.103
295.082
295.082
295.083
295.083
295.064
295.064
295.065
295.065
295.049
295.049
295.049
295.049
295.035
295.035
295.035
295.035
295.024
295.024
295.024
295.024
295.015
295.015
295.015
295.015
295.008
295.008
295.008
295.008
295.003
295.004
295.004
295.004
295.001
295.001
295.001
295.001
295.513
295.515
295.517
295.481
295.482
295.482
295.45
295.45
295.451
295.421
295.421
295.421
295.394
295.394
295.394
295.37
295.37
295.37
295.347
295.347
295.347
295.327
295.327
295.327
295.309
295.309
295.309
295.294
295.294
295.294
295.28
295.28
295.28
295.269
295.269
295.269
295.26
295.26
295.26
295.253
295.253
295.253
295.249
295.249
295.249
295.246
295.246
295.246
295.517
295.517
295.517
295.482
295.482
295.482
295.451
295.451
295.451
295.421
295.421
295.421
295.394
295.394
295.394
295.37
295.37
295.37
295.347
295.347
295.347
295.327
295.327
295.327
295.309
295.309
295.309
295.294
295.294
295.294
295.28
295.28
295.28
295.269
295.269
295.269
295.26
295.26
295.26
295.253
295.253
295.253
295.249
295.249
295.249
295.246
295.246
295.246
295.517
295.515
295.513
295.482
295.482
295.481
295.451
295.45
295.45
295.421
295.421
295.421
295.394
295.394
295.394
295.37
295.37
295.37
295.347
295.347
295.347
295.327
295.327
295.327
295.309
295.309
295.309
295.294
295.294
295.294
295.28
295.28
295.28
295.269
295.269
295.269
295.26
295.26
295.26
295.253
295.253
295.253
295.249
295.249
295.249
295.246
295.246
295.246
295.285
295.274
295.265
295.261
295.244
295.239
295.235
295.232
295.209
295.207
295.205
295.203
295.178
295.177
295.176
295.176
295.151
295.15
295.15
295.149
295.126
295.125
295.125
295.125
295.103
295.103
295.103
295.103
295.083
295.083
295.082
295.082
295.065
295.065
295.064
295.064
295.049
295.049
295.049
295.049
295.035
295.035
295.035
295.035
295.024
295.024
295.024
295.024
295.015
295.015
295.015
295.015
295.008
295.008
295.008
295.008
295.004
295.004
295.004
295.003
295.001
295.001
295.001
295.001
)
;

boundaryField
{
    base_hotspot
    {
        type            fixedGradient;
        gradient        uniform 203.252;
    }
    base_adiabatic
    {
        type            zeroGradient;
    }
    front
    {
        type            empty;
    }
    back
    {
        type            empty;
    }
    aluminum_to_air
    {
        type            compressible::turbulentTemperatureCoupledBaffleMixed;
        refValue        nonuniform List<scalar> 
129
(
293.593
293.571
293.561
293.561
295.336
295.399
295.452
295.496
295.496
295.452
295.399
295.336
293.595
293.571
293.558
293.555
293.565
295.336
293.572
295.274
293.579
295.232
293.586
295.199
293.594
295.171
293.601
295.146
293.608
295.124
293.615
295.104
293.622
295.086
293.628
295.07
293.634
295.056
293.64
295.043
293.645
295.029
293.649
295.01
293.652
294.978
293.809
293.657
293.98
294.154
294.907
294.303
295.496
295.454
295.419
295.389
295.362
295.337
295.315
295.294
295.276
295.259
295.244
295.231
295.218
295.202
295.178
295.122
294.78
294.857
294.914
294.929
294.931
294.928
295.496
295.454
295.419
295.389
295.362
295.337
295.315
295.294
295.276
295.259
295.245
295.232
295.219
295.204
295.181
294.915
294.868
295.128
294.807
295.336
295.274
295.232
295.199
295.171
295.146
295.124
295.104
295.086
295.071
295.056
295.044
295.03
295.014
294.988
294.931
293.557
293.562
293.568
293.574
293.581
293.587
293.593
293.599
293.604
293.61
293.615
293.619
293.623
293.627
293.63
294.421
294.251
294.048
293.85
293.638
)
;
        refGradient     uniform 0;
        valueFraction   nonuniform List<scalar> 
129
(
2.89995e-05
2.89995e-05
2.89995e-05
2.89995e-05
0.000144981
0.000144981
0.000144981
0.000144981
0.000144981
0.000144981
0.000144981
0.000144981
2.89995e-05
2.89995e-05
2.89995e-05
2.89995e-05
2.89995e-05
0.000144981
2.89995e-05
0.000144981
2.89995e-05
0.000144981
2.89995e-05
0.000144981
2.89995e-05
0.000144981
2.89995e-05
0.000144981
2.89995e-05
0.000144981
2.89995e-05
0.000144981
2.89995e-05
0.000144981
2.89995e-05
0.000144981
2.89995e-05
0.000144981
2.89995e-05
0.000144981
2.89995e-05
0.000144981
2.89995e-05
0.000144981
2.89995e-05
0.000144981
3.62491e-05
2.89995e-05
3.62491e-05
3.62491e-05
0.000144981
3.62491e-05
8.21599e-05
8.21599e-05
8.21599e-05
8.21599e-05
8.21599e-05
8.21599e-05
8.21599e-05
8.21599e-05
8.21599e-05
8.21599e-05
8.21599e-05
8.21599e-05
8.21599e-05
8.21599e-05
8.21599e-05
8.21599e-05
3.62491e-05
3.62491e-05
3.62491e-05
3.62491e-05
3.62491e-05
3.62491e-05
8.21599e-05
8.21599e-05
8.21599e-05
8.21599e-05
8.21599e-05
8.21599e-05
8.21599e-05
8.21599e-05
8.21599e-05
8.21599e-05
8.21599e-05
8.21599e-05
8.21599e-05
8.21599e-05
8.21599e-05
3.62491e-05
3.62491e-05
8.21599e-05
3.62491e-05
0.000144981
0.000144981
0.000144981
0.000144981
0.000144981
0.000144981
0.000144981
0.000144981
0.000144981
0.000144981
0.000144981
0.000144981
0.000144981
0.000144981
0.000144981
0.000144981
2.89995e-05
2.89995e-05
2.89995e-05
2.89995e-05
2.89995e-05
2.89995e-05
2.89995e-05
2.89995e-05
2.89995e-05
2.89995e-05
2.89995e-05
2.89995e-05
2.89995e-05
2.89995e-05
2.89995e-05
3.62491e-05
3.62491e-05
3.62491e-05
3.62491e-05
2.89995e-05
)
;
        value           nonuniform List<scalar> 
129
(
295.329
295.321
295.307
295.286
295.397
295.447
295.491
295.527
295.527
295.491
295.447
295.397
295.329
295.321
295.307
295.286
295.26
295.284
295.232
295.243
295.203
295.209
295.175
295.178
295.149
295.15
295.124
295.125
295.102
295.103
295.082
295.082
295.064
295.064
295.048
295.048
295.035
295.035
295.023
295.024
295.014
295.015
295.008
295.008
295.003
295.003
295.001
295.001
295.001
295.001
295.001
295.001
295.513
295.481
295.45
295.421
295.394
295.369
295.347
295.327
295.309
295.293
295.28
295.269
295.26
295.253
295.248
295.246
295.246
295.246
295.246
295.246
295.246
295.246
295.513
295.481
295.45
295.421
295.394
295.369
295.347
295.327
295.309
295.293
295.28
295.269
295.26
295.253
295.248
295.246
295.246
295.246
295.246
295.284
295.243
295.209
295.178
295.15
295.125
295.103
295.082
295.064
295.048
295.035
295.024
295.015
295.008
295.003
295.001
295.26
295.232
295.203
295.175
295.149
295.124
295.102
295.082
295.064
295.048
295.035
295.023
295.014
295.008
295.003
295.001
295.001
295.001
295.001
295.001
)
;
        Tnbr            T;
        thicknessLayers 0();
        kappaLayers     0();
        kappaMethod     solidThermo;
        kappa           none;
        alphaAni        none;
        alpha           none;
    }
}


// ************************************************************************* //
