/*--------------------------------*- C++ -*----------------------------------*\
| =========                 |                                                 |
| \\      /  F ield         | OpenFOAM: The Open Source CFD Toolbox           |
|  \\    /   O peration     | Version:                                        |
|   \\  /    A nd           | Website:  www.openfoam.com                      |
|    \\/     M anipulation  |                                                 |
\*---------------------------------------------------------------------------*/
FoamFile
{
    version     2.0;
    format      ascii;
    class       volScalarField;
    location    "1500/air";
    object      T;
}
// * * * * * * * * * * * * * * * * * * * * * * * * * * * * * * * * * * * * * //

dimensions      [0 0 0 1 0 0 0];


internalField   nonuniform List<scalar> 
2228
(
304.313
304.378
304.432
304.478
304.249
304.312
304.376
304.436
304.207
304.266
304.334
304.402
304.173
304.231
304.301
304.372
304.143
304.201
304.272
304.345
304.117
304.174
304.245
304.32
304.091
304.145
304.218
304.296
304.066
304.113
304.187
304.272
304.037
304.069
304.147
304.246
304.001
304.003
304.088
304.215
303.954
303.905
303.999
304.174
303.894
303.768
303.872
304.12
303.822
303.59
303.708
304.054
303.715
303.315
303.491
303.977
303.496
302.787
303.135
303.862
302.914
301.821
302.441
303.532
304.478
304.432
304.378
304.313
304.436
304.376
304.312
304.25
304.402
304.334
304.266
304.207
304.373
304.302
304.232
304.173
304.346
304.273
304.202
304.144
304.321
304.247
304.176
304.118
304.297
304.221
304.149
304.093
304.274
304.194
304.121
304.069
304.251
304.162
304.087
304.044
304.226
304.119
304.039
304.015
304.193
304.051
303.961
303.975
304.147
303.938
303.827
303.915
304.079
303.746
303.6
303.822
303.976
303.429
303.239
303.68
303.8
302.91
302.699
303.466
303.354
302.06
301.901
303.031
301.232
301.843
300.311
299.042
298.203
296.582
294.978
294.54
294.425
293.445
293.233
293.208
292.826
292.793
292.818
292.818
292.76
292.85
292.874
292.895
292.975
293.015
293.036
293.059
293.118
293.128
293.139
293.149
293.171
293.17
293.173
293.174
293.177
293.175
293.175
293.174
293.169
293.168
293.168
293.168
293.16
293.16
293.161
293.162
293.16
293.162
293.165
293.168
293.201
293.206
293.211
293.216
293.29
293.3
293.309
293.315
293.37
293.383
293.394
293.405
293.422
293.428
293.435
293.443
293.501
293.496
293.491
293.486
293.583
293.58
293.577
293.574
293.597
293.598
293.6
293.603
293.516
293.516
293.519
293.523
298.5
298.498
298.975
299.339
294.599
294.722
294.797
294.799
293.187
293.158
293.12
293.076
292.812
292.81
292.814
292.823
292.919
292.944
292.97
292.997
293.079
293.097
293.113
293.126
293.156
293.161
293.165
293.167
293.175
293.175
293.175
293.175
293.174
293.174
293.174
293.174
293.168
293.168
293.169
293.17
293.164
293.166
293.168
293.171
293.172
293.176
293.182
293.189
293.221
293.226
293.231
293.239
293.319
293.322
293.323
293.325
293.415
293.423
293.427
293.429
293.453
293.465
293.479
293.494
293.482
293.479
293.479
293.483
293.571
293.567
293.562
293.557
293.604
293.605
293.605
293.605
293.523
293.525
293.528
293.528
299.301
299.371
299.45
294.76
294.725
294.681
293.04
293.014
292.988
292.835
292.846
292.859
293.018
293.033
293.047
293.134
293.139
293.143
293.168
293.168
293.168
293.175
293.175
293.175
293.175
293.175
293.176
293.171
293.172
293.173
293.173
293.176
293.178
293.195
293.2
293.205
293.247
293.254
293.262
293.33
293.335
293.343
293.431
293.433
293.436
293.505
293.513
293.52
293.49
293.498
293.507
293.552
293.548
293.544
293.604
293.603
293.601
293.528
293.525
293.524
299.493
299.511
299.525
294.646
294.625
294.603
292.972
292.963
292.955
292.868
292.873
292.879
293.056
293.061
293.065
293.146
293.147
293.148
293.168
293.168
293.168
293.175
293.175
293.176
293.177
293.177
293.177
293.173
293.174
293.174
293.179
293.18
293.181
293.209
293.212
293.214
293.269
293.272
293.276
293.35
293.354
293.358
293.441
293.443
293.446
293.524
293.526
293.528
293.515
293.519
293.523
293.541
293.54
293.539
293.6
293.6
293.599
293.524
293.524
293.524
299.535
299.505
299.424
294.557
294.482
294.397
292.941
292.921
292.904
292.89
292.908
292.927
293.074
293.086
293.096
293.149
293.151
293.153
293.168
293.168
293.168
293.176
293.177
293.177
293.177
293.178
293.179
293.175
293.176
293.177
293.183
293.186
293.189
293.218
293.225
293.233
293.284
293.296
293.31
293.367
293.383
293.402
293.453
293.465
293.481
293.533
293.541
293.55
293.531
293.543
293.555
293.538
293.536
293.536
293.598
293.595
293.593
293.521
293.524
293.524
299.239
298.93
298.796
298.534
294.265
294.064
293.837
293.589
292.886
292.872
292.873
292.897
292.955
292.992
293.029
293.063
293.109
293.122
293.131
293.137
293.154
293.154
293.154
293.154
293.168
293.169
293.169
293.171
293.178
293.18
293.182
293.184
293.18
293.182
293.183
293.184
293.178
293.181
293.183
293.186
293.193
293.2
293.208
293.217
293.244
293.261
293.281
293.303
293.332
293.363
293.399
293.437
293.431
293.473
293.517
293.559
293.508
293.548
293.59
293.627
293.566
293.593
293.622
293.652
293.572
293.595
293.618
293.641
293.539
293.547
293.558
293.571
293.59
293.586
293.582
293.58
293.524
293.524
293.526
293.523
297.949
297.218
296.436
295.671
293.369
293.242
293.19
293.229
292.943
293.003
293.064
293.115
293.092
293.112
293.125
293.132
293.14
293.141
293.141
293.141
293.154
293.154
293.155
293.156
293.172
293.174
293.176
293.178
293.186
293.188
293.19
293.192
293.186
293.187
293.189
293.19
293.189
293.192
293.196
293.201
293.228
293.24
293.255
293.273
293.33
293.36
293.393
293.428
293.479
293.52
293.559
293.593
293.597
293.627
293.648
293.658
293.656
293.673
293.679
293.677
293.676
293.694
293.703
293.706
293.663
293.682
293.698
293.71
293.586
293.601
293.614
293.625
293.578
293.578
293.579
293.58
293.521
293.519
293.519
293.52
293.128
293.072
293.055
293.043
293.033
293.024
293.019
293.016
293.015
293.016
293.016
293.016
293.013
293.007
292.997
292.984
292.961
292.869
292.522
294.227
293.19
293.112
293.083
293.068
293.055
293.044
293.035
293.03
293.028
293.026
293.025
293.024
293.02
293.014
293.004
292.99
292.968
292.898
292.595
294.162
293.275
293.176
293.129
293.108
293.091
293.076
293.064
293.056
293.051
293.046
293.043
293.039
293.034
293.026
293.015
293.002
292.979
292.95
292.707
294.148
293.348
293.246
293.179
293.151
293.13
293.112
293.098
293.087
293.079
293.072
293.066
293.06
293.053
293.043
293.031
293.017
292.995
292.994
292.795
294.164
293.399
293.313
293.23
293.192
293.164
293.143
293.128
293.116
293.106
293.098
293.09
293.083
293.073
293.062
293.049
293.035
293.014
293.025
292.851
294.19
293.43
293.371
293.284
293.233
293.196
293.169
293.152
293.139
293.129
293.121
293.113
293.104
293.095
293.083
293.068
293.054
293.034
293.05
292.889
294.218
293.447
293.417
293.339
293.279
293.231
293.195
293.171
293.157
293.146
293.138
293.131
293.124
293.114
293.102
293.087
293.073
293.054
293.071
292.916
294.248
293.457
293.45
293.389
293.329
293.271
293.225
293.193
293.173
293.161
293.153
293.147
293.14
293.132
293.12
293.105
293.091
293.073
293.088
292.939
294.277
293.462
293.477
293.433
293.377
293.317
293.261
293.219
293.192
293.176
293.167
293.161
293.156
293.149
293.138
293.123
293.108
293.089
293.104
292.958
294.307
293.464
293.501
293.469
293.42
293.362
293.304
293.253
293.216
293.194
293.182
293.176
293.172
293.166
293.155
293.139
293.123
293.105
293.117
292.976
294.336
293.468
293.523
293.502
293.458
293.405
293.348
293.292
293.247
293.217
293.201
293.193
293.189
293.183
293.172
293.156
293.139
293.119
293.129
292.993
294.366
293.472
293.541
293.53
293.491
293.443
293.39
293.334
293.283
293.245
293.222
293.212
293.207
293.202
293.191
293.174
293.154
293.132
293.139
293.011
294.397
293.477
293.559
293.556
293.52
293.476
293.427
293.375
293.322
293.277
293.247
293.232
293.226
293.221
293.21
293.192
293.171
293.146
293.149
293.03
294.429
293.482
293.572
293.577
293.546
293.504
293.46
293.412
293.361
293.313
293.276
293.255
293.246
293.24
293.23
293.212
293.188
293.161
293.159
293.05
294.462
293.486
293.585
293.594
293.567
293.529
293.489
293.445
293.398
293.348
293.306
293.279
293.266
293.259
293.249
293.231
293.207
293.177
293.17
293.071
294.497
293.49
293.596
293.609
293.585
293.551
293.514
293.474
293.431
293.383
293.338
293.305
293.287
293.277
293.268
293.25
293.226
293.194
293.183
293.092
294.532
293.494
293.607
293.62
293.6
293.569
293.536
293.5
293.46
293.415
293.37
293.333
293.309
293.296
293.286
293.269
293.244
293.212
293.197
293.114
294.569
293.499
293.614
293.629
293.611
293.585
293.555
293.522
293.486
293.444
293.4
293.361
293.333
293.316
293.303
293.287
293.263
293.229
293.212
293.136
294.607
293.503
293.621
293.636
293.621
293.598
293.572
293.543
293.509
293.47
293.428
293.388
293.357
293.337
293.321
293.304
293.28
293.247
293.229
293.159
294.641
293.508
293.627
293.642
293.629
293.61
293.588
293.562
293.53
293.494
293.454
293.415
293.382
293.359
293.341
293.321
293.297
293.265
293.246
293.183
294.701
293.52
293.642
293.654
293.643
293.63
293.617
293.6
293.577
293.548
293.513
293.478
293.445
293.418
293.394
293.368
293.34
293.306
293.292
293.218
294.354
293.544
293.662
293.668
293.657
293.648
293.641
293.638
293.634
293.623
293.601
293.573
293.545
293.518
293.489
293.452
293.411
293.374
293.349
293.208
295.545
293.573
293.677
293.675
293.653
293.628
293.623
293.64
293.663
293.677
293.677
293.664
293.643
293.617
293.583
293.536
293.468
293.384
293.387
294.393
295.704
293.595
293.685
293.669
293.616
293.582
293.61
293.666
293.709
293.733
293.741
293.738
293.731
293.713
293.656
293.541
293.477
293.705
294.321
295.118
294.493
293.616
293.684
293.636
293.556
293.584
293.701
293.791
293.813
293.795
293.778
293.812
293.808
293.727
293.626
293.7
294.091
294.589
294.947
294.656
293.316
293.632
293.669
293.58
293.541
293.713
293.906
293.96
293.894
293.833
293.841
293.849
293.781
293.74
293.933
294.396
294.847
294.994
294.644
293.74
292.901
293.648
293.639
293.533
293.625
293.921
294.076
294.023
293.907
293.856
293.853
293.827
293.83
294.017
294.409
294.8
294.915
294.591
293.873
293.137
292.96
293.652
293.602
293.529
293.763
294.073
294.117
293.984
293.875
293.847
293.847
293.857
293.939
294.124
294.336
294.436
294.276
293.814
293.26
292.99
293.095
293.651
293.57
293.555
293.871
294.128
294.073
293.92
293.847
293.843
293.841
293.819
293.788
293.755
293.718
293.648
293.477
293.215
293.032
293.06
293.167
293.646
293.545
293.574
293.919
294.127
294.027
293.887
293.838
293.815
293.743
293.6
293.413
293.241
293.132
293.079
293.04
293.017
293.059
293.142
293.179
293.642
293.524
293.561
293.908
294.105
293.999
293.864
293.797
293.711
293.547
293.325
293.115
292.984
292.945
292.963
293.008
293.07
293.135
293.17
293.165
293.643
293.508
293.508
293.835
294.063
293.97
293.808
293.693
293.549
293.35
293.151
293.022
292.986
293.011
293.058
293.107
293.148
293.169
293.165
293.157
293.651
293.502
293.421
293.683
293.967
293.942
293.753
293.579
293.41
293.234
293.1
293.042
293.049
293.085
293.125
293.155
293.169
293.169
293.168
293.185
293.662
293.521
293.344
293.466
293.753
293.854
293.725
293.533
293.356
293.208
293.113
293.078
293.087
293.114
293.141
293.158
293.168
293.18
293.206
293.258
293.671
293.565
293.333
293.285
293.448
293.601
293.592
293.465
293.316
293.192
293.119
293.098
293.111
293.134
293.154
293.173
293.194
293.228
293.275
293.332
293.676
293.618
293.396
293.235
293.232
293.308
293.344
293.303
293.227
293.166
293.149
293.171
293.21
293.247
293.281
293.314
293.348
293.373
293.389
293.408
293.678
293.661
293.505
293.327
293.227
293.206
293.218
293.227
293.232
293.254
293.303
293.371
293.442
293.505
293.557
293.597
293.605
293.584
293.549
293.517
293.673
293.685
293.607
293.488
293.388
293.331
293.31
293.322
293.357
293.412
293.484
293.567
293.652
293.727
293.784
293.806
293.777
293.712
293.645
293.602
293.662
293.684
293.663
293.62
293.574
293.544
293.526
293.525
293.546
293.582
293.63
293.686
293.742
293.794
293.829
293.829
293.784
293.706
293.638
293.605
293.644
293.663
293.668
293.67
293.662
293.659
293.655
293.646
293.646
293.652
293.651
293.654
293.646
293.64
293.631
293.599
293.563
293.53
293.51
293.515
294.324
292.888
292.783
292.76
292.758
292.778
292.82
292.879
292.946
293.013
293.075
293.123
293.145
293.15
293.15
293.15
293.15
293.15
293.15
293.15
294.318
293.004
292.816
292.77
292.761
292.775
292.811
292.867
292.936
293.007
293.073
293.123
293.146
293.15
293.15
293.15
293.15
293.15
293.15
293.15
294.357
293.081
292.854
292.792
292.771
292.775
292.803
292.857
292.929
293.007
293.078
293.127
293.147
293.15
293.15
293.15
293.15
293.15
293.15
293.15
294.41
293.093
292.874
292.818
292.79
292.783
292.803
292.854
292.932
293.017
293.09
293.135
293.149
293.15
293.15
293.15
293.15
293.15
293.15
293.15
294.465
293.084
292.894
292.85
292.815
292.797
292.809
292.862
292.948
293.039
293.108
293.142
293.15
293.15
293.15
293.15
293.15
293.15
293.15
293.15
294.52
293.073
292.924
292.887
292.843
292.815
292.822
292.88
292.975
293.067
293.125
293.147
293.15
293.15
293.15
293.15
293.15
293.15
293.15
293.15
294.576
293.065
292.961
292.925
292.87
292.833
292.84
292.91
293.013
293.096
293.138
293.149
293.15
293.15
293.15
293.15
293.15
293.15
293.15
293.15
294.633
293.06
292.999
292.954
292.891
292.85
292.865
292.95
293.053
293.12
293.146
293.15
293.15
293.15
293.15
293.15
293.15
293.15
293.15
293.15
294.693
293.06
293.031
292.972
292.905
292.868
292.898
292.998
293.089
293.136
293.149
293.15
293.15
293.15
293.15
293.15
293.15
293.15
293.15
293.15
294.755
293.062
293.051
292.978
292.917
292.889
292.943
293.045
293.116
293.145
293.15
293.15
293.15
293.15
293.15
293.15
293.15
293.15
293.15
293.15
294.819
293.067
293.058
292.982
292.929
292.92
292.993
293.085
293.134
293.149
293.15
293.15
293.15
293.15
293.15
293.15
293.15
293.15
293.15
293.15
294.884
293.071
293.062
292.987
292.946
292.961
293.042
293.114
293.144
293.15
293.15
293.15
293.15
293.15
293.15
293.15
293.15
293.15
293.15
293.15
294.951
293.074
293.069
292.997
292.973
293.007
293.082
293.133
293.149
293.15
293.15
293.15
293.15
293.15
293.15
293.15
293.15
293.15
293.15
293.15
295.017
293.074
293.079
293.015
293.007
293.051
293.112
293.144
293.15
293.15
293.15
293.15
293.15
293.15
293.15
293.15
293.15
293.15
293.15
293.15
295.081
293.073
293.091
293.038
293.044
293.088
293.132
293.149
293.15
293.15
293.15
293.15
293.15
293.15
293.15
293.15
293.15
293.15
293.15
293.15
295.142
293.071
293.105
293.064
293.078
293.116
293.143
293.15
293.15
293.15
293.15
293.15
293.15
293.15
293.15
293.15
293.15
293.15
293.15
293.15
295.196
293.066
293.12
293.089
293.106
293.133
293.148
293.15
293.15
293.15
293.15
293.15
293.15
293.15
293.15
293.15
293.15
293.15
293.15
293.15
295.241
293.059
293.134
293.11
293.126
293.143
293.15
293.15
293.15
293.15
293.15
293.15
293.15
293.15
293.15
293.15
293.15
293.15
293.15
293.15
295.263
293.049
293.146
293.126
293.139
293.148
293.15
293.15
293.15
293.15
293.15
293.15
293.15
293.15
293.15
293.15
293.15
293.15
293.15
293.15
295.324
293.037
293.155
293.135
293.146
293.15
293.15
293.15
293.15
293.15
293.15
293.15
293.15
293.15
293.15
293.15
293.15
293.15
293.15
293.15
294.202
293.024
293.168
293.143
293.15
293.15
293.15
293.15
293.15
293.15
293.15
293.15
293.15
293.15
293.15
293.15
293.15
293.15
293.15
293.15
293.366
293.101
293.162
293.147
293.151
293.149
293.149
293.149
293.149
293.149
293.148
293.149
293.149
293.15
293.15
293.151
293.151
293.15
293.15
293.15
293.162
293.142
293.152
293.148
293.148
293.147
293.147
293.147
293.149
293.151
293.155
293.162
293.17
293.181
293.192
293.199
293.196
293.181
293.158
293.149
293.14
293.149
293.146
293.147
293.147
293.149
293.153
293.159
293.17
293.185
293.206
293.231
293.264
293.308
293.363
293.411
293.417
293.357
293.25
293.156
293.144
293.149
293.149
293.153
293.159
293.169
293.183
293.203
293.229
293.262
293.299
293.34
293.393
293.474
293.578
293.66
293.662
293.571
293.401
293.196
293.16
293.167
293.174
293.185
293.197
293.214
293.236
293.265
293.304
293.352
293.398
293.439
293.501
293.617
293.76
293.852
293.847
293.754
293.557
293.266
293.185
293.197
293.211
293.226
293.243
293.263
293.286
293.317
293.358
293.418
293.481
293.516
293.573
293.719
293.885
293.967
293.957
293.884
293.694
293.348
293.198
293.208
293.218
293.228
293.239
293.254
293.278
293.319
293.376
293.454
293.538
293.579
293.618
293.781
293.954
294.015
293.999
293.955
293.803
293.432
293.195
293.203
293.212
293.22
293.226
293.23
293.241
293.28
293.361
293.469
293.578
293.628
293.65
293.813
293.987
294.023
293.997
293.975
293.871
293.511
293.219
293.257
293.289
293.305
293.294
293.268
293.25
293.258
293.346
293.481
293.611
293.666
293.678
293.827
293.998
294.016
293.985
293.967
293.908
293.581
293.333
293.431
293.469
293.457
293.407
293.343
293.296
293.272
293.353
293.503
293.642
293.695
293.704
293.833
293.995
294.01
293.984
293.956
293.918
293.633
293.521
293.63
293.638
293.591
293.502
293.417
293.361
293.322
293.367
293.528
293.669
293.719
293.728
293.836
293.981
294.009
293.99
293.953
293.917
293.677
293.648
293.669
293.679
293.669
293.574
293.493
293.453
293.409
293.391
293.548
293.686
293.738
293.751
293.837
293.96
294.004
293.994
293.951
293.911
293.715
293.651
293.608
293.618
293.685
293.636
293.589
293.587
293.552
293.488
293.518
293.669
293.745
293.772
293.837
293.935
293.987
293.986
293.944
293.902
293.759
293.655
293.637
293.592
293.646
293.69
293.7
293.745
293.724
293.621
293.53
293.599
293.71
293.776
293.836
293.91
293.959
293.965
293.926
293.884
293.782
293.711
293.699
293.62
293.602
293.698
293.776
293.867
293.889
293.797
293.638
293.528
293.615
293.724
293.81
293.879
293.923
293.931
293.893
293.857
293.785
293.729
293.684
293.616
293.591
293.675
293.801
293.926
293.992
293.919
293.72
293.601
293.538
293.624
293.731
293.814
293.862
293.872
293.839
293.823
293.778
293.628
293.598
293.596
293.61
293.671
293.794
293.927
294.027
294.001
293.739
293.619
293.521
293.542
293.627
293.71
293.763
293.779
293.767
293.793
293.783
293.579
293.587
293.623
293.666
293.72
293.817
293.925
294.019
293.958
293.695
293.59
293.548
293.524
293.568
293.625
293.673
293.702
293.729
293.79
293.765
293.528
293.555
293.589
293.603
293.67
293.717
293.713
293.736
293.655
293.546
293.546
293.559
293.565
293.583
293.612
293.634
293.65
293.678
293.705
293.665
)
;

boundaryField
{
    left_open
    {
        type            inletOutlet;
        inletValue      uniform 293.15;
        value           nonuniform List<scalar> 
40
(
293.125
293.185
293.269
293.342
293.394
293.426
293.445
293.456
293.15
293.466
293.469
293.15
293.478
293.15
293.15
293.15
293.495
293.15
293.15
293.15
293.15
293.15
293.572
293.15
293.15
293.15
293.647
293.652
293.653
293.65
293.647
293.649
293.656
293.665
293.673
293.676
293.677
293.672
293.66
293.642
)
;
    }
    right_open
    {
        type            inletOutlet;
        inletValue      uniform 293.15;
        value           nonuniform List<scalar> 
40
(
293.15
293.15
293.15
293.15
293.15
293.15
293.15
293.15
293.15
293.15
293.15
293.15
293.15
293.15
293.15
293.15
293.15
293.15
293.15
293.15
293.15
293.15
293.15
293.15
293.195
293.264
293.15
293.15
293.15
293.15
293.15
293.15
293.15
293.754
293.15
293.784
293.15
293.783
293.15
293.662
)
;
    }
    base_side
    {
        type            zeroGradient;
    }
    top
    {
        type            inletOutlet;
        inletValue      uniform 293.15;
        value           nonuniform List<scalar> 
65
(
293.642
293.662
293.668
293.671
293.663
293.661
293.656
293.647
293.15
293.653
293.15
293.653
293.644
293.15
293.15
293.594
293.56
293.528
293.509
293.515
293.515
293.516
293.519
293.15
293.15
293.525
293.528
293.527
293.528
293.15
293.15
293.15
293.15
293.15
293.15
293.524
293.523
293.523
293.524
293.525
293.522
293.52
293.518
293.519
293.519
293.528
293.555
293.589
293.601
293.668
293.714
293.15
293.732
293.649
293.545
293.546
293.559
293.565
293.583
293.612
293.634
293.15
293.678
293.15
293.662
)
;
    }
    front
    {
        type            empty;
    }
    back
    {
        type            empty;
    }
    air_to_aluminum
    {
        type            compressible::turbulentTemperatureCoupledBaffleMixed;
        refValue        nonuniform List<scalar> 
129
(
304.304
304.297
304.282
304.261
304.375
304.426
304.471
304.508
304.508
304.471
304.426
304.375
304.304
304.297
304.282
304.261
304.234
304.259
304.205
304.217
304.175
304.182
304.147
304.15
304.119
304.121
304.094
304.096
304.071
304.072
304.05
304.051
304.032
304.032
304.015
304.016
304.001
304.002
303.989
303.99
303.98
303.98
303.972
303.973
303.967
303.968
303.965
303.965
303.965
303.965
303.965
303.965
304.496
304.465
304.435
304.406
304.38
304.356
304.334
304.314
304.296
304.281
304.267
304.256
304.247
304.24
304.235
304.233
304.233
304.233
304.233
304.233
304.233
304.233
304.496
304.465
304.435
304.406
304.38
304.356
304.334
304.314
304.296
304.281
304.267
304.256
304.247
304.24
304.235
304.233
304.233
304.233
304.233
304.26
304.217
304.182
304.15
304.122
304.096
304.072
304.051
304.032
304.016
304.002
303.99
303.98
303.973
303.967
303.965
304.234
304.205
304.175
304.147
304.12
304.094
304.071
304.05
304.032
304.015
304.001
303.989
303.979
303.972
303.967
303.965
303.965
303.964
303.964
303.964
)
;
        refGradient     uniform 0;
        valueFraction   nonuniform List<scalar> 
129
(
0.999971
0.999971
0.999971
0.999971
0.999855
0.999855
0.999855
0.999855
0.999855
0.999855
0.999855
0.999855
0.999971
0.999971
0.999971
0.999971
0.999971
0.999855
0.999971
0.999855
0.999971
0.999855
0.999971
0.999855
0.999971
0.999855
0.999971
0.999855
0.999971
0.999855
0.999971
0.999855
0.999971
0.999855
0.999971
0.999855
0.999971
0.999855
0.999971
0.999855
0.999971
0.999855
0.999971
0.999855
0.999971
0.999855
0.999964
0.999971
0.999964
0.999964
0.999855
0.999964
0.999918
0.999918
0.999918
0.999918
0.999918
0.999918
0.999918
0.999918
0.999918
0.999918
0.999918
0.999918
0.999918
0.999918
0.999918
0.999918
0.999964
0.999964
0.999964
0.999964
0.999964
0.999964
0.999918
0.999918
0.999918
0.999918
0.999918
0.999918
0.999918
0.999918
0.999918
0.999918
0.999918
0.999918
0.999918
0.999918
0.999918
0.999964
0.999964
0.999918
0.999964
0.999855
0.999855
0.999855
0.999855
0.999855
0.999855
0.999855
0.999855
0.999855
0.999855
0.999855
0.999855
0.999855
0.999855
0.999855
0.999855
0.999971
0.999971
0.999971
0.999971
0.999971
0.999971
0.999971
0.999971
0.999971
0.999971
0.999971
0.999971
0.999971
0.999971
0.999971
0.999964
0.999964
0.999964
0.999964
0.999971
)
;
        value           nonuniform List<scalar> 
129
(
304.304
304.296
304.282
304.26
304.375
304.426
304.471
304.508
304.508
304.471
304.426
304.375
304.304
304.296
304.282
304.26
304.234
304.259
304.205
304.217
304.175
304.182
304.146
304.15
304.119
304.122
304.094
304.096
304.071
304.072
304.05
304.051
304.031
304.032
304.015
304.016
304.001
304.002
303.989
303.99
303.979
303.98
303.972
303.973
303.967
303.968
303.965
303.965
303.965
303.965
303.965
303.965
304.496
304.465
304.435
304.406
304.38
304.356
304.334
304.314
304.296
304.281
304.267
304.256
304.247
304.24
304.235
304.233
304.232
304.233
304.233
304.233
304.233
304.233
304.496
304.465
304.435
304.406
304.38
304.356
304.334
304.314
304.296
304.281
304.267
304.256
304.247
304.24
304.235
304.233
304.233
304.233
304.232
304.26
304.217
304.182
304.15
304.122
304.096
304.072
304.051
304.033
304.016
304.002
303.99
303.98
303.973
303.967
303.965
304.234
304.205
304.175
304.146
304.119
304.094
304.071
304.05
304.031
304.015
304.001
303.989
303.979
303.972
303.967
303.964
303.964
303.964
303.964
303.964
)
;
        Tnbr            T;
        thicknessLayers 0();
        kappaLayers     0();
        kappaMethod     fluidThermo;
        kappa           none;
        alphaAni        none;
        alpha           none;
    }
}


// ************************************************************************* //
