/*--------------------------------*- C++ -*----------------------------------*\
| =========                 |                                                 |
| \\      /  F ield         | OpenFOAM: The Open Source CFD Toolbox           |
|  \\    /   O peration     | Version:                                        |
|   \\  /    A nd           | Website:  www.openfoam.com                      |
|    \\/     M anipulation  |                                                 |
\*---------------------------------------------------------------------------*/
FoamFile
{
    version     2.0;
    format      ascii;
    class       volScalarField;
    location    "1903.0/air";
    object      T;
}
// * * * * * * * * * * * * * * * * * * * * * * * * * * * * * * * * * * * * * //

dimensions      [0 0 0 1 0 0 0];


internalField   nonuniform List<scalar> 
2228
(
307.191
307.257
307.312
307.358
307.127
307.191
307.255
307.316
307.084
307.145
307.213
307.282
307.05
307.109
307.18
307.253
307.02
307.079
307.151
307.225
306.993
307.05
307.123
307.2
306.967
307.021
307.095
307.175
306.941
306.987
307.063
307.151
306.911
306.943
307.022
307.125
306.875
306.877
306.964
307.094
306.824
306.77
306.873
307.053
306.748
306.594
306.728
306.997
306.637
306.324
306.506
306.919
306.482
305.945
306.19
306.818
306.269
305.44
305.733
306.658
305.837
304.738
305.005
306.232
307.358
307.311
307.257
307.191
307.316
307.254
307.19
307.127
307.281
307.211
307.142
307.083
307.251
307.175
307.104
307.048
307.222
307.141
307.067
307.015
307.192
307.101
307.024
306.982
307.158
307.043
306.96
306.943
307.111
306.943
306.842
306.885
307.037
306.756
306.627
306.794
306.926
306.456
306.304
306.664
306.79
306.109
305.966
306.523
306.671
305.856
305.731
306.414
306.606
305.739
305.573
306.336
306.577
305.589
305.29
306.217
306.446
304.906
304.542
305.934
305.723
303.134
303.048
305.404
296.125
297.382
298.75
300.081
293.004
292.896
293.091
293.514
293.076
292.815
292.569
292.41
293.187
293.083
292.91
292.704
293.19
293.17
293.111
293.008
293.174
293.176
293.169
293.146
293.171
293.171
293.171
293.169
293.198
293.197
293.196
293.195
293.302
293.303
293.307
293.312
293.424
293.426
293.429
293.434
293.495
293.499
293.502
293.505
293.547
293.551
293.553
293.555
293.634
293.635
293.635
293.633
293.738
293.736
293.733
293.729
293.823
293.82
293.816
293.812
293.879
293.875
293.87
293.865
293.863
293.862
293.862
293.863
293.989
293.985
293.982
293.979
293.939
293.939
293.939
293.941
293.737
293.745
293.755
293.766
301.175
301.791
302.095
302.274
294.148
294.835
295.463
295.96
292.376
292.466
292.654
292.892
292.508
292.356
292.269
292.245
292.876
292.737
292.612
292.513
293.104
293.048
292.985
292.922
293.163
293.152
293.137
293.119
293.195
293.196
293.197
293.202
293.32
293.332
293.351
293.386
293.442
293.456
293.484
293.547
293.508
293.514
293.528
293.566
293.557
293.558
293.559
293.562
293.63
293.627
293.623
293.619
293.724
293.718
293.712
293.705
293.807
293.801
293.795
293.788
293.859
293.854
293.847
293.841
293.865
293.867
293.87
293.872
293.976
293.972
293.968
293.963
293.944
293.95
293.958
293.968
293.778
293.792
293.806
293.818
302.113
301.813
301.404
296.211
296.313
296.353
293.081
293.211
293.326
292.258
292.284
292.317
292.455
292.424
292.401
292.875
292.844
292.815
293.103
293.092
293.08
293.208
293.216
293.228
293.435
293.49
293.567
293.648
293.766
293.933
293.637
293.728
293.863
293.568
293.579
293.601
293.616
293.614
293.612
293.7
293.696
293.692
293.782
293.778
293.774
293.836
293.832
293.828
293.874
293.875
293.876
293.959
293.956
293.954
293.977
293.985
293.994
293.821
293.827
293.835
301.104
300.949
300.8
296.356
296.349
296.336
293.392
293.424
293.452
292.34
292.353
292.366
292.389
292.383
292.379
292.797
292.788
292.779
293.072
293.068
293.064
293.239
293.245
293.252
293.634
293.673
293.716
294.078
294.159
294.245
293.987
294.058
294.134
293.63
293.649
293.671
293.611
293.611
293.611
293.689
293.687
293.686
293.772
293.77
293.769
293.825
293.824
293.823
293.877
293.877
293.877
293.952
293.951
293.95
294
294.003
294.006
293.842
293.846
293.851
300.525
300.148
299.756
296.293
296.169
295.965
293.497
293.532
293.527
292.39
292.419
292.442
292.372
292.365
292.361
292.763
292.742
292.722
293.057
293.046
293.035
293.267
293.29
293.316
293.802
293.939
294.076
294.42
294.69
294.931
294.29
294.554
294.822
293.72
293.831
293.985
293.612
293.617
293.631
293.682
293.677
293.671
293.766
293.762
293.758
293.82
293.817
293.813
293.877
293.877
293.877
293.949
293.947
293.946
294.013
294.023
294.034
293.858
293.866
293.875
299.12
298.233
299.067
302.338
295.505
294.812
295.447
299.32
293.45
293.306
293.655
296.432
292.464
292.49
292.709
294.238
292.358
292.357
292.419
293.016
292.696
292.656
292.605
292.605
293.019
292.993
292.955
292.883
293.345
293.369
293.371
293.354
294.244
294.383
294.367
294.192
295.148
295.178
294.972
294.611
295.14
295.377
295.392
295.256
294.247
294.635
294.971
295.202
293.672
293.777
293.942
294.139
293.663
293.655
293.656
293.672
293.752
293.743
293.733
293.723
293.808
293.802
293.796
293.791
293.876
293.873
293.869
293.864
293.946
293.949
293.954
293.963
294.049
294.067
294.085
294.1
293.889
293.908
293.924
293.934
304.494
302.712
299.761
297.395
301.74
298.164
294.845
293.569
299.733
297.666
293.954
293.018
297.438
297.944
295.369
293.404
295.164
297.114
296.771
295.075
293.272
294.931
296.194
296.122
292.799
293.101
294.068
295.139
293.275
293.087
293.084
293.811
293.879
293.407
293.081
293.531
294.209
293.918
293.93
294.248
295.095
295.025
295.086
295.198
295.34
295.415
295.436
295.388
294.326
294.466
294.53
294.504
293.703
293.737
293.762
293.765
293.714
293.707
293.702
293.699
293.785
293.781
293.776
293.773
293.858
293.851
293.844
293.84
293.973
293.982
293.99
293.995
294.112
294.12
294.125
294.126
293.948
293.961
293.963
293.98
293.086
293.019
292.972
292.932
292.902
292.88
292.861
292.845
292.831
292.819
292.809
292.799
292.789
292.775
292.751
292.712
292.664
292.631
292.749
294.576
293.07
292.999
292.956
292.919
292.893
292.874
292.857
292.842
292.83
292.819
292.81
292.801
292.792
292.78
292.759
292.731
292.698
292.681
292.832
294.543
293.056
292.981
292.94
292.907
292.885
292.868
292.854
292.841
292.83
292.821
292.814
292.808
292.802
292.796
292.793
292.793
292.79
292.775
292.882
294.551
293.052
292.975
292.934
292.902
292.881
292.866
292.854
292.844
292.835
292.829
292.823
292.82
292.821
292.829
292.851
292.886
292.912
292.885
292.893
294.576
293.062
292.985
292.94
292.905
292.884
292.87
292.86
292.851
292.845
292.84
292.838
292.84
292.85
292.874
292.919
292.976
293.016
292.992
292.9
294.605
293.082
293.009
292.958
292.917
292.892
292.879
292.87
292.863
292.859
292.857
292.858
292.866
292.885
292.923
292.978
293.036
293.074
293.073
292.912
294.638
293.105
293.043
292.987
292.937
292.907
292.891
292.883
292.878
292.875
292.876
292.881
292.895
292.922
292.965
293.018
293.061
293.089
293.114
292.93
294.673
293.126
293.079
293.023
292.966
292.926
292.907
292.899
292.895
292.894
292.896
292.904
292.922
292.953
292.996
293.039
293.067
293.084
293.124
292.949
294.712
293.139
293.111
293.063
293.001
292.951
292.926
292.916
292.913
292.913
292.916
292.926
292.946
292.976
293.015
293.047
293.064
293.078
293.127
292.962
294.752
293.146
293.132
293.098
293.04
292.982
292.947
292.934
292.931
292.932
292.935
292.945
292.964
292.991
293.023
293.048
293.061
293.075
293.129
292.972
294.791
293.149
293.143
293.125
293.078
293.016
292.972
292.954
292.949
292.95
292.954
292.962
292.977
293
293.026
293.046
293.058
293.075
293.133
292.98
294.828
293.15
293.148
293.14
293.11
293.053
293.002
292.975
292.968
292.969
292.972
292.978
292.989
293.007
293.027
293.044
293.058
293.079
293.137
292.986
294.862
293.15
293.15
293.147
293.131
293.088
293.034
293
292.988
292.987
292.99
292.994
293.002
293.014
293.03
293.045
293.062
293.085
293.142
292.991
294.893
293.15
293.15
293.149
293.142
293.115
293.067
293.027
293.01
293.007
293.009
293.012
293.016
293.025
293.037
293.051
293.071
293.094
293.147
292.995
294.92
293.15
293.15
293.15
293.148
293.133
293.097
293.057
293.033
293.027
293.028
293.031
293.034
293.04
293.049
293.063
293.083
293.103
293.152
292.997
294.943
293.15
293.15
293.15
293.15
293.143
293.119
293.085
293.059
293.048
293.048
293.05
293.053
293.058
293.066
293.078
293.097
293.113
293.157
292.999
294.961
293.15
293.15
293.15
293.15
293.148
293.134
293.109
293.084
293.071
293.068
293.07
293.073
293.077
293.084
293.095
293.111
293.121
293.162
293.001
294.974
293.15
293.15
293.15
293.15
293.15
293.143
293.126
293.106
293.093
293.088
293.088
293.091
293.096
293.102
293.111
293.123
293.129
293.166
293.002
294.983
293.15
293.15
293.15
293.15
293.15
293.148
293.138
293.123
293.112
293.106
293.105
293.107
293.112
293.117
293.123
293.132
293.135
293.169
293.005
294.977
293.15
293.15
293.15
293.15
293.15
293.149
293.144
293.135
293.125
293.12
293.119
293.121
293.124
293.128
293.132
293.138
293.14
293.171
293.011
295.032
293.15
293.151
293.151
293.15
293.149
293.149
293.148
293.145
293.143
293.141
293.141
293.141
293.142
293.144
293.146
293.15
293.151
293.175
293.041
294.111
293.155
293.183
293.194
293.188
293.175
293.165
293.158
293.155
293.153
293.152
293.153
293.154
293.156
293.16
293.164
293.168
293.17
293.18
293.116
293.577
293.208
293.339
293.364
293.325
293.274
293.234
293.208
293.192
293.183
293.179
293.178
293.181
293.184
293.188
293.19
293.191
293.189
293.188
293.162
293.354
293.314
293.544
293.58
293.494
293.397
293.324
293.277
293.25
293.235
293.227
293.224
293.221
293.218
293.214
293.209
293.203
293.196
293.189
293.179
293.237
293.428
293.718
293.744
293.615
293.475
293.377
293.324
293.297
293.278
293.262
293.249
293.237
293.226
293.217
293.209
293.201
293.193
293.185
293.179
293.184
293.525
293.831
293.813
293.656
293.497
293.392
293.339
293.308
293.288
293.269
293.25
293.232
293.22
293.214
293.21
293.206
293.198
293.185
293.174
293.167
293.573
293.864
293.805
293.641
293.484
293.389
293.351
293.347
293.34
293.316
293.281
293.248
293.226
293.223
293.227
293.227
293.219
293.202
293.183
293.17
293.598
293.855
293.763
293.605
293.467
293.409
293.429
293.464
293.476
293.448
293.384
293.309
293.254
293.241
293.253
293.264
293.266
293.255
293.231
293.207
293.614
293.835
293.719
293.576
293.48
293.493
293.558
293.618
293.645
293.627
293.557
293.445
293.326
293.265
293.276
293.305
293.327
293.336
293.327
293.309
293.629
293.816
293.69
293.575
293.538
293.608
293.691
293.752
293.785
293.783
293.729
293.617
293.466
293.331
293.285
293.319
293.358
293.392
293.415
293.422
293.642
293.803
293.681
293.601
293.63
293.715
293.784
293.827
293.856
293.876
293.856
293.772
293.628
293.461
293.345
293.323
293.358
293.405
293.448
293.481
293.653
293.797
293.688
293.646
293.712
293.78
293.816
293.839
293.862
293.897
293.919
293.882
293.771
293.615
293.475
293.406
293.409
293.449
293.496
293.531
293.652
293.795
293.704
293.696
293.758
293.794
293.818
293.844
293.862
293.89
293.938
293.944
293.877
293.754
293.628
293.55
293.535
293.561
293.599
293.625
293.661
293.796
293.723
293.734
293.765
293.789
293.832
293.87
293.882
293.894
293.94
293.973
293.942
293.858
293.763
293.7
293.685
293.701
293.725
293.736
293.661
293.799
293.741
293.746
293.755
293.789
293.842
293.875
293.891
293.903
293.929
293.971
293.967
293.917
293.857
293.818
293.808
293.816
293.825
293.825
293.661
293.804
293.753
293.741
293.741
293.774
293.809
293.832
293.87
293.901
293.912
293.929
293.94
293.921
293.891
293.876
293.885
293.904
293.906
293.891
293.657
293.81
293.761
293.736
293.724
293.733
293.739
293.751
293.81
293.88
293.913
293.918
293.921
293.923
293.924
293.93
293.929
293.916
293.894
293.872
293.653
293.814
293.77
293.742
293.711
293.688
293.666
293.655
293.707
293.802
293.874
293.902
293.904
293.899
293.892
293.894
293.916
293.958
293.995
294
293.674
293.828
293.792
293.767
293.732
293.662
293.613
293.575
293.588
293.666
293.754
293.821
293.869
293.907
293.937
293.953
293.952
293.944
293.94
293.941
293.624
293.734
293.683
293.665
293.652
293.61
293.563
293.535
293.497
293.515
293.561
293.613
293.657
293.701
293.718
293.713
293.692
293.691
293.697
293.71
294.33
292.442
292.86
292.86
292.89
292.92
292.949
292.962
292.966
292.967
292.972
292.988
293.025
293.081
293.128
293.147
293.15
293.15
293.15
293.15
294.245
292.514
292.876
292.872
292.902
292.93
292.955
292.966
292.968
292.969
292.976
292.995
293.038
293.095
293.136
293.149
293.15
293.15
293.15
293.15
294.226
292.626
292.898
292.891
292.92
292.945
292.965
292.973
292.974
292.975
292.983
293.008
293.059
293.114
293.144
293.15
293.15
293.15
293.15
293.15
294.248
292.72
292.924
292.915
292.941
292.962
292.977
292.982
292.981
292.982
292.994
293.027
293.082
293.13
293.148
293.15
293.15
293.15
293.15
293.15
294.287
292.788
292.952
292.942
292.963
292.979
292.99
292.992
292.99
292.992
293.009
293.049
293.104
293.141
293.15
293.15
293.15
293.15
293.15
293.15
294.332
292.839
292.981
292.97
292.986
292.998
293.005
293.004
293
293.003
293.026
293.072
293.122
293.147
293.151
293.15
293.15
293.15
293.15
293.15
294.378
292.879
293.01
292.997
293.009
293.017
293.021
293.016
293.01
293.016
293.045
293.093
293.135
293.15
293.15
293.15
293.15
293.15
293.15
293.15
294.424
292.913
293.038
293.024
293.032
293.037
293.036
293.027
293.021
293.03
293.064
293.111
293.143
293.151
293.15
293.15
293.15
293.15
293.15
293.15
294.467
292.943
293.066
293.049
293.055
293.057
293.05
293.038
293.031
293.045
293.082
293.124
293.148
293.151
293.15
293.15
293.15
293.15
293.15
293.15
294.509
292.968
293.091
293.074
293.077
293.075
293.063
293.047
293.042
293.06
293.098
293.134
293.15
293.151
293.15
293.15
293.15
293.15
293.15
293.15
294.548
292.991
293.116
293.097
293.099
293.092
293.074
293.055
293.052
293.075
293.112
293.141
293.151
293.15
293.15
293.15
293.15
293.15
293.15
293.15
294.585
293.013
293.138
293.12
293.119
293.107
293.083
293.062
293.063
293.088
293.123
293.146
293.151
293.15
293.15
293.15
293.15
293.15
293.15
293.15
294.621
293.032
293.16
293.142
293.138
293.12
293.091
293.069
293.073
293.1
293.131
293.148
293.151
293.15
293.15
293.15
293.15
293.15
293.15
293.15
294.654
293.051
293.181
293.164
293.157
293.133
293.098
293.075
293.082
293.11
293.137
293.15
293.151
293.15
293.15
293.15
293.15
293.15
293.15
293.15
294.686
293.068
293.202
293.185
293.174
293.144
293.104
293.081
293.091
293.118
293.142
293.151
293.15
293.15
293.15
293.15
293.15
293.15
293.15
293.15
294.717
293.084
293.222
293.205
293.191
293.154
293.109
293.087
293.099
293.125
293.145
293.151
293.15
293.15
293.15
293.15
293.15
293.15
293.15
293.15
294.746
293.1
293.243
293.226
293.207
293.164
293.114
293.092
293.106
293.131
293.147
293.151
293.15
293.15
293.152
293.152
293.152
293.15
293.15
293.15
294.775
293.115
293.263
293.246
293.224
293.174
293.119
293.096
293.111
293.135
293.149
293.151
293.15
293.152
293.155
293.158
293.157
293.153
293.15
293.15
294.795
293.131
293.283
293.266
293.241
293.184
293.123
293.1
293.116
293.139
293.15
293.151
293.151
293.156
293.165
293.174
293.174
293.162
293.151
293.149
294.865
293.15
293.304
293.286
293.257
293.195
293.128
293.104
293.12
293.141
293.15
293.151
293.154
293.166
293.188
293.208
293.209
293.185
293.157
293.149
294.176
293.205
293.356
293.336
293.302
293.227
293.144
293.11
293.126
293.144
293.149
293.156
293.182
293.239
293.314
293.365
293.357
293.295
293.211
293.152
293.783
293.355
293.428
293.413
293.375
293.286
293.176
293.117
293.126
293.145
293.159
293.2
293.297
293.44
293.561
293.597
293.558
293.479
293.353
293.202
293.671
293.459
293.493
293.481
293.439
293.349
293.222
293.129
293.122
293.147
293.185
293.28
293.448
293.617
293.693
293.688
293.668
293.589
293.432
293.237
293.566
293.538
293.541
293.53
293.483
293.398
293.272
293.152
293.12
293.153
293.226
293.38
293.585
293.727
293.772
293.809
293.818
293.725
293.528
293.259
293.645
293.627
293.598
293.568
293.518
293.43
293.311
293.184
293.129
293.168
293.282
293.483
293.69
293.8
293.865
293.937
293.934
293.845
293.644
293.31
294.171
293.728
293.695
293.611
293.559
293.459
293.339
293.217
293.154
293.204
293.359
293.584
293.768
293.861
293.945
294.002
293.981
293.921
293.756
293.387
294.517
293.889
293.854
293.663
293.604
293.495
293.37
293.257
293.208
293.277
293.459
293.677
293.825
293.91
293.991
294.014
293.983
293.952
293.844
293.476
294.419
294.146
294.078
293.727
293.65
293.542
293.421
293.326
293.303
293.393
293.575
293.757
293.868
293.946
294.015
294.014
293.972
293.952
293.901
293.558
294.382
294.524
294.309
293.795
293.693
293.6
293.503
293.436
293.442
293.538
293.69
293.82
293.899
293.969
294.03
294.023
293.964
293.941
293.931
293.628
294.715
294.945
294.418
293.842
293.732
293.661
293.604
293.573
293.598
293.68
293.784
293.863
293.917
293.98
294.034
294.025
293.955
293.932
293.945
293.693
295.208
294.93
294.272
293.844
293.767
293.718
293.702
293.702
293.732
293.788
293.845
293.887
293.924
293.976
294.016
293.994
293.939
293.928
293.947
293.737
295.012
294.342
293.96
293.825
293.804
293.761
293.77
293.796
293.82
293.848
293.871
293.889
293.913
293.95
293.97
293.944
293.918
293.923
293.949
293.775
294.148
293.784
293.742
293.818
293.852
293.795
293.791
293.831
293.862
293.876
293.877
293.878
293.887
293.905
293.909
293.902
293.904
293.919
293.946
293.811
293.709
293.639
293.678
293.824
293.927
293.871
293.813
293.816
293.847
293.871
293.88
293.878
293.879
293.884
293.888
293.891
293.898
293.911
293.94
293.846
293.713
293.691
293.69
293.824
293.998
294.044
293.981
293.886
293.846
293.844
293.858
293.866
293.872
293.879
293.881
293.882
293.89
293.903
293.934
293.874
293.765
293.756
293.725
293.816
294.009
294.171
294.256
294.245
294.111
293.98
293.9
293.872
293.864
293.865
293.878
293.899
293.912
293.912
293.935
293.88
293.838
293.851
293.774
293.812
293.966
294.147
294.306
294.435
294.479
294.393
294.224
294.093
294.027
294.004
294.014
294.027
294.006
293.955
293.946
293.876
293.987
293.947
293.824
293.818
293.909
294.031
294.163
294.33
294.502
294.576
294.492
294.322
294.192
294.156
294.175
294.183
294.125
294.014
293.956
293.869
294.105
294.037
293.921
293.877
293.911
293.984
294.104
294.276
294.444
294.519
294.454
294.298
294.158
294.1
294.115
294.147
294.115
294.004
293.924
293.85
294
294.063
294.05
294.041
294.052
294.085
294.122
294.112
294.084
294.048
293.982
293.901
293.865
293.869
293.858
293.853
293.825
293.786
293.768
293.753
)
;

boundaryField
{
    left_open
    {
        type            inletOutlet;
        inletValue      uniform 293.15;
        value           nonuniform List<scalar> 
40
(
293.088
293.072
293.058
293.054
293.063
293.083
293.106
293.126
293.14
293.146
293.15
293.15
293.15
293.15
293.15
293.15
293.15
293.15
293.15
293.15
293.15
293.15
293.15
293.15
293.15
293.521
293.15
293.595
293.15
293.15
293.64
293.651
293.649
293.15
293.659
293.659
293.655
293.651
293.672
293.621
)
;
    }
    right_open
    {
        type            inletOutlet;
        inletValue      uniform 293.15;
        value           nonuniform List<scalar> 
40
(
293.15
293.15
293.15
293.15
293.15
293.15
293.15
293.15
293.15
293.15
293.15
293.15
293.15
293.15
293.15
293.15
293.15
293.15
293.15
293.15
293.15
293.15
293.15
293.15
293.15
293.15
293.15
293.15
293.15
293.15
293.15
293.15
293.15
293.15
293.871
293.15
293.15
293.867
293.849
293.752
)
;
    }
    base_side
    {
        type            zeroGradient;
    }
    top
    {
        type            inletOutlet;
        inletValue      uniform 293.15;
        value           nonuniform List<scalar> 
65
(
293.621
293.732
293.15
293.15
293.15
293.15
293.562
293.536
293.497
293.512
293.557
293.15
293.648
293.695
293.15
293.713
293.689
293.689
293.693
293.15
293.729
293.734
293.744
293.754
293.765
293.778
293.793
293.81
293.15
293.15
293.15
293.15
293.15
293.15
293.847
293.851
293.859
293.871
293.889
293.91
293.15
293.15
293.957
293.15
293.98
293.15
294.063
293.15
294.051
294.062
294.095
294.127
293.15
294.071
293.15
293.965
293.15
293.857
293.869
293.854
293.852
293.821
293.783
293.767
293.752
)
;
    }
    front
    {
        type            empty;
    }
    back
    {
        type            empty;
    }
    air_to_aluminum
    {
        type            compressible::turbulentTemperatureCoupledBaffleMixed;
        refValue        nonuniform List<scalar> 
129
(
307.182
307.175
307.16
307.138
307.253
307.305
307.35
307.387
307.387
307.35
307.305
307.253
307.182
307.174
307.16
307.138
307.111
307.137
307.082
307.095
307.052
307.059
307.023
307.027
306.996
306.998
306.97
306.972
306.947
306.948
306.925
306.927
306.906
306.908
306.89
306.891
306.875
306.876
306.863
306.864
306.853
306.854
306.846
306.847
306.84
306.841
306.837
306.837
306.838
306.838
306.838
306.838
307.376
307.345
307.315
307.287
307.261
307.237
307.215
307.195
307.177
307.161
307.148
307.137
307.127
307.12
307.115
307.113
307.113
307.113
307.113
307.113
307.113
307.113
307.376
307.345
307.315
307.287
307.261
307.237
307.215
307.195
307.177
307.161
307.148
307.136
307.127
307.12
307.115
307.112
307.112
307.112
307.112
307.137
307.095
307.059
307.027
306.998
306.972
306.948
306.927
306.908
306.891
306.876
306.864
306.854
306.847
306.842
306.839
307.111
307.082
307.052
307.023
306.995
306.97
306.947
306.925
306.906
306.89
306.875
306.863
306.853
306.846
306.841
306.839
306.839
306.838
306.838
306.838
)
;
        refGradient     uniform 0;
        valueFraction   nonuniform List<scalar> 
129
(
0.999971
0.999971
0.999971
0.999971
0.999855
0.999855
0.999855
0.999855
0.999855
0.999855
0.999855
0.999855
0.999971
0.999971
0.999971
0.999971
0.999971
0.999855
0.999971
0.999855
0.999971
0.999855
0.999971
0.999855
0.999971
0.999855
0.999971
0.999855
0.999971
0.999855
0.999971
0.999855
0.999971
0.999855
0.999971
0.999855
0.999971
0.999855
0.999971
0.999855
0.999971
0.999855
0.999971
0.999855
0.999971
0.999855
0.999964
0.999971
0.999964
0.999964
0.999855
0.999964
0.999918
0.999918
0.999918
0.999918
0.999918
0.999918
0.999918
0.999918
0.999918
0.999918
0.999918
0.999918
0.999918
0.999918
0.999918
0.999918
0.999964
0.999964
0.999964
0.999964
0.999964
0.999964
0.999918
0.999918
0.999918
0.999918
0.999918
0.999918
0.999918
0.999918
0.999918
0.999918
0.999918
0.999918
0.999918
0.999918
0.999918
0.999964
0.999964
0.999918
0.999964
0.999855
0.999855
0.999855
0.999855
0.999855
0.999855
0.999855
0.999855
0.999855
0.999855
0.999855
0.999855
0.999855
0.999855
0.999855
0.999855
0.999971
0.999971
0.999971
0.999971
0.999971
0.999971
0.999971
0.999971
0.999971
0.999971
0.999971
0.999971
0.999971
0.999971
0.999971
0.999964
0.999964
0.999964
0.999964
0.999971
)
;
        value           nonuniform List<scalar> 
129
(
307.182
307.174
307.159
307.138
307.253
307.305
307.35
307.387
307.387
307.35
307.305
307.253
307.182
307.174
307.159
307.138
307.111
307.137
307.081
307.095
307.052
307.059
307.023
307.027
306.995
306.998
306.97
306.972
306.946
306.948
306.925
306.927
306.906
306.908
306.889
306.891
306.875
306.876
306.863
306.864
306.853
306.854
306.845
306.846
306.84
306.841
306.837
306.837
306.837
306.838
306.838
306.838
307.376
307.345
307.315
307.287
307.261
307.237
307.215
307.195
307.177
307.161
307.148
307.137
307.127
307.12
307.115
307.112
307.112
307.112
307.112
307.112
307.112
307.112
307.376
307.345
307.315
307.287
307.261
307.237
307.215
307.195
307.177
307.161
307.148
307.136
307.127
307.12
307.115
307.112
307.112
307.112
307.112
307.137
307.095
307.059
307.027
306.998
306.972
306.948
306.927
306.908
306.891
306.876
306.864
306.854
306.847
306.841
306.839
307.111
307.081
307.052
307.023
306.995
306.97
306.946
306.925
306.906
306.889
306.875
306.863
306.853
306.846
306.84
306.839
306.839
306.838
306.837
306.837
)
;
        Tnbr            T;
        thicknessLayers 0();
        kappaLayers     0();
        kappaMethod     fluidThermo;
        kappa           none;
        alphaAni        none;
        alpha           none;
    }
}


// ************************************************************************* //
