/*--------------------------------*- C++ -*----------------------------------*\
| =========                 |                                                 |
| \\      /  F ield         | OpenFOAM: The Open Source CFD Toolbox           |
|  \\    /   O peration     | Version:                                        |
|   \\  /    A nd           | Website:  www.openfoam.com                      |
|    \\/     M anipulation  |                                                 |
\*---------------------------------------------------------------------------*/
FoamFile
{
    version     2.0;
    format      ascii;
    class       surfaceScalarField;
    location    "1892.0/air";
    object      phi;
}
// * * * * * * * * * * * * * * * * * * * * * * * * * * * * * * * * * * * * * //

dimensions      [1 0 -1 0 0 0 0];
oriented        oriented;


internalField   nonuniform List<scalar> 
4299
(
6.97831e-08
-6.977e-08
1.06858e-07
-3.70614e-08
7.04025e-08
3.64683e-08
7.04156e-08
6.30976e-08
-1.32854e-07
1.08514e-07
-8.24643e-08
7.01939e-08
7.48012e-08
1.40623e-07
3.82317e-08
-1.71073e-07
6.83805e-08
-1.126e-07
4.39049e-08
9.92899e-08
1.8454e-07
1.98964e-08
-1.90956e-07
3.72036e-08
-1.29894e-07
2.40295e-08
1.12477e-07
2.08583e-07
8.40099e-09
-1.99344e-07
1.9611e-08
-1.41091e-07
1.39498e-08
1.18151e-07
2.22546e-07
1.4274e-09
-2.00759e-07
1.19539e-08
-1.51605e-07
1.13927e-08
1.18725e-07
2.33952e-07
-4.47914e-09
-1.96266e-07
1.1013e-08
-1.67084e-07
1.48784e-08
1.14873e-07
2.48843e-07
-1.11533e-08
-1.851e-07
1.57529e-08
-1.93978e-07
2.48196e-08
1.05818e-07
2.73676e-07
-2.03803e-08
-1.64708e-07
2.6483e-08
-2.40831e-07
4.30725e-08
8.92397e-08
3.16761e-07
-3.46672e-08
-1.3003e-07
4.269e-08
-3.18183e-07
7.16179e-08
6.032e-08
3.8839e-07
-5.83657e-08
-7.16562e-08
5.76762e-08
-4.34226e-07
1.09285e-07
8.71504e-09
4.97685e-07
-9.92099e-08
2.75627e-08
5.06579e-08
-5.84095e-07
1.44688e-07
-8.531e-08
6.42383e-07
-1.63702e-07
1.91287e-07
-1.80667e-08
-7.29701e-07
1.41834e-07
-2.45172e-07
7.84231e-07
-2.36047e-07
4.27394e-07
-1.73187e-07
-7.92438e-07
2.8078e-08
-4.46295e-07
8.12342e-07
-1.72228e-07
5.99715e-07
-3.12263e-07
-6.52149e-07
-1.49428e-07
-6.08753e-07
6.63049e-07
2.19154e-07
3.80531e-07
-4.77703e-08
-3.84937e-07
-2.43732e-07
-4.12056e-07
4.19835e-07
-7.37639e-08
7.37772e-08
-1.07245e-07
3.34946e-08
-6.64046e-08
-4.08268e-08
-6.63913e-08
-7.58994e-08
1.4969e-07
-1.09687e-07
6.72974e-08
-5.78593e-08
-9.26389e-08
-1.24237e-07
-5.21589e-08
2.01865e-07
-7.08558e-08
8.60139e-08
-3.14679e-08
-1.32006e-07
-1.55688e-07
-3.56269e-08
2.3751e-07
-4.1153e-08
9.15688e-08
-1.11962e-08
-1.61931e-07
-1.66864e-07
-2.88535e-08
2.66388e-07
-2.4526e-08
8.72863e-08
1.49541e-09
-1.87902e-07
-1.6534e-07
-2.84983e-08
2.94919e-07
-1.59076e-08
7.47638e-08
1.24532e-08
-2.16187e-07
-1.52849e-07
-3.20524e-08
3.27015e-07
-1.09677e-08
5.37751e-08
2.21533e-08
-2.49204e-07
-1.30645e-07
-3.85588e-08
3.65628e-07
-5.53597e-09
2.08757e-08
3.561e-08
-2.90217e-07
-9.49737e-08
-4.84105e-08
4.14102e-07
3.09679e-09
-3.04816e-08
5.69309e-08
-3.4389e-07
-3.79707e-08
-6.44336e-08
4.7861e-07
1.15974e-08
-1.06331e-07
8.59334e-08
-4.18033e-07
4.80466e-08
-9.64886e-08
5.75183e-07
2.42058e-09
-2.05027e-07
1.1267e-07
-5.28069e-07
1.6081e-07
-1.67251e-07
7.42516e-07
-7.40096e-08
-2.98089e-07
9.6275e-08
-6.98217e-07
2.57161e-07
-2.99782e-07
1.04231e-06
-2.73714e-07
-3.2423e-07
-3.10392e-08
-9.41041e-07
2.26119e-07
-4.59039e-07
1.50117e-06
-5.97239e-07
-1.86689e-07
-2.80434e-07
-1.25852e-06
-5.45447e-08
-4.67242e-07
1.9679e-06
-8.8732e-07
2.31873e-07
-6.57286e-07
-1.49005e-06
-7.13102e-07
-1.40572e-07
2.10825e-06
-6.97035e-07
7.8628e-07
-9.45226e-07
-1.24401e-06
-1.66206e-06
1.98986e-05
3.12946e-06
-2.3028e-05
1.71002e-05
2.79842e-06
1.47067e-05
2.3935e-06
2.04984e-06
1.26572e-05
1.88959e-05
1.95592e-06
-1.77225e-05
1.97285e-05
1.96585e-06
2.02352e-05
1.88687e-06
1.80519e-06
2.04802e-05
1.64688e-05
1.42159e-06
-1.59346e-05
1.69392e-05
1.49526e-06
1.73031e-05
1.52283e-06
1.5444e-06
1.75636e-05
1.78092e-05
1.32892e-06
-1.77165e-05
1.78673e-05
1.43705e-06
1.78743e-05
1.51581e-06
1.57756e-06
1.7841e-05
1.70946e-05
1.07579e-06
-1.68414e-05
1.73551e-05
1.17653e-06
1.76058e-05
1.26508e-06
1.34353e-06
1.78398e-05
1.37859e-05
6.47879e-07
-1.3358e-05
1.42372e-05
7.2527e-07
1.47048e-05
7.97511e-07
8.64782e-07
1.51836e-05
9.01742e-06
1.10416e-07
-8.47994e-06
9.58143e-06
1.6129e-07
1.01678e-05
2.11169e-07
2.60847e-07
1.07717e-05
4.13573e-06
-4.24365e-07
-3.60093e-06
4.69452e-06
-3.97477e-07
5.27124e-06
-3.65532e-07
-3.29723e-07
5.86183e-06
1.10646e-07
-8.70453e-07
3.35532e-07
5.70559e-07
-8.57302e-07
1.0429e-06
-8.37787e-07
-8.11624e-07
1.52488e-06
-2.04115e-06
-1.21744e-06
2.38842e-06
-1.68782e-06
-1.21033e-06
-1.33229e-06
-1.19302e-06
-1.16669e-06
-9.76923e-07
-1.4501e-06
-1.53427e-06
1.76733e-06
-1.13042e-06
-1.52961e-06
-8.16713e-07
-1.50631e-06
-1.46875e-06
-5.14228e-07
1.73503e-06
-1.87181e-06
-1.39716e-06
2.08562e-06
-1.87987e-06
2.43923e-06
-1.85959e-06
-1.81437e-06
2.78517e-06
6.53381e-06
-2.2411e-06
-6.16416e-06
6.92094e-06
-2.26666e-06
7.30967e-06
-2.24797e-06
-2.18752e-06
7.68315e-06
1.10061e-05
-2.64475e-06
-1.06019e-05
1.13818e-05
-2.64177e-06
1.17061e-05
-2.57173e-06
-2.4507e-06
1.19699e-05
1.1977e-05
-2.81024e-06
-1.18105e-05
1.20356e-05
-2.69927e-06
1.19946e-05
-2.52961e-06
-2.33297e-06
1.18779e-05
5.75459e-06
-2.31533e-06
-6.24809e-06
5.20276e-06
-2.14616e-06
4.6366e-06
-1.96231e-06
-1.78597e-06
4.09058e-06
-7.35744e-06
-1.53788e-06
6.58042e-06
-8.05346e-06
-1.44992e-06
-8.63182e-06
-1.38391e-06
-1.33006e-06
-9.08781e-06
-2.12573e-05
-9.76307e-07
2.06954e-05
-2.17541e-05
-9.53497e-07
-2.21974e-05
-9.4075e-07
-9.45138e-07
-2.25823e-05
-3.19094e-05
1.40752e-07
3.07931e-05
-3.28501e-05
-1.18712e-08
-3.38973e-05
1.07388e-07
2.47752e-08
-3.48663e-05
-3.08214e-05
2.9163e-05
-3.27315e-05
-3.21233e-05
-3.15155e-05
1.12754e-05
1.76231e-06
9.41458e-06
1.47682e-06
7.72089e-06
1.28584e-06
1.29193e-06
6.85908e-06
2.05208e-05
1.72225e-06
2.03172e-05
1.68155e-06
1.99254e-05
1.67998e-06
1.71179e-06
1.95107e-05
1.77223e-05
1.56322e-06
1.78199e-05
1.5837e-06
1.78878e-05
1.61191e-06
1.65024e-06
1.79495e-05
1.77772e-05
1.62673e-06
1.76963e-05
1.66415e-06
1.76151e-05
1.69239e-06
1.71494e-06
1.75495e-05
1.80535e-05
1.41304e-06
1.82447e-05
1.47288e-06
1.84146e-05
1.52237e-06
1.56172e-06
1.85676e-05
1.56691e-05
9.27517e-07
1.61569e-05
9.8517e-07
1.66425e-05
1.03679e-06
1.08127e-06
1.7123e-05
1.13897e-05
3.09615e-07
1.20189e-05
3.55975e-07
1.26573e-05
3.98372e-07
4.3531e-07
1.33033e-05
6.46281e-06
-2.91346e-07
7.07119e-06
-2.52374e-07
7.68465e-06
-2.15066e-07
-1.79616e-07
8.2996e-06
2.01318e-06
-7.79576e-07
2.50374e-06
-7.42865e-07
2.99047e-06
-7.01732e-07
-6.55623e-07
3.46653e-06
-6.24654e-07
-1.13154e-06
-2.7976e-07
-1.08746e-06
5.29361e-08
-1.03414e-06
-9.70211e-07
3.67805e-07
-2.28351e-07
-1.41699e-06
3.57458e-08
-1.35112e-06
2.73764e-07
-1.27172e-06
-1.1794e-06
4.83382e-07
3.11288e-06
-1.74437e-06
3.4133e-06
-1.65123e-06
3.6798e-06
-1.5379e-06
-1.40767e-06
3.90837e-06
8.02755e-06
-2.08844e-06
8.3333e-06
-1.95667e-06
8.5949e-06
-1.79921e-06
-1.62278e-06
8.81029e-06
1.2173e-05
-2.29086e-06
1.23201e-05
-2.10324e-06
1.24184e-05
-1.89698e-06
-1.67992e-06
1.24761e-05
1.17114e-05
-2.12331e-06
1.15184e-05
-1.90934e-06
1.1319e-05
-1.69668e-06
-1.48909e-06
1.11289e-05
3.59032e-06
-1.62221e-06
3.15453e-06
-1.47285e-06
2.79806e-06
-1.33962e-06
-1.22502e-06
2.53445e-06
-9.424e-06
-1.28618e-06
-9.64769e-06
-1.24935e-06
-9.7704e-06
-1.21709e-06
-1.1938e-06
-9.80177e-06
-2.2909e-05
-9.59063e-07
-2.31962e-05
-9.616e-07
-2.34412e-05
-9.71209e-07
-9.78695e-07
-2.36555e-05
-3.55967e-05
-2.28143e-07
-3.6526e-05
-3.18704e-08
-3.7295e-05
-2.01993e-07
-1.61368e-07
-3.81123e-05
-3.33217e-05
-3.50856e-05
-3.69194e-05
-3.6157e-05
6.13029e-06
7.37056e-07
5.40218e-06
7.38049e-07
7.16675e-07
4.69679e-06
1.92559e-05
9.96401e-07
1.89816e-05
1.01815e-06
1.03364e-06
1.86717e-05
1.79865e-05
9.59762e-07
1.80301e-05
9.75253e-07
9.88542e-07
1.80761e-05
1.75298e-05
9.78765e-07
1.75197e-05
9.84533e-07
9.89502e-07
1.75178e-05
1.86492e-05
8.96979e-07
1.87286e-05
9.04769e-07
9.1107e-07
1.88067e-05
1.73934e-05
6.26547e-07
1.76623e-05
6.35873e-07
6.43303e-07
1.79301e-05
1.36699e-05
2.59967e-07
1.40387e-05
2.67147e-07
2.72047e-07
1.44099e-05
8.64584e-06
-8.62621e-08
8.99029e-06
-7.7294e-08
-7.04598e-08
9.33281e-06
3.72618e-06
-3.4589e-07
3.97821e-06
-3.29299e-07
-3.1212e-07
4.21989e-06
5.33803e-07
-5.11738e-07
6.90078e-07
-4.85429e-07
-4.56812e-07
8.34908e-07
5.9272e-07
-6.20841e-07
6.92499e-07
-5.84978e-07
-5.46576e-07
7.82486e-07
4.02237e-06
-7.34669e-07
4.12436e-06
-6.86808e-07
-6.36879e-07
4.21482e-06
8.91501e-06
-8.39245e-07
9.00617e-06
-7.77838e-07
-7.15062e-07
9.08447e-06
1.24998e-05
-8.62635e-07
1.2514e-05
-7.91862e-07
-7.20874e-07
1.25201e-05
1.10253e-05
-7.58599e-07
1.09281e-05
-6.94334e-07
-6.30356e-07
1.0838e-05
2.43017e-06
-6.54107e-07
2.36215e-06
-6.26135e-07
-6.00798e-07
2.33275e-06
-9.79826e-06
-6.57682e-07
-9.77324e-06
-6.51195e-07
-6.46752e-07
-9.72729e-06
-2.37437e-05
-5.69041e-07
-2.38268e-05
-5.67656e-07
-5.69481e-07
-2.39038e-05
-3.85472e-05
-1.34284e-07
-3.89104e-05
-2.04872e-07
-2.47249e-07
-3.92331e-05
-3.59152e-05
-3.68189e-05
-3.76725e-05
4.46955e-06
2.31419e-07
4.25037e-06
2.23451e-07
2.18264e-07
4.03644e-06
1.85346e-05
3.71378e-07
1.83845e-05
3.76413e-07
3.78273e-07
1.82276e-05
1.80931e-05
3.54799e-07
1.81115e-05
3.58529e-07
3.60516e-07
1.81298e-05
1.75219e-05
3.50312e-07
1.75292e-05
3.50884e-07
3.51263e-07
1.75381e-05
1.8835e-05
3.2191e-07
1.88638e-05
3.21989e-07
3.22087e-07
1.88928e-05
1.80252e-05
2.26837e-07
1.81201e-05
2.27069e-07
2.27204e-07
1.8215e-05
1.45414e-05
9.5335e-08
1.46734e-05
9.5082e-08
9.48534e-08
1.48058e-05
9.45153e-06
-2.33856e-08
9.56972e-06
-2.31113e-08
-2.26815e-08
9.68726e-06
4.30112e-06
-1.0461e-07
4.38055e-06
-1.02533e-07
-1.00476e-07
4.45835e-06
8.82076e-07
-1.51731e-07
9.27484e-07
-1.47896e-07
-1.44463e-07
9.71517e-07
8.12984e-07
-1.82153e-07
8.42109e-07
-1.76946e-07
-1.72004e-07
8.69725e-07
4.24512e-06
-2.12393e-07
4.27419e-06
-2.05962e-07
-1.99399e-07
4.30164e-06
9.11079e-06
-2.38663e-07
9.13618e-06
-2.31319e-07
-2.23298e-07
9.16012e-06
1.25226e-05
-2.4107e-07
1.25243e-05
-2.32937e-07
-2.23767e-07
1.25248e-05
1.08061e-05
-2.09059e-07
1.07748e-05
-2.01511e-07
-1.93267e-07
1.07444e-05
2.3311e-06
-2.07364e-07
2.33409e-06
-2.04453e-07
-2.01375e-07
2.34224e-06
-9.71007e-06
-2.24574e-07
-9.69057e-06
-2.23946e-07
-2.24893e-07
-9.66703e-06
-2.39219e-05
-2.06504e-07
-2.39378e-05
-2.07959e-07
-2.0818e-07
-2.39545e-05
-3.93398e-05
-9.99788e-08
-3.93975e-05
-1.50427e-07
-1.07295e-07
-3.94987e-05
-3.76824e-05
-3.76524e-05
-3.76682e-05
3.4371e-06
6.11972e-07
2.88601e-06
5.64311e-07
5.62671e-07
2.33797e-06
1.77871e-05
1.0619e-06
1.73269e-05
1.03476e-06
9.99306e-07
1.69012e-05
1.81718e-05
1.02157e-06
1.81926e-05
1.01594e-06
1.00639e-06
1.81877e-05
1.7561e-05
9.97509e-07
1.75771e-05
9.98663e-07
9.98442e-07
1.75838e-05
1.89741e-05
9.15732e-07
1.90533e-05
9.18899e-07
9.20509e-07
1.91306e-05
1.8482e-05
6.48742e-07
1.875e-05
6.50831e-07
6.50849e-07
1.90197e-05
1.51834e-05
2.71167e-07
1.55638e-05
2.70382e-07
2.66717e-07
1.5948e-05
1.00201e-05
-6.16274e-08
1.03473e-05
-5.69111e-08
-5.54314e-08
1.06695e-05
4.67447e-06
-2.77735e-07
4.87808e-06
-2.60502e-07
-2.43653e-07
5.06631e-06
1.09123e-06
-3.97324e-07
1.19928e-06
-3.68439e-07
-3.37305e-07
1.29304e-06
9.35955e-07
-4.6335e-07
9.90371e-07
-4.22661e-07
-3.79735e-07
1.03298e-06
4.36721e-06
-5.28779e-07
4.41983e-06
-4.75154e-07
-4.20166e-07
4.46038e-06
9.21597e-06
-5.84534e-07
9.25943e-06
-5.18522e-07
-4.52823e-07
9.29215e-06
1.25152e-05
-5.74751e-07
1.24994e-05
-5.02544e-07
-4.32201e-07
1.24789e-05
1.06688e-05
-4.98865e-07
1.06062e-05
-4.39755e-07
-3.82871e-07
1.05571e-05
2.39277e-06
-5.49274e-07
2.48106e-06
-5.27937e-07
-5.05917e-07
2.60422e-06
-9.57306e-06
-6.43147e-07
-9.4667e-06
-6.34153e-07
-6.22801e-07
-9.34962e-06
-2.40208e-05
-5.76786e-07
-2.40873e-05
-5.67799e-07
-5.72093e-07
-2.41383e-05
-3.97421e-05
-3.34117e-07
-4.01035e-05
-2.07221e-07
-3.42474e-07
-4.0334e-05
-3.8573e-05
-3.96644e-05
-4.07692e-05
3.08961e-06
1.38715e-06
2.69322e-06
1.20556e-06
1.18591e-06
2.71552e-07
-8.09457e-07
3.2716e-07
1.66573e-05
1.6536e-06
1.64024e-05
1.4864e-06
1.55058e-05
1.19388e-06
7.87109e-07
1.39317e-05
1.81178e-05
1.72764e-06
1.79666e-05
1.64198e-06
1.76321e-05
1.53257e-06
1.39614e-06
1.70264e-05
1.755e-05
1.75903e-06
1.74451e-05
1.74426e-06
1.72536e-05
1.72139e-06
1.68779e-06
1.69596e-05
1.92572e-05
1.63119e-06
1.93691e-05
1.63111e-06
1.94646e-05
1.62459e-06
1.60944e-06
1.95418e-05
1.94966e-05
1.15419e-06
1.99876e-05
1.14011e-06
2.05025e-05
1.10975e-06
1.0553e-06
2.10567e-05
1.66486e-05
4.53585e-07
1.73809e-05
4.07833e-07
1.81618e-05
3.2896e-07
1.94912e-07
1.90223e-05
1.12315e-05
-1.0847e-07
1.17819e-05
-1.42556e-07
1.23272e-05
-2.16425e-07
-3.44059e-07
1.28662e-05
5.35828e-06
-4.00435e-07
5.57565e-06
-3.59927e-07
5.68461e-06
-3.25407e-07
-3.02136e-07
5.64267e-06
1.41356e-06
-5.20795e-07
1.45274e-06
-3.98981e-07
1.39112e-06
-2.63689e-07
-1.00849e-07
1.1899e-06
1.07551e-06
-5.63032e-07
1.08696e-06
-4.10189e-07
1.06223e-06
-2.38801e-07
-4.8111e-08
1.00957e-06
4.49775e-06
-6.00221e-07
4.50358e-06
-4.15889e-07
4.491e-06
-2.26145e-07
-3.86148e-08
4.48152e-06
9.32144e-06
-6.29418e-07
9.32384e-06
-4.18254e-07
9.30388e-06
-2.06211e-07
-4.8633e-09
9.27004e-06
1.24273e-05
-5.77597e-07
1.237e-05
-3.60832e-07
1.23093e-05
-1.45459e-07
6.25173e-08
1.22418e-05
1.05067e-05
-5.26853e-07
1.04917e-05
-3.45661e-07
1.05071e-05
-1.60682e-07
7.73224e-09
1.0562e-05
2.89701e-06
-8.19456e-07
3.25861e-06
-7.07054e-07
3.65111e-06
-5.52976e-07
-3.57017e-07
4.01606e-06
-9.10518e-06
-1.06347e-06
-8.85188e-06
-9.59906e-07
-8.59316e-06
-8.11327e-07
-6.14815e-07
-8.33518e-06
-2.42242e-05
-9.78415e-07
-2.4235e-05
-9.50362e-07
-2.41526e-05
-8.95252e-07
-8.0015e-07
-2.39689e-05
-4.06458e-05
-6.68038e-07
-4.08275e-05
-7.70144e-07
-4.08335e-05
-8.9095e-07
-7.06539e-07
-4.09291e-05
-4.07407e-05
-4.08152e-05
-4.06932e-05
-4.04765e-05
1.59065e-06
-1.26654e-06
2.94437e-06
-1.36173e-06
3.26621e-06
-3.44095e-07
3.19041e-06
5.5789e-08
1.23171e-05
3.65692e-07
1.09722e-05
-5.98385e-09
1.07066e-05
-8.8305e-08
2.06859e-06
1.17867e-05
1.61376e-05
1.25655e-06
1.49965e-05
1.13715e-06
1.40282e-05
8.83746e-07
1.183e-06
1.48984e-05
1.65767e-05
1.63757e-06
1.61371e-05
1.57553e-06
1.55732e-05
1.4485e-06
9.58665e-07
1.57982e-05
1.96003e-05
1.57831e-06
1.96573e-05
1.51795e-06
1.96362e-05
1.4695e-06
8.57494e-07
1.97386e-05
2.16713e-05
9.63938e-07
2.23847e-05
8.05072e-07
2.3262e-05
5.93235e-07
6.26465e-09
2.41145e-05
1.99894e-05
-2.80908e-09
2.10989e-05
-3.03698e-07
2.23789e-05
-6.86138e-07
-1.01847e-06
2.34013e-05
1.34154e-05
-5.51904e-07
1.39847e-05
-8.72942e-07
1.45421e-05
-1.24468e-06
-1.21383e-06
1.47315e-05
5.40956e-06
-3.18792e-07
4.93302e-06
-3.96317e-07
4.19222e-06
-5.03745e-07
-3.02862e-07
3.2806e-06
8.14288e-07
5.68577e-08
1.71506e-07
2.46522e-07
-7.71333e-07
4.39428e-07
6.77185e-07
-1.74985e-06
8.99491e-07
1.66934e-07
7.37058e-07
4.08858e-07
4.9817e-07
6.78142e-07
9.70768e-07
2.04508e-07
4.47028e-06
1.78077e-07
4.48255e-06
3.9636e-07
4.53462e-06
6.25681e-07
8.58327e-07
4.64643e-06
9.22712e-06
2.20833e-07
9.18576e-06
4.37482e-07
9.15817e-06
6.52935e-07
8.57189e-07
9.15887e-06
1.21691e-05
2.93418e-07
1.209e-05
5.16394e-07
1.2005e-05
7.37691e-07
9.47907e-07
1.1914e-05
1.06373e-05
2.18113e-07
1.07292e-05
4.24419e-07
1.08494e-05
6.17505e-07
8.09624e-07
1.09875e-05
4.36159e-06
-1.27274e-07
4.66454e-06
1.21552e-07
4.9062e-06
3.75875e-07
6.4087e-07
5.07491e-06
-8.08704e-06
-3.75456e-07
-7.85717e-06
-1.08636e-07
-7.65173e-06
1.69857e-07
4.44695e-07
-7.45623e-06
-2.3682e-05
-6.64095e-07
-2.32811e-05
-5.11158e-07
-2.27992e-05
-3.13652e-07
-1.26937e-07
-2.2229e-05
-4.10292e-05
-5.66464e-07
-4.07837e-05
-7.59143e-07
-4.03329e-05
-7.6649e-07
-9.17382e-07
-3.95447e-05
-4.27934e-05
-4.50564e-05
-4.44181e-05
-4.36462e-05
-4.55217e-07
-7.78165e-09
-4.4282e-07
-1.2396e-08
-4.31763e-07
-1.1052e-08
-4.36558e-07
4.78816e-09
-4.77694e-07
4.1052e-08
-5.30252e-07
5.23807e-08
-5.27065e-07
-3.33044e-09
-4.91367e-07
-3.5755e-08
-4.94659e-07
3.22954e-09
-5.225e-07
2.77127e-08
-5.10631e-07
-1.2027e-08
-4.54385e-07
-5.63666e-08
-4.16543e-07
-3.79082e-08
-4.60127e-07
4.35469e-08
-6.56646e-07
1.96493e-07
-1.17879e-06
5.22132e-07
-1.7066e-06
5.27827e-07
-4.97907e-07
-1.20863e-06
2.21556e-06
-2.71323e-06
2.21584e-06
-7.36931e-07
-1.93495e-08
-7.26407e-07
-2.29177e-08
-7.3701e-07
-4.4358e-10
-7.90529e-07
5.82977e-08
-9.09763e-07
1.60189e-07
-1.05262e-06
1.95043e-07
-1.1147e-06
5.85951e-08
-1.11175e-06
-3.87722e-08
-1.14476e-06
3.61554e-08
-1.19649e-06
7.92872e-08
-1.17074e-06
-3.79287e-08
-1.07577e-06
-1.51441e-07
-1.04995e-06
-6.37835e-08
-1.27055e-06
2.64113e-07
-1.85311e-06
7.79025e-07
-2.66339e-06
1.33241e-06
-2.93277e-06
7.97219e-07
-1.17899e-06
-2.96234e-06
2.68631e-06
-6.57833e-06
4.90243e-06
-5.74459e-07
-2.72524e-08
-5.82492e-07
-1.48833e-08
-6.37314e-07
5.43842e-08
-7.60252e-07
1.81229e-07
-9.64269e-07
3.64108e-07
-1.20628e-06
4.36838e-07
-1.37668e-06
2.28829e-07
-1.45923e-06
4.36774e-08
-1.53627e-06
1.13075e-07
-1.59805e-06
1.40905e-07
-1.56966e-06
-6.64662e-08
-1.49061e-06
-2.3057e-07
-1.53607e-06
-1.83762e-08
-1.89637e-06
6.24381e-07
-2.56663e-06
1.44927e-06
-3.15347e-06
1.91925e-06
-3.06902e-06
7.12789e-07
-1.43442e-06
-4.59693e-06
2.45595e-06
-1.04686e-05
7.35865e-06
-1.08913e-07
-2.86569e-08
-1.40439e-07
1.66436e-08
-2.45911e-07
1.5986e-07
-4.4488e-07
3.80197e-07
-7.38908e-07
6.58056e-07
-1.09182e-06
7.89535e-07
-1.39857e-06
5.35382e-07
-1.59491e-06
2.39891e-07
-1.72641e-06
2.44421e-07
-1.80346e-06
2.17776e-07
-1.79316e-06
-7.6897e-08
-1.75761e-06
-2.66185e-07
-1.8612e-06
8.51792e-08
-2.23124e-06
9.94392e-07
-2.74524e-06
1.96325e-06
-2.97309e-06
2.14712e-06
-2.68729e-06
4.27015e-07
-1.34524e-06
-5.93901e-06
2.21589e-06
-1.40296e-05
9.57481e-06
5.5732e-07
-2.25694e-08
5.03472e-07
7.04911e-08
3.53498e-07
3.09835e-07
8.33544e-08
6.50341e-07
-2.99414e-07
1.04078e-06
-7.65163e-07
1.25509e-06
-1.2228e-06
9.92799e-07
-1.5558e-06
5.72728e-07
-1.75977e-06
4.482e-07
-1.86962e-06
3.27451e-07
-1.89548e-06
-5.11492e-08
-1.9016e-06
-2.60114e-07
-2.01099e-06
1.94542e-07
-2.27957e-06
1.26295e-06
-2.54235e-06
2.22604e-06
-2.45797e-06
2.06277e-06
-2.08615e-06
5.5228e-08
-1.08741e-06
-6.9378e-06
2.00821e-06
-1.71252e-05
1.15833e-05
1.34638e-06
-1.15029e-08
1.27677e-06
1.40098e-07
1.09408e-06
4.92522e-07
7.64838e-07
9.79586e-07
3.03101e-07
1.50249e-06
-2.68328e-07
1.82637e-06
-8.73559e-07
1.5978e-06
-1.36373e-06
1.0627e-06
-1.66749e-06
7.51744e-07
-1.83356e-06
4.93338e-07
-1.90734e-06
2.25283e-08
-1.94044e-06
-2.27047e-07
-2.00991e-06
2.64002e-07
-2.1278e-06
1.38083e-06
-2.15478e-06
2.25304e-06
-1.87178e-06
1.77983e-06
-1.46528e-06
-3.51225e-07
-7.67846e-07
-7.63527e-06
1.8248e-06
-1.97179e-05
1.34084e-05
2.19867e-06
1.98073e-09
2.12012e-06
2.18645e-07
1.91789e-06
6.94755e-07
1.54896e-06
1.34852e-06
1.02293e-06
2.02851e-06
3.6936e-07
2.47986e-06
-3.7112e-07
2.33806e-06
-1.03006e-06
1.72142e-06
-1.46562e-06
1.18707e-06
-1.71467e-06
7.42194e-07
-1.84741e-06
1.55175e-07
-1.89918e-06
-1.75292e-07
-1.91e-06
2.74829e-07
-1.88227e-06
1.35309e-06
-1.74522e-06
2.11602e-06
-1.39423e-06
1.4289e-06
-9.59347e-07
-7.8605e-07
-4.51811e-07
-8.14282e-06
1.65884e-06
-2.18286e-05
1.50674e-05
3.07207e-06
1.60441e-08
2.99011e-06
3.00604e-07
2.77943e-06
9.05435e-07
2.38924e-06
1.7387e-06
1.81923e-06
2.59852e-06
1.10137e-06
3.19768e-06
2.60346e-07
3.17891e-06
-5.60362e-07
2.54189e-06
-1.1573e-06
1.78375e-06
-1.51886e-06
1.10355e-06
-1.72692e-06
3.63144e-07
-1.80462e-06
-9.76e-08
-1.76582e-06
2.36043e-07
-1.62809e-06
1.21538e-06
-1.40983e-06
1.8978e-06
-1.09459e-06
1.11373e-06
-6.2017e-07
-1.2604e-06
-1.77015e-07
-8.58596e-06
1.50407e-06
-2.35097e-05
1.65718e-05
3.93727e-06
2.9689e-08
3.85602e-06
3.81855e-07
3.64502e-06
1.11643e-06
3.24846e-06
2.13527e-06
2.65526e-06
3.19172e-06
1.89343e-06
3.95949e-06
9.85558e-07
4.08667e-06
3.32444e-08
3.49398e-06
-7.38154e-07
2.55489e-06
-1.24227e-06
1.60745e-06
-1.54865e-06
6.69412e-07
-1.67484e-06
2.85849e-08
-1.61592e-06
1.77146e-07
-1.41342e-06
1.01291e-06
-1.17649e-06
1.66092e-06
-9.46528e-07
8.83834e-07
-4.22247e-07
-1.78462e-06
3.70973e-08
-9.04526e-06
1.35644e-06
-2.4829e-05
1.79284e-05
4.77371e-06
4.21767e-08
4.69613e-06
4.59429e-07
4.49055e-06
1.32201e-06
4.09829e-06
2.52753e-06
3.49974e-06
3.79027e-06
2.71552e-06
4.74371e-06
1.76854e-06
5.03359e-06
7.28139e-07
4.53421e-06
-2.05677e-07
3.48846e-06
-8.74999e-07
2.27653e-06
-1.30589e-06
1.10018e-06
-1.51258e-06
2.35255e-07
-1.47511e-06
1.39698e-07
-1.25047e-06
7.88317e-07
-1.02362e-06
1.43414e-06
-8.76919e-07
7.37199e-07
-3.01353e-07
-2.36014e-06
2.08993e-07
-9.55556e-06
1.2145e-06
-2.58346e-05
1.91432e-05
5.56544e-06
5.29027e-08
5.494e-06
5.30874e-07
5.29817e-06
1.51784e-06
4.91781e-06
2.90788e-06
4.32767e-06
4.38041e-06
3.54057e-06
5.5308e-06
2.5791e-06
5.99503e-06
1.49234e-06
5.62085e-06
4.35163e-07
4.54541e-06
-4.06085e-07
3.11753e-06
-9.84697e-07
1.67864e-06
-1.3052e-06
5.55725e-07
-1.33518e-06
1.697e-07
-1.1259e-06
5.79087e-07
-9.06035e-07
1.21434e-06
-8.09843e-07
6.41068e-07
-1.90027e-07
-2.97991e-06
3.48782e-07
-1.00943e-05
1.08346e-06
-2.65692e-05
2.02269e-05
6.29821e-06
6.12481e-08
6.2353e-06
5.9379e-07
6.05321e-06
1.69994e-06
5.69086e-06
3.27023e-06
5.11961e-06
4.95165e-06
4.3459e-06
6.30452e-06
3.39091e-06
6.95002e-06
2.29241e-06
6.71927e-06
1.15929e-06
5.67834e-06
1.69955e-07
4.10663e-06
-5.69079e-07
2.4175e-06
-1.03009e-06
1.01668e-06
-1.1706e-06
3.10219e-07
-1.01293e-06
4.21468e-07
-7.78332e-07
9.79804e-07
-6.8439e-07
5.4718e-07
-2.538e-08
-3.63889e-06
4.76681e-07
-1.05963e-05
9.63961e-07
-2.70565e-05
2.11911e-05
6.95732e-06
6.64779e-08
6.90561e-06
6.455e-07
6.74161e-06
1.86394e-06
6.40336e-06
3.60848e-06
5.85996e-06
5.49505e-06
5.11307e-06
7.05141e-06
4.18193e-06
7.88116e-06
3.09882e-06
7.80234e-06
1.93704e-06
6.84e-06
8.42162e-07
5.2013e-06
-4.68579e-08
3.30632e-06
-6.62383e-07
1.63211e-06
-9.45959e-07
5.93789e-07
-8.79552e-07
3.55099e-07
-6.12834e-07
7.13143e-07
-4.67693e-07
4.02086e-07
1.38541e-07
-4.2451e-06
6.07086e-07
-1.10648e-05
8.55167e-07
-2.73046e-05
2.20465e-05
7.52626e-06
6.76533e-08
7.48891e-06
6.82844e-07
7.34821e-06
2.00465e-06
7.04124e-06
3.91545e-06
6.53486e-06
6.00143e-06
5.8268e-06
7.75947e-06
4.93424e-06
8.77372e-06
3.8872e-06
8.84936e-06
2.73598e-06
7.99113e-06
1.58579e-06
6.35131e-06
5.78037e-07
4.31389e-06
-1.82027e-07
2.39205e-06
-6.2419e-07
1.03592e-06
-6.89405e-07
4.20337e-07
-4.07e-07
4.30782e-07
-1.90619e-07
1.85746e-07
3.64974e-07
-4.80067e-06
7.57097e-07
-1.14568e-05
7.57396e-07
-2.73049e-05
2.28041e-05
7.98594e-06
6.3554e-08
7.96674e-06
7.02042e-07
7.85571e-06
2.11568e-06
7.58898e-06
4.18218e-06
7.13042e-06
6.45999e-06
6.4735e-06
8.41639e-06
5.63302e-06
9.6142e-06
4.63819e-06
9.84418e-06
3.52708e-06
9.1022e-06
2.37011e-06
7.50816e-06
1.28959e-06
5.39423e-06
4.07244e-07
3.27427e-06
-1.75627e-07
1.61873e-06
-3.99673e-07
6.44388e-07
-1.61601e-07
1.9274e-07
1.34833e-07
-1.1065e-07
6.53036e-07
-5.31883e-06
9.364e-07
-1.17401e-05
6.70909e-07
-2.70394e-05
2.34752e-05
8.31457e-06
5.26074e-08
8.31797e-06
6.9864e-07
8.24434e-06
2.18931e-06
8.02898e-06
4.39754e-06
7.63153e-06
6.85744e-06
7.03983e-06
9.0081e-06
6.26531e-06
1.03887e-05
5.33656e-06
1.07729e-05
4.28684e-06
1.01519e-05
3.16279e-06
8.63213e-06
2.05881e-06
6.49806e-06
1.09782e-06
4.23512e-06
3.97082e-07
2.3194e-06
3.17742e-08
1.00968e-06
1.40195e-07
8.43376e-08
5.14166e-07
-4.84584e-07
9.91919e-07
-5.79653e-06
1.14947e-06
-1.18976e-05
5.95972e-07
-2.64859e-05
2.40714e-05
8.4881e-06
3.2822e-08
8.5192e-06
6.67536e-07
8.49202e-06
2.21648e-06
8.34147e-06
4.54809e-06
8.02138e-06
7.17753e-06
7.51173e-06
9.51776e-06
6.81881e-06
1.10816e-05
5.96975e-06
1.1622e-05
4.99726e-06
1.11244e-05
3.93536e-06
9.69397e-06
2.85251e-06
7.5808e-06
1.85957e-06
5.22793e-06
1.08079e-06
3.09809e-06
6.12114e-07
1.47833e-06
5.61188e-07
1.35274e-07
9.38349e-07
-8.61704e-07
1.37864e-06
-6.23676e-06
1.39764e-06
-1.19165e-05
5.34311e-07
-2.56225e-05
2.4606e-05
8.48142e-06
1.75282e-09
8.54584e-06
6.03109e-07
8.57531e-06
2.18702e-06
8.50509e-06
4.61831e-06
8.28152e-06
7.4011e-06
7.87393e-06
9.92535e-06
7.28096e-06
1.16746e-05
6.52662e-06
1.23763e-05
5.64465e-06
1.20063e-05
4.66527e-06
1.06733e-05
3.63856e-06
8.60744e-06
2.65765e-06
6.20875e-06
1.84291e-06
3.91274e-06
1.30748e-06
2.01372e-06
1.13641e-06
3.06348e-07
1.46541e-06
-1.19065e-06
1.82294e-06
-6.59423e-06
1.68121e-06
-1.17747e-05
4.85739e-07
-2.4427e-05
2.50919e-05
8.27051e-06
-4.31845e-08
8.37401e-06
4.99605e-07
8.47078e-06
2.09025e-06
8.49791e-06
4.59118e-06
8.39256e-06
7.50644e-06
8.11002e-06
1.02079e-05
7.63794e-06
1.21467e-05
6.99524e-06
1.3019e-05
6.21687e-06
1.27847e-05
5.33482e-06
1.15554e-05
4.38946e-06
9.55275e-06
3.45676e-06
7.14137e-06
2.64579e-06
4.72363e-06
2.07698e-06
2.58248e-06
1.8374e-06
5.45928e-07
2.09495e-06
-1.44815e-06
2.32351e-06
-6.82273e-06
2.00055e-06
-1.14517e-05
4.76328e-07
-2.29028e-05
2.55684e-05
7.83815e-06
-1.06202e-07
7.98528e-06
3.5247e-07
8.15668e-06
1.91886e-06
8.29591e-06
4.45195e-06
8.33363e-06
7.46872e-06
8.20796e-06
1.03336e-05
7.8875e-06
1.24671e-05
7.37931e-06
1.35272e-05
6.71773e-06
1.34463e-05
5.94109e-06
1.2332e-05
5.08928e-06
1.04045e-05
4.22663e-06
8.00397e-06
3.44969e-06
5.50051e-06
2.87731e-06
3.15482e-06
2.61335e-06
8.09878e-07
2.7905e-06
-1.62525e-06
2.84839e-06
-6.88056e-06
2.36873e-06
-1.09719e-05
3.58597e-07
-2.08926e-05
2.59272e-05
2.46807e-05
-6.15389e-07
2.5731e-05
-6.97867e-07
2.70221e-05
6.27725e-07
2.83479e-05
3.12621e-06
2.9554e-05
6.2626e-06
3.04556e-05
9.43196e-06
3.08586e-05
1.20642e-05
3.05989e-05
1.37869e-05
2.96275e-05
1.44177e-05
2.80169e-05
1.39426e-05
2.59204e-05
1.2501e-05
2.35713e-05
1.0353e-05
2.12816e-05
7.79016e-06
1.94112e-05
5.0251e-06
1.81317e-05
2.08938e-06
1.753e-05
-1.02344e-06
1.59619e-05
-5.3123e-06
1.35675e-05
-8.57734e-06
7.36613e-06
-1.46913e-05
1.02654e-05
9.45357e-06
-2.37612e-06
1.24764e-05
-3.72071e-06
1.55717e-05
-2.4676e-06
1.80273e-05
6.70714e-07
2.01818e-05
4.10812e-06
2.22444e-05
7.36931e-06
2.43471e-05
9.96145e-06
2.62953e-05
1.18387e-05
2.77954e-05
1.29176e-05
2.86606e-05
1.30775e-05
2.88617e-05
1.22998e-05
2.85021e-05
1.07126e-05
2.77656e-05
8.52672e-06
2.68433e-05
5.94732e-06
2.58283e-05
3.10439e-06
2.45967e-05
2.08175e-07
2.23123e-05
-3.02783e-06
1.88493e-05
-5.11432e-06
1.17046e-05
-7.54664e-06
4.24697e-06
4.97997e-06
-5.76968e-06
9.73062e-06
-8.47158e-06
1.32327e-05
-5.96988e-06
1.48851e-05
-9.81725e-07
1.50531e-05
3.94008e-06
1.52612e-05
7.16105e-06
1.64068e-05
8.8156e-06
1.85216e-05
9.72374e-06
2.1089e-05
1.03501e-05
2.35549e-05
1.06115e-05
2.5555e-05
1.02996e-05
2.69336e-05
9.33403e-06
2.76832e-05
7.77717e-06
2.78568e-05
5.77372e-06
2.74719e-05
3.48922e-06
2.64954e-05
1.18463e-06
2.44314e-05
-9.63803e-07
2.12933e-05
-1.97621e-06
1.57872e-05
-2.0405e-06
4.0995e-06
4.66923e-06
-1.00557e-05
9.94451e-06
-1.37467e-05
1.33477e-05
-9.37306e-06
1.42782e-05
-1.91234e-06
1.31511e-05
5.06699e-06
1.12952e-05
9.01645e-06
1.03148e-05
9.79547e-06
1.09606e-05
9.0775e-06
1.29654e-05
8.34493e-06
1.56355e-05
7.9413e-06
1.83434e-05
7.59166e-06
2.0676e-05
7.00143e-06
2.24194e-05
6.0338e-06
2.34909e-05
4.7022e-06
2.38578e-05
3.12233e-06
2.35034e-05
1.53914e-06
2.23424e-05
1.97212e-07
2.05712e-05
-2.05008e-07
1.79444e-05
5.86369e-07
4.32741e-06
5.0753e-06
-1.44116e-05
9.78809e-06
-1.84588e-05
1.22897e-05
-1.18743e-05
1.25858e-05
-2.20824e-06
1.10627e-05
6.5899e-06
8.44588e-06
1.16326e-05
6.09883e-06
1.21416e-05
5.22658e-06
9.9489e-06
6.03226e-06
7.5387e-06
7.97734e-06
5.99592e-06
1.03997e-05
5.16917e-06
1.27756e-05
4.62558e-06
1.47805e-05
4.02902e-06
1.62476e-05
3.2352e-06
1.71192e-05
2.2509e-06
1.7429e-05
1.22953e-06
1.7213e-05
4.13315e-07
1.67042e-05
3.03897e-07
1.61678e-05
1.12285e-06
3.65382e-06
5.239e-06
-1.83214e-05
8.67625e-06
-2.18952e-05
9.90516e-06
-1.31029e-05
9.51738e-06
-1.82016e-06
7.97353e-06
8.13363e-06
5.46033e-06
1.4145e-05
2.81559e-06
1.47849e-05
1.2311e-06
1.15321e-05
1.18094e-06
7.588e-06
2.31181e-06
4.86466e-06
4.00743e-06
3.47345e-06
5.78473e-06
2.84833e-06
7.37368e-06
2.44019e-06
8.63375e-06
1.97528e-06
9.52707e-06
1.35773e-06
1.0115e-05
6.41717e-07
1.05145e-05
1.39343e-08
1.09794e-05
-1.60844e-07
1.17459e-05
3.56445e-07
2.04175e-06
4.43293e-06
-2.19817e-05
6.44153e-06
-2.39028e-05
6.47841e-06
-1.31395e-05
5.68096e-06
-1.02256e-06
4.37089e-06
9.44357e-06
2.35736e-06
1.61576e-05
9.76532e-08
1.7043e-05
-1.44198e-06
1.307e-05
-1.76704e-06
7.91197e-06
-1.26184e-06
4.35893e-06
-4.32568e-07
2.64394e-06
4.76869e-07
1.93878e-06
1.30303e-06
1.61398e-06
1.98979e-06
1.28848e-06
2.562e-06
7.85523e-07
3.12881e-06
7.49388e-08
3.81714e-06
-6.7433e-07
4.83571e-06
-1.17932e-06
6.31775e-06
-1.12549e-06
-1.20329e-07
3.22827e-06
-2.47968e-05
3.68578e-06
-2.43596e-05
2.88353e-06
-1.23372e-05
1.96618e-06
-1.05185e-07
9.93378e-07
1.04163e-05
-3.60375e-07
1.75104e-05
-1.95819e-06
1.86389e-05
-2.9851e-06
1.40949e-05
-3.30035e-06
8.22591e-06
-3.26598e-06
4.32383e-06
-3.10238e-06
2.47991e-06
-2.89907e-06
1.73519e-06
-2.72862e-06
1.44333e-06
-2.5929e-06
1.15261e-06
-2.41187e-06
6.04392e-07
-2.04725e-06
-2.89712e-07
-1.38384e-06
-1.33771e-06
-3.1234e-07
-2.25074e-06
1.29107e-06
-2.7288e-06
-2.43009e-06
2.2477e-06
-2.60926e-05
1.12384e-06
-2.32353e-05
-2.10314e-07
-1.10031e-05
-1.11604e-06
8.00567e-07
-1.89755e-06
1.11977e-05
-2.63913e-06
1.82511e-05
-3.22847e-06
1.92262e-05
-3.52195e-06
1.43862e-05
-3.57689e-06
8.27936e-06
-3.54685e-06
4.29292e-06
-3.43388e-06
2.36648e-06
-3.41731e-06
1.71835e-06
-3.64923e-06
1.675e-06
-4.09889e-06
1.60202e-06
-4.53738e-06
1.04269e-06
-4.69494e-06
-1.32226e-07
-4.41643e-06
-1.61614e-06
-3.61886e-06
-3.04808e-06
-2.29342e-06
-4.05387e-06
-4.38753e-06
8.75589e-07
-2.62631e-05
-1.0736e-06
-2.12857e-05
-2.56022e-06
-9.51637e-06
-3.59671e-06
1.83713e-06
-4.08719e-06
1.16882e-05
-4.01848e-06
1.81815e-05
-3.57872e-06
1.87844e-05
-2.98116e-06
1.37864e-05
-2.32197e-06
7.61865e-06
-1.53625e-06
3.50643e-06
-6.8893e-07
1.51886e-06
-3.57231e-07
1.38643e-06
-9.29348e-07
2.24677e-06
-2.29215e-06
2.96435e-06
-3.8584e-06
2.60851e-06
-5.01125e-06
1.02044e-06
-5.36166e-06
-1.26559e-06
-4.96663e-06
-3.44261e-06
-3.92718e-06
-5.09243e-06
-5.92505e-06
-4.48302e-07
-2.54e-05
-2.93347e-06
-1.88004e-05
-4.5938e-06
-7.85598e-06
-5.56693e-06
2.8103e-06
-5.59172e-06
1.1713e-05
-4.68036e-06
1.72693e-05
-3.16569e-06
1.72678e-05
-1.46331e-06
1.2082e-05
4.70105e-07
5.68396e-06
2.87992e-06
1.09625e-06
5.18097e-06
-7.82065e-07
6.2841e-06
2.83177e-07
5.74472e-06
2.78561e-06
3.49939e-06
5.20878e-06
4.30646e-07
5.67633e-06
-2.24864e-06
3.69919e-06
-3.73243e-06
2.18303e-07
-3.89413e-06
-3.28024e-06
-3.09546e-06
-5.8899e-06
-7.2515e-06
-1.33526e-06
-2.01106e-05
-4.61006e-06
-1.55254e-05
-6.40251e-06
-6.06351e-06
-7.12535e-06
3.53314e-06
-6.61931e-06
1.12069e-05
-4.91302e-06
1.55622e-05
-2.40568e-06
1.47588e-05
4.83191e-07
9.19146e-06
4.15671e-06
2.00975e-06
8.70228e-06
-3.44885e-06
1.28252e-05
-4.90429e-06
1.50832e-05
-1.97473e-06
1.47528e-05
3.11522e-06
1.19937e-05
7.96647e-06
7.82858e-06
9.83991e-06
3.70771e-06
7.81898e-06
8.14649e-07
3.11117e-06
-3.02482e-07
-2.16236e-06
1.62954e-07
-6.35397e-06
-8.4841e-06
-3.81584e-06
-1.96506e-05
-6.50441e-06
-1.28368e-05
-8.05955e-06
-4.50838e-06
-8.39349e-06
3.86703e-06
-7.39881e-06
1.02121e-05
-5.12785e-06
1.32906e-05
-1.95824e-06
1.1588e-05
1.84124e-06
5.39087e-06
7.09049e-06
-3.23937e-06
1.29422e-05
-9.29956e-06
1.74215e-05
-9.38309e-06
1.98183e-05
-4.37186e-06
1.99274e-05
3.00472e-06
1.76407e-05
1.02511e-05
1.37329e-05
1.37455e-05
9.47991e-06
1.20704e-05
6.19626e-06
6.39447e-06
4.51855e-06
-4.83774e-07
4.80252e-06
-6.63614e-06
-9.84388e-06
-4.72176e-06
-1.34987e-05
-8.07409e-06
-9.48437e-06
-9.51475e-06
-3.06779e-06
-9.50788e-06
3.86003e-06
-8.20185e-06
8.90577e-06
-5.79297e-06
1.08812e-05
-2.54549e-06
8.33956e-06
1.65293e-06
1.19205e-06
6.34794e-06
-7.93253e-06
1.11231e-05
-1.4075e-05
1.47084e-05
-1.29689e-05
1.66409e-05
-6.30528e-06
1.71645e-05
2.47954e-06
1.61672e-05
1.1246e-05
1.38364e-05
1.60739e-05
1.10147e-05
1.48904e-05
8.74047e-06
8.66838e-06
7.78842e-06
4.69493e-07
8.73629e-06
-7.58189e-06
-1.17069e-05
-6.27554e-06
-1.17594e-05
-9.39606e-06
-6.36397e-06
-1.07395e-05
-1.72447e-06
-1.04737e-05
3.59403e-06
-8.96123e-06
7.39301e-06
-6.63049e-06
8.54996e-06
-4.06076e-06
5.7696e-06
-1.76377e-06
-1.10406e-06
6.56564e-07
-1.0353e-05
3.81569e-06
-1.72347e-05
6.26795e-06
-1.54206e-05
7.54598e-06
-7.58309e-06
8.22437e-06
1.80057e-06
8.5458e-06
1.09228e-05
8.1241e-06
1.64932e-05
7.43505e-06
1.55776e-05
7.13417e-06
8.96905e-06
7.94848e-06
-3.43373e-07
1.01062e-05
-9.73724e-06
-1.3407e-05
-5.90831e-06
-3.62995e-06
-9.65651e-06
-2.61593e-06
-1.0918e-05
-4.63121e-07
-1.03706e-05
3.04664e-06
-8.80949e-06
5.83195e-06
-7.26649e-06
7.00726e-06
-7.17989e-06
5.68353e-06
-7.70644e-06
-5.78255e-07
-6.72815e-06
-1.13331e-05
-5.29992e-06
-1.86611e-05
-4.52511e-06
-1.61935e-05
-3.96828e-06
-8.13881e-06
-3.38037e-06
1.21271e-06
-2.11673e-06
9.65801e-06
-7.24051e-07
1.50985e-05
5.46992e-07
1.43051e-05
2.37693e-06
7.13888e-06
5.27034e-06
-3.23605e-06
6.90119e-06
-1.13635e-05
-1.27469e-05
-6.02615e-06
-2.38007e-06
-8.51608e-06
-1.26319e-07
-9.33874e-06
3.59509e-07
-8.59948e-06
2.30771e-06
-7.58125e-06
4.81435e-06
-7.50628e-06
6.93286e-06
-9.25972e-06
7.4365e-06
-1.12134e-05
1.37329e-06
-1.24108e-05
-1.01359e-05
-1.36785e-05
-1.73912e-05
-1.45709e-05
-1.52991e-05
-1.50032e-05
-7.70482e-06
-1.4612e-05
8.22408e-07
-1.29319e-05
7.97748e-06
-1.02962e-05
1.24616e-05
-6.83754e-06
1.0845e-05
-3.19171e-06
3.49233e-06
-1.35306e-06
-5.07175e-06
-3.18676e-06
-9.52159e-06
-9.3476e-06
-4.90797e-06
-2.20802e-06
-5.97397e-06
9.39302e-07
-6.33506e-06
7.20538e-07
-5.64493e-06
1.61795e-06
-5.51236e-06
4.68244e-06
-6.00903e-06
7.42977e-06
-7.85254e-06
9.27877e-06
-1.02573e-05
3.77575e-06
-1.38119e-05
-6.58148e-06
-1.82756e-05
-1.29253e-05
-2.14595e-05
-1.21131e-05
-2.30104e-05
-6.15272e-06
-2.19902e-05
-1.97054e-07
-1.97471e-05
5.73425e-06
-1.6456e-05
9.16929e-06
-1.25281e-05
6.91608e-06
-1.07152e-05
1.68143e-06
-1.26162e-05
-3.16419e-06
-1.66985e-05
-5.43493e-06
-5.3513e-06
-4.50829e-06
1.00504e-06
-4.16162e-06
5.92233e-07
-4.56978e-06
1.12851e-06
-4.18263e-06
1.23092e-06
-4.73039e-06
5.23031e-06
-3.78127e-06
6.48059e-06
-4.42616e-06
9.92242e-06
-5.01291e-06
4.36001e-06
-9.39841e-06
-2.1982e-06
-1.70118e-05
-5.31094e-06
-2.288e-05
-6.24338e-06
-2.69858e-05
-2.04779e-06
-2.5557e-05
-1.62625e-06
-2.22786e-05
2.45554e-06
-2.05682e-05
7.45853e-06
-1.87284e-05
5.07746e-06
-1.96071e-05
2.5625e-06
-2.19588e-05
-8.11888e-07
-2.55456e-05
-1.84912e-06
-1.02481e-07
-3.76493e-06
-2.63625e-06
-3.29939e-06
-1.5503e-06
-5.99087e-06
-2.0109e-07
-3.78723e-06
-2.90196e-07
-2.51873e-06
-9.96941e-06
-1.47676e-05
-2.41637e-05
-2.24621e-05
-1.95962e-05
-2.30235e-05
-2.23246e-05
-2.22665e-05
-2.24063e-05
-2.26061e-05
-1.8657e-06
1.86542e-06
1.15074e-08
-1.87742e-06
5.10435e-07
-4.98663e-07
4.60986e-07
4.96228e-08
4.30447e-07
3.04706e-08
3.43576e-07
8.66737e-08
2.3041e-07
1.13092e-07
1.59937e-07
7.05061e-08
1.36746e-07
2.32384e-08
1.29153e-07
7.62792e-09
1.08058e-07
2.11159e-08
5.99345e-08
4.81374e-08
-1.65579e-08
7.65084e-08
-1.14363e-07
9.78308e-08
-2.25438e-07
1.11112e-07
-3.57274e-07
1.319e-07
-5.22111e-07
1.64973e-07
-6.66317e-07
1.44434e-07
-7.13138e-07
4.70618e-08
-4.17241e-09
-2.35054e-06
4.21567e-06
3.36066e-07
-4.56423e-06
9.84938e-07
-1.14726e-06
9.64861e-07
6.98881e-08
8.73346e-07
1.21962e-07
7.32896e-07
2.26941e-07
5.54687e-07
2.91206e-07
4.35702e-07
1.89511e-07
3.91632e-07
6.73538e-08
3.69018e-07
3.02754e-08
3.11981e-07
7.8174e-08
1.88199e-07
1.71932e-07
-8.50781e-09
2.73229e-07
-2.61148e-07
3.50495e-07
-5.51111e-07
4.01112e-07
-8.86851e-07
4.67717e-07
-1.2575e-06
5.35792e-07
-1.53451e-06
4.21685e-07
-1.61002e-06
1.22779e-07
-1.88286e-08
-2.23377e-06
6.44916e-06
3.54854e-07
-7.15297e-06
9.05892e-07
-1.69803e-06
1.00644e-06
-3.04846e-08
9.90679e-07
1.37741e-07
8.89402e-07
3.2806e-07
7.36652e-07
4.43844e-07
6.24756e-07
3.01407e-07
5.76265e-07
1.15884e-07
5.40798e-07
6.57761e-08
4.56533e-07
1.62456e-07
2.80541e-07
3.47932e-07
1.12435e-09
5.52653e-07
-3.61366e-07
7.13004e-07
-7.81943e-07
8.21724e-07
-1.26755e-06
9.53421e-07
-1.76799e-06
1.03644e-06
-2.10241e-06
7.56334e-07
-2.17797e-06
1.98493e-07
-4.121e-08
-2.10399e-06
8.5529e-06
1.40252e-08
-9.27099e-06
4.99243e-07
-2.18302e-06
7.37625e-07
-2.68723e-07
8.83528e-07
-8.11764e-09
8.77773e-07
3.33689e-07
7.99797e-07
5.21702e-07
7.28905e-07
3.72282e-07
6.89344e-07
1.55474e-07
6.44054e-07
1.11096e-07
5.37766e-07
2.68758e-07
3.25499e-07
5.60199e-07
-8.13966e-09
8.86289e-07
-4.43614e-07
1.14849e-06
-9.5989e-07
1.33803e-06
-1.56067e-06
1.55432e-06
-2.14866e-06
1.62464e-06
-2.50671e-06
1.11457e-06
-2.57136e-06
2.63217e-07
-7.05948e-08
-1.99317e-06
1.05459e-05
-3.10729e-07
-1.09534e-05
3.43572e-08
-2.52799e-06
3.67154e-07
-6.01394e-07
6.63357e-07
-3.04252e-07
7.6183e-07
2.35119e-07
7.77538e-07
5.05883e-07
7.63342e-07
3.86449e-07
7.40817e-07
1.7802e-07
6.87918e-07
1.64019e-07
5.61628e-07
3.95055e-07
3.21813e-07
8.00003e-07
-4.70663e-08
1.25515e-06
-5.30113e-07
1.63152e-06
-1.12152e-06
1.92946e-06
-1.81552e-06
2.24846e-06
-2.45822e-06
2.26754e-06
-2.81005e-06
1.4665e-06
-2.84974e-06
3.02913e-07
-1.10256e-07
-1.88531e-06
1.2431e-05
-6.47781e-07
-1.21908e-05
-4.38926e-07
-2.73674e-06
2.75672e-08
-1.06775e-06
4.1207e-07
-6.88673e-07
5.96461e-07
5.06551e-08
7.01059e-07
4.01188e-07
7.43104e-07
3.44371e-07
7.39327e-07
1.81809e-07
6.79483e-07
2.23881e-07
5.33756e-07
5.40782e-07
2.71278e-07
1.06246e-06
-1.20046e-07
1.64644e-06
-6.3581e-07
2.14726e-06
-1.29175e-06
2.58543e-06
-2.05835e-06
3.01519e-06
-2.71599e-06
2.92533e-06
-3.02288e-06
1.77342e-06
-3.01768e-06
2.9766e-07
-1.66146e-07
-1.77773e-06
1.42086e-05
-9.24585e-07
-1.30438e-05
-7.37409e-07
-2.9238e-06
-2.11434e-07
-1.59359e-06
1.71852e-07
-1.07188e-06
4.19691e-07
-1.97238e-07
5.92249e-07
2.28552e-07
6.78805e-07
2.57785e-07
6.89923e-07
1.70699e-07
6.21946e-07
2.91869e-07
4.57195e-07
7.05522e-07
1.76327e-07
1.34328e-06
-2.28305e-07
2.05101e-06
-7.69476e-07
2.68837e-06
-1.48346e-06
3.29943e-06
-2.29539e-06
3.82725e-06
-2.91869e-06
3.54872e-06
-3.13817e-06
1.99282e-06
-3.06889e-06
2.283e-07
-2.44336e-07
-1.6741e-06
1.58826e-05
-1.13623e-06
-1.35815e-05
-9.2933e-07
-3.13058e-06
-4.06443e-07
-2.11636e-06
-3.72747e-08
-1.44098e-06
2.48366e-07
-4.82917e-07
4.61478e-07
1.53834e-08
5.76398e-07
1.42843e-07
5.9491e-07
1.52195e-07
5.1613e-07
3.70654e-07
3.33581e-07
8.88048e-07
4.01993e-08
1.6366e-06
-3.70342e-07
2.46146e-06
-9.35112e-07
3.25305e-06
-1.69953e-06
4.06384e-06
-2.52111e-06
4.64892e-06
-3.05838e-06
4.08598e-06
-3.155e-06
2.08928e-06
-3.00921e-06
8.23867e-08
-3.4986e-07
-1.57892e-06
1.74615e-05
-1.28822e-06
-1.38721e-05
-1.06225e-06
-3.35642e-06
-5.72147e-07
-2.60636e-06
-2.21441e-07
-1.79163e-06
8.15506e-08
-7.85932e-07
3.10651e-07
-2.13752e-07
4.38213e-07
1.52684e-08
4.55017e-07
1.35397e-07
3.62493e-07
4.63176e-07
1.65301e-07
1.0852e-06
-1.32419e-07
1.93423e-06
-5.43069e-07
2.87198e-06
-1.13287e-06
3.84273e-06
-1.93558e-06
4.86653e-06
-2.72604e-06
5.43943e-06
-3.13321e-06
4.49307e-06
-3.0866e-06
2.04243e-06
-2.85978e-06
-1.44598e-07
-4.87118e-07
-1.48921e-06
1.89508e-05
-1.3954e-06
-1.39657e-05
-1.16681e-06
-3.58489e-06
-7.24614e-07
-3.04845e-06
-3.93792e-07
-2.1224e-06
-9.23785e-08
-1.08735e-06
1.37662e-07
-4.43809e-07
2.64249e-07
-1.11318e-07
2.70598e-07
1.29057e-07
1.63039e-07
5.70727e-07
-4.20512e-08
1.29023e-06
-3.34207e-07
2.22627e-06
-7.42275e-07
3.27989e-06
-1.35946e-06
4.45977e-06
-2.18278e-06
5.6898e-06
-2.90233e-06
6.15896e-06
-3.15134e-06
4.74191e-06
-2.95897e-06
1.84976e-06
-2.65185e-06
-4.51947e-07
-6.60907e-07
-1.40364e-06
2.03545e-05
-1.47427e-06
-1.38948e-05
-1.26036e-06
-3.79868e-06
-8.74006e-07
-3.4347e-06
-5.66872e-07
-2.42947e-06
-2.81165e-07
-1.37305e-06
-6.05789e-08
-6.64391e-07
5.38734e-08
-2.25759e-07
4.28416e-08
1.40101e-07
-7.57812e-08
6.89331e-07
-2.78739e-07
1.49311e-06
-5.56007e-07
2.50338e-06
-9.62789e-07
3.68647e-06
-1.60848e-06
5.10528e-06
-2.4303e-06
6.51152e-06
-3.04656e-06
6.77515e-06
-3.12967e-06
4.82479e-06
-2.8055e-06
1.52523e-06
-2.4212e-06
-8.36557e-07
-8.77303e-07
-1.32163e-06
2.16763e-05
-1.53459e-06
-1.36815e-05
-1.34653e-06
-3.98661e-06
-1.02355e-06
-3.75756e-06
-7.4644e-07
-2.70652e-06
-4.84429e-07
-1.63502e-06
-2.84221e-07
-8.64576e-07
-1.90716e-07
-3.1924e-07
-2.18469e-07
1.67868e-07
-3.42194e-07
8.13025e-07
-5.31248e-07
1.68205e-06
-7.87968e-07
2.75991e-06
-1.19855e-06
4.09681e-06
-1.87093e-06
5.77746e-06
-2.66756e-06
7.30804e-06
-3.16027e-06
7.26773e-06
-3.08895e-06
4.7532e-06
-2.65716e-06
1.09304e-06
-2.19998e-06
-1.29413e-06
-1.14223e-06
-1.24264e-06
2.29193e-05
-1.58326e-06
-1.33405e-05
-1.42617e-06
-4.14355e-06
-1.17227e-06
-4.01133e-06
-9.32314e-07
-2.94638e-06
-7.02447e-07
-1.86483e-06
-5.31842e-07
-1.03514e-06
-4.63357e-07
-3.87686e-07
-5.03943e-07
2.08469e-07
-6.20478e-07
9.29512e-07
-7.84632e-07
1.84606e-06
-1.0206e-06
2.99565e-06
-1.44257e-06
4.51851e-06
-2.13618e-06
6.47085e-06
-2.88596e-06
8.05768e-06
-3.24855e-06
7.63016e-06
-3.04675e-06
4.5511e-06
-2.53147e-06
5.77322e-07
-2.00517e-06
-1.82092e-06
-1.45944e-06
-1.16557e-06
2.40853e-05
-1.62537e-06
-1.28802e-05
-1.49973e-06
-4.26902e-06
-1.31678e-06
-4.19412e-06
-1.12022e-06
-3.14283e-06
-9.29813e-07
-2.05517e-06
-7.949e-07
-1.16999e-06
-7.50861e-07
-4.31673e-07
-7.95108e-07
2.5273e-07
-8.91742e-07
1.02608e-06
-1.02472e-06
1.97887e-06
-1.24567e-06
3.21634e-06
-1.68707e-06
4.95962e-06
-2.39345e-06
7.17699e-06
-3.07986e-06
8.74391e-06
-3.31769e-06
7.86781e-06
-3.01184e-06
4.24497e-06
-2.42772e-06
-7.26424e-09
-1.83276e-06
-2.41642e-06
-1.83114e-06
-1.08833e-06
2.51742e-05
-1.66461e-06
-1.23033e-05
-1.56807e-06
-4.36537e-06
-1.4531e-06
-4.30892e-06
-1.30399e-06
-3.29181e-06
-1.15734e-06
-2.20171e-06
-1.06024e-06
-1.26699e-06
-1.03537e-06
-4.56478e-07
-1.07179e-06
2.89157e-07
-1.13849e-06
1.09268e-06
-1.24021e-06
2.08038e-06
-1.45651e-06
3.43235e-06
-1.92393e-06
5.42673e-06
-2.63321e-06
7.88603e-06
-3.24676e-06
9.35728e-06
-3.37301e-06
7.99388e-06
-2.98479e-06
3.85648e-06
-2.33531e-06
-6.57221e-07
-1.66798e-06
-3.08432e-06
-2.26118e-06
-1.00736e-06
2.61823e-05
-1.70284e-06
-1.1607e-05
-1.63235e-06
-4.43568e-06
-1.57786e-06
-4.36322e-06
-1.47736e-06
-3.39216e-06
-1.374e-06
-2.30495e-06
-1.31215e-06
-1.32874e-06
-1.29802e-06
-4.7053e-07
-1.31584e-06
3.06973e-07
-1.34744e-06
1.12417e-06
-1.42379e-06
2.15649e-06
-1.64798e-06
3.65623e-06
-2.14543e-06
5.92387e-06
-2.84839e-06
8.58876e-06
-3.38693e-06
9.89565e-06
-3.41882e-06
8.02562e-06
-2.96404e-06
3.40145e-06
-2.24901e-06
-1.37272e-06
-1.50092e-06
-3.83296e-06
-2.75769e-06
-9.18344e-07
2.71017e-05
-1.73946e-06
-1.0785e-05
-1.69298e-06
-4.48197e-06
-1.68831e-06
-4.36768e-06
-1.63501e-06
-3.44529e-06
-1.56939e-06
-2.37042e-06
-1.53568e-06
-1.36232e-06
-1.52282e-06
-4.83312e-07
-1.51438e-06
2.98525e-07
-1.5112e-06
1.12084e-06
-1.57217e-06
2.21719e-06
-1.81634e-06
3.90007e-06
-2.34518e-06
6.45242e-06
-3.03495e-06
9.27831e-06
-3.50299e-06
1.03636e-05
-3.46026e-06
7.98278e-06
-2.95382e-06
2.89477e-06
-2.17469e-06
-2.1523e-06
-1.33206e-06
-4.67608e-06
-3.33316e-06
-8.16702e-07
2.79198e-05
-1.77249e-06
-9.82828e-06
-1.74958e-06
-4.5047e-06
-1.78153e-06
-4.3355e-06
-1.77267e-06
-3.45397e-06
-1.73596e-06
-2.40698e-06
-1.71974e-06
-1.3784e-06
-1.6993e-06
-5.03658e-07
-1.66132e-06
2.60515e-07
-1.62832e-06
1.08768e-06
-1.68545e-06
2.27404e-06
-1.95926e-06
4.17355e-06
-2.51886e-06
7.01175e-06
-3.19196e-06
9.95122e-06
-3.59977e-06
1.07713e-05
-3.50543e-06
7.88835e-06
-2.96616e-06
2.35527e-06
-2.12697e-06
-2.9919e-06
-1.17208e-06
-5.63139e-06
-4.00079e-06
-7.03589e-07
2.86252e-05
-1.80392e-06
-8.72699e-06
-1.8049e-06
-4.5035e-06
-1.85504e-06
-4.28513e-06
-1.88679e-06
-3.42203e-06
-1.86991e-06
-2.42369e-06
-1.85883e-06
-1.38932e-06
-1.82309e-06
-5.39308e-07
-1.75646e-06
1.93847e-07
-1.70182e-06
1.03285e-06
-1.76606e-06
2.33797e-06
-2.07586e-06
4.48304e-06
-2.66455e-06
7.6002e-06
-3.3214e-06
1.06079e-05
-3.68457e-06
1.11344e-05
-3.56627e-06
7.77001e-06
-3.01787e-06
1.80667e-06
-2.12337e-06
-3.88674e-06
-1.04121e-06
-6.71389e-06
-4.76601e-06
-5.49418e-07
2.91766e-05
-1.85438e-06
-7.42119e-06
-1.86534e-06
-4.49229e-06
-1.91548e-06
-4.23474e-06
-1.97462e-06
-3.36269e-06
-1.97075e-06
-2.42737e-06
-1.95252e-06
-1.40738e-06
-1.89495e-06
-5.96793e-07
-1.80277e-06
1.01613e-07
-1.73644e-06
9.66323e-07
-1.81713e-06
2.41836e-06
-2.16615e-06
4.83176e-06
-2.78211e-06
8.21597e-06
-3.42689e-06
1.12527e-05
-3.76687e-06
1.14744e-05
-3.65733e-06
7.66044e-06
-3.12118e-06
1.27035e-06
-2.17165e-06
-4.83649e-06
-9.69531e-07
-7.9163e-06
-5.62329e-06
-1.55008e-06
3.0792e-05
-8.05329e-06
-9.13663e-07
-8.31207e-06
-4.23251e-06
-8.40348e-06
-4.14232e-06
-8.48944e-06
-3.27576e-06
-8.43325e-06
-2.48268e-06
-8.22135e-06
-1.61861e-06
-7.7797e-06
-1.03817e-06
-7.2007e-06
-4.77718e-07
-6.89383e-06
6.58544e-07
-7.43365e-06
2.95699e-06
-9.19218e-06
6.5894e-06
-1.18903e-05
1.0914e-05
-1.45385e-05
1.39013e-05
-1.6095e-05
1.30312e-05
-1.5993e-05
7.55858e-06
-1.38922e-05
-8.30168e-07
-9.57016e-06
-9.15807e-06
-4.02724e-06
-1.346e-05
-9.67813e-06
4.88176e-06
3.76807e-05
-7.49915e-06
1.14856e-05
-1.00683e-05
-1.66335e-06
-9.81154e-06
-4.39811e-06
-9.20668e-06
-3.87944e-06
-8.65117e-06
-3.0372e-06
-8.06102e-06
-2.20814e-06
-7.38785e-06
-1.71128e-06
-6.77102e-06
-1.09511e-06
-6.64751e-06
5.34052e-07
-7.5943e-06
3.90279e-06
-9.86308e-06
8.85788e-06
-1.29817e-05
1.40333e-05
-1.59357e-05
1.68562e-05
-1.7777e-05
1.48733e-05
-1.78426e-05
7.62563e-06
-1.55586e-05
-3.11177e-06
-1.10231e-05
-1.36915e-05
-4.82117e-06
-1.96612e-05
-1.46409e-05
1.19536e-05
4.05773e-05
-5.01816e-06
2.84903e-05
-1.16412e-05
4.95646e-06
-1.18428e-05
-4.19591e-06
-9.99827e-06
-5.72285e-06
-8.70539e-06
-4.32904e-06
-7.65725e-06
-3.25573e-06
-6.85151e-06
-2.5171e-06
-6.39295e-06
-1.55432e-06
-6.65389e-06
7.94025e-07
-8.06975e-06
5.31786e-06
-1.07127e-05
1.15009e-05
-1.39448e-05
1.72663e-05
-1.66823e-05
1.95948e-05
-1.79496e-05
1.61422e-05
-1.72052e-05
6.88363e-06
-1.46758e-05
-5.63854e-06
-1.08478e-05
-1.75173e-05
-5.3701e-06
-2.51355e-05
-2.02061e-05
1.83367e-05
3.79876e-05
1.38641e-06
4.54585e-05
-1.17933e-05
1.81294e-05
-1.36991e-05
-2.29159e-06
-1.07932e-05
-8.62819e-06
-8.5124e-06
-6.60876e-06
-7.06526e-06
-4.70233e-06
-6.26417e-06
-3.31824e-06
-6.17304e-06
-1.64602e-06
-6.99295e-06
1.613e-06
-8.86372e-06
7.18783e-06
-1.15426e-05
1.41797e-05
-1.42191e-05
1.99436e-05
-1.57797e-05
2.11566e-05
-1.54014e-05
1.57656e-05
-1.31567e-05
4.64087e-06
-1.0337e-05
-8.45755e-06
-8.01769e-06
-1.98361e-05
-5.0035e-06
-2.8147e-05
-2.54798e-05
2.44614e-05
3.32192e-05
1.15746e-05
5.83404e-05
-5.89748e-06
3.5586e-05
-1.29584e-05
4.76122e-06
-1.07402e-05
-1.08456e-05
-7.64147e-06
-9.70647e-06
-6.16652e-06
-6.17666e-06
-5.66766e-06
-3.81701e-06
-6.16167e-06
-1.15244e-06
-7.59254e-06
3.04295e-06
-9.7221e-06
9.31647e-06
-1.19602e-05
1.64176e-05
-1.34215e-05
2.14054e-05
-1.32095e-05
2.09458e-05
-1.09896e-05
1.35472e-05
-7.51803e-06
1.17005e-06
-4.49735e-06
-1.1479e-05
-3.49998e-06
-2.08349e-05
-3.7637e-06
-2.78828e-05
-2.61359e-05
2.88429e-05
2.84397e-05
2.15541e-05
6.55906e-05
5.41967e-06
5.16758e-05
-6.23619e-06
1.63959e-05
-8.30113e-06
-8.77632e-06
-5.78896e-06
-1.22178e-05
-4.91949e-06
-7.04543e-06
-5.15472e-06
-3.58158e-06
-6.38082e-06
7.33322e-08
-8.33502e-06
4.9963e-06
-1.04111e-05
1.13916e-05
-1.17808e-05
1.77868e-05
-1.16607e-05
2.12859e-05
-9.63727e-06
1.89234e-05
-6.03516e-06
9.94607e-06
-2.11171e-06
-2.75338e-06
5.56932e-07
-1.41488e-05
6.91615e-07
-2.09719e-05
-9.77484e-07
-2.62164e-05
-2.5946e-05
2.77794e-05
2.39715e-05
2.63429e-05
6.69232e-05
1.65421e-05
6.13765e-05
4.60971e-06
2.82957e-05
-2.27186e-06
-1.87975e-06
-3.01017e-06
-1.1477e-05
-3.47002e-06
-6.58499e-06
-4.85328e-06
-2.19811e-06
-6.8789e-06
2.09863e-06
-9.16759e-06
7.28419e-06
-1.08716e-05
1.30947e-05
-1.11128e-05
1.80278e-05
-9.36548e-06
1.9539e-05
-5.78868e-06
1.53474e-05
-1.32116e-06
5.47912e-06
2.50718e-06
-6.58209e-06
4.07811e-06
-1.57219e-05
3.66853e-06
-2.05655e-05
9.89974e-07
-2.35401e-05
-2.61633e-05
1.96286e-05
1.89591e-05
2.4812e-05
6.15815e-05
2.34969e-05
6.25648e-05
1.53732e-05
3.64092e-05
5.61538e-06
7.91836e-06
4.39786e-07
-6.29285e-06
-2.17702e-06
-3.96794e-06
-4.90106e-06
5.25971e-07
-7.75173e-06
4.94887e-06
-1.01557e-05
9.68743e-06
-1.12566e-05
1.4195e-05
-1.03094e-05
1.70807e-05
-7.139e-06
1.63693e-05
-2.4209e-06
1.06302e-05
2.37214e-06
6.86225e-07
5.42306e-06
-9.63478e-06
6.10004e-06
-1.64025e-05
4.88985e-06
-1.93593e-05
1.53203e-06
-2.01849e-05
-2.14325e-05
8.01903e-06
1.41947e-05
1.97247e-05
4.9809e-05
2.63597e-05
5.59146e-05
2.25321e-05
4.03067e-05
1.19662e-05
1.85504e-05
3.60811e-06
2.08006e-06
-1.48189e-06
1.12143e-06
-5.5957e-06
4.63959e-06
-9.08855e-06
8.44118e-06
-1.14161e-05
1.20143e-05
-1.18497e-05
1.46284e-05
-9.91613e-06
1.51477e-05
-5.85191e-06
1.23063e-05
-9.04668e-07
5.68384e-06
3.29041e-06
-3.50976e-06
5.30752e-06
-1.16553e-05
5.70158e-06
-1.68008e-05
4.78621e-06
-1.84478e-05
2.66544e-06
-1.80667e-05
-2.16358e-05
1.02688e-06
1.1459e-05
1.50167e-05
3.59293e-05
2.57741e-05
4.53034e-05
2.44387e-05
4.17724e-05
1.42013e-05
2.88547e-05
4.59843e-06
1.16974e-05
-2.14193e-06
7.8611e-06
-7.32987e-06
9.82722e-06
-1.12236e-05
1.23347e-05
-1.33816e-05
1.41725e-05
-1.33283e-05
1.45761e-05
-1.09821e-05
1.28032e-05
-7.02328e-06
8.34926e-06
-2.94959e-06
1.61064e-06
1.24705e-08
-6.47319e-06
2.16324e-06
-1.38078e-05
3.32937e-06
-1.7969e-05
3.47593e-06
-1.85968e-05
2.59974e-06
-1.71926e-05
-1.98642e-05
1.2702e-06
1.04062e-05
1.23933e-05
2.49113e-05
2.23141e-05
3.55213e-05
2.16671e-05
4.25168e-05
1.26313e-05
3.79318e-05
3.44172e-06
2.08974e-05
-4.01966e-06
1.53218e-05
-1.00668e-05
1.5874e-05
-1.44332e-05
1.67012e-05
-1.67122e-05
1.64526e-05
-1.66826e-05
1.45483e-05
-1.45756e-05
1.06981e-05
-1.09869e-05
4.76203e-06
-6.83074e-06
-2.54445e-06
-3.21806e-06
-1.00842e-05
-4.96075e-07
-1.65279e-05
1.30152e-06
-1.97657e-05
2.18375e-06
-1.94798e-05
1.85983e-06
-1.68703e-05
-1.71598e-05
6.01812e-06
9.02655e-06
1.19162e-05
1.90243e-05
1.78754e-05
2.96003e-05
1.69304e-05
4.34924e-05
9.50519e-06
4.53699e-05
1.48697e-06
2.89213e-05
-5.71245e-06
2.252e-05
-1.18955e-05
2.20558e-05
-1.62527e-05
2.10572e-05
-1.82579e-05
1.84564e-05
-1.76963e-05
1.39855e-05
-1.47526e-05
7.75349e-06
-1.0127e-05
1.36291e-07
-5.62458e-06
-7.04538e-06
-2.01585e-06
-1.36905e-05
1.73236e-07
-1.87139e-05
1.39695e-06
-2.09868e-05
2.17281e-06
-2.02548e-05
2.23882e-06
-1.69372e-05
-1.39273e-05
1.02319e-05
7.94592e-06
1.2204e-05
1.70384e-05
1.42392e-05
2.75577e-05
1.27579e-05
4.4967e-05
6.9314e-06
5.11923e-05
3.31213e-07
3.55234e-05
-5.45082e-06
2.83003e-05
-1.03308e-05
2.69331e-05
-1.33093e-05
2.4032e-05
-1.38396e-05
1.89823e-05
-1.18335e-05
1.19754e-05
-7.64538e-06
3.56293e-06
-2.84721e-06
-4.66286e-06
1.33652e-06
-1.123e-05
3.67785e-06
-1.60321e-05
4.17701e-06
-1.92122e-05
3.80154e-06
-2.06092e-05
3.62228e-06
-2.00738e-05
4.28999e-06
-1.76049e-05
-1.72334e-05
1.19406e-05
7.91551e-06
1.17826e-05
1.71878e-05
1.15069e-05
2.78241e-05
9.88039e-06
4.6578e-05
5.70551e-06
5.53562e-05
7.29086e-07
4.04987e-05
-2.91264e-06
3.19403e-05
-5.41333e-06
2.94313e-05
-6.23034e-06
2.48463e-05
-5.03406e-06
1.77841e-05
-1.9074e-06
8.84818e-06
2.27819e-06
-6.22536e-07
6.65658e-06
-9.04187e-06
9.96386e-06
-1.4539e-05
1.10444e-05
-1.71159e-05
9.85193e-06
-1.80225e-05
7.54644e-06
-1.83041e-05
5.65484e-06
-1.81808e-05
4.89274e-06
-1.68419e-05
-1.61203e-05
1.07498e-05
8.15187e-06
9.64492e-06
1.82882e-05
8.73141e-06
2.87333e-05
7.75397e-06
4.75414e-05
5.62276e-06
5.74745e-05
2.33961e-06
4.37779e-05
9.20341e-07
3.33587e-05
1.06052e-06
2.92906e-05
2.32402e-06
2.35831e-05
4.41406e-06
1.56955e-05
7.35614e-06
5.90765e-06
1.12293e-05
-4.49373e-06
1.51401e-05
-1.29483e-05
1.76362e-05
-1.70322e-05
1.76497e-05
-1.71313e-05
1.51894e-05
-1.55674e-05
1.1362e-05
-1.44804e-05
7.81203e-06
-1.4631e-05
5.23668e-06
-1.42655e-05
-1.3722e-05
4.67826e-06
8.54595e-06
4.59582e-06
1.83668e-05
4.72042e-06
2.86075e-05
5.53703e-06
4.67136e-05
6.31074e-06
5.66882e-05
5.29716e-06
4.47846e-05
5.67033e-06
3.29833e-05
8.08203e-06
2.6879e-05
1.10126e-05
2.06525e-05
1.39052e-05
1.28005e-05
1.69558e-05
2.85339e-06
2.04553e-05
-7.9902e-06
2.3293e-05
-1.5776e-05
2.41487e-05
-1.7879e-05
2.25449e-05
-1.55262e-05
1.89098e-05
-1.19379e-05
1.42012e-05
-9.77769e-06
9.72411e-06
-1.01558e-05
5.99344e-06
-1.05344e-05
-1.02777e-05
-5.96183e-06
7.04863e-06
-3.65704e-06
1.60613e-05
-1.26311e-06
2.62136e-05
2.62212e-06
4.28186e-05
7.43305e-06
5.18652e-05
9.9915e-06
4.22169e-05
1.23345e-05
3.06345e-05
1.61015e-05
2.3108e-05
2.0226e-05
1.65217e-05
2.37553e-05
9.26103e-06
2.68569e-05
-2.54316e-07
2.95517e-05
-1.06778e-05
3.04031e-05
-1.66115e-05
2.87752e-05
-1.62385e-05
2.51084e-05
-1.18567e-05
2.04291e-05
-7.26431e-06
1.55194e-05
-4.8748e-06
1.10284e-05
-5.66768e-06
7.11885e-06
-6.62508e-06
-6.02544e-06
-1.91426e-05
3.95694e-06
-1.51088e-05
1.20252e-05
-9.84453e-06
2.09465e-05
-1.45843e-06
3.44231e-05
8.25143e-06
4.21443e-05
1.59737e-05
3.4485e-05
2.15768e-05
2.50234e-05
2.65157e-05
1.81598e-05
3.12485e-05
1.17753e-05
3.45793e-05
5.9165e-06
3.65354e-05
-2.21172e-06
3.68954e-05
-1.10218e-05
3.43175e-05
-1.40123e-05
2.97023e-05
-1.161e-05
2.43006e-05
-6.45351e-06
1.94438e-05
-2.41357e-06
1.52836e-05
-7.21157e-07
1.14408e-05
-1.82733e-06
7.81422e-06
-2.99892e-06
-4.45037e-07
-3.39821e-05
-1.61716e-06
-2.90113e-05
7.04613e-06
-1.96039e-05
1.15317e-05
-7.48685e-06
2.22968e-05
7.58707e-06
2.70615e-05
2.1367e-05
2.06972e-05
3.12162e-05
1.51664e-05
3.77825e-05
1.15823e-05
4.41109e-05
5.43476e-06
4.57912e-05
4.23138e-06
4.32936e-05
2.97024e-07
3.91704e-05
-6.8755e-06
3.24416e-05
-7.26408e-06
2.56486e-05
-4.80879e-06
1.9689e-05
-4.9616e-07
1.63427e-05
9.26505e-07
1.37932e-05
1.82394e-06
1.06985e-05
1.26659e-06
7.19801e-06
5.01172e-07
5.91685e-06
-3.82287e-05
-3.95594e-05
-2.6548e-05
-1.35863e-05
4.92128e-06
2.34964e-05
3.59246e-05
4.11512e-05
4.82428e-05
4.39591e-05
3.63068e-05
3.25045e-05
2.409e-05
1.71447e-05
1.1884e-05
9.66744e-06
8.66787e-06
7.30939e-06
7.32432e-06
)
;

boundaryField
{
    left_open
    {
        type            calculated;
        value           nonuniform List<scalar> 
40
(
4.62999e-07
7.48498e-07
5.82362e-07
1.10317e-07
-5.63407e-07
-1.35744e-06
-2.21215e-06
-3.08613e-06
-3.95091e-06
-4.7862e-06
-5.57617e-06
-6.30656e-06
-6.96255e-06
-7.52743e-06
-7.98184e-06
-8.30362e-06
-8.46831e-06
-8.45035e-06
-8.22557e-06
-7.77513e-06
-2.41715e-05
-7.69286e-06
-1.58647e-06
-3.82841e-07
-7.19034e-07
-1.32929e-06
-7.72475e-07
-4.13163e-07
-9.53185e-07
-7.04336e-07
-4.17606e-07
-3.95076e-06
3.35405e-06
-1.4283e-06
4.53305e-06
-2.21978e-06
4.77529e-06
4.73035e-06
1.29586e-06
2.3539e-06
)
;
    }
    right_open
    {
        type            calculated;
        value           nonuniform List<scalar> 
40
(
-7.08863e-07
-1.59529e-06
-2.15555e-06
-2.54196e-06
-2.81008e-06
-2.96179e-06
-2.9907e-06
-2.90369e-06
-2.72254e-06
-2.4781e-06
-2.20487e-06
-1.93518e-06
-1.68813e-06
-1.46128e-06
-1.23819e-06
-1.00467e-06
-7.56823e-07
-5.04661e-07
-2.76184e-07
-1.12429e-07
2.76208e-08
1.43366e-07
1.97755e-07
2.73453e-07
-3.1039e-06
-1.17242e-06
1.20678e-06
-3.19695e-06
2.8646e-06
8.30368e-07
-8.43909e-07
-9.93031e-07
7.5933e-06
3.78039e-06
2.83981e-06
2.55117e-06
2.8684e-06
2.23468e-06
8.36724e-07
6.59775e-06
)
;
    }
    base_side
    {
        type            calculated;
        value           uniform 0;
    }
    top
    {
        type            calculated;
        value           nonuniform List<scalar> 
65
(
2.41715e-06
-5.35759e-07
1.79264e-06
-5.16842e-07
9.66862e-06
6.94471e-07
1.35071e-05
8.65031e-07
2.94863e-08
2.13938e-06
-1.44265e-06
7.34598e-06
-3.32641e-06
-4.08704e-07
1.08836e-05
4.38198e-06
2.5054e-06
-6.72309e-07
-1.649e-06
6.45374e-06
1.79931e-06
1.89833e-06
-5.0032e-07
-5.82672e-07
1.57767e-06
1.73127e-06
1.63154e-06
-9.2319e-07
-3.76238e-07
6.98272e-07
6.05664e-07
-9.02156e-08
-1.80606e-07
-9.1717e-08
5.69794e-07
8.83073e-07
7.61543e-07
-6.9649e-07
-6.94951e-07
-1.01152e-06
-9.22097e-07
1.74999e-06
1.50341e-06
-1.40374e-06
-1.68818e-06
-7.02969e-06
8.35958e-06
-1.48102e-06
9.33252e-06
8.55208e-06
2.12089e-06
2.74047e-06
6.35961e-06
-1.64592e-06
8.51947e-06
7.96438e-06
-3.05851e-06
1.15464e-06
2.13513e-06
4.76241e-06
3.14157e-06
2.82361e-06
2.6258e-06
4.86223e-07
6.64538e-06
)
;
    }
    front
    {
        type            empty;
        value           nonuniform 0();
    }
    back
    {
        type            empty;
        value           nonuniform 0();
    }
    air_to_aluminum
    {
        type            calculated;
        value           nonuniform List<scalar> 
129
(
0
0
0
0
0
0
6.61744e-24
0
0
0
0
-1.32349e-23
5.29396e-23
0
0
0
0
0
0
0
0
0
0
0
0
0
0
0
0
0
-8.47033e-22
0
0
4.1359e-25
0
0
0
0
0
0
0
-2.11758e-22
0
0
0
0
0
0
0
0
0
0
0
0
0
0
0
0
0
0
0
0
0
0
0
0
0
8.47033e-22
0
0
0
0
1.05879e-22
0
-3.30872e-24
0
0
0
0
0
0
0
0
0
0
0
0
0
4.23516e-22
0
0
0
-8.47033e-22
0
-6.61744e-24
0
0
0
0
0
0
0
0
0
0
0
0
0
0
0
0
0
0
0
0
0
0
0
0
0
0
0
0
0
0
0
0
0
0
)
;
    }
}


// ************************************************************************* //
