/*--------------------------------*- C++ -*----------------------------------*\
| =========                 |                                                 |
| \\      /  F ield         | OpenFOAM: The Open Source CFD Toolbox           |
|  \\    /   O peration     | Version:                                        |
|   \\  /    A nd           | Website:  www.openfoam.com                      |
|    \\/     M anipulation  |                                                 |
\*---------------------------------------------------------------------------*/
FoamFile
{
    version     2.0;
    format      ascii;
    class       volVectorField;
    location    "1892.0/air";
    object      U;
}
// * * * * * * * * * * * * * * * * * * * * * * * * * * * * * * * * * * * * * //

dimensions      [0 1 -1 0 0 0 0];


internalField   nonuniform List<vector> 
2228
(
(0.000279609 -0.000273237 0)
(0.000855156 -0.000125575 0)
(0.000872471 0.000130615 0)
(0.000291815 0.000275991 0)
(0.000215669 -0.000909909 0)
(0.000860411 -0.000548828 0)
(0.000934878 0.000495216 0)
(0.000265902 0.000939353 0)
(0.000119513 -0.00134793 0)
(0.000538568 -0.000870829 0)
(0.000608898 0.000770508 0)
(0.000156558 0.00143616 0)
(5.75059e-05 -0.00159352 0)
(0.000287485 -0.00106687 0)
(0.000340563 0.000936456 0)
(8.15819e-05 0.00173041 0)
(1.81865e-05 -0.00170848 0)
(0.000136766 -0.00118164 0)
(0.000192151 0.00101534 0)
(4.76236e-05 0.00188719 0)
(-1.46416e-05 -0.00174607 0)
(5.10201e-05 -0.00126846 0)
(0.000141633 0.00103928 0)
(4.31512e-05 0.00198862 0)
(-5.00127e-05 -0.00172978 0)
(9.33076e-07 -0.00137368 0)
(0.000167843 0.00102479 0)
(6.29696e-05 0.00209587 0)
(-9.87721e-05 -0.00166027 0)
(-3.40763e-05 -0.00154678 0)
(0.000269057 0.00097196 0)
(0.000110141 0.0022623 0)
(-0.000172989 -0.00152221 0)
(-7.03369e-05 -0.00185095 0)
(0.000460551 0.00086877 0)
(0.00019559 0.00255197 0)
(-0.000282225 -0.00128289 0)
(-0.000132328 -0.00237112 0)
(0.00075498 0.000687285 0)
(0.000334462 0.00304941 0)
(-0.000430071 -0.000888918 0)
(-0.000287135 -0.00321072 0)
(0.0011151 0.000367038 0)
(0.000537581 0.00384563 0)
(-0.00061315 -0.000255035 0)
(-0.000679139 -0.0044178 0)
(0.00136767 -0.000245269 0)
(0.000784036 0.00496209 0)
(-0.000843872 0.000883428 0)
(-0.00146113 -0.00576511 0)
(0.00102523 -0.00138214 0)
(0.000962422 0.00620097 0)
(-0.00112756 0.00260101 0)
(-0.00239932 -0.00677187 0)
(-0.000600106 -0.00314694 0)
(0.000809233 0.00712138 0)
(-0.000994442 0.00490407 0)
(-0.00206757 -0.00697781 0)
(-0.00281416 -0.00498704 0)
(-6.86532e-05 0.00658572 0)
(0.000968535 0.00219885 0)
(0.00178574 -0.00558619 0)
(-0.00207027 -0.00530515 0)
(-0.00117393 0.00386984 0)
(-0.000309383 0.000290833 0)
(-0.000896462 0.000121951 0)
(-0.00083474 -0.000137265 0)
(-0.000262716 -0.000258591 0)
(-0.000296052 0.000991093 0)
(-0.000982082 0.000451295 0)
(-0.000828418 -0.000605772 0)
(-0.00019098 -0.000859033 0)
(-0.000197889 0.00154737 0)
(-0.00068294 0.000682848 0)
(-0.000496055 -0.000994148 0)
(-8.31725e-05 -0.00124432 0)
(-0.000138424 0.00192885 0)
(-0.000450107 0.000790931 0)
(-0.000227656 -0.0012847 0)
(-1.73092e-06 -0.00142265 0)
(-0.000122378 0.00220218 0)
(-0.000337084 0.000793641 0)
(-5.39922e-05 -0.00152056 0)
(5.825e-05 -0.001457 0)
(-0.000132812 0.00244459 0)
(-0.000304729 0.000717891 0)
(5.72303e-05 -0.00175191 0)
(0.000100988 -0.00139239 0)
(-0.000160416 0.00270418 0)
(-0.000318964 0.000573368 0)
(0.000154716 -0.00201434 0)
(0.00014557 -0.00124142 0)
(-0.000204714 0.00301057 0)
(-0.00035945 0.000348123 0)
(0.000286147 -0.00233039 0)
(0.00021054 -0.000993034 0)
(-0.000271688 0.00338876 0)
(-0.000419418 -5.19068e-06 0)
(0.000491078 -0.00272945 0)
(0.00031611 -0.000600869 0)
(-0.000371839 0.00387497 0)
(-0.000525753 -0.000553548 0)
(0.000745376 -0.00325537 0)
(0.000478104 2.57821e-05 0)
(-0.000524355 0.00456287 0)
(-0.00081569 -0.00131185 0)
(0.000856474 -0.00401406 0)
(0.000700514 0.000910874 0)
(-0.000794007 0.00568956 0)
(-0.00159501 -0.00214551 0)
(0.000312964 -0.00520642 0)
(0.000859789 0.00185716 0)
(-0.00129011 0.00766944 0)
(-0.00318885 -0.00269756 0)
(-0.00153003 -0.00710679 0)
(0.000637234 0.00235488 0)
(-0.001937 0.0108145 0)
(-0.00537963 -0.00252471 0)
(-0.00473402 -0.00960561 0)
(-0.000537136 0.0014244 0)
(-0.00199453 0.0146711 0)
(-0.00657289 -0.000787896 0)
(-0.00775852 -0.0120426 0)
(-0.00283883 -0.00276504 0)
(-0.00029682 0.0190417 0)
(-0.00324169 0.00513574 0)
(-0.00787279 -0.012615 0)
(-0.00544135 -0.0111485 0)
(0.0435494 0.0427209 0)
(0.0428331 0.0366262 0)
(0.0348602 0.0291544 0)
(0.0280869 0.0227371 0)
(0.0368003 0.0174172 0)
(0.0410745 0.0175275 0)
(0.0422115 0.0167049 0)
(0.0423036 0.0158614 0)
(0.0328392 0.0111601 0)
(0.0346829 0.0117278 0)
(0.0358243 0.0120089 0)
(0.0363084 0.0122526 0)
(0.0366306 0.011731 0)
(0.0369937 0.0125337 0)
(0.0371841 0.0130095 0)
(0.0371281 0.0133209 0)
(0.0351342 0.0103429 0)
(0.0357262 0.0112333 0)
(0.0363101 0.0119967 0)
(0.0368147 0.01266 0)
(0.0281172 0.00747399 0)
(0.0290617 0.00821576 0)
(0.0300448 0.008908 0)
(0.0310275 0.00954785 0)
(0.018121 0.00333827 0)
(0.0192844 0.00385744 0)
(0.0204996 0.00434438 0)
(0.021735 0.00480242 0)
(0.00799631 -0.00139731 0)
(0.00915881 -0.00109934 0)
(0.0103449 -0.000776603 0)
(0.0115546 -0.000429027 0)
(-0.000241385 -0.00551933 0)
(0.000697448 -0.0053802 0)
(0.00166798 -0.00517828 0)
(0.00266029 -0.00493021 0)
(-0.00460437 -0.00872723 0)
(-0.00387621 -0.00865427 0)
(-0.00313918 -0.00850701 0)
(-0.00240042 -0.00829277 0)
(-0.0033474 -0.0114027 0)
(-0.00268137 -0.0113137 0)
(-0.00202137 -0.0111229 0)
(-0.00137974 -0.0108422 0)
(0.00323019 -0.0141899 0)
(0.00396691 -0.0141184 0)
(0.00470613 -0.0138792 0)
(0.00543358 -0.0134994 0)
(0.0131505 -0.0170384 0)
(0.0139855 -0.0171947 0)
(0.0148069 -0.0170589 0)
(0.015595 -0.0166498 0)
(0.0224565 -0.0201782 0)
(0.0233011 -0.0204647 0)
(0.0240368 -0.0203035 0)
(0.0246436 -0.0197256 0)
(0.0248567 -0.0237748 0)
(0.0250264 -0.0235053 0)
(0.0250137 -0.0226057 0)
(0.0248528 -0.0212864 0)
(0.012612 -0.0233231 0)
(0.0114485 -0.0218005 0)
(0.010213 -0.0199157 0)
(0.00905582 -0.0179842 0)
(-0.0145203 -0.015442 0)
(-0.016094 -0.0141613 0)
(-0.0174221 -0.0129841 0)
(-0.0185007 -0.0119516 0)
(-0.0437124 -0.00929445 0)
(-0.0448157 -0.00910846 0)
(-0.0457942 -0.00914199 0)
(-0.0466453 -0.00928198 0)
(-0.06519 -0.00729259 0)
(-0.0674546 -0.00726035 0)
(-0.0695636 -0.00747046 0)
(-0.0715784 -0.0073799 0)
(-0.0621867 0.0116002 0)
(-0.0662629 0.0113228 0)
(-0.0674789 0.00280767 0)
(-0.0662309 0.00175489 0)
(0.0242782 0.0158514 0)
(0.022091 0.0102288 0)
(0.0187552 0.00642944 0)
(0.0152756 0.00634424 0)
(0.0424167 0.0149531 0)
(0.0424965 0.0144252 0)
(0.0421096 0.0142814 0)
(0.041206 0.0146278 0)
(0.036598 0.0125005 0)
(0.0368404 0.0128008 0)
(0.0370295 0.0132297 0)
(0.0371674 0.0137741 0)
(0.0369725 0.0135333 0)
(0.0368002 0.0136825 0)
(0.0366259 0.0138135 0)
(0.0364657 0.0139615 0)
(0.0372659 0.0132292 0)
(0.0376818 0.0136974 0)
(0.0380576 0.0140644 0)
(0.0383866 0.014341 0)
(0.0320229 0.0101332 0)
(0.0330339 0.0106565 0)
(0.0340473 0.0111105 0)
(0.0350503 0.0114917 0)
(0.0229999 0.00523699 0)
(0.0242959 0.00564425 0)
(0.0256132 0.00601539 0)
(0.0269492 0.00633831 0)
(0.0127918 -7.2768e-05 0)
(0.0140501 0.000271654 0)
(0.0153203 0.000586405 0)
(0.0165998 0.000855802 0)
(0.00366928 -0.00465003 0)
(0.00468754 -0.00434783 0)
(0.00570492 -0.00403195 0)
(0.00671284 -0.00371104 0)
(-0.00166497 -0.0080153 0)
(-0.000940122 -0.00767833 0)
(-0.000234579 -0.00728486 0)
(0.000443985 -0.00683649 0)
(-0.000766601 -0.0104694 0)
(-0.000193372 -0.0100031 0)
(0.000328154 -0.00944524 0)
(0.000794324 -0.00879813 0)
(0.0061361 -0.0129801 0)
(0.00679223 -0.0123232 0)
(0.00738336 -0.0115379 0)
(0.00789431 -0.0106362 0)
(0.016341 -0.0159798 0)
(0.0170206 -0.0150756 0)
(0.0176139 -0.0139759 0)
(0.0181002 -0.0127208 0)
(0.0251249 -0.0187754 0)
(0.0254863 -0.0175221 0)
(0.0257401 -0.0160397 0)
(0.0258881 -0.014393 0)
(0.0245576 -0.0196836 0)
(0.0241732 -0.0179081 0)
(0.0237548 -0.0160409 0)
(0.0233411 -0.014134 0)
(0.00797537 -0.0161047 0)
(0.00699674 -0.0143099 0)
(0.00616646 -0.0126129 0)
(0.00552052 -0.011016 0)
(-0.0193246 -0.0110788 0)
(-0.0199009 -0.0103701 0)
(-0.0202522 -0.00984009 0)
(-0.0204179 -0.00952469 0)
(-0.0473796 -0.00945351 0)
(-0.0480114 -0.00953996 0)
(-0.0485913 -0.00954917 0)
(-0.0490924 -0.00948813 0)
(-0.0733539 -0.00695422 0)
(-0.0750657 -0.00679148 0)
(-0.0769041 -0.00701674 0)
(-0.0785906 -0.00756717 0)
(-0.0674579 0.00808865 0)
(-0.0711394 0.00975921 0)
(-0.0748357 0.00825533 0)
(-0.0762276 -0.00122768 0)
(0.0136647 0.00591835 0)
(0.0123427 0.00543408 0)
(0.0107647 0.00450023 0)
(0.0404714 0.0150642 0)
(0.0399207 0.0154369 0)
(0.0392909 0.0156811 0)
(0.0372499 0.014221 0)
(0.0373346 0.0145489 0)
(0.037407 0.014812 0)
(0.0363699 0.0140981 0)
(0.0363377 0.0141993 0)
(0.0363162 0.0142938 0)
(0.0386287 0.0145055 0)
(0.0387914 0.0145905 0)
(0.0389569 0.0146575 0)
(0.0358293 0.0117295 0)
(0.0363863 0.011874 0)
(0.0369503 0.0119959 0)
(0.0279953 0.00653666 0)
(0.0287586 0.00665465 0)
(0.0295346 0.00674399 0)
(0.0175882 0.00101702 0)
(0.0183058 0.00110031 0)
(0.0190304 0.0011473 0)
(0.00746913 -0.0034645 0)
(0.00800158 -0.0032938 0)
(0.00852944 -0.00313242 0)
(0.000938276 -0.00643591 0)
(0.00127526 -0.00612425 0)
(0.00160058 -0.00579388 0)
(0.00112155 -0.00822234 0)
(0.0013366 -0.0077749 0)
(0.00153764 -0.00729357 0)
(0.00824808 -0.00985887 0)
(0.00846802 -0.00925759 0)
(0.00866004 -0.00862084 0)
(0.0184329 -0.0116723 0)
(0.0186306 -0.0108753 0)
(0.0187938 -0.0100544 0)
(0.0259774 -0.0130525 0)
(0.0260097 -0.0120531 0)
(0.0260119 -0.0110359 0)
(0.0230478 -0.0126466 0)
(0.0228345 -0.0115654 0)
(0.0226268 -0.010482 0)
(0.0051549 -0.00983651 0)
(0.00496621 -0.00901284 0)
(0.00484819 -0.00820016 0)
(-0.0203962 -0.00944098 0)
(-0.0204073 -0.00944342 0)
(-0.0203352 -0.00951504 0)
(-0.0492821 -0.0093566 0)
(-0.0496593 -0.00918132 0)
(-0.0498049 -0.00900201 0)
(-0.0796795 -0.00783317 0)
(-0.0808762 -0.00782502 0)
(-0.081454 -0.00801254 0)
(-0.0748625 -0.000734627 0)
(-0.0758955 0.00578219 0)
(-0.0776268 0.00450187 0)
(0.00978721 0.00319953 0)
(0.00926272 0.00239541 0)
(0.00884067 0.00186707 0)
(0.0389235 0.0158627 0)
(0.0385152 0.016038 0)
(0.038242 0.0160698 0)
(0.0375123 0.0150911 0)
(0.0375241 0.0153338 0)
(0.03758 0.0154657 0)
(0.0363207 0.0143895 0)
(0.0363517 0.0144486 0)
(0.0363566 0.0144847 0)
(0.0390529 0.0146741 0)
(0.0391345 0.0146631 0)
(0.0391798 0.0146575 0)
(0.0373126 0.0120425 0)
(0.0375283 0.0120613 0)
(0.0377143 0.0120736 0)
(0.030041 0.00675795 0)
(0.0303342 0.00676182 0)
(0.030599 0.00675467 0)
(0.0194888 0.00112548 0)
(0.0197526 0.00110472 0)
(0.0199887 0.00108577 0)
(0.00883948 -0.00305198 0)
(0.00901678 -0.0030103 0)
(0.00917291 -0.00295391 0)
(0.00177973 -0.0055719 0)
(0.00188231 -0.00545142 0)
(0.00196844 -0.00532161 0)
(0.00165475 -0.00694614 0)
(0.00172593 -0.00676534 0)
(0.00177554 -0.00658948 0)
(0.00878615 -0.00815578 0)
(0.008866 -0.00790868 0)
(0.00890955 -0.00766849 0)
(0.0189018 -0.00949931 0)
(0.0189883 -0.00921113 0)
(0.019016 -0.00890897 0)
(0.026024 -0.010382 0)
(0.0260768 -0.0100543 0)
(0.0260459 -0.00969564 0)
(0.0224954 -0.00978039 0)
(0.0224976 -0.00941694 0)
(0.0223868 -0.00902568 0)
(0.00483783 -0.00767057 0)
(0.00489747 -0.00740005 0)
(0.0048621 -0.00712183 0)
(-0.0202398 -0.00961863 0)
(-0.0201322 -0.00965199 0)
(-0.0201848 -0.00967928 0)
(-0.0497842 -0.00891948 0)
(-0.0496818 -0.00884548 0)
(-0.0499638 -0.00886613 0)
(-0.0817976 -0.00837042 0)
(-0.0817914 -0.00856333 0)
(-0.0822546 -0.00857426 0)
(-0.0784008 -0.00174917 0)
(-0.0779489 -0.00573504 0)
(-0.0786196 -0.00197403 0)
(0.00791466 0.00122669 0)
(0.00669467 0.000531443 0)
(0.00566742 0.00124988 0)
(0.0376446 0.015854 0)
(0.0367556 0.0152161 0)
(0.0357619 0.0144636 0)
(0.0376429 0.0155053 0)
(0.0377425 0.0153154 0)
(0.0377389 0.0150371 0)
(0.0363795 0.0145182 0)
(0.0364175 0.0145193 0)
(0.0364621 0.0144975 0)
(0.0392939 0.0146766 0)
(0.0394455 0.0147168 0)
(0.039627 0.0147403 0)
(0.0380945 0.0121134 0)
(0.0386362 0.012164 0)
(0.0392061 0.0121889 0)
(0.0311321 0.00675651 0)
(0.0319079 0.00673642 0)
(0.0327114 0.00668153 0)
(0.020468 0.0010829 0)
(0.0211444 0.00106053 0)
(0.0218247 0.000990212 0)
(0.00950199 -0.00281656 0)
(0.00992611 -0.00264391 0)
(0.0103339 -0.0025186 0)
(0.00215534 -0.00506317 0)
(0.00238273 -0.00468363 0)
(0.00259095 -0.00429571 0)
(0.00187886 -0.00625713 0)
(0.00200392 -0.00574002 0)
(0.00210364 -0.00519131 0)
(0.00899918 -0.00721602 0)
(0.00913056 -0.00653677 0)
(0.00923578 -0.00583054 0)
(0.0190858 -0.00831217 0)
(0.019197 -0.00743813 0)
(0.0192964 -0.00655335 0)
(0.0260117 -0.00896664 0)
(0.0259943 -0.00792479 0)
(0.0259866 -0.00690053 0)
(0.0222373 -0.00825435 0)
(0.0221008 -0.00719124 0)
(0.0220223 -0.00615419 0)
(0.00487792 -0.00660601 0)
(0.00503848 -0.0059793 0)
(0.00528057 -0.00539365 0)
(-0.0200633 -0.00966172 0)
(-0.0198282 -0.00966713 0)
(-0.0195893 -0.00959742 0)
(-0.0499704 -0.0086584 0)
(-0.0500839 -0.0083483 0)
(-0.050226 -0.00808915 0)
(-0.0825139 -0.00862652 0)
(-0.0831283 -0.00875516 0)
(-0.0837593 -0.00922567 0)
(-0.0791379 0.00326233 0)
(-0.0811484 0.00735556 0)
(-0.0837169 0.00483892 0)
(0.00499001 0.0111288 0)
(0.00584297 0.00865707 0)
(0.00472074 -0.00403888 0)
(0.00162208 -0.0160873 0)
(0.0347357 0.0138764 0)
(0.0342652 0.0122187 0)
(0.033524 0.00837112 0)
(0.0311498 0.00295291 0)
(0.0376683 0.0143576 0)
(0.0374601 0.0130884 0)
(0.0369994 0.0114448 0)
(0.0360668 0.0095653 0)
(0.0364528 0.0143864 0)
(0.0363117 0.0141039 0)
(0.0360097 0.0137186 0)
(0.035516 0.0132173 0)
(0.0398392 0.0147741 0)
(0.0400803 0.0148033 0)
(0.0402935 0.0148029 0)
(0.0404718 0.0147567 0)
(0.0399796 0.012204 0)
(0.0409766 0.0121686 0)
(0.0420128 0.0120639 0)
(0.0431132 0.0118681 0)
(0.0338422 0.00655438 0)
(0.0353252 0.00623912 0)
(0.0368928 0.00570381 0)
(0.0385935 0.00485307 0)
(0.0227688 0.000794894 0)
(0.0239347 0.000297771 0)
(0.0250828 -0.000565656 0)
(0.0262283 -0.00193552 0)
(0.0108629 -0.00242347 0)
(0.0114065 -0.0024347 0)
(0.01177 -0.00265067 0)
(0.0118789 -0.00318547 0)
(0.0028252 -0.00374477 0)
(0.00299859 -0.00295649 0)
(0.00299 -0.00209072 0)
(0.00273765 -0.00116956 0)
(0.00219014 -0.00439184 0)
(0.00224508 -0.00322276 0)
(0.00223038 -0.00187533 0)
(0.00215342 -0.000315861 0)
(0.00930987 -0.00482405 0)
(0.00936108 -0.0034675 0)
(0.00935144 -0.00202769 0)
(0.00931427 -0.000499375 0)
(0.0193469 -0.00529357 0)
(0.0193867 -0.00364471 0)
(0.01937 -0.00195738 0)
(0.0193152 -0.000240397 0)
(0.0258904 -0.00546523 0)
(0.0257836 -0.00362943 0)
(0.0256635 -0.00179563 0)
(0.0255312 2.92769e-05 0)
(0.0218875 -0.00471479 0)
(0.0218237 -0.00288275 0)
(0.0218326 -0.00103221 0)
(0.021908 0.000848307 0)
(0.00568068 -0.00458879 0)
(0.00636001 -0.00350077 0)
(0.00715099 -0.00229376 0)
(0.00795517 -0.000978635 0)
(-0.0192363 -0.00924241 0)
(-0.0187206 -0.00839005 0)
(-0.0182017 -0.00696524 0)
(-0.0176518 -0.0049732 0)
(-0.0504082 -0.00757334 0)
(-0.0505219 -0.00680432 0)
(-0.050454 -0.00585838 0)
(-0.0501737 -0.00465281 0)
(-0.0843722 -0.00973116 0)
(-0.0849038 -0.0100281 0)
(-0.0851002 -0.00995471 0)
(-0.0850736 -0.00939916 0)
(-0.0851381 -0.00258197 0)
(-0.084974 -0.00326783 0)
(-0.0848432 -0.00580162 0)
(-0.0845058 -0.0041337 0)
(0.00139514 -0.015847 0)
(0.0047884 -0.0131311 0)
(0.0084738 -0.000161954 0)
(0.00196312 0.0240538 0)
(0.0276082 -0.00231177 0)
(0.0240559 -0.0069932 0)
(0.0227743 -0.00597968 0)
(0.0238915 0.0208128 0)
(0.0345181 0.00788299 0)
(0.0324511 0.00658113 0)
(0.0297543 0.00474823 0)
(0.0301716 0.0137773 0)
(0.0347981 0.0125891 0)
(0.0339766 0.011964 0)
(0.032863 0.0102257 0)
(0.0320695 0.00774542 0)
(0.0406061 0.0145984 0)
(0.0407055 0.0142772 0)
(0.0408166 0.0140437 0)
(0.0405202 0.00914252 0)
(0.044322 0.0115328 0)
(0.045635 0.0108974 0)
(0.0473345 0.0103238 0)
(0.0489526 0.00512244 0)
(0.0404976 0.00354316 0)
(0.0425471 0.00150463 0)
(0.0451907 -0.00139539 0)
(0.0467082 -0.00641732 0)
(0.0274043 -0.00401319 0)
(0.0285053 -0.00708886 0)
(0.0297725 -0.0107902 0)
(0.0286223 -0.0118748 0)
(0.0116532 -0.0042404 0)
(0.0109685 -0.00604535 0)
(0.00985668 -0.0080253 0)
(0.00613703 -0.00633369 0)
(0.00216963 -0.000252332 0)
(0.00116175 0.000516839 0)
(-0.000267096 0.0010637 0)
(-0.00326783 0.00232814 0)
(0.00199105 0.00149145 0)
(0.00171735 0.00355353 0)
(0.00132868 0.00583051 0)
(0.000772241 0.00823245 0)
(0.00928678 0.00114765 0)
(0.0092826 0.00294826 0)
(0.00934391 0.00494328 0)
(0.00947936 0.00708307 0)
(0.0192273 0.00149262 0)
(0.0191315 0.00322915 0)
(0.0190606 0.00497632 0)
(0.0189886 0.00661035 0)
(0.025386 0.001854 0)
(0.0252298 0.00367727 0)
(0.0250528 0.00550505 0)
(0.0249024 0.00726006 0)
(0.0220391 0.00274693 0)
(0.0222208 0.00464038 0)
(0.022421 0.00650146 0)
(0.0227909 0.00823069 0)
(0.00871238 0.00037142 0)
(0.00941298 0.00167684 0)
(0.00998546 0.00292356 0)
(0.0105472 0.00429901 0)
(-0.0170751 -0.00250892 0)
(-0.0165521 0.000245289 0)
(-0.0161933 0.00308661 0)
(-0.0159238 0.00591847 0)
(-0.0496619 -0.00320271 0)
(-0.0489018 -0.00163984 0)
(-0.04802 0.000100185 0)
(-0.0469478 0.00196984 0)
(-0.0854113 -0.00821431 0)
(-0.0852529 -0.00725544 0)
(-0.0846915 -0.00606036 0)
(-0.0831299 -0.00472053 0)
(-0.0863056 0.0059843 0)
(-0.0910951 0.00316425 0)
(-0.0942975 -0.00809937 0)
(-0.0910661 -0.0113313 0)
(-0.00384234 -3.78498e-06 0)
(-0.00371299 -7.80684e-06 0)
(-0.00360911 -1.26545e-05 0)
(-0.00356124 -1.01903e-05 0)
(-0.00375002 7.11949e-06 0)
(-0.00420954 1.61539e-05 0)
(-0.00446681 -1.63838e-05 0)
(-0.00423858 -3.0568e-05 0)
(-0.00404118 -4.98614e-06 0)
(-0.00422845 1.32942e-05 0)
(-0.00436446 -3.23494e-06 0)
(-0.00403385 -2.57111e-05 0)
(-0.0035293 -2.45637e-05 0)
(-0.00340252 -1.3951e-05 0)
(-0.00410353 -1.91879e-06 0)
(-0.00727566 0.000229051 0)
(-0.0136316 0.000592726 0)
(-0.013456 -0.000255391 0)
(0.00885726 -0.00132408 0)
(0.0189048 0.00227084 0)
(-0.0062131 -2.37327e-05 0)
(-0.00601962 -3.61303e-05 0)
(-0.00599958 -2.71118e-05 0)
(-0.00621655 2.69025e-05 0)
(-0.0069458 0.000135985 0)
(-0.00821531 0.000170117 0)
(-0.00917584 8.60264e-06 0)
(-0.00927905 -9.00922e-05 0)
(-0.00928725 1.54078e-05 0)
(-0.00977229 8.5601e-05 0)
(-0.00999921 -3.51744e-05 0)
(-0.00934479 -0.000173158 0)
(-0.00853606 -0.000117335 0)
(-0.00890498 0.000168686 0)
(-0.0119697 0.000730212 0)
(-0.019296 0.00161784 0)
(-0.0266549 0.00124077 0)
(-0.0205888 -0.00345448 0)
(0.0057032 -0.0076517 0)
(0.0305038 0.00586858 0)
(-0.00483387 -4.13907e-05 0)
(-0.00469978 -3.98872e-05 0)
(-0.00492621 2.63653e-05 0)
(-0.00561399 0.00017413 0)
(-0.00699762 0.000404662 0)
(-0.0090858 0.000481813 0)
(-0.010945 0.00018913 0)
(-0.0118644 -3.45714e-05 0)
(-0.0124188 0.000106588 0)
(-0.0131212 0.000179302 0)
(-0.0133337 -8.95363e-05 0)
(-0.0126488 -0.000332965 0)
(-0.0121093 -0.000103478 0)
(-0.0133819 0.000704728 0)
(-0.0178617 0.00188781 0)
(-0.0250751 0.00280986 0)
(-0.029104 0.00122516 0)
(-0.0204985 -0.00659101 0)
(0.000943563 -0.0143794 0)
(0.0332039 0.00998804 0)
(-0.000914585 -4.92921e-05 0)
(-0.000889687 -5.76511e-06 0)
(-0.0014036 0.000166773 0)
(-0.00262839 0.000447836 0)
(-0.00471112 0.000824778 0)
(-0.00764165 0.000976696 0)
(-0.0105696 0.000577296 0)
(-0.0126045 0.000188571 0)
(-0.013887 0.000275745 0)
(-0.0148069 0.000288291 0)
(-0.0150779 -0.000132279 0)
(-0.014623 -0.00043111 0)
(-0.0145486 4.53011e-05 0)
(-0.0163229 0.00137716 0)
(-0.0204859 0.00292744 0)
(-0.0252551 0.0034844 0)
(-0.0260342 0.00089889 0)
(-0.0173405 -0.00910376 0)
(-0.0014451 -0.0206313 0)
(0.0330205 0.0140332 0)
(0.00467945 -4.26169e-05 0)
(0.0045843 7.01646e-05 0)
(0.00382623 0.000387951 0)
(0.00211236 0.000846246 0)
(-0.000648856 0.00139367 0)
(-0.00439147 0.00166642 0)
(-0.00845891 0.0012106 0)
(-0.0118079 0.000619986 0)
(-0.013999 0.000544309 0)
(-0.0152563 0.000434171 0)
(-0.0157488 -0.000125074 0)
(-0.0156532 -0.000448324 0)
(-0.0158818 0.000249158 0)
(-0.0174647 0.00194156 0)
(-0.0201817 0.00357637 0)
(-0.0220331 0.00358961 0)
(-0.02075 0.000384018 0)
(-0.012746 -0.0109676 0)
(-0.00250056 -0.0261455 0)
(0.0318135 0.0176534 0)
(0.0112729 -2.73175e-05 0)
(0.0110898 0.000178112 0)
(0.0101581 0.00067149 0)
(0.00807792 0.00135379 0)
(0.00472898 0.0021013 0)
(0.00026986 0.00253867 0)
(-0.0048642 0.00209971 0)
(-0.0096326 0.00129551 0)
(-0.012963 0.000952216 0)
(-0.0147728 0.000652608 0)
(-0.0156561 -4.60671e-05 0)
(-0.0159407 -0.000409056 0)
(-0.0162108 0.00041206 0)
(-0.0171099 0.00226536 0)
(-0.0180755 0.00379309 0)
(-0.0175415 0.00325403 0)
(-0.0154508 -0.000213608 0)
(-0.0077971 -0.0122473 0)
(-0.00288132 -0.0308282 0)
(0.0301888 0.0208691 0)
(0.0183704 -7.45117e-06 0)
(0.018139 0.000303732 0)
(0.017108 0.000995265 0)
(0.0148024 0.00194019 0)
(0.0110229 0.0029289 0)
(0.00596736 0.00356185 0)
(-1.76618e-05 0.00323437 0)
(-0.00616933 0.00224468 0)
(-0.01088 0.0015519 0)
(-0.013518 0.000985321 0)
(-0.0149584 0.000119866 0)
(-0.0156387 -0.000339179 0)
(-0.0158011 0.000476909 0)
(-0.0158554 0.00232529 0)
(-0.015323 0.00366922 0)
(-0.0133413 0.00268402 0)
(-0.011586 -0.000877913 0)
(-0.00326725 -0.013115 0)
(-0.00289108 -0.0346953 0)
(0.0283792 0.0237753 0)
(0.0256281 1.60505e-05 0)
(0.0253775 0.000437942 0)
(0.0243091 0.00133966 0)
(0.0219006 0.0025743 0)
(0.0178689 0.00384503 0)
(0.0123719 0.0047068 0)
(0.00575721 0.00456098 0)
(-0.00150842 0.00348237 0)
(-0.00776133 0.00239735 0)
(-0.011531 0.00147936 0)
(-0.0137146 0.000393949 0)
(-0.0148763 -0.00024 0)
(-0.0149698 0.000440935 0)
(-0.0142867 0.00216674 0)
(-0.0127388 0.00334606 0)
(-0.0102337 0.00209379 0)
(-0.00959457 -0.00162831 0)
(0.000404475 -0.0137998 0)
(-0.00270294 -0.0378221 0)
(0.0264879 0.026422 0)
(0.0328096 4.03069e-05 0)
(0.0325584 0.000573366 0)
(0.031498 0.00168968 0)
(0.0290774 0.00322911 0)
(0.0249496 0.00481547 0)
(0.0191908 0.00594149 0)
(0.0121411 0.00602178 0)
(0.00413251 0.00497425 0)
(-0.00357992 0.00352882 0)
(-0.00876519 0.00218567 0)
(-0.0119075 0.00080935 0)
(-0.0137185 -8.43967e-05 0)
(-0.0139526 0.000341712 0)
(-0.0128059 0.00186409 0)
(-0.0107071 0.00295123 0)
(-0.00830751 0.00162679 0)
(-0.00899187 -0.00247532 0)
(0.00311173 -0.0145391 0)
(-0.00240741 -0.0402834 0)
(0.0245612 0.0288227 0)
(0.0397462 6.16006e-05 0)
(0.0395078 0.000704363 0)
(0.0384881 0.0020348 0)
(0.0361188 0.00388426 0)
(0.0320119 0.00580801 0)
(0.0261616 0.00723076 0)
(0.0188685 0.00757004 0)
(0.0104176 0.00664452 0)
(0.00163725 0.00495654 0)
(-0.00513325 0.00315041 0)
(-0.00945865 0.00140896 0)
(-0.0121351 0.000175774 0)
(-0.012827 0.000241828 0)
(-0.0115803 0.00149302 0)
(-0.00925843 0.00256221 0)
(-0.00717054 0.00131858 0)
(-0.00893585 -0.00341161 0)
(0.00504142 -0.0154362 0)
(-0.00205227 -0.0421625 0)
(0.0226185 0.0309865 0)
(0.0463066 8.00327e-05 0)
(0.0460921 0.000827101 0)
(0.0451396 0.00236717 0)
(0.0428683 0.00452534 0)
(0.0388653 0.00679667 0)
(0.033063 0.00854002 0)
(0.025705 0.00916168 0)
(0.0170631 0.00842412 0)
(0.00766263 0.00662926 0)
(-0.000555201 0.00440573 0)
(-0.00625742 0.00223627 0)
(-0.0100069 0.000597957 0)
(-0.0115031 0.000215619 0)
(-0.0105636 0.00111907 0)
(-0.00821774 0.00219831 0)
(-0.00624266 0.00112411 0)
(-0.00871135 -0.00443654 0)
(0.00655107 -0.0163228 0)
(-0.0016636 -0.0436017 0)
(0.0206514 0.0329174 0)
(0.0523724 9.49343e-05 0)
(0.0521926 0.000937693 0)
(0.051333 0.00268011 0)
(0.0492014 0.00514151 0)
(0.0453657 0.00776191 0)
(0.039719 0.00983942 0)
(0.03245 0.0107586 0)
(0.0238227 0.0102497 0)
(0.0141866 0.00846745 0)
(0.00493296 0.00593993 0)
(-0.00220407 0.00332646 0)
(-0.00717303 0.0012346 0)
(-0.0097674 0.000338514 0)
(-0.00954741 0.000799873 0)
(-0.00735079 0.00183268 0)
(-0.00500394 0.000971236 0)
(-0.00779122 -0.00553178 0)
(0.0078329 -0.0171917 0)
(-0.00117837 -0.044616 0)
(0.0186396 0.0346336 0)
(0.0578207 0.000105347 0)
(0.0576878 0.00103202 0)
(0.0569501 0.00296681 0)
(0.055003 0.00572297 0)
(0.0513942 0.00868824 0)
(0.0459908 0.0111047 0)
(0.0389386 0.0123292 0)
(0.0304913 0.0120696 0)
(0.0209171 0.01039 0)
(0.0111193 0.00769045 0)
(0.00274569 0.00468784 0)
(-0.0034906 0.00212178 0)
(-0.00735525 0.000676311 0)
(-0.00821297 0.000594831 0)
(-0.0064498 0.00141992 0)
(-0.00320586 0.000784302 0)
(-0.00581009 -0.00658706 0)
(0.00906691 -0.0180264 0)
(-0.000548854 -0.0452313 0)
(0.0165607 0.0361584 0)
(0.0625128 0.000109919 0)
(0.0624413 0.00110529 0)
(0.0618603 0.00321937 0)
(0.0601516 0.00625889 0)
(0.0568379 0.00956113 0)
(0.0517617 0.0123154 0)
(0.0450364 0.0138474 0)
(0.0369041 0.0138446 0)
(0.0276084 0.0123243 0)
(0.0177057 0.00957565 0)
(0.00850073 0.00627811 0)
(0.00110953 0.00327183 0)
(-0.00403739 0.00127216 0)
(-0.00618361 0.000571708 0)
(-0.00529778 0.000945265 0)
(-0.00101706 0.000502077 0)
(-0.00302855 -0.00755245 0)
(0.010474 -0.0187524 0)
(0.000272182 -0.04544 0)
(0.0143938 0.0375122 0)
(0.0662883 0.000106938 0)
(0.0662957 0.00115176 0)
(0.0659136 0.00342821 0)
(0.0645102 0.00673598 0)
(0.0615763 0.0103643 0)
(0.0569218 0.0134519 0)
(0.0506298 0.0152903 0)
(0.0429288 0.015545 0)
(0.0340675 0.0142129 0)
(0.0243989 0.0115101 0)
(0.0148327 0.00803272 0)
(0.00656519 0.00464932 0)
(0.000301429 0.00212856 0)
(-0.0031202 0.000796592 0)
(-0.00353135 0.000465639 0)
(0.00115049 0.000100966 0)
(0.000333608 -0.0084367 0)
(0.0121707 -0.0193172 0)
(0.0013212 -0.0452282 0)
(0.0121221 0.0387105 0)
(0.0689636 9.42595e-05 0)
(0.0690708 0.00116468 0)
(0.0689383 0.00358163 0)
(0.0679219 0.0071376 0)
(0.0654734 0.0110781 0)
(0.061356 0.0144927 0)
(0.0556136 0.0166358 0)
(0.0484566 0.017147 0)
(0.0401483 0.0160145 0)
(0.0309517 0.0134191 0)
(0.0214505 0.00986794 0)
(0.0126994 0.00619895 0)
(0.00560219 0.00320851 0)
(0.00111328 0.00129098 0)
(-0.000588296 0.000141118 0)
(0.00319039 -0.000481068 0)
(0.00408964 -0.00925082 0)
(0.0141967 -0.0196856 0)
(0.00263058 -0.0445761 0)
(0.00973044 0.0397826 0)
(0.0703362 6.94435e-05 0)
(0.0705675 0.00113625 0)
(0.0707436 0.00366583 0)
(0.070211 0.0074434 0)
(0.0683761 0.0116779 0)
(0.0649376 0.0154124 0)
(0.0598818 0.0178595 0)
(0.0533902 0.0186276 0)
(0.045739 0.0176986 0)
(0.0371742 0.0152444 0)
(0.0280687 0.0117017 0)
(0.0192474 0.0078432 0)
(0.0116721 0.0044559 0)
(0.00636801 0.00200117 0)
(0.00378728 0.000101925 0)
(0.00590762 -0.00116221 0)
(0.00821362 -0.010028 0)
(0.0165496 -0.0198298 0)
(0.00423467 -0.0434264 0)
(0.0072199 0.0407053 0)
(0.0701943 3.11094e-05 0)
(0.0705772 0.00105873 0)
(0.0711282 0.00366565 0)
(0.0711894 0.00762997 0)
(0.0701178 0.0121344 0)
(0.0675269 0.0161811 0)
(0.0633211 0.0189357 0)
(0.0576356 0.0199677 0)
(0.0507488 0.0192465 0)
(0.0429288 0.0169491 0)
(0.0344479 0.0134686 0)
(0.0259145 0.00950268 0)
(0.0182324 0.00580075 0)
(0.012429 0.00285454 0)
(0.00926311 0.000300184 0)
(0.00993894 -0.00176982 0)
(0.0128684 -0.0107166 0)
(0.0192233 -0.0197193 0)
(0.00617573 -0.0416588 0)
(0.00454439 0.0416869 0)
(0.0683373 -3.18055e-05 0)
(0.0688993 0.000917584 0)
(0.0698939 0.00356047 0)
(0.0706663 0.00767042 0)
(0.0705246 0.0124149 0)
(0.0689754 0.0167587 0)
(0.0658073 0.0198191 0)
(0.0610876 0.0211226 0)
(0.0550856 0.0206195 0)
(0.0481057 0.0184925 0)
(0.0404019 0.015111 0)
(0.0324281 0.0111047 0)
(0.02497 0.00716873 0)
(0.0189952 0.0037877 0)
(0.0154549 0.000652418 0)
(0.0152778 -0.00227352 0)
(0.0180293 -0.0112604 0)
(0.0222054 -0.0193437 0)
(0.00851049 -0.0392092 0)
(0.00212221 0.042049 0)
(0.064612 -0.000117129 0)
(0.06537 0.000706592 0)
(0.0668639 0.00332528 0)
(0.0684438 0.00752618 0)
(0.0694 0.0124892 0)
(0.0691419 0.0171504 0)
(0.0672885 0.0205537 0)
(0.0637649 0.0221564 0)
(0.0587928 0.0218771 0)
(0.0527223 0.0199113 0)
(0.0458592 0.0166303 0)
(0.0385883 0.0126131 0)
(0.0315787 0.00849575 0)
(0.025714 0.00473296 0)
(0.0219951 0.00106462 0)
(0.0215231 -0.00265882 0)
(0.0233636 -0.0114712 0)
(0.0254206 -0.0186969 0)
(0.0112666 -0.036344 0)
(-0.00266393 0.0448561 0)
(0.0502773 -0.000329598 0)
(0.0516086 0.000147579 0)
(0.0543421 0.00250165 0)
(0.0574591 0.00660666 0)
(0.0603434 0.0116854 0)
(0.0626709 0.0167721 0)
(0.0640937 0.0209087 0)
(0.064232 0.0234042 0)
(0.0628713 0.0239726 0)
(0.0600739 0.0226817 0)
(0.0561065 0.01986 0)
(0.0513638 0.0160223 0)
(0.0464028 0.0117084 0)
(0.0418811 0.00728695 0)
(0.0385221 0.00264704 0)
(0.0365193 -0.00240326 0)
(0.0347602 -0.0101406 0)
(0.0332396 -0.016129 0)
(0.0190445 -0.0295821 0)
(0.0248004 0.0307413 0)
(0.0161599 -0.00153997 0)
(0.0215859 -0.00209415 0)
(0.0287771 -0.000147566 0)
(0.0350322 0.00388385 0)
(0.0399507 0.00905164 0)
(0.044256 0.0142457 0)
(0.0485766 0.0187047 0)
(0.0528416 0.0219452 0)
(0.056474 0.0236043 0)
(0.058924 0.0235017 0)
(0.0599717 0.0217281 0)
(0.0597189 0.0186152 0)
(0.0584811 0.0145875 0)
(0.0566675 0.00998691 0)
(0.0545986 0.00493298 0)
(0.0523902 -0.000479738 0)
(0.0489512 -0.00662939 0)
(0.0444845 -0.0111389 0)
(0.0305647 -0.0178934 0)
(0.0267778 0.00688727 0)
(0.00355888 -0.00630089 0)
(0.0151041 -0.00967474 0)
(0.0243907 -0.00706292 0)
(0.0298645 -0.000981984 0)
(0.0315433 0.00578793 0)
(0.0314823 0.0112318 0)
(0.0325656 0.0150327 0)
(0.03601 0.0177578 0)
(0.0410975 0.0195693 0)
(0.0465076 0.0202202 0)
(0.051229 0.0195054 0)
(0.0547495 0.0174695 0)
(0.0569326 0.0143513 0)
(0.0578662 0.0104544 0)
(0.0576224 0.0060413 0)
(0.0562908 0.00147843 0)
(0.0532639 -0.00299065 0)
(0.0484436 -0.00560857 0)
(0.0391378 -0.0073758 0)
(0.0321832 0.00559472 0)
(0.00111358 -0.0128906 0)
(0.0158709 -0.0185715 0)
(0.0249973 -0.0131902 0)
(0.0295688 -0.00271087 0)
(0.0295408 0.00711141 0)
(0.0257978 0.0129122 0)
(0.0219445 0.0147997 0)
(0.0213369 0.0150294 0)
(0.0243495 0.0151549 0)
(0.0295316 0.0152651 0)
(0.0353419 0.0149056 0)
(0.0407073 0.0137508 0)
(0.0450044 0.0117334 0)
(0.0479584 0.00898986 0)
(0.049449 0.00576943 0)
(0.0494982 0.00251821 0)
(0.0479031 -0.000312851 0)
(0.045063 -0.001389 0)
(0.0402773 -0.000430442 0)
(0.0371735 0.00759316 0)
(0.00184436 -0.0204209 0)
(0.0166768 -0.0274085 0)
(0.0237905 -0.018552 0)
(0.0264717 -0.00411086 0)
(0.0257612 0.00927577 0)
(0.0211721 0.0169163 0)
(0.0148469 0.0179311 0)
(0.0108307 0.0154278 0)
(0.0108896 0.0128066 0)
(0.0141026 0.0112023 0)
(0.0189264 0.0102505 0)
(0.0241154 0.0093628 0)
(0.0287999 0.00813765 0)
(0.0324819 0.00645194 0)
(0.0349203 0.00440539 0)
(0.036132 0.00234394 0)
(0.0361317 0.000748282 0)
(0.035404 0.000537715 0)
(0.0340341 0.00206214 0)
(0.0343205 0.00729063 0)
(0.00318684 -0.0273248 0)
(0.0161321 -0.034461 0)
(0.019941 -0.0218216 0)
(0.0205048 -0.00397185 0)
(0.019208 0.0119329 0)
(0.0150573 0.0213508 0)
(0.00860793 0.0223258 0)
(0.00329019 0.0177332 0)
(0.00160239 0.0123591 0)
(0.00310183 0.00869882 0)
(0.00630854 0.00673417 0)
(0.0101168 0.00570669 0)
(0.0137568 0.00490359 0)
(0.0168059 0.0039466 0)
(0.0190582 0.00274659 0)
(0.0205521 0.00147324 0)
(0.0214307 0.000475248 0)
(0.0222536 0.000401625 0)
(0.023323 0.00170079 0)
(0.0260325 0.0052541 0)
(0.002155 -0.0339605 0)
(0.0133605 -0.039074 0)
(0.0136758 -0.0225882 0)
(0.0126552 -0.0026488 0)
(0.0112479 0.0145683 0)
(0.00798794 0.0252824 0)
(0.00265784 0.0265598 0)
(-0.0022203 0.0204431 0)
(-0.0040861 0.0127206 0)
(-0.00350957 0.00733189 0)
(-0.00190906 0.00465441 0)
(7.01016e-06 0.00354736 0)
(0.00186568 0.00296592 0)
(0.00350686 0.00237909 0)
(0.00484093 0.0015618 0)
(0.005976 0.00053578 0)
(0.00710971 -0.000461097 0)
(0.00877623 -0.000897044 0)
(0.0112067 -0.000332407 0)
(0.0152953 0.00185932 0)
(0.00147764 -0.0398628 0)
(0.00905747 -0.0409499 0)
(0.00662043 -0.0214305 0)
(0.00488493 -0.000853485 0)
(0.00359903 0.0166967 0)
(0.00122053 0.0282325 0)
(-0.00246512 0.0298687 0)
(-0.00580852 0.0226428 0)
(-0.00701737 0.013261 0)
(-0.00703835 0.00693874 0)
(-0.00678458 0.00398577 0)
(-0.0063318 0.0027798 0)
(-0.00585562 0.0022558 0)
(-0.00548102 0.00173838 0)
(-0.0051516 0.000893474 0)
(-0.00466233 -0.000356684 0)
(-0.00371218 -0.00179527 0)
(-0.00195321 -0.00289219 0)
(0.000633618 -0.00320679 0)
(0.00497369 -0.00217932 0)
(0.00270901 -0.0428724 0)
(0.00426813 -0.0400597 0)
(0.000533786 -0.0192813 0)
(-0.00149677 0.000676513 0)
(-0.0028671 0.0182318 0)
(-0.00430682 0.0300666 0)
(-0.00607363 0.0317967 0)
(-0.00747253 0.0238073 0)
(-0.00762916 0.0136434 0)
(-0.00759762 0.00706635 0)
(-0.00740285 0.0040049 0)
(-0.00707436 0.00286099 0)
(-0.00719131 0.00248487 0)
(-0.00792912 0.00202904 0)
(-0.00894045 0.0010272 0)
(-0.00965487 -0.000639412 0)
(-0.00963686 -0.00272168 0)
(-0.00863467 -0.00458462 0)
(-0.00651726 -0.00572257 0)
(-0.00290856 -0.00574463 0)
(0.00243597 -0.0437824 0)
(-0.00052881 -0.0371633 0)
(-0.00409901 -0.0169596 0)
(-0.00668554 0.00222388 0)
(-0.00785806 0.0193314 0)
(-0.00825092 0.030695 0)
(-0.00792492 0.0320277 0)
(-0.0071463 0.0236804 0)
(-0.00572254 0.0133517 0)
(-0.00427883 0.0067087 0)
(-0.00233868 0.00361528 0)
(-0.000657857 0.00292515 0)
(-0.000787456 0.00332372 0)
(-0.00298994 0.00348591 0)
(-0.00639685 0.00243498 0)
(-0.00946588 0.00012523 0)
(-0.0111128 -0.00280829 0)
(-0.0111093 -0.0056959 0)
(-0.00956994 -0.00776102 0)
(-0.00674557 -0.00864789 0)
(0.0021331 -0.0434665 0)
(-0.00476629 -0.0333345 0)
(-0.00783928 -0.0144006 0)
(-0.011032 0.0040489 0)
(-0.0116152 0.0198054 0)
(-0.0107351 0.0299447 0)
(-0.00825892 0.0304914 0)
(-0.00512518 0.0220063 0)
(-0.00134653 0.0116071 0)
(0.00311435 0.00456899 0)
(0.00842914 0.00151081 0)
(0.0126874 0.00212238 0)
(0.0136032 0.00486441 0)
(0.0104918 0.00710873 0)
(0.00434185 0.00664758 0)
(-0.00236385 0.00313631 0)
(-0.00700043 -0.00178515 0)
(-0.00851993 -0.00627737 0)
(-0.00764596 -0.00955045 0)
(-0.00525015 -0.0111845 0)
(0.00469554 -0.0381875 0)
(-0.00833503 -0.0285779 0)
(-0.0113811 -0.0114476 0)
(-0.0146515 0.00552437 0)
(-0.0144528 0.0194203 0)
(-0.0122096 0.027765 0)
(-0.00777505 0.0272143 0)
(-0.00233848 0.0184645 0)
(0.00416106 0.00749475 0)
(0.0127297 -0.000440757 0)
(0.0227148 -0.00354135 0)
(0.0299867 -0.000823761 0)
(0.0324157 0.00543698 0)
(0.0291991 0.0113837 0)
(0.021322 0.0131315 0)
(0.0116501 0.00944162 0)
(0.0036678 0.00221733 0)
(-0.000528075 -0.00532634 0)
(-0.00077228 -0.010841 0)
(0.00140551 -0.01346 0)
(-0.00366062 -0.0330953 0)
(-0.0135679 -0.0235922 0)
(-0.0151405 -0.00862397 0)
(-0.01775 0.00643057 0)
(-0.0166968 0.0181183 0)
(-0.0133234 0.024331 0)
(-0.00753636 0.0223849 0)
(-0.000478191 0.0129309 0)
(0.00854442 -2.29703e-05 0)
(0.0208299 -0.0103838 0)
(0.0317923 -0.0123978 0)
(0.0393206 -0.00612816 0)
(0.0426257 0.00444068 0)
(0.0407673 0.0146674 0)
(0.0338372 0.0195858 0)
(0.0241081 0.0167916 0)
(0.0151989 0.00817514 0)
(0.00977297 -0.00221657 0)
(0.00862464 -0.0108655 0)
(0.0111359 -0.0152244 0)
(-0.000956856 -0.0280268 0)
(-0.0166716 -0.0185057 0)
(-0.0184535 -0.00617204 0)
(-0.0204436 0.00656634 0)
(-0.0187232 0.0160419 0)
(-0.0148219 0.0202569 0)
(-0.00878043 0.0169044 0)
(-0.00135385 0.00593609 0)
(0.00904888 -0.0101066 0)
(0.0177604 -0.0202156 0)
(0.0263876 -0.0198908 0)
(0.0326815 -0.0101059 0)
(0.0359065 0.00408489 0)
(0.0363234 0.0175476 0)
(0.0328053 0.0249098 0)
(0.0262719 0.0229978 0)
(0.0196391 0.0134565 0)
(0.0157019 0.00073813 0)
(0.0158817 -0.010946 0)
(0.0198701 -0.0173716 0)
(-0.00556831 -0.0209849 0)
(-0.0200965 -0.013094 0)
(-0.0213327 -0.00376653 0)
(-0.0227959 0.00652665 0)
(-0.0204861 0.0138901 0)
(-0.016475 0.016256 0)
(-0.0109359 0.0112439 0)
(-0.00487524 -0.00130461 0)
(-0.0012055 -0.0157398 0)
(0.00393009 -0.0270716 0)
(0.00976563 -0.0250602 0)
(0.0142423 -0.012634 0)
(0.0165037 0.00311566 0)
(0.0187402 0.0183726 0)
(0.0189633 0.0275284 0)
(0.0168898 0.0262588 0)
(0.0145211 0.0160006 0)
(0.0141004 0.00127269 0)
(0.0180164 -0.0133407 0)
(0.0228091 -0.0210555 0)
(-0.000914344 -0.0127858 0)
(-0.0198884 -0.00735423 0)
(-0.0219375 -0.00159611 0)
(-0.022916 0.00578053 0)
(-0.0201165 0.0109671 0)
(-0.0165506 0.0121806 0)
(-0.0138715 0.0080041 0)
(-0.0146028 -0.00229869 0)
(-0.015115 -0.0191 0)
(-0.012856 -0.0313893 0)
(-0.0116047 -0.0271027 0)
(-0.00923187 -0.0132582 0)
(-0.00793767 0.00256713 0)
(-0.00524258 0.017597 0)
(-0.00211668 0.0272392 0)
(9.10277e-05 0.0261138 0)
(0.00250637 0.01487 0)
(0.00701879 -0.0021442 0)
(0.0135473 -0.0181637 0)
(0.0137248 -0.0234613 0)
(-0.006886 -0.0044151 0)
(-0.0187162 -0.00206056 0)
(-0.0190751 -3.84422e-05 0)
(-0.0192979 0.00445663 0)
(-0.0166411 0.00868347 0)
(-0.0148836 0.0112433 0)
(-0.016641 0.010504 0)
(-0.0212377 9.21058e-05 0)
(-0.0232699 -0.0196725 0)
(-0.027637 -0.0308982 0)
(-0.031549 -0.0261827 0)
(-0.0317196 -0.0127227 0)
(-0.0313742 0.0019 0)
(-0.0285617 0.0159123 0)
(-0.0233134 0.0244499 0)
(-0.0173118 0.0224039 0)
(-0.0103003 0.00957887 0)
(-0.00291705 -0.00841934 0)
(-0.00346406 -0.0189795 0)
(-0.0110962 -0.0187882 0)
(-0.00564962 -0.00194276 0)
(-0.014255 0.00142945 0)
(-0.012809 0.000942007 0)
(-0.0129535 0.0029138 0)
(-0.0112939 0.00714223 0)
(-0.0110724 0.0112935 0)
(-0.0142521 0.0134339 0)
(-0.0190898 0.00345269 0)
(-0.022312 -0.0153112 0)
(-0.0333005 -0.0269071 0)
(-0.0442049 -0.0237188 0)
(-0.0480185 -0.0110978 0)
(-0.0474967 0.00143338 0)
(-0.0438169 0.0120773 0)
(-0.0373379 0.0183415 0)
(-0.0292672 0.0140412 0)
(-0.0219571 0.0021204 0)
(-0.0220828 -0.00843771 0)
(-0.0311886 -0.0120275 0)
(-0.0401647 -0.0110084 0)
(-0.00652644 -0.00190682 0)
(-0.0104666 0.00164089 0)
(-0.0086579 0.00117194 0)
(-0.00974322 0.00241058 0)
(-0.00928169 0.00953431 0)
(-0.00851677 0.013619 0)
(-0.00847842 0.018952 0)
(-0.00945291 0.00961282 0)
(-0.0106426 -0.00802056 0)
(-0.0264176 -0.017535 0)
(-0.0442467 -0.0179351 0)
(-0.0549231 -0.00913308 0)
(-0.0560559 -0.00252577 0)
(-0.0499618 0.00674072 0)
(-0.0440024 0.0136773 0)
(-0.0392796 0.00954882 0)
(-0.0378938 0.00298403 0)
(-0.0425053 -0.00333238 0)
(-0.0494584 -0.00807967 0)
(-0.0587082 -0.00754431 0)
(-0.00493356 0.00313682 0)
(-0.00665412 -0.000421832 0)
(-0.00553854 0.00337562 0)
(-0.00625571 0.00137517 0)
(-0.00725716 0.0108125 0)
(-0.00602302 0.00598364 0)
(-0.00308998 0.0161886 0)
(-0.00276338 0.00484713 0)
(-0.00055949 0.000501167 0)
(-0.0105316 0.00279387 0)
(-0.0281216 -0.00113088 0)
(-0.0424096 0.00717414 0)
(-0.0501371 -0.00384144 0)
(-0.0445488 0.00124444 0)
(-0.0441774 0.0133607 0)
(-0.0457904 0.00830476 0)
(-0.0457149 0.00517484 0)
(-0.0453527 -0.000191305 0)
(-0.0464388 3.71852e-06 0)
(-0.0527832 0.00759311 0)
(-0.0153388 0.00186192 0)
(-0.0083062 -0.000935357 0)
(0.00671899 -9.22313e-05 0)
(0.00347777 1.35718e-05 0)
(0.00362778 -5.29895e-06 0)
(0.00330277 4.20502e-05 0)
(0.00235323 5.70888e-05 0)
(0.0015489 3.31867e-05 0)
(0.00119333 9.4976e-06 0)
(0.00111187 1.26521e-06 0)
(0.00102429 5.29684e-06 0)
(0.000751857 1.32895e-05 0)
(0.000229435 2.13294e-05 0)
(-0.000507495 2.66215e-05 0)
(-0.00139285 2.97476e-05 0)
(-0.00237967 3.77938e-05 0)
(-0.00366069 6.25072e-05 0)
(-0.00505482 7.10944e-05 0)
(-0.00586011 2.8076e-05 0)
(-0.00589129 -5.18878e-07 0)
(-0.0245154 0.00502088 0)
(-0.00789738 -0.00534284 0)
(0.0107348 -0.00143479 0)
(0.00785753 0.000136071 0)
(0.0074241 0.000129465 0)
(0.00683151 0.000261129 0)
(0.00530002 0.000337103 0)
(0.00396826 0.00021319 0)
(0.00335755 7.16672e-05 0)
(0.00318022 2.69733e-05 0)
(0.00292867 7.29961e-05 0)
(0.00222351 0.000163581 0)
(0.00088218 0.000259748 0)
(-0.00102369 0.000332215 0)
(-0.00331885 0.00037908 0)
(-0.00587587 0.000446256 0)
(-0.00899021 0.000539396 0)
(-0.0119479 0.000457121 0)
(-0.0133377 0.000147254 0)
(-0.0132546 -1.55811e-05 0)
(-0.0262555 0.00871055 0)
(-0.00595436 -0.00998452 0)
(0.00941967 -0.00260707 0)
(0.00770684 6.90026e-05 0)
(0.00823004 0.000267161 0)
(0.00803539 0.000486327 0)
(0.00672716 0.000626771 0)
(0.00551663 0.000415816 0)
(0.00491511 0.000152722 0)
(0.00467654 7.57901e-05 0)
(0.00428194 0.000191459 0)
(0.00327195 0.000416703 0)
(0.00137107 0.000662824 0)
(-0.00135434 0.00085324 0)
(-0.00465008 0.000979079 0)
(-0.00838284 0.00113795 0)
(-0.0128044 0.00127419 0)
(-0.0166043 0.000972628 0)
(-0.0181032 0.000273149 0)
(-0.0179101 -4.87007e-05 0)
(-0.0255718 0.0124281 0)
(-0.00592675 -0.0139707 0)
(0.00529872 -0.00327945 0)
(0.00455609 -0.000179463 0)
(0.00693853 0.000175979 0)
(0.00762054 0.000591354 0)
(0.00699182 0.000832747 0)
(0.00627244 0.000578073 0)
(0.00585742 0.000230634 0)
(0.00559756 0.000143601 0)
(0.00507162 0.000349769 0)
(0.00383273 0.000741665 0)
(0.00156127 0.00117832 0)
(-0.00169696 0.00152504 0)
(-0.00567215 0.00176536 0)
(-0.0103211 0.00204873 0)
(-0.0157299 0.00218973 0)
(-0.0199936 0.00155646 0)
(-0.0214149 0.000392247 0)
(-0.0211225 -9.18622e-05 0)
(-0.0240878 0.0159133 0)
(-0.0068312 -0.0170441 0)
(0.000224926 -0.00391548 0)
(0.00077442 -0.000682249 0)
(0.00472567 -0.000206286 0)
(0.00625318 0.000515042 0)
(0.00647624 0.00089028 0)
(0.00640634 0.000652926 0)
(0.00627107 0.000284452 0)
(0.00602338 0.000225249 0)
(0.00536948 0.000542153 0)
(0.00393275 0.00111781 0)
(0.00140462 0.00176546 0)
(-0.00218044 0.00229347 0)
(-0.00662612 0.00268928 0)
(-0.0120546 0.00313052 0)
(-0.01822 0.00322403 0)
(-0.0226408 0.00215607 0)
(-0.0237938 0.000483064 0)
(-0.0233534 -0.000148447 0)
(-0.0223696 0.0191632 0)
(-0.00780778 -0.019391 0)
(-0.00421297 -0.0043555 0)
(-0.00209784 -0.00133564 0)
(0.00236312 -0.000804519 0)
(0.00449492 0.000270331 0)
(0.00552359 0.000786708 0)
(0.00608609 0.000627285 0)
(0.00623948 0.000305426 0)
(0.00601583 0.000317964 0)
(0.00523212 0.000766857 0)
(0.00360932 0.00153481 0)
(0.000893743 0.00239884 0)
(-0.00287771 0.00312517 0)
(-0.00768757 0.003726 0)
(-0.0138198 0.00435048 0)
(-0.0204754 0.00431803 0)
(-0.0246698 0.00271366 0)
(-0.0252898 0.000515901 0)
(-0.0246191 -0.000226568 0)
(-0.0206388 0.0222271 0)
(-0.00859167 -0.02107 0)
(-0.00742993 -0.00467421 0)
(-0.00402049 -0.00218861 0)
(0.000148544 -0.00145745 0)
(0.00273499 -9.74635e-05 0)
(0.00437189 0.000546341 0)
(0.0054316 0.000513917 0)
(0.00581842 0.000296124 0)
(0.00560399 0.000422158 0)
(0.00468448 0.00102346 0)
(0.00288854 0.0019861 0)
(4.32779e-05 0.00306149 0)
(-0.00382227 0.00400268 0)
(-0.00896816 0.00486381 0)
(-0.0157177 0.00567137 0)
(-0.022502 0.00539807 0)
(-0.0260214 0.00316138 0)
(-0.0258429 0.000458273 0)
(-0.0248673 -0.00033563 0)
(-0.0189796 0.0251212 0)
(-0.0091561 -0.0221865 0)
(-0.00965369 -0.00500473 0)
(-0.00534871 -0.00308518 0)
(-0.00173831 -0.00209134 0)
(0.00113952 -0.000550439 0)
(0.00312552 0.00021391 0)
(0.00450858 0.000339362 0)
(0.00503864 0.000267041 0)
(0.00479586 0.000541406 0)
(0.00373333 0.00131109 0)
(0.00179141 0.00246397 0)
(-0.00111564 0.00374018 0)
(-0.00502364 0.00491936 0)
(-0.0105237 0.00609332 0)
(-0.0177419 0.00704147 0)
(-0.0242173 0.00637872 0)
(-0.0266432 0.00343347 0)
(-0.0254886 0.000284005 0)
(-0.0241555 -0.000484269 0)
(-0.0174137 0.0278456 0)
(-0.00954132 -0.0228537 0)
(-0.0112169 -0.00537473 0)
(-0.00639927 -0.00393834 0)
(-0.00334012 -0.00269089 0)
(-0.000327047 -0.00105203 0)
(0.0017915 -0.000163963 0)
(0.00334144 0.000132622 0)
(0.00391232 0.000232761 0)
(0.00359193 0.00068122 0)
(0.00238715 0.00162681 0)
(0.000350524 0.00295815 0)
(-0.00253621 0.00442302 0)
(-0.00647772 0.00587585 0)
(-0.0123594 0.00739958 0)
(-0.0198178 0.00839586 0)
(-0.0255394 0.00717777 0)
(-0.0265819 0.00348206 0)
(-0.0244013 -2.11293e-05 0)
(-0.0226649 -0.0006806 0)
(-0.0159386 0.0304123 0)
(-0.0097974 -0.0231618 0)
(-0.0123531 -0.00576303 0)
(-0.00736691 -0.00471765 0)
(-0.00478533 -0.00325947 0)
(-0.00176522 -0.00156219 0)
(0.000337484 -0.000552481 0)
(0.00192824 -8.53067e-05 0)
(0.00244054 0.000208996 0)
(0.00199915 0.00084609 0)
(0.000675897 0.00196373 0)
(-0.00137286 0.00345259 0)
(-0.00416188 0.00510268 0)
(-0.00817012 0.00687645 0)
(-0.0144347 0.00875805 0)
(-0.0218421 0.00966519 0)
(-0.0264394 0.00773262 0)
(-0.0259969 0.00328714 0)
(-0.0228586 -0.00046013 0)
(-0.0206513 -0.000933712 0)
(-0.0145428 0.0328326 0)
(-0.0099701 -0.023174 0)
(-0.0131983 -0.00613806 0)
(-0.00833417 -0.00540878 0)
(-0.00618399 -0.00379216 0)
(-0.00326033 -0.00205487 0)
(-0.00127049 -0.000931566 0)
(0.000254239 -0.000292422 0)
(0.000628539 0.000209966 0)
(4.84677e-05 0.00103568 0)
(-0.00133046 0.00230859 0)
(-0.00328781 0.00392906 0)
(-0.00593272 0.00577789 0)
(-0.0100735 0.00792522 0)
(-0.016671 0.0101347 0)
(-0.0237163 0.010787 0)
(-0.0269567 0.0080117 0)
(-0.0251261 0.0028572 0)
(-0.0211795 -0.00103143 0)
(-0.0184008 -0.00125463 0)
(-0.0132105 0.0351142 0)
(-0.0100972 -0.0229341 0)
(-0.0138372 -0.00647607 0)
(-0.00931504 -0.00599987 0)
(-0.00759041 -0.00428002 0)
(-0.00485233 -0.00251339 0)
(-0.0030492 -0.0012857 0)
(-0.00168744 -0.00046857 0)
(-0.00149301 0.000243115 0)
(-0.00218265 0.0012427 0)
(-0.00351726 0.00264055 0)
(-0.00528713 0.00437463 0)
(-0.00779157 0.00645427 0)
(-0.0121428 0.0090222 0)
(-0.0189654 0.0114898 0)
(-0.0253679 0.0117157 0)
(-0.0271864 0.00801786 0)
(-0.0242161 0.00222332 0)
(-0.0196329 -0.00173171 0)
(-0.0161817 -0.00165425 0)
(-0.0119251 0.0372611 0)
(-0.0102068 -0.022472 0)
(-0.0143324 -0.00676412 0)
(-0.010289 -0.00647966 0)
(-0.00900797 -0.00471154 0)
(-0.00653449 -0.00292447 0)
(-0.00498894 -0.00159626 0)
(-0.00386018 -0.000603325 0)
(-0.00384492 0.000304492 0)
(-0.00456568 0.00144978 0)
(-0.00574341 0.00293936 0)
(-0.00726454 0.00478363 0)
(-0.00968641 0.00714313 0)
(-0.0143126 0.0101612 0)
(-0.0212088 0.012784 0)
(-0.0267619 0.0124286 0)
(-0.0272468 0.00778247 0)
(-0.0234393 0.00142737 0)
(-0.0183396 -0.00255352 0)
(-0.0141527 -0.00213808 0)
(-0.0106691 0.0392773 0)
(-0.0103106 -0.0218056 0)
(-0.0147403 -0.00699803 0)
(-0.0112221 -0.00684126 0)
(-0.0104093 -0.0050753 0)
(-0.00826346 -0.00327485 0)
(-0.00703909 -0.00185015 0)
(-0.0061782 -0.000693191 0)
(-0.00629495 0.000382137 0)
(-0.00693911 0.00163432 0)
(-0.00786367 0.00318916 0)
(-0.00913018 0.00516063 0)
(-0.0115688 0.00785835 0)
(-0.0165018 0.0113298 0)
(-0.0233046 0.0139841 0)
(-0.0278992 0.0129253 0)
(-0.0272399 0.00735062 0)
(-0.0228387 0.000504568 0)
(-0.0172473 -0.0034886 0)
(-0.0122939 -0.00270714 0)
(-0.0094253 0.0411647 0)
(-0.0103995 -0.0209453 0)
(-0.0151182 -0.00717881 0)
(-0.0120802 -0.0070836 0)
(-0.0117579 -0.00536196 0)
(-0.00997351 -0.00355389 0)
(-0.00911113 -0.00204018 0)
(-0.00851176 -0.000744137 0)
(-0.00867834 0.00045704 0)
(-0.00913784 0.00177533 0)
(-0.00975451 0.00338391 0)
(-0.0108194 0.00551983 0)
(-0.0133911 0.00861261 0)
(-0.0186236 0.0125116 0)
(-0.0251821 0.015068 0)
(-0.0288077 0.0132231 0)
(-0.0272268 0.00676572 0)
(-0.0223611 -0.000523214 0)
(-0.0162425 -0.00453408 0)
(-0.010469 -0.00336616 0)
(-0.00817495 0.0429204 0)
(-0.0104396 -0.0198971 0)
(-0.0155198 -0.00731275 0)
(-0.0128353 -0.00721645 0)
(-0.0130224 -0.00556749 0)
(-0.0115925 -0.00375791 0)
(-0.0110934 -0.0021673 0)
(-0.0107112 -0.000769597 0)
(-0.0108325 0.000508326 0)
(-0.0110252 0.00185907 0)
(-0.0113324 0.00352891 0)
(-0.0122933 0.00588144 0)
(-0.0151054 0.00941467 0)
(-0.0205985 0.0136897 0)
(-0.0268027 0.0160262 0)
(-0.0295287 0.0133486 0)
(-0.0272367 0.00606121 0)
(-0.0219604 -0.00164967 0)
(-0.0152791 -0.00569902 0)
(-0.00855962 -0.0041274 0)
(-0.00690006 0.0445346 0)
(-0.0103786 -0.0186452 0)
(-0.0159797 -0.00740867 0)
(-0.0134629 -0.00726427 0)
(-0.0141776 -0.00569471 0)
(-0.0130578 -0.00389367 0)
(-0.0128753 -0.00224087 0)
(-0.012639 -0.00078631 0)
(-0.0126305 0.00051934 0)
(-0.0125156 0.00188162 0)
(-0.0125599 0.0036385 0)
(-0.0135339 0.00626684 0)
(-0.0166672 0.0102686 0)
(-0.0223659 0.0148501 0)
(-0.0281588 0.0168611 0)
(-0.0301121 0.0133336 0)
(-0.0273051 0.00526196 0)
(-0.0216796 -0.00288886 0)
(-0.0144012 -0.00702099 0)
(-0.00653223 -0.00501333 0)
(-0.00556907 0.046002 0)
(-0.0101679 -0.0171365 0)
(-0.0165109 -0.00746485 0)
(-0.013941 -0.00725481 0)
(-0.0151943 -0.00575049 0)
(-0.014328 -0.00397898 0)
(-0.0143728 -0.00227849 0)
(-0.014195 -0.000810427 0)
(-0.0139993 0.000481251 0)
(-0.0135809 0.00184857 0)
(-0.0134403 0.00373196 0)
(-0.0145384 0.00669454 0)
(-0.0180406 0.0111742 0)
(-0.0238904 0.0159838 0)
(-0.0292691 0.0175852 0)
(-0.0306183 0.0132136 0)
(-0.0275079 0.00438653 0)
(-0.0216498 -0.00426648 0)
(-0.0137112 -0.00854835 0)
(-0.00446734 -0.00605176 0)
(-0.00422052 0.0472635 0)
(-0.00979065 -0.0153627 0)
(-0.0171456 -0.00746737 0)
(-0.0142766 -0.00717906 0)
(-0.0160328 -0.00572707 0)
(-0.0153802 -0.00402463 0)
(-0.0155464 -0.00229905 0)
(-0.0153277 -0.000854527 0)
(-0.0149175 0.000394866 0)
(-0.0142391 0.00177347 0)
(-0.0140052 0.00382921 0)
(-0.0153148 0.00717784 0)
(-0.0192034 0.0121297 0)
(-0.0251622 0.0170894 0)
(-0.0301737 0.0182234 0)
(-0.0311282 0.0130293 0)
(-0.0279708 0.0034652 0)
(-0.0220221 -0.00572273 0)
(-0.0133299 -0.0102392 0)
(-0.00259294 -0.00724378 0)
(-0.00241325 0.048439 0)
(-0.00923743 -0.0135515 0)
(-0.017983 -0.00746765 0)
(-0.0145715 -0.0070062 0)
(-0.0166671 -0.00560904 0)
(-0.0161919 -0.00400996 0)
(-0.0163963 -0.00230443 0)
(-0.016039 -0.000924224 0)
(-0.0153938 0.000263896 0)
(-0.0145262 0.00167074 0)
(-0.0142923 0.00394587 0)
(-0.0158743 0.00772158 0)
(-0.0201478 0.0131311 0)
(-0.0261952 0.0181725 0)
(-0.03093 0.0187941 0)
(-0.0317499 0.0128155 0)
(-0.0288109 0.00258481 0)
(-0.0228339 -0.0070979 0)
(-0.0133457 -0.0119795 0)
(-0.00124866 -0.00856295 0)
(-0.00403983 0.0504304 0)
(-0.00666932 -0.00813745 0)
(-0.0207046 -0.00729091 0)
(-0.0159846 -0.00666422 0)
(-0.0178692 -0.00537851 0)
(-0.0173873 -0.00397586 0)
(-0.0174694 -0.00239721 0)
(-0.0167411 -0.00124553 0)
(-0.0155285 -0.000248457 0)
(-0.0143251 0.00130637 0)
(-0.0142689 0.00432163 0)
(-0.0165633 0.00932097 0)
(-0.0216801 0.0157844 0)
(-0.0280737 0.0208456 0)
(-0.0328497 0.0203316 0)
(-0.034152 0.012758 0)
(-0.0317367 0.000747937 0)
(-0.0253292 -0.011082 0)
(-0.014605 -0.0172198 0)
(-0.000277724 -0.0125072 0)
(0.0144681 0.0573053 0)
(0.000575631 0.00616192 0)
(-0.0246684 -0.005487 0)
(-0.0194434 -0.00656495 0)
(-0.0198041 -0.00549542 0)
(-0.0183373 -0.00443497 0)
(-0.017486 -0.0031235 0)
(-0.0161199 -0.00231788 0)
(-0.0145804 -0.00141463 0)
(-0.0135357 0.00079857 0)
(-0.0141014 0.00544374 0)
(-0.0173942 0.0125982 0)
(-0.0235765 0.0205904 0)
(-0.0307008 0.0255265 0)
(-0.0361144 0.0232295 0)
(-0.0380896 0.0126815 0)
(-0.0355621 -0.00331554 0)
(-0.0285057 -0.0192853 0)
(-0.0174866 -0.0275362 0)
(-0.000153645 -0.0198131 0)
(0.0304952 0.0662156 0)
(0.0107345 0.0316997 0)
(-0.0262305 0.00118364 0)
(-0.0244201 -0.00729302 0)
(-0.0224472 -0.00738411 0)
(-0.0191661 -0.00593814 0)
(-0.0170099 -0.00448588 0)
(-0.0150394 -0.00357381 0)
(-0.0135457 -0.00236025 0)
(-0.0131337 0.000880022 0)
(-0.0146286 0.00743388 0)
(-0.0188142 0.0167704 0)
(-0.0255217 0.0260127 0)
(-0.0326269 0.0304283 0)
(-0.0374356 0.0258721 0)
(-0.0378867 0.0117782 0)
(-0.0334757 -0.00821529 0)
(-0.026839 -0.0276686 0)
(-0.0184847 -0.0386935 0)
(-0.000467722 -0.0290488 0)
(0.0405275 0.0680173 0)
(0.0272983 0.0625838 0)
(-0.0205899 0.014749 0)
(-0.0277658 -0.00723651 0)
(-0.025627 -0.012111 0)
(-0.0195755 -0.00896824 0)
(-0.0161364 -0.00667137 0)
(-0.0136841 -0.00498533 0)
(-0.0126376 -0.00287943 0)
(-0.0133007 0.00178096 0)
(-0.0159443 0.0102879 0)
(-0.0206932 0.0214217 0)
(-0.0269039 0.0312143 0)
(-0.0323299 0.0342882 0)
(-0.034244 0.0268365 0)
(-0.0308688 0.00956121 0)
(-0.0237324 -0.0122539 0)
(-0.018437 -0.0325343 0)
(-0.0154211 -0.0462683 0)
(-0.00109609 -0.0387424 0)
(0.0495325 0.0606527 0)
(0.0457884 0.0885788 0)
(2.76123e-05 0.0422447 0)
(-0.0230059 -0.00197645 0)
(-0.0260548 -0.0180268 0)
(-0.0184633 -0.0138005 0)
(-0.0143185 -0.00927815 0)
(-0.0120416 -0.00616843 0)
(-0.0120123 -0.00259847 0)
(-0.0140534 0.00372018 0)
(-0.0177164 0.0137671 0)
(-0.0223558 0.0257511 0)
(-0.0268638 0.0349348 0)
(-0.0291472 0.0356605 0)
(-0.0270125 0.0249256 0)
(-0.0197988 0.00525671 0)
(-0.011069 -0.016308 0)
(-0.00678995 -0.0340026 0)
(-0.00895731 -0.0477965 0)
(-0.00493894 -0.0443696 0)
(0.0582475 0.048879 0)
(0.0607021 0.104525 0)
(0.0254824 0.0742963 0)
(-0.00314388 0.015835 0)
(-0.0186252 -0.0191971 0)
(-0.0147113 -0.0190953 0)
(-0.0110595 -0.0113854 0)
(-0.0102634 -0.00648279 0)
(-0.0118484 -0.00118795 0)
(-0.0153036 0.00663866 0)
(-0.0195477 0.0174149 0)
(-0.0232714 0.0289369 0)
(-0.0251397 0.0362254 0)
(-0.023639 0.0339045 0)
(-0.0177368 0.020122 0)
(-0.0083223 -0.000996335 0)
(-6.94696e-05 -0.0212662 0)
(0.00287119 -0.034555 0)
(-0.000222288 -0.0453368 0)
(-0.00357156 -0.0441783 0)
(0.0569293 0.0403062 0)
(0.064323 0.111977 0)
(0.0433259 0.0981637 0)
(0.0229337 0.0393379 0)
(0.00030901 -0.0107909 0)
(-0.00776676 -0.0209873 0)
(-0.00651309 -0.0118178 0)
(-0.00866367 -0.00522247 0)
(-0.012339 0.0016084 0)
(-0.0170226 0.0102774 0)
(-0.0212551 0.0206868 0)
(-0.0233783 0.0303844 0)
(-0.0221686 0.0347372 0)
(-0.0170069 0.029297 0)
(-0.00820844 0.0134885 0)
(0.00218418 -0.00774051 0)
(0.00877429 -0.0248937 0)
(0.00903686 -0.0346312 0)
(0.00646989 -0.0411997 0)
(0.000178764 -0.0438492 0)
(0.0378827 0.0384571 0)
(0.0526784 0.111365 0)
(0.0499925 0.108378 0)
(0.0444588 0.057528 0)
(0.0234733 0.0058101 0)
(0.00272006 -0.0158486 0)
(-0.00187094 -0.00937936 0)
(-0.00764989 -0.00176977 0)
(-0.0136684 0.00579959 0)
(-0.0193344 0.0143044 0)
(-0.0230079 0.0231475 0)
(-0.0231384 0.0298812 0)
(-0.0189241 0.0306985 0)
(-0.0107207 0.0224927 0)
(-5.75988e-05 0.00562121 0)
(0.00929079 -0.0131663 0)
(0.0136471 -0.0264079 0)
(0.0120911 -0.0329583 0)
(0.00882343 -0.0360318 0)
(-0.00397114 -0.0396539 0)
(0.00829681 0.0308725 0)
(0.0321171 0.0971727 0)
(0.0491691 0.102818 0)
(0.0577261 0.066618 0)
(0.0391838 0.0231551 0)
(0.0120664 -0.00351427 0)
(0.00139065 -0.00281852 0)
(-0.00800983 0.00413349 0)
(-0.0161574 0.0111918 0)
(-0.0223697 0.018324 0)
(-0.0251662 0.0244568 0)
(-0.0233707 0.0274208 0)
(-0.0168769 0.0244998 0)
(-0.00713083 0.0141003 0)
(0.00338752 -0.00248911 0)
(0.00943354 -0.0171298 0)
(0.0124268 -0.0270442 0)
(0.011208 -0.030961 0)
(0.0100997 -0.0313076 0)
(0.00249082 -0.0350776 0)
(-0.00783839 0.0198781 0)
(0.0155394 0.0712135 0)
(0.044543 0.0847602 0)
(0.0606187 0.0688517 0)
(0.0439625 0.0398842 0)
(0.0156274 0.0117599 0)
(0.00185531 0.00735335 0)
(-0.0109222 0.0119749 0)
(-0.0205135 0.017395 0)
(-0.0268686 0.0220954 0)
(-0.0288103 0.0247368 0)
(-0.0258284 0.0237194 0)
(-0.0186432 0.0176432 0)
(-0.00966959 0.00640699 0)
(-0.00271394 -0.00809037 0)
(0.00234728 -0.0209222 0)
(0.00641122 -0.0286609 0)
(0.00704967 -0.0304886 0)
(0.0081994 -0.0289494 0)
(0.00302131 -0.0344165 0)
(-0.0020432 0.0178959 0)
(0.01129 0.0477113 0)
(0.0375013 0.06534 0)
(0.0537294 0.0695187 0)
(0.0392708 0.0556293 0)
(0.013605 0.0271503 0)
(-0.000773087 0.0191107 0)
(-0.0160151 0.0212718 0)
(-0.0269199 0.0242237 0)
(-0.0338034 0.0256796 0)
(-0.0357202 0.0244405 0)
(-0.0328385 0.0196312 0)
(-0.0264241 0.0108607 0)
(-0.0185183 -0.00114557 0)
(-0.0101463 -0.0146719 0)
(-0.00366189 -0.0260923 0)
(0.00159311 -0.0318351 0)
(0.00331446 -0.0317482 0)
(0.00620277 -0.0282116 0)
(-0.000279972 -0.0307683 0)
(0.0104539 0.0157962 0)
(0.016912 0.0344816 0)
(0.0309566 0.0523043 0)
(0.0424562 0.07105 0)
(0.0305872 0.0694405 0)
(0.0093413 0.041259 0)
(-0.00415212 0.0312422 0)
(-0.0197965 0.0313461 0)
(-0.0308963 0.0312311 0)
(-0.0374921 0.0288035 0)
(-0.0384965 0.0233502 0)
(-0.0342354 0.0147834 0)
(-0.0259003 0.00365196 0)
(-0.0158312 -0.0091391 0)
(-0.00705672 -0.0212744 0)
(-0.00137285 -0.0306282 0)
(0.00225662 -0.0347971 0)
(0.00304912 -0.0335208 0)
(0.00638954 -0.028239 0)
(0.000515925 -0.0256777 0)
(0.0194901 0.0129975 0)
(0.022998 0.0285989 0)
(0.0269104 0.0461584 0)
(0.0323464 0.0732989 0)
(0.0229458 0.0806119 0)
(0.00604725 0.0535005 0)
(-0.00512794 0.0423106 0)
(-0.0179864 0.0407723 0)
(-0.0263917 0.0374616 0)
(-0.0299617 0.0309601 0)
(-0.0277143 0.021256 0)
(-0.0203766 0.00909341 0)
(-0.0103106 -0.0036498 0)
(-0.000661826 -0.0157258 0)
(0.00646522 -0.0254758 0)
(0.00899942 -0.0324488 0)
(0.00871489 -0.0354951 0)
(0.00668545 -0.0342198 0)
(0.0097763 -0.0291022 0)
(0.0101702 -0.0256662 0)
(0.0240427 0.012445 0)
(0.024762 0.0274781 0)
(0.0236943 0.0451637 0)
(0.0249767 0.0759604 0)
(0.0181528 0.0890364 0)
(0.00512184 0.0633107 0)
(-0.00262573 0.0505949 0)
(-0.0101271 0.0474951 0)
(-0.013839 0.0412091 0)
(-0.0131941 0.0311287 0)
(-0.00808119 0.0178647 0)
(0.000598194 0.00291191 0)
(0.0101365 -0.0109346 0)
(0.0184691 -0.0211196 0)
(0.0233213 -0.0275253 0)
(0.0228354 -0.0312466 0)
(0.0184484 -0.0329173 0)
(0.0124135 -0.0324262 0)
(0.0120889 -0.029184 0)
(0.00896749 -0.0278697 0)
(0.0224357 0.0130644 0)
(0.0214296 0.0285182 0)
(0.0185445 0.0465918 0)
(0.0189277 0.0783711 0)
(0.0155255 0.0945572 0)
(0.00677057 0.0704778 0)
(0.00242527 0.0547977 0)
(0.00100202 0.0499119 0)
(0.00237129 0.0412227 0)
(0.0062348 0.0284062 0)
(0.0122043 0.0122839 0)
(0.0199183 -0.0044876 0)
(0.028471 -0.0185257 0)
(0.0353712 -0.0265017 0)
(0.038188 -0.0286651 0)
(0.0353428 -0.0280779 0)
(0.0280011 -0.027493 0)
(0.0185823 -0.027634 0)
(0.0149388 -0.0262303 0)
(0.00652532 -0.0249455 0)
(0.00927141 0.0121839 0)
(0.0101488 0.0303386 0)
(0.00889052 0.0477272 0)
(0.0120036 0.0788506 0)
(0.0136752 0.0960907 0)
(0.010897 0.0744199 0)
(0.0101074 0.0553239 0)
(0.0132068 0.0471991 0)
(0.0189842 0.0373327 0)
(0.025453 0.0238625 0)
(0.0323199 0.00718378 0)
(0.0399612 -0.0106769 0)
(0.0469171 -0.0244475 0)
(0.050663 -0.0297578 0)
(0.0497851 -0.027764 0)
(0.0440192 -0.0231634 0)
(0.0347112 -0.0202492 0)
(0.0236261 -0.0206874 0)
(0.0179762 -0.0207582 0)
(0.00581476 -0.0197051 0)
(-0.0140855 0.0148603 0)
(-0.00955859 0.0302965 0)
(-0.00653135 0.0465213 0)
(0.00236382 0.0763683 0)
(0.0113397 0.0927683 0)
(0.0173517 0.0746142 0)
(0.0222925 0.0541611 0)
(0.0287314 0.042212 0)
(0.037203 0.0315212 0)
(0.0455621 0.0188733 0)
(0.0533759 0.00246236 0)
(0.060451 -0.0156748 0)
(0.064088 -0.027551 0)
(0.06266 -0.0291369 0)
(0.0567593 -0.0233813 0)
(0.047727 -0.0162305 0)
(0.0374061 -0.0120901 0)
(0.0265407 -0.0129416 0)
(0.0204574 -0.0141914 0)
(0.00663622 -0.0128251 0)
(-0.043293 0.00918116 0)
(-0.0363705 0.0232781 0)
(-0.0269054 0.0399669 0)
(-0.0112027 0.0659208 0)
(0.00713274 0.0803766 0)
(0.0247131 0.0659506 0)
(0.0388122 0.0474254 0)
(0.049902 0.0340912 0)
(0.0600073 0.0227818 0)
(0.0687057 0.0121808 0)
(0.0757952 -0.00261042 0)
(0.0789133 -0.0193236 0)
(0.0755117 -0.0271277 0)
(0.0669437 -0.0243661 0)
(0.0561391 -0.015635 0)
(0.0452787 -0.00786333 0)
(0.0359912 -0.00407393 0)
(0.0271733 -0.00573755 0)
(0.021849 -0.00756086 0)
(0.00566743 -0.00538206 0)
(-0.0774062 0.00275455 0)
(-0.0670576 0.0205975 0)
(-0.0511587 0.0346141 0)
(-0.0275334 0.0555481 0)
(0.000365582 0.0667518 0)
(0.0298216 0.0549166 0)
(0.0550064 0.0412347 0)
(0.0725402 0.0302513 0)
(0.0857852 0.0179961 0)
(0.0951532 0.00869645 0)
(0.096545 -0.00488718 0)
(0.0879775 -0.0187313 0)
(0.0744727 -0.0206229 0)
(0.0595854 -0.0157336 0)
(0.0464348 -0.00765203 0)
(0.0368579 -0.00109589 0)
(0.0315616 0.00123844 0)
(0.0255267 -0.000740657 0)
(0.0208017 -0.00128906 0)
(0.00299253 0.00406572 0)
(-0.0877 -0.00899138 0)
(-0.0837955 0.00745576 0)
(-0.0700579 -0.000299541 0)
(-0.041488 0.0148746 0)
(-0.00929303 0.0153922 0)
(0.0293354 0.00481562 0)
(0.0625536 0.00570402 0)
(0.0829001 0.0104266 0)
(0.0946804 -0.000205725 0)
(0.0982415 0.00892661 0)
(0.0867328 0.00943273 0)
(0.0727695 -0.00304868 0)
(0.0579586 0.000785359 0)
(0.0415668 0.0025375 0)
(0.0292058 0.00714209 0)
(0.0220301 0.00518603 0)
(0.0192543 0.00489091 0)
(0.0164012 0.00439137 0)
(0.0156336 0.00165176 0)
(0.0136133 0.011596 0)
)
;

boundaryField
{
    left_open
    {
        type            pressureInletOutletVelocity;
        value           nonuniform List<vector> 
40
(
(-0.00384234 -3.78498e-06 0)
(-0.0062131 -2.37327e-05 0)
(-0.00483387 -4.13907e-05 0)
(-0.000914585 -4.92921e-05 0)
(0.00467945 0 0)
(0.0112729 0 0)
(0.0183704 0 0)
(0.0256281 0 0)
(0.0328096 0 0)
(0.0397462 0 0)
(0.0463066 0 0)
(0.0523724 0 0)
(0.0578207 0 0)
(0.0625128 0 0)
(0.0662883 0 0)
(0.0689636 0 0)
(0.0703362 0 0)
(0.0701943 0 0)
(0.0683373 0 0)
(0.064612 0 0)
(0.0502773 0 0)
(0.0161599 0 0)
(0.00355888 0 0)
(0.00111358 0 0)
(0.00184436 0 0)
(0.00318684 0 0)
(0.002155 0 0)
(0.00147764 0 0)
(0.00270901 0 0)
(0.00243597 0 0)
(0.0021331 0 0)
(0.00469554 0 0)
(-0.00366062 -0.0330953 0)
(-0.000956856 0 0)
(-0.00556831 -0.0209849 0)
(-0.000914344 0 0)
(-0.006886 -0.0044151 0)
(-0.00564962 -0.00194276 0)
(-0.00652644 -0.00190682 0)
(-0.00493356 0.00313682 0)
)
;
    }
    right_open
    {
        type            pressureInletOutletVelocity;
        value           nonuniform List<vector> 
40
(
(-0.00589129 0 0)
(-0.0132546 0 0)
(-0.0179101 0 0)
(-0.0211225 0 0)
(-0.0233534 0 0)
(-0.0246191 0 0)
(-0.0248673 0 0)
(-0.0241555 0 0)
(-0.0226649 0 0)
(-0.0206513 0 0)
(-0.0184008 0 0)
(-0.0161817 0 0)
(-0.0141527 0 0)
(-0.0122939 0 0)
(-0.010469 0 0)
(-0.00855962 0 0)
(-0.00653223 0 0)
(-0.00446734 0 0)
(-0.00259294 0 0)
(-0.00124866 0 0)
(-0.000277724 -0.0125072 0)
(-0.000153645 -0.0198131 0)
(-0.000467722 -0.0290488 0)
(-0.00109609 -0.0387424 0)
(-0.00493894 0 0)
(-0.00357156 0 0)
(0.000178764 -0.0438492 0)
(-0.00397114 0 0)
(0.00249082 -0.0350776 0)
(0.00302131 -0.0344165 0)
(-0.000279972 0 0)
(0.000515925 0 0)
(0.0101702 -0.0256662 0)
(0.00896749 -0.0278697 0)
(0.00652532 -0.0249455 0)
(0.00581476 -0.0197051 0)
(0.00663622 -0.0128251 0)
(0.00566743 -0.00538206 0)
(0.00299253 0.00406572 0)
(0.0136133 0.011596 0)
)
;
    }
    base_side
    {
        type            noSlip;
    }
    top
    {
        type            pressureInletOutletVelocity;
        value           nonuniform List<vector> 
65
(
(-0.00493356 0.00313682 0)
(0 -0.000421832 0)
(-0.00553854 0.00337562 0)
(0 0.00137517 0)
(-0.00725716 0.0108125 0)
(-0.00602302 0.00598364 0)
(-0.00308998 0.0161886 0)
(-0.00276338 0.00484713 0)
(-0.00055949 0.000501167 0)
(-0.0105316 0.00279387 0)
(0 -0.00113088 0)
(-0.0424096 0.00717414 0)
(0 -0.00384144 0)
(0 0.00124444 0)
(-0.0441774 0.0133607 0)
(-0.0457904 0.00830476 0)
(-0.0457149 0.00517484 0)
(0 -0.000191305 0)
(0 3.71852e-06 0)
(-0.0527832 0.00759311 0)
(-0.0621867 0.0116002 0)
(-0.0662629 0.0113228 0)
(0 0.00280767 0)
(0 0.00175489 0)
(-0.0674579 0.00808865 0)
(-0.0711394 0.00975921 0)
(-0.0748357 0.00825533 0)
(0 -0.00122768 0)
(0 -0.000734627 0)
(-0.0758955 0.00578219 0)
(-0.0776268 0.00450187 0)
(0 -0.00174917 0)
(0 -0.00573504 0)
(0 -0.00197403 0)
(-0.0791379 0.00326233 0)
(-0.0811484 0.00735556 0)
(-0.0837169 0.00483892 0)
(0 -0.00258197 0)
(0 -0.00326783 0)
(0 -0.00580162 0)
(0 -0.0041337 0)
(-0.0863056 0.0059843 0)
(-0.0910951 0.00316425 0)
(0 -0.00809937 0)
(0 -0.0113313 0)
(0 -0.00899138 0)
(-0.0837955 0.00745576 0)
(0 -0.000299541 0)
(-0.041488 0.0148746 0)
(-0.00929303 0.0153922 0)
(0.0293354 0.00481562 0)
(0.0625536 0.00570402 0)
(0.0829001 0.0104266 0)
(0 -0.000205725 0)
(0.0982415 0.00892661 0)
(0.0867328 0.00943273 0)
(0 -0.00304868 0)
(0.0579586 0.000785359 0)
(0.0415668 0.0025375 0)
(0.0292058 0.00714209 0)
(0.0220301 0.00518603 0)
(0.0192543 0.00489091 0)
(0.0164012 0.00439137 0)
(0.0156336 0.00165176 0)
(0.0136133 0.011596 0)
)
;
    }
    front
    {
        type            empty;
    }
    back
    {
        type            empty;
    }
    air_to_aluminum
    {
        type            noSlip;
    }
}


// ************************************************************************* //
