/*--------------------------------*- C++ -*----------------------------------*\
| =========                 |                                                 |
| \\      /  F ield         | OpenFOAM: The Open Source CFD Toolbox           |
|  \\    /   O peration     | Version:                                        |
|   \\  /    A nd           | Website:  www.openfoam.com                      |
|    \\/     M anipulation  |                                                 |
\*---------------------------------------------------------------------------*/
FoamFile
{
    version     2.0;
    format      ascii;
    class       surfaceScalarField;
    location    "1829.0/air";
    object      phi;
}
// * * * * * * * * * * * * * * * * * * * * * * * * * * * * * * * * * * * * * //

dimensions      [1 0 -1 0 0 0 0];
oriented        oriented;


internalField   nonuniform List<scalar> 
4299
(
6.98665e-08
-6.98531e-08
1.06934e-07
-3.70537e-08
7.0425e-08
3.65219e-08
7.04384e-08
6.31595e-08
-1.32999e-07
1.08546e-07
-8.24264e-08
7.01796e-08
7.49012e-08
1.40631e-07
3.82797e-08
-1.71266e-07
6.83392e-08
-1.12472e-07
4.38232e-08
9.94305e-08
1.84468e-07
1.99783e-08
-1.91231e-07
3.70876e-08
-1.29568e-07
2.38583e-08
1.12673e-07
2.0834e-07
8.56546e-09
-1.99783e-07
1.93719e-08
-1.40361e-07
1.36097e-08
1.18449e-07
2.21963e-07
1.62683e-09
-2.01396e-07
1.14526e-08
-1.50174e-07
1.07434e-08
1.19171e-07
2.32719e-07
-4.08757e-09
-1.97295e-07
9.97003e-09
-1.64218e-07
1.36065e-08
1.15548e-07
2.46339e-07
-1.0659e-08
-1.86623e-07
1.35868e-08
-1.8845e-07
2.24037e-08
1.06745e-07
2.68757e-07
-1.99323e-08
-1.66677e-07
2.22884e-08
-2.30659e-07
3.87538e-08
9.02921e-08
3.07524e-07
-3.45971e-08
-1.32068e-07
3.55821e-08
-3.00829e-07
6.46663e-08
6.12187e-08
3.72203e-07
-5.85426e-08
-7.35157e-08
4.84808e-08
-4.07848e-07
9.98499e-08
9.85772e-09
4.72064e-07
-9.68353e-08
2.3331e-08
4.5158e-08
-5.49834e-07
1.35625e-07
-8.05965e-08
6.07702e-07
-1.51123e-07
1.74478e-07
-8.06529e-09
-6.92851e-07
1.40334e-07
-2.28944e-07
7.48056e-07
-2.07233e-07
3.81764e-07
-1.33525e-07
-7.66435e-07
4.83656e-08
-4.10682e-07
7.96461e-07
-1.56221e-07
5.38061e-07
-2.65572e-07
-6.56852e-07
-1.20054e-07
-5.55853e-07
6.76514e-07
1.89824e-07
3.48247e-07
-8.92085e-08
-3.77517e-07
-2.62412e-07
-3.82013e-07
4.14451e-07
-7.04402e-08
7.04536e-08
-1.07019e-07
3.65922e-08
-6.99729e-08
-3.70328e-08
-6.99595e-08
-7.01414e-08
1.40608e-07
-1.08624e-07
7.50881e-08
-6.33142e-08
-8.23291e-08
-1.3326e-07
-4.36463e-08
1.84268e-07
-6.83357e-08
9.9791e-08
-3.85008e-08
-1.12151e-07
-1.71748e-07
-2.34512e-08
2.07733e-07
-3.69573e-08
1.1331e-07
-2.03422e-08
-1.28753e-07
-1.92076e-07
-1.27848e-08
2.20531e-07
-1.90036e-08
1.19543e-07
-9.16962e-09
-1.38573e-07
-2.01233e-07
-9.30166e-09
2.29846e-07
-1.06232e-08
1.20877e-07
-2.27227e-09
-1.46912e-07
-2.03492e-07
-1.11369e-08
2.40995e-07
-8.25978e-09
1.18012e-07
3.17985e-09
-1.5834e-07
-2.003e-07
-1.83251e-08
2.59333e-07
-1.01588e-08
1.09855e-07
9.93587e-09
-1.78426e-07
-1.90353e-07
-3.22888e-08
2.91633e-07
-1.62459e-08
9.38195e-08
1.94334e-08
-2.14099e-07
-1.70909e-07
-5.54502e-08
3.47095e-07
-2.87423e-08
6.7124e-08
3.18357e-08
-2.74661e-07
-1.39059e-07
-9.05318e-08
4.37647e-07
-5.46762e-08
3.13086e-08
4.15429e-08
-3.70823e-07
-9.74871e-08
-1.39153e-07
5.76837e-07
-1.03961e-07
-3.78791e-09
3.69151e-08
-5.11582e-07
-6.05176e-08
-1.9242e-07
7.69299e-07
-1.68396e-07
-2.7734e-08
1.57636e-08
-6.95729e-07
-4.4712e-08
-2.14258e-07
9.83536e-07
-1.92948e-07
-4.9313e-08
2.97408e-08
-9.19149e-07
-1.51064e-08
-1.34928e-07
1.11839e-06
-6.62484e-08
-1.18765e-07
1.27085e-07
-1.11482e-06
1.11366e-07
1.79391e-07
9.39609e-07
2.25359e-07
-1.64943e-07
1.4685e-07
-1.03983e-06
2.56795e-07
1.75298e-05
3.07526e-06
-2.06034e-05
1.48579e-05
2.67394e-06
1.26227e-05
2.23757e-06
1.86975e-06
1.07555e-05
2.46748e-05
2.79934e-06
-2.43983e-05
2.45996e-05
2.74995e-06
2.42237e-05
2.61454e-06
2.47381e-06
2.3621e-05
2.78577e-05
2.90813e-06
-2.79665e-05
2.76109e-05
2.99681e-06
2.71892e-05
3.03628e-06
3.05985e-06
2.66032e-05
2.87912e-05
3.14561e-06
-2.90287e-05
2.8468e-05
3.31993e-06
2.8034e-05
3.47022e-06
3.60316e-06
2.74906e-05
2.55751e-05
3.03787e-06
-2.54674e-05
2.56309e-05
3.26417e-06
2.56113e-05
3.48971e-06
3.71074e-06
2.55037e-05
1.93611e-05
2.54435e-06
-1.88676e-05
1.98291e-05
2.79613e-06
2.02561e-05
3.06257e-06
3.33693e-06
2.06299e-05
1.26161e-05
1.85339e-06
-1.19251e-05
1.33051e-05
2.10699e-06
1.39857e-05
2.38198e-06
2.67246e-06
1.46501e-05
7.03922e-06
1.15403e-06
-6.33985e-06
7.7443e-06
1.40191e-06
8.45597e-06
1.67031e-06
1.95478e-06
9.17363e-06
2.42761e-06
4.43545e-07
-1.71709e-06
3.12147e-06
7.08101e-07
3.80742e-06
9.84404e-07
1.26924e-06
4.493e-06
-2.62651e-06
-4.09366e-07
3.47947e-06
-1.80408e-06
-1.14274e-07
-1.00729e-06
1.87665e-07
4.94387e-07
-2.32383e-07
-8.3503e-06
-1.29114e-06
9.23211e-06
-7.42238e-06
-1.04217e-06
-6.46828e-06
-7.66385e-07
-4.61475e-07
-5.51236e-06
-1.28539e-05
-1.69953e-06
1.32622e-05
-1.22665e-05
-1.62961e-06
-1.15245e-05
-1.50845e-06
-1.3261e-06
-1.06599e-05
-1.3316e-05
-1.16989e-06
1.27861e-05
-1.36268e-05
-1.31905e-06
-1.37123e-05
-1.42331e-06
-1.46029e-06
-1.35785e-05
-7.95603e-06
-8.0588e-08
6.86632e-06
-9.07952e-06
-1.96076e-07
-1.01919e-05
-3.11566e-07
-4.2902e-07
-1.12238e-05
-1.60385e-06
6.68564e-07
8.54641e-07
-2.44556e-06
6.45546e-07
-3.41174e-06
6.54463e-07
6.64808e-07
-4.50578e-06
1.70004e-06
1.23087e-06
-2.26232e-06
1.20666e-06
1.13893e-06
7.63129e-07
1.09799e-06
1.11045e-06
3.17454e-07
3.86832e-06
1.61933e-06
-4.25679e-06
3.50234e-06
1.50491e-06
3.19391e-06
1.4064e-06
1.34858e-06
2.95577e-06
5.44837e-06
1.64247e-06
-5.47157e-06
5.38001e-06
1.57322e-06
5.30227e-06
1.48409e-06
1.4121e-06
5.23868e-06
5.99119e-06
1.36744e-06
-5.71627e-06
6.29025e-06
1.27403e-06
6.63383e-06
1.14038e-06
1.0621e-06
6.98369e-06
6.06912e-06
-6.64539e-06
6.07877e-06
6.16364e-06
6.04319e-06
9.53031e-06
1.57583e-06
7.87615e-06
1.2794e-06
6.47299e-06
1.02577e-06
9.43375e-07
5.95234e-06
2.28699e-05
2.32881e-06
2.19464e-05
2.2053e-06
2.08807e-05
2.0946e-06
1.99932e-06
1.98295e-05
2.58613e-05
3.07072e-06
2.49976e-05
3.0693e-06
2.40338e-05
3.05881e-06
3.04144e-06
2.29925e-05
2.68401e-05
3.72108e-06
2.60866e-05
3.82252e-06
2.5238e-05
3.90714e-06
3.97466e-06
2.43044e-05
2.52988e-05
3.92595e-06
2.49885e-05
4.13267e-06
2.45679e-05
4.3276e-06
4.5064e-06
2.40359e-05
2.09394e-05
3.61642e-06
2.11736e-05
3.89835e-06
2.13219e-05
4.17927e-06
4.45419e-06
2.1374e-05
1.52907e-05
2.97575e-06
1.58991e-05
3.28987e-06
1.64658e-05
3.61256e-06
3.94061e-06
1.69793e-05
9.89561e-06
2.25375e-06
1.06191e-05
2.56636e-06
1.13396e-05
2.89196e-06
3.22957e-06
1.20506e-05
5.18408e-06
1.5627e-06
5.88516e-06
1.8653e-06
6.59837e-06
2.17876e-06
2.50428e-06
7.32366e-06
5.27094e-07
8.03277e-07
1.27775e-06
1.11469e-06
2.02451e-06
1.43205e-06
1.75774e-06
2.77107e-06
-4.57443e-06
-1.34598e-07
-3.66245e-06
2.02774e-07
-2.77869e-06
5.48352e-07
8.99708e-07
-1.9206e-06
-9.71021e-06
-1.08427e-06
-8.7178e-06
-7.89603e-07
-7.71656e-06
-4.52847e-07
-8.51768e-08
-6.73161e-06
-1.32396e-05
-1.42346e-06
-1.27162e-05
-1.31319e-06
-1.20365e-05
-1.13278e-06
-8.87856e-07
-1.12339e-05
-1.21041e-05
-5.43794e-07
-1.27808e-05
-6.37268e-07
-1.32243e-05
-6.89892e-07
-6.93332e-07
-1.34195e-05
-5.70181e-06
6.51944e-07
-6.94587e-06
6.0637e-07
-8.16595e-06
5.2957e-07
4.23234e-07
-9.28341e-06
-1.90132e-07
1.15946e-06
-8.01792e-07
1.21791e-06
-1.52861e-06
1.25619e-06
1.24938e-06
-2.35507e-06
2.77297e-06
1.34222e-06
2.60712e-06
1.38371e-06
2.40739e-06
1.45587e-06
1.53239e-06
2.1243e-06
5.21254e-06
1.36829e-06
5.24268e-06
1.35349e-06
5.32353e-06
1.37492e-06
1.43081e-06
5.42501e-06
7.1105e-06
1.24132e-06
7.41452e-06
1.04931e-06
7.7122e-06
1.07707e-06
1.07473e-06
8.06812e-06
8.2724e-06
7.60736e-06
8.7159e-06
1.00095e-05
5.46662e-06
4.91626e-07
5.03412e-06
4.39064e-07
3.68656e-07
4.67237e-06
1.92167e-05
1.10769e-06
1.85759e-05
1.08377e-06
1.05627e-06
1.78927e-05
2.23875e-05
1.71328e-06
2.17657e-05
1.70631e-06
1.69698e-06
2.1126e-05
2.37426e-05
2.27486e-06
2.31585e-05
2.29017e-06
2.30233e-06
2.2553e-05
2.3688e-05
2.6226e-06
2.33068e-05
2.67115e-06
2.71527e-06
2.28936e-05
2.13558e-05
2.64072e-06
2.13037e-05
2.72319e-06
2.80217e-06
2.12167e-05
1.72404e-05
2.37957e-06
1.7479e-05
2.48462e-06
2.5885e-06
1.76926e-05
1.24461e-05
1.98405e-06
1.2834e-05
2.09671e-06
2.21036e-06
1.32121e-05
7.7398e-06
1.5679e-06
8.15789e-06
1.6786e-06
1.79134e-06
8.5769e-06
3.19443e-06
1.14456e-06
3.61889e-06
1.25416e-06
1.36562e-06
4.04461e-06
-1.44424e-06
6.68233e-07
-9.72866e-07
7.82814e-07
8.98556e-07
-5.05774e-07
-6.18563e-06
1.22283e-07
-5.64882e-06
2.46046e-07
3.70361e-07
-5.12058e-06
-1.07439e-05
-3.67772e-07
-1.02336e-05
-2.64205e-07
-1.54015e-07
-9.70926e-06
-1.34169e-05
-3.7065e-07
-1.33319e-05
-3.49493e-07
-3.20491e-07
-1.31656e-05
-9.82765e-06
1.72962e-07
-1.03047e-05
1.2684e-07
8.00333e-08
-1.0706e-05
-2.86443e-06
6.82099e-07
-3.3897e-06
6.51851e-07
6.12779e-07
-3.92274e-06
1.92186e-06
8.84482e-07
1.6808e-06
8.92852e-07
8.9076e-07
1.40276e-06
5.45573e-06
8.53714e-07
5.46894e-06
8.79603e-07
9.06508e-07
5.45315e-06
8.31154e-06
6.10199e-07
8.54307e-06
6.47982e-07
7.09784e-07
8.73972e-06
1.06493e-05
1.12601e-05
1.1655e-05
4.57046e-06
1.04328e-07
4.48019e-06
9.26467e-08
8.23818e-08
4.40015e-06
1.76282e-05
3.7049e-07
1.73538e-05
3.68676e-07
3.64906e-07
1.7073e-05
2.09005e-05
5.9641e-07
2.06733e-05
5.9629e-07
5.95404e-07
2.04432e-05
2.23343e-05
8.15052e-07
2.2114e-05
8.16498e-07
8.17676e-07
2.18917e-05
2.27417e-05
9.66863e-07
2.25865e-05
9.71614e-07
9.76256e-07
2.24278e-05
2.11772e-05
1.00635e-06
2.11333e-05
1.01546e-06
1.02438e-06
2.10852e-05
1.7761e-05
9.37939e-07
1.78259e-05
9.50518e-07
9.62892e-07
1.78874e-05
1.33428e-05
8.07285e-07
1.34719e-05
8.21444e-07
8.35544e-07
1.35992e-05
8.72494e-06
6.59238e-07
8.87283e-06
6.73549e-07
6.87996e-07
9.02037e-06
4.19498e-06
5.08868e-07
4.34547e-06
5.23064e-07
5.37432e-07
4.49603e-06
-3.42355e-07
3.45459e-07
-1.79389e-07
3.60107e-07
3.74623e-07
-1.65699e-08
-4.93538e-06
1.60266e-07
-4.75088e-06
1.75625e-07
1.90705e-07
-4.56695e-06
-9.523e-06
-2.59851e-08
-9.33549e-06
-1.18769e-08
1.61986e-09
-9.1464e-06
-1.30893e-05
-1.02356e-07
-1.30037e-05
-9.75421e-08
-9.32153e-08
-1.29089e-05
-1.0824e-05
1.5424e-08
-1.09327e-05
1.08872e-08
7.49821e-09
-1.10337e-05
-4.11332e-06
2.05899e-07
-4.30297e-06
2.00423e-07
1.95882e-07
-4.49147e-06
1.30081e-06
3.07816e-07
1.19618e-06
3.05034e-07
3.03477e-07
1.08856e-06
5.43324e-06
3.27721e-07
5.40784e-06
3.30426e-07
3.32575e-07
5.37873e-06
8.78765e-06
2.79766e-07
8.81635e-06
3.01697e-07
2.88483e-07
8.86042e-06
1.17544e-05
1.18372e-05
1.19441e-05
4.22123e-06
1.85232e-07
4.13158e-06
9.52894e-08
1.22082e-08
4.12461e-06
1.62653e-05
9.97956e-07
1.54159e-05
9.49902e-07
8.95484e-07
1.45383e-05
1.97616e-05
1.68096e-06
1.90495e-05
1.66361e-06
1.64496e-06
1.83019e-05
2.12504e-05
2.32212e-06
2.05873e-05
2.32663e-06
2.32941e-06
1.99028e-05
2.19559e-05
2.79378e-06
2.14563e-05
2.82591e-06
2.85365e-06
2.09317e-05
2.09265e-05
2.9523e-06
2.07335e-05
3.01871e-06
3.0795e-06
2.05075e-05
1.80444e-05
2.79533e-06
1.81717e-05
2.89136e-06
2.9827e-06
1.82684e-05
1.39503e-05
2.44421e-06
1.42843e-05
2.55732e-06
2.668e-06
1.4599e-05
9.4355e-06
2.02906e-06
9.84549e-06
2.14731e-06
2.26544e-06
1.0248e-05
4.92348e-06
1.60161e-06
5.35107e-06
1.71972e-06
1.83918e-06
5.77732e-06
4.45296e-07
1.13977e-06
9.05284e-07
1.25975e-06
1.38171e-06
1.36276e-06
-4.05038e-06
6.23247e-07
-3.53914e-06
7.48551e-07
8.75425e-07
-3.03281e-06
-8.60312e-06
7.99841e-08
-8.05694e-06
2.02399e-07
3.28816e-07
-7.51029e-06
-1.2589e-05
-2.4009e-07
-1.22059e-05
-1.80835e-07
-1.07886e-07
-1.17692e-05
-1.12862e-05
1.15799e-08
-1.14628e-05
-5.00908e-09
-7.94045e-09
-1.15635e-05
-5.0097e-06
5.29476e-07
-5.50537e-06
4.90306e-07
4.52659e-07
-5.96634e-06
7.59755e-07
8.58204e-07
4.18406e-07
8.31574e-07
7.9431e-07
7.66708e-08
5.29462e-06
9.42304e-07
5.18108e-06
9.45111e-07
9.36274e-07
5.03913e-06
9.00804e-06
7.94615e-07
9.18178e-06
7.71319e-07
7.48718e-07
9.36929e-06
1.24311e-05
1.19734e-05
1.15958e-05
5.09035e-06
-1.26043e-08
5.56931e-06
-6.36196e-07
5.93508e-06
-1.41158e-06
-1.03532e-06
7.20387e-06
1.31313e-05
1.40575e-06
1.14225e-05
1.0841e-06
9.39858e-06
6.1963e-07
4.78944e-07
7.87479e-06
1.68586e-05
2.85274e-06
1.51947e-05
2.75186e-06
1.3197e-05
2.62077e-06
2.47633e-06
1.11995e-05
1.86454e-05
4.11034e-06
1.72989e-05
4.09877e-06
1.58385e-05
4.08194e-06
4.02781e-06
1.42881e-05
1.99457e-05
5.09581e-06
1.88977e-05
5.14622e-06
1.77981e-05
5.18127e-06
5.19379e-06
1.66323e-05
2.00336e-05
5.56938e-06
1.94739e-05
5.70546e-06
1.88484e-05
5.80645e-06
5.87361e-06
1.81683e-05
1.83672e-05
5.47042e-06
1.83715e-05
5.70106e-06
1.82903e-05
5.88745e-06
6.02508e-06
1.81387e-05
1.51016e-05
4.96776e-06
1.55263e-05
5.27633e-06
1.58666e-05
5.54707e-06
5.76907e-06
1.61226e-05
1.09317e-05
4.28403e-06
1.15677e-05
4.64024e-06
1.21398e-05
4.97497e-06
5.27562e-06
1.26332e-05
6.52162e-06
3.5397e-06
7.24292e-06
3.9189e-06
7.9245e-06
4.29333e-06
4.65267e-06
8.54736e-06
2.16251e-06
2.73997e-06
2.94581e-06
3.13559e-06
3.70297e-06
3.53614e-06
3.93538e-06
4.42019e-06
-2.15221e-06
1.85944e-06
-1.28841e-06
2.27185e-06
-4.44784e-07
2.69256e-06
3.11874e-06
3.71869e-07
-6.54642e-06
8.95637e-07
-5.59077e-06
1.31629e-06
-4.64859e-06
1.75047e-06
2.19465e-06
-3.72442e-06
-1.0905e-05
3.13649e-08
-9.93611e-06
3.47336e-07
-8.91696e-06
7.31336e-07
1.15425e-06
-7.8765e-06
-1.15655e-05
3.2236e-08
-1.13679e-05
1.48749e-07
-1.09648e-05
3.27532e-07
5.5834e-07
-1.03694e-05
-6.65511e-06
7.20279e-07
-7.16738e-06
6.60169e-07
-7.48706e-06
6.46205e-07
6.80553e-07
-7.6104e-06
-5.12179e-07
1.30897e-06
-1.01031e-06
1.15812e-06
-1.38195e-06
1.01764e-06
9.13524e-07
-1.61517e-06
4.76612e-06
1.58205e-06
4.44147e-06
1.48288e-06
4.1067e-06
1.35257e-06
1.22224e-06
3.79818e-06
9.73912e-06
1.21219e-06
1.00167e-05
1.20531e-06
1.02663e-05
1.1031e-06
1.14465e-06
1.03441e-05
1.08472e-05
1.24832e-05
1.38618e-05
1.4698e-05
5.62107e-06
1.55243e-06
3.81007e-07
5.22677e-06
-5.83809e-06
6.2265e-06
6.06744e-06
-1.19005e-05
6.88381e-06
2.50791e-06
4.57707e-06
7.50448e-06
1.38981e-07
1.06734e-05
9.89515e-06
-3.67674e-06
1.06055e-05
3.08348e-06
1.14799e-05
6.59645e-06
1.10082e-05
1.11321e-05
1.28011e-05
8.10755e-06
1.3356e-05
4.01267e-06
1.46788e-05
5.25666e-06
1.71089e-05
8.68225e-06
1.24422e-05
1.74583e-05
1.55254e-05
5.12029e-06
1.55977e-05
5.18212e-06
1.79439e-05
6.3274e-06
9.36245e-06
2.10142e-05
1.74162e-05
5.87276e-06
1.6853e-05
5.74628e-06
1.75012e-05
5.67881e-06
6.56786e-06
2.0293e-05
1.7909e-05
6.10255e-06
1.75923e-05
6.06361e-06
1.7424e-05
5.84827e-06
5.52911e-06
1.84634e-05
1.62923e-05
5.93285e-06
1.63483e-05
6.00798e-06
1.62643e-05
5.93312e-06
5.49144e-06
1.63032e-05
1.3036e-05
5.52998e-06
1.33268e-05
5.71732e-06
1.34623e-05
5.79797e-06
5.59585e-06
1.33587e-05
9.09217e-06
4.98506e-06
9.53604e-06
5.27333e-06
9.84561e-06
5.48835e-06
5.53788e-06
9.90371e-06
5.08035e-06
4.32478e-06
5.66197e-06
4.69153e-06
6.13636e-06
5.01372e-06
5.24037e-06
6.43357e-06
1.15128e-06
3.54534e-06
1.88038e-06
3.96233e-06
2.54413e-06
4.34977e-06
4.66125e-06
3.1229e-06
-2.82325e-06
2.64424e-06
-1.95067e-06
3.08977e-06
-1.10966e-06
3.5087e-06
3.84794e-06
-2.96579e-07
-6.82941e-06
1.59723e-06
-5.78198e-06
2.04243e-06
-4.7401e-06
2.46686e-06
2.82917e-06
-3.72138e-06
-9.60197e-06
8.29512e-07
-8.68791e-06
1.12821e-06
-7.66288e-06
1.44177e-06
1.74595e-06
-6.57969e-06
-7.54382e-06
7.61764e-07
-7.30067e-06
8.83921e-07
-6.89514e-06
1.03521e-06
1.20209e-06
-6.35219e-06
-1.71678e-06
8.63062e-07
-1.70544e-06
8.72176e-07
-1.60599e-06
9.3527e-07
1.0423e-06
-1.44678e-06
3.5517e-06
1.10975e-06
3.39654e-06
1.02754e-06
3.34345e-06
9.88535e-07
9.84219e-07
3.40167e-06
1.0294e-05
1.16006e-06
1.02303e-05
1.09164e-06
1.01396e-05
1.07965e-06
1.02981e-06
1.00946e-05
1.53086e-05
1.57984e-05
1.57549e-05
1.63628e-05
-1.0802e-06
-7.69748e-09
-1.06068e-06
-1.94986e-08
-1.03399e-06
-2.6698e-08
-1.01937e-06
-1.47493e-08
-1.02505e-06
5.32433e-09
-1.02586e-06
2.64855e-10
-9.87887e-07
-3.85193e-08
-9.14383e-07
-7.38589e-08
-8.06736e-07
-1.07824e-07
-6.04939e-07
-2.0188e-07
-2.97889e-07
-3.07093e-07
-4.44078e-08
-2.53508e-07
9.68312e-09
-5.41094e-08
-2.76688e-07
2.86376e-07
-1.05346e-06
7.76853e-07
-2.11344e-06
1.06011e-06
-2.5146e-06
4.0129e-07
-7.13927e-07
-1.80058e-06
2.35179e-06
-3.06584e-06
2.35151e-06
-2.19234e-06
-2.73085e-08
-2.14716e-06
-6.46517e-08
-2.09358e-06
-8.02988e-08
-2.06118e-06
-4.73401e-08
-2.06679e-06
1.04981e-08
-2.07841e-06
1.12597e-08
-2.03911e-06
-7.83572e-08
-1.92264e-06
-1.9065e-07
-1.70332e-06
-3.27304e-07
-1.30952e-06
-5.95748e-07
-7.59744e-07
-8.56917e-07
-3.35465e-07
-6.77815e-07
-4.70833e-07
8.12456e-08
-1.50214e-06
1.31771e-06
-3.1768e-06
2.45162e-06
-4.4065e-06
2.28996e-06
-4.13085e-06
1.25792e-07
-1.59425e-06
-4.33709e-06
2.76598e-06
-7.42617e-06
5.1172e-06
-2.55733e-06
-4.90525e-08
-2.51008e-06
-1.11872e-07
-2.45863e-06
-1.31779e-07
-2.43196e-06
-7.42342e-08
-2.45227e-06
3.03035e-08
-2.49509e-06
5.34172e-08
-2.49623e-06
-7.7758e-08
-2.40131e-06
-2.85863e-07
-2.16706e-06
-5.61684e-07
-1.73902e-06
-1.02386e-06
-1.16943e-06
-1.42656e-06
-8.14756e-07
-1.03251e-06
-1.27881e-06
5.45297e-07
-2.75531e-06
2.79427e-06
-4.43002e-06
4.12646e-06
-5.06879e-06
2.92889e-06
-4.35816e-06
-5.84665e-07
-2.00213e-06
-6.693e-06
2.47984e-06
-1.19082e-05
7.59676e-06
-2.39949e-06
-6.3794e-08
-2.37128e-06
-1.4005e-07
-2.34641e-06
-1.56679e-07
-2.34709e-06
-7.37539e-08
-2.39801e-06
8.07314e-08
-2.49034e-06
1.45086e-07
-2.56379e-06
-4.85022e-09
-2.5443e-06
-3.05634e-07
-2.38049e-06
-7.25625e-07
-2.03512e-06
-1.36931e-06
-1.58216e-06
-1.87958e-06
-1.41853e-06
-1.19615e-06
-2.12049e-06
1.24727e-06
-3.59801e-06
4.27189e-06
-4.79631e-06
5.32493e-06
-4.8376e-06
2.97037e-06
-4.00216e-06
-1.41992e-06
-2.02849e-06
-8.66655e-06
2.19658e-06
-1.61333e-05
9.79306e-06
-1.87164e-06
-6.81907e-08
-1.8722e-06
-1.39462e-07
-1.88969e-06
-1.39191e-07
-1.93533e-06
-2.82527e-08
-2.02922e-06
1.74213e-07
-2.18106e-06
2.96311e-07
-2.34804e-06
1.61588e-07
-2.44693e-06
-2.07042e-07
-2.41886e-06
-7.53829e-07
-2.23456e-06
-1.55371e-06
-1.9696e-06
-2.1446e-06
-1.99878e-06
-1.16698e-06
-2.75457e-06
2.00311e-06
-3.9315e-06
5.44894e-06
-4.54369e-06
5.93732e-06
-4.17154e-06
2.59842e-06
-3.37357e-06
-2.21773e-06
-1.84191e-06
-1.01981e-05
1.95151e-06
-1.99267e-05
1.17443e-05
-1.08469e-06
-6.41585e-08
-1.11112e-06
-1.13027e-07
-1.17422e-06
-7.60812e-08
-1.27566e-06
7.31236e-08
-1.42291e-06
3.21205e-07
-1.63612e-06
5.09003e-07
-1.90196e-06
4.26903e-07
-2.14279e-06
3.34699e-08
-2.29067e-06
-6.06109e-07
-2.31129e-06
-1.53319e-06
-2.25424e-06
-2.20172e-06
-2.41666e-06
-1.00455e-06
-3.07267e-06
2.6592e-06
-3.83542e-06
6.21184e-06
-3.94849e-06
6.0506e-06
-3.35815e-06
2.00827e-06
-2.65464e-06
-2.92111e-06
-1.54072e-06
-1.13119e-05
1.73713e-06
-2.32045e-05
1.34812e-05
-1.24181e-07
-5.54184e-08
-1.65978e-07
-7.12256e-08
-2.65155e-07
2.31023e-08
-4.21873e-07
2.29827e-07
-6.31848e-07
5.31051e-07
-9.05863e-07
7.82661e-07
-1.25996e-06
7.80531e-07
-1.6416e-06
4.1477e-07
-1.97952e-06
-2.68369e-07
-2.22384e-06
-1.289e-06
-2.37017e-06
-2.05548e-06
-2.60248e-06
-7.72239e-07
-3.0776e-06
3.13442e-06
-3.44658e-06
6.58098e-06
-3.22703e-06
5.83125e-06
-2.58663e-06
1.36804e-06
-1.97217e-06
-3.53547e-06
-1.18844e-06
-1.20955e-05
1.54561e-06
-2.59385e-05
1.50265e-05
9.41652e-07
-4.281e-08
8.876e-07
-1.71729e-08
7.66591e-07
1.44114e-07
5.67534e-07
4.28883e-07
3.0076e-07
7.9778e-07
-4.04435e-08
1.12368e-06
-4.59833e-07
1.19956e-06
-9.5652e-07
9.11119e-07
-1.47228e-06
2.47186e-07
-1.94252e-06
-8.18902e-07
-2.28851e-06
-1.7096e-06
-2.5543e-06
-5.06448e-07
-2.83109e-06
3.41133e-06
-2.89269e-06
6.64275e-06
-2.511e-06
5.44976e-06
-1.94447e-06
8.01639e-07
-1.39346e-06
-4.08639e-06
-8.27648e-07
-1.26613e-05
1.3688e-06
-2.81348e-05
1.6395e-05
2.06409e-06
-2.91522e-08
2.00567e-06
4.12484e-08
1.87351e-06
2.76276e-07
1.64988e-06
6.52513e-07
1.33908e-06
1.10857e-06
9.50335e-07
1.51235e-06
4.66786e-07
1.68289e-06
-1.19764e-07
1.49738e-06
-7.74017e-07
9.01226e-07
-1.45445e-06
-1.38621e-07
-2.00798e-06
-1.1562e-06
-2.30911e-06
-2.0535e-07
-2.41107e-06
3.51341e-06
-2.26377e-06
6.49563e-06
-1.84369e-06
5.02986e-06
-1.4207e-06
3.78753e-07
-9.25141e-07
-4.58188e-06
-4.81359e-07
-1.3105e-05
1.19847e-06
-2.98145e-05
1.75932e-05
3.20625e-06
-1.57593e-08
3.14642e-06
1.01081e-07
3.01034e-06
4.12354e-07
2.77584e-06
8.87017e-07
2.43947e-06
1.44494e-06
2.00825e-06
1.94353e-06
1.4775e-06
2.21354e-06
8.36582e-07
2.13809e-06
8.57638e-08
1.65184e-06
-7.61686e-07
7.08679e-07
-1.53413e-06
-3.83918e-07
-1.91138e-06
1.71833e-07
-1.88817e-06
3.49031e-06
-1.61177e-06
6.2194e-06
-1.20931e-06
4.62755e-06
-9.48386e-07
1.17909e-07
-5.31324e-07
-4.99887e-06
-1.55896e-07
-1.34804e-05
1.03794e-06
-3.10083e-05
1.86309e-05
4.3416e-06
-3.13242e-09
4.2822e-06
1.60484e-07
4.14635e-06
5.48205e-07
3.90958e-06
1.12378e-06
3.56291e-06
1.79161e-06
3.10774e-06
2.3987e-06
2.54329e-06
2.77794e-06
1.86298e-06
2.81829e-06
1.05867e-06
2.456e-06
1.09361e-07
1.65786e-06
-8.6413e-07
5.89413e-07
-1.39022e-06
6.97787e-07
-1.31589e-06
3.41606e-06
-9.67337e-07
5.871e-06
-5.87979e-07
4.24832e-06
-4.70538e-07
5.21275e-10
-1.5048e-07
-5.31888e-06
1.31334e-07
-1.37622e-05
8.93662e-07
-3.17705e-05
1.95243e-05
5.44973e-06
8.48221e-09
5.39192e-06
2.18299e-07
5.25883e-06
6.8129e-07
5.02503e-06
1.35759e-06
4.67846e-06
2.13818e-06
4.21579e-06
2.86137e-06
3.63471e-06
3.35901e-06
2.93159e-06
3.52136e-06
2.09712e-06
3.29036e-06
1.10742e-06
2.64745e-06
9.28055e-09
1.68743e-06
-7.44753e-07
1.45163e-06
-7.24884e-07
3.39618e-06
-3.54568e-07
5.50082e-06
8.89072e-09
3.88498e-06
-2.42565e-09
1.18754e-08
2.19453e-07
-5.54073e-06
4.18554e-07
-1.39613e-05
7.61121e-07
-3.21129e-05
2.02852e-05
6.51284e-06
1.90912e-08
6.45761e-06
2.73523e-07
6.3292e-06
8.09704e-07
6.102e-06
1.58479e-06
5.76251e-06
2.47767e-06
5.30472e-06
3.31916e-06
4.72334e-06
3.94039e-06
4.01421e-06
4.23047e-06
3.16929e-06
4.13522e-06
2.16796e-06
3.6487e-06
9.96363e-07
2.85893e-06
5.87364e-08
2.38906e-06
-1.17876e-07
3.57269e-06
2.41151e-07
5.14188e-06
5.42831e-07
3.58339e-06
5.12887e-07
4.18411e-08
6.04989e-07
-5.63284e-06
7.07504e-07
-1.40638e-05
6.3873e-07
-3.2044e-05
2.09236e-05
7.51345e-06
2.86199e-08
7.46175e-06
3.25227e-07
7.33988e-06
9.31572e-07
7.12259e-06
1.80209e-06
6.79579e-06
2.80447e-06
6.35225e-06
3.7627e-06
5.78431e-06
4.50834e-06
5.08531e-06
4.92946e-06
4.24757e-06
4.97295e-06
3.25693e-06
4.63929e-06
2.09317e-06
4.02263e-06
9.88279e-07
3.49379e-06
5.83475e-07
3.97728e-06
8.34454e-07
4.8909e-06
1.0464e-06
3.37148e-06
9.9279e-07
9.54486e-08
1.02464e-06
-5.66473e-06
1.01351e-06
-1.40527e-05
5.28373e-07
-3.15588e-05
2.14518e-05
8.43247e-06
3.69353e-08
8.38533e-06
3.72369e-07
8.27219e-06
1.04472e-06
8.0685e-06
2.00577e-06
7.76012e-06
3.11285e-06
7.33915e-06
4.18367e-06
6.79636e-06
5.05112e-06
6.12224e-06
5.60359e-06
5.30806e-06
5.78712e-06
4.34529e-06
5.60204e-06
3.22434e-06
5.14354e-06
2.06655e-06
4.65146e-06
1.40806e-06
4.63555e-06
1.43829e-06
4.86055e-06
1.54798e-06
3.26177e-06
1.49236e-06
1.51019e-07
1.49023e-06
-5.66267e-06
1.34689e-06
-1.39095e-05
4.31835e-07
-3.06436e-05
2.18834e-05
9.24821e-06
4.38314e-08
9.20688e-06
4.13702e-07
9.10508e-06
1.14651e-06
8.91946e-06
2.1914e-06
8.63613e-06
3.39618e-06
8.24661e-06
4.57318e-06
7.74027e-06
5.55747e-06
7.10477e-06
6.23908e-06
6.32959e-06
6.5623e-06
5.40936e-06
6.52227e-06
4.34904e-06
6.20384e-06
3.21698e-06
5.78346e-06
2.38118e-06
5.47115e-06
2.14288e-06
5.09865e-06
2.10995e-06
3.29457e-06
2.05202e-06
2.08834e-07
2.01825e-06
-5.62902e-06
1.71717e-06
-1.36085e-05
3.50913e-07
-2.92773e-05
2.22342e-05
9.93648e-06
4.9024e-08
9.90241e-06
4.47768e-07
9.81505e-06
1.23388e-06
9.6527e-06
2.35375e-06
9.40221e-06
3.64667e-06
9.0544e-06
4.921e-06
8.59673e-06
6.01514e-06
8.01385e-06
6.82196e-06
7.2928e-06
7.28334e-06
6.42921e-06
7.38586e-06
5.43915e-06
7.19388e-06
4.37719e-06
6.8454e-06
3.46942e-06
6.37878e-06
3.00306e-06
5.56479e-06
2.80285e-06
3.49458e-06
2.71341e-06
2.98084e-07
2.62184e-06
-5.5376e-06
2.13055e-06
-1.31173e-05
2.88906e-07
-2.74355e-05
2.2523e-05
1.04719e-05
5.21605e-08
1.04467e-05
4.72983e-07
1.0377e-05
1.30349e-06
1.02437e-05
2.4871e-06
1.00347e-05
3.85564e-06
9.74019e-06
5.21553e-06
9.34502e-06
6.4103e-06
8.83005e-06
7.33694e-06
8.17896e-06
7.93443e-06
7.38667e-06
8.17815e-06
6.47479e-06
8.10576e-06
5.50112e-06
7.81906e-06
4.60607e-06
7.27374e-06
4.00369e-06
6.16698e-06
3.65406e-06
3.84397e-06
3.49752e-06
4.54404e-07
3.30619e-06
-5.34644e-06
2.58863e-06
-1.23998e-05
2.47435e-07
-2.50943e-05
2.27705e-05
1.08303e-05
5.28383e-08
1.08154e-05
4.87844e-07
1.07667e-05
1.35223e-06
1.06678e-05
2.58593e-06
1.05091e-05
4.01437e-06
1.02801e-05
5.44454e-06
9.96264e-06
6.72776e-06
9.53257e-06
7.76701e-06
8.96877e-06
8.49822e-06
8.26376e-06
8.88317e-06
7.43981e-06
8.92971e-06
6.55997e-06
8.69889e-06
5.72535e-06
8.10832e-06
5.07705e-06
6.81515e-06
4.62607e-06
4.29474e-06
4.38628e-06
6.93973e-07
4.06242e-06
-5.02275e-06
3.09295e-06
-1.14305e-05
2.6139e-07
-2.22626e-05
2.3032e-05
1.09926e-05
5.05084e-08
1.09891e-05
4.91401e-07
1.09626e-05
1.37866e-06
1.09013e-05
2.64725e-06
1.07992e-05
4.11649e-06
1.0647e-05
5.59679e-06
1.04236e-05
6.95111e-06
1.00987e-05
8.09195e-06
9.64361e-06
8.95329e-06
9.04531e-06
9.48147e-06
8.32256e-06
9.65246e-06
7.53972e-06
9.48173e-06
6.78449e-06
8.86354e-06
6.14912e-06
7.45044e-06
5.64564e-06
4.79807e-06
5.32678e-06
1.01264e-06
4.85215e-06
-4.54826e-06
3.66476e-06
-1.02432e-05
1.57053e-07
-1.87549e-05
2.31894e-05
4.35167e-05
1.32378e-08
4.35904e-05
4.17703e-07
4.36355e-05
1.33355e-06
4.36355e-05
2.64723e-06
4.36235e-05
4.12852e-06
4.36133e-05
5.60695e-06
4.35464e-05
7.01805e-06
4.32911e-05
8.34725e-06
4.26915e-05
9.55283e-06
4.16291e-05
1.05439e-05
4.00845e-05
1.1197e-05
3.8199e-05
1.13673e-05
3.6207e-05
1.08556e-05
3.42677e-05
9.38967e-06
3.23066e-05
6.759e-06
3.01064e-05
3.21249e-06
2.65414e-05
-9.83449e-07
2.07086e-05
-4.41065e-06
9.85765e-06
-7.90367e-06
1.24476e-05
2.99488e-05
-1.40169e-07
3.03249e-05
4.15992e-08
3.08659e-05
7.92575e-07
3.16221e-05
1.89107e-06
3.27017e-05
3.04888e-06
3.41591e-05
4.14953e-06
3.59232e-05
5.25395e-06
3.78128e-05
6.45766e-06
3.96076e-05
7.75809e-06
4.11019e-05
9.04963e-06
4.21444e-05
1.01546e-05
4.26781e-05
1.08336e-05
4.27214e-05
1.08123e-05
4.22623e-05
9.84881e-06
4.11568e-05
7.86452e-06
3.91806e-05
5.18868e-06
3.5788e-05
2.40916e-06
3.04894e-05
8.87959e-07
2.20418e-05
5.43867e-07
1.00932e-05
1.8103e-05
-5.01263e-07
1.86241e-05
-4.79517e-07
1.8921e-05
4.95668e-07
1.91389e-05
1.67316e-06
1.96195e-05
2.5683e-06
2.07562e-05
3.01278e-06
2.26953e-05
3.3148e-06
2.53222e-05
3.83072e-06
2.84027e-05
4.67749e-06
3.16404e-05
5.81193e-06
3.47221e-05
7.07283e-06
3.73861e-05
8.16958e-06
3.94415e-05
8.75678e-06
4.07269e-05
8.56342e-06
4.10677e-05
7.52381e-06
4.02942e-05
5.96215e-06
3.81914e-05
4.51203e-06
3.47547e-05
4.32474e-06
2.94618e-05
5.83669e-06
1.1589e-05
1.14614e-05
-1.61972e-06
1.25772e-05
-1.59534e-06
1.2892e-05
1.80703e-07
1.24171e-05
2.14769e-06
1.16199e-05
3.36489e-06
1.12724e-05
3.35961e-06
1.18053e-05
2.78115e-06
1.32828e-05
2.35238e-06
1.56764e-05
2.28325e-06
1.879e-05
2.69789e-06
2.22741e-05
3.58842e-06
2.57528e-05
4.69065e-06
2.88842e-05
5.62529e-06
3.13777e-05
6.06993e-06
3.30134e-05
5.888e-06
3.36718e-05
5.30374e-06
3.33127e-05
4.87115e-06
3.21162e-05
5.52114e-06
3.01434e-05
7.80955e-06
1.27037e-05
6.70265e-06
-4.29432e-06
9.38349e-06
-4.27606e-06
1.03569e-05
-7.93538e-07
9.46594e-06
3.03706e-06
7.63871e-06
5.1903e-06
5.96657e-06
5.03005e-06
4.97723e-06
3.769e-06
4.7792e-06
2.54916e-06
5.65817e-06
1.40345e-06
7.53053e-06
8.25127e-07
1.00844e-05
1.03444e-06
1.29923e-05
1.78272e-06
1.59182e-05
2.69943e-06
1.85672e-05
3.42094e-06
2.07276e-05
3.7275e-06
2.23215e-05
3.70981e-06
2.33897e-05
3.80286e-06
2.41606e-05
4.75007e-06
2.47536e-05
7.21637e-06
1.19896e-05
4.64467e-06
-8.6275e-06
8.68084e-06
-8.31144e-06
9.70349e-06
-1.81697e-06
7.90225e-06
4.836e-06
4.94736e-06
8.14238e-06
2.10039e-06
7.87463e-06
-2.1793e-07
6.08558e-06
-1.4956e-06
3.82569e-06
-1.48498e-06
1.3922e-06
-5.92495e-07
-6.76823e-08
8.39828e-07
-3.98047e-07
2.56915e-06
5.32973e-08
4.46046e-06
8.08034e-07
6.37899e-06
1.50226e-06
8.22637e-06
1.87991e-06
1.00276e-05
1.90832e-06
1.18698e-05
1.9603e-06
1.39362e-05
2.68331e-06
1.62853e-05
4.86693e-06
9.40704e-06
4.88336e-06
-1.37768e-05
8.3478e-06
-1.17751e-05
8.39061e-06
-1.86047e-06
5.51019e-06
7.71401e-06
1.76946e-06
1.18799e-05
-1.84033e-06
1.14817e-05
-4.6844e-06
8.92784e-06
-6.04126e-06
5.18119e-06
-6.01788e-06
1.36777e-06
-5.3435e-06
-7.42928e-07
-4.57877e-06
-1.16343e-06
-3.83836e-06
-6.87536e-07
-3.02937e-06
-1.20059e-09
-1.99696e-06
4.69691e-07
-6.62078e-07
5.4492e-07
1.00265e-06
2.43536e-07
3.08893e-06
-1.2601e-07
5.6387e-06
1.33527e-07
8.61043e-06
1.89514e-06
6.09215e-06
5.14019e-06
-1.68122e-05
6.50385e-06
-1.31382e-05
4.90488e-06
-2.62014e-07
1.42898e-06
1.11878e-05
-2.52038e-06
1.58261e-05
-5.99852e-06
1.49572e-05
-8.12829e-06
1.10555e-05
-8.30523e-06
5.35618e-06
-7.42849e-06
4.89388e-07
-6.71269e-06
-1.45976e-06
-6.5382e-06
-1.3383e-06
-6.683e-06
-5.42801e-07
-6.808e-06
1.23836e-07
-6.64934e-06
3.111e-07
-6.03513e-06
-6.92652e-08
-4.79215e-06
-9.99442e-07
-2.82803e-06
-2.09014e-06
-1.98994e-07
-2.49547e-06
2.95904e-06
-1.26278e-06
2.71146e-06
3.55963e-06
-1.94483e-05
2.59368e-06
-1.21736e-05
-4.22731e-07
2.7542e-06
-3.90413e-06
1.46675e-05
-7.2066e-06
1.91255e-05
-9.54303e-06
1.72907e-05
-9.91895e-06
1.14287e-05
-8.64062e-06
4.07547e-06
-7.55655e-06
-5.95992e-07
-7.58096e-06
-1.4355e-06
-8.31301e-06
-6.05966e-07
-9.24684e-06
3.91313e-07
-1.00799e-05
9.57004e-07
-1.05706e-05
8.01864e-07
-1.04939e-05
-1.4607e-07
-9.81773e-06
-1.67566e-06
-8.33836e-06
-3.56954e-06
-5.78822e-06
-5.04562e-06
-2.28942e-06
-4.76152e-06
-1.29487e-06
1.29211e-06
-2.09908e-05
-1.94742e-06
-8.93366e-06
-5.6597e-06
6.46659e-06
-8.75677e-06
1.77628e-05
-1.10457e-05
2.14114e-05
-1.16241e-05
1.78659e-05
-1.00609e-05
9.86249e-06
-7.9979e-06
2.01054e-06
-7.43654e-06
-1.15763e-06
-8.18722e-06
-6.84356e-07
-9.36397e-06
5.7137e-07
-1.05802e-05
1.60802e-06
-1.16324e-05
2.00932e-06
-1.22876e-05
1.45705e-06
-1.24898e-05
5.61129e-08
-1.24217e-05
-1.74381e-06
-1.19552e-05
-4.03597e-06
-1.06247e-05
-6.37611e-06
-7.84298e-06
-7.54323e-06
-5.65828e-06
-5.33059e-07
-1.68104e-05
-5.31296e-06
-4.15345e-06
-9.24549e-06
1.03988e-05
-1.20668e-05
2.05822e-05
-1.31867e-05
2.25281e-05
-1.18758e-05
1.65516e-05
-8.77676e-06
6.76074e-06
-6.51715e-06
-2.49918e-07
-6.35775e-06
-1.31676e-06
-7.25686e-06
2.15277e-07
-8.4343e-06
1.74947e-06
-9.61541e-06
2.78972e-06
-1.05186e-05
2.91285e-06
-1.09319e-05
1.87061e-06
-1.09943e-05
1.18693e-07
-1.12649e-05
-1.4731e-06
-1.20022e-05
-3.29858e-06
-1.26752e-05
-5.70312e-06
-1.21249e-05
-8.09358e-06
-8.55118e-06
-2.4952e-06
-1.41758e-05
-7.32144e-06
6.72775e-07
-1.12353e-05
1.4312e-05
-1.34932e-05
2.28379e-05
-1.33552e-05
2.23867e-05
-1.04956e-05
1.36888e-05
-6.57911e-06
2.84264e-06
-4.6011e-06
-2.22763e-06
-4.77251e-06
-1.14499e-06
-5.4583e-06
9.01353e-07
-6.23123e-06
2.52288e-06
-6.90132e-06
3.46031e-06
-7.22091e-06
3.23276e-06
-6.96315e-06
1.61306e-06
-6.29578e-06
-5.48193e-07
-6.44605e-06
-1.32218e-06
-7.86228e-06
-1.88213e-06
-1.03519e-05
-3.21352e-06
-1.27621e-05
-5.6837e-06
-8.05154e-06
-3.68671e-06
-1.09213e-05
-8.17439e-06
5.16028e-06
-1.15863e-05
1.77229e-05
-1.3025e-05
2.4274e-05
-1.18496e-05
2.12079e-05
-8.30272e-06
1.01395e-05
-4.95621e-06
-5.04e-07
-4.1351e-06
-3.04771e-06
-4.51061e-06
-7.69182e-07
-4.90978e-06
1.30052e-06
-5.2169e-06
2.83009e-06
-5.35726e-06
3.60087e-06
-4.99523e-06
2.87088e-06
-3.52205e-06
1.39785e-07
-1.02474e-06
-3.04577e-06
4.59869e-07
-2.80683e-06
-8.10681e-07
-6.10999e-07
-4.39183e-06
3.67992e-07
-8.66656e-06
-1.40941e-06
-3.93282e-06
-3.8391e-06
-8.58607e-06
-7.81877e-06
9.13965e-06
-1.03895e-05
2.02924e-05
-1.0949e-05
2.48308e-05
-9.39281e-06
1.96486e-05
-6.75116e-06
7.49634e-06
-5.54416e-06
-1.71003e-06
-5.8891e-06
-2.70155e-06
-6.06419e-06
-5.93633e-07
-6.06026e-06
1.29652e-06
-5.81951e-06
2.58914e-06
-5.1309e-06
2.91207e-06
-3.67553e-06
1.41525e-06
-1.05258e-06
-2.48367e-06
2.09716e-06
-6.1963e-06
4.89083e-06
-5.6015e-06
5.2321e-06
-9.52541e-07
2.33151e-06
3.26894e-06
-2.02121e-06
2.94359e-06
9.11705e-07
-3.18841e-06
-2.7884e-06
-6.49375e-06
1.24446e-05
-7.93129e-06
2.17286e-05
-7.67284e-06
2.45699e-05
-6.50854e-06
1.84817e-05
-5.9787e-06
6.96568e-06
-6.96365e-06
-7.24059e-07
-7.76423e-06
-1.89972e-06
-7.57245e-06
-7.84475e-07
-6.92436e-06
6.48809e-07
-5.74245e-06
1.40728e-06
-3.71927e-06
8.88767e-07
-9.21755e-07
-1.38264e-06
2.20627e-06
-5.61222e-06
5.21063e-06
-9.20134e-06
7.55691e-06
-7.94873e-06
8.3847e-06
-1.78148e-06
6.60287e-06
5.05039e-06
2.74795e-06
6.79868e-06
4.51428e-06
-3.29408e-06
-4.34591e-06
-4.56204e-06
1.37121e-05
-4.60988e-06
2.17753e-05
-3.41653e-06
2.33743e-05
-2.43892e-06
1.75019e-05
-3.29541e-06
7.82142e-06
-5.36748e-06
1.34849e-06
-6.39182e-06
-8.74607e-07
-6.21597e-06
-9.59536e-07
-5.0669e-06
-4.99619e-07
-3.033e-06
-6.26243e-07
-1.87888e-07
-1.95623e-06
3.0034e-06
-4.5741e-06
5.62456e-06
-8.23346e-06
7.69527e-06
-1.12723e-05
8.7931e-06
-9.04726e-06
8.89917e-06
-1.88864e-06
7.92502e-06
6.02367e-06
5.42615e-06
9.29735e-06
7.67813e-06
-1.647e-06
2.79625e-07
-2.14717e-06
1.42119e-05
-8.41004e-07
2.04682e-05
1.75143e-06
2.07802e-05
3.63339e-06
1.56182e-05
3.23239e-06
8.22161e-06
1.80778e-06
2.77304e-06
8.3292e-07
1.00477e-07
7.53888e-07
-8.80209e-07
1.65911e-06
-1.40454e-06
3.5641e-06
-2.53101e-06
5.95069e-06
-4.34267e-06
7.915e-06
-6.53834e-06
8.71643e-06
-9.03458e-06
8.62372e-06
-1.11796e-05
7.76862e-06
-8.19295e-06
6.7623e-06
-8.83337e-07
6.48531e-06
6.29963e-06
5.85896e-06
9.92319e-06
9.28013e-06
-1.45717e-06
2.26228e-06
-5.35454e-07
1.32899e-05
2.60647e-06
1.73257e-05
7.47181e-06
1.59137e-05
1.08839e-05
1.22048e-05
1.19121e-05
7.19286e-06
1.18253e-05
2.85969e-06
1.19303e-05
-4.65595e-09
1.2173e-05
-1.12315e-06
1.24211e-05
-1.65255e-06
1.30837e-05
-3.19329e-06
1.34739e-05
-4.73252e-06
1.26225e-05
-5.68658e-06
1.02103e-05
-6.6219e-06
6.96269e-06
-7.93187e-06
3.788e-06
-5.01936e-06
2.30164e-06
6.02077e-07
3.19522e-06
5.40515e-06
4.67636e-06
8.44145e-06
8.48456e-06
-3.02599e-06
1.51256e-06
-8.90569e-07
1.11543e-05
4.75644e-06
1.16784e-05
1.21742e-05
8.49524e-06
1.74275e-05
6.9507e-06
2.02335e-05
4.38659e-06
2.17384e-05
1.35482e-06
2.28715e-05
-1.13773e-06
2.29658e-05
-1.21742e-06
2.11674e-05
1.45801e-07
1.972e-05
-1.74562e-06
1.75733e-05
-2.58539e-06
1.36546e-05
-1.76732e-06
8.21168e-06
-1.17799e-06
2.72733e-06
-2.44752e-06
-2.24677e-06
-4.66495e-08
-3.29906e-06
1.6535e-06
-4.34717e-07
2.54016e-06
2.81961e-06
5.18663e-06
5.58732e-06
-1.66178e-06
-2.71666e-06
5.50515e-06
1.47413e-05
2.04116e-05
2.14316e-05
2.09266e-05
2.23328e-05
2.19425e-05
1.62038e-05
1.49206e-05
1.27675e-05
8.50115e-06
2.59862e-06
-7.05229e-07
-4.98022e-06
-7.42856e-06
-2.30659e-06
1.24861e-06
-1.68618e-06
1.68621e-06
-1.20833e-07
-1.5653e-06
1.66299e-07
-2.87086e-07
5.4212e-08
1.12181e-07
1.22052e-07
-6.77701e-08
1.90565e-07
-6.84538e-08
2.73491e-07
-8.28803e-08
3.57036e-07
-8.35054e-08
3.95944e-07
-3.88667e-08
3.7269e-07
2.33047e-08
2.99174e-07
7.358e-08
1.87759e-07
1.11481e-07
5.17144e-08
1.36087e-07
-8.91701e-08
1.40897e-07
-2.1905e-07
1.29878e-07
-3.22181e-07
1.03129e-07
-3.89417e-07
6.72363e-08
-4.22567e-07
3.31497e-08
-4.32022e-07
9.4554e-09
-6.44888e-10
-2.25858e-06
3.94484e-06
-1.7202e-07
-3.65179e-06
1.38801e-07
-5.97861e-07
-2.64853e-08
2.77558e-07
1.45708e-07
-2.39897e-07
2.55159e-07
-1.77846e-07
4.01733e-07
-2.29408e-07
5.28125e-07
-2.09857e-07
5.61033e-07
-7.17366e-08
4.44595e-07
1.39779e-07
1.85237e-07
3.32978e-07
-1.77835e-07
4.74592e-07
-5.84792e-07
5.43068e-07
-9.79336e-07
5.35446e-07
-1.31488e-06
4.65424e-07
-1.56214e-06
3.50386e-07
-1.7145e-06
2.19593e-07
-1.7874e-06
1.06049e-07
-1.80983e-06
3.18835e-08
7.14155e-10
-2.20661e-06
6.15152e-06
-3.15113e-07
-5.54319e-06
-1.54252e-07
-7.58665e-07
-1.5109e-07
2.7447e-07
7.01397e-08
-4.61064e-07
1.89349e-07
-2.97e-07
3.34248e-07
-3.74262e-07
4.139e-07
-2.89461e-07
3.45317e-07
-3.11044e-09
6.34139e-08
4.21708e-07
-4.22257e-07
8.18667e-07
-1.02477e-06
1.07712e-06
-1.6454e-06
1.16371e-06
-2.20179e-06
1.09183e-06
-2.64099e-06
9.04629e-07
-2.94328e-06
6.52676e-07
-3.11897e-06
3.95282e-07
-3.1994e-06
1.86479e-07
-3.22422e-06
5.67051e-08
3.12767e-09
-2.0908e-06
8.24242e-06
-5.79472e-07
-7.05442e-06
-5.09628e-07
-8.28451e-07
-2.98003e-07
6.29061e-08
-7.04179e-08
-6.88593e-07
5.8333e-08
-4.25703e-07
1.65079e-07
-4.80958e-07
1.3341e-07
-2.57727e-07
-1.12306e-07
2.42664e-07
-6.20947e-07
9.30375e-07
-1.32393e-06
1.52166e-06
-2.10168e-06
1.85487e-06
-2.83393e-06
1.89596e-06
-3.44137e-06
1.69927e-06
-3.88894e-06
1.3522e-06
-4.17877e-06
9.42507e-07
-4.33835e-06
5.54865e-07
-4.40793e-06
2.56056e-07
-4.42862e-06
7.73992e-08
5.19312e-09
-1.98157e-06
1.02241e-05
-8.54098e-07
-8.18179e-06
-7.87975e-07
-8.94522e-07
-4.55552e-07
-2.69469e-07
-2.42851e-07
-9.01253e-07
-1.0843e-07
-5.60085e-07
-8.30831e-08
-5.06248e-07
-2.72723e-07
-6.79962e-08
-7.53646e-07
7.23668e-07
-1.4881e-06
1.66486e-06
-2.35277e-06
2.38634e-06
-3.20774e-06
2.70984e-06
-3.94634e-06
2.63456e-06
-4.51769e-06
2.27062e-06
-4.91475e-06
1.74926e-06
-5.15901e-06
1.18676e-06
-5.28679e-06
6.82646e-07
-5.33911e-06
3.08377e-07
-5.35324e-06
9.15299e-08
6.24929e-09
-1.8784e-06
1.21026e-05
-1.08849e-06
-8.9716e-06
-1.00334e-06
-9.79628e-07
-6.23604e-07
-6.49176e-07
-4.31662e-07
-1.09317e-06
-3.21295e-07
-6.70426e-07
-4.11933e-07
-4.1554e-07
-8.09015e-07
3.29211e-07
-1.5269e-06
1.44165e-06
-2.43483e-06
2.57283e-06
-3.37038e-06
3.32189e-06
-4.20575e-06
3.54521e-06
-4.8742e-06
3.30301e-06
-5.36213e-06
2.75855e-06
-5.68577e-06
2.0729e-06
-5.87615e-06
1.37714e-06
-5.9701e-06
7.76595e-07
-6.00476e-06
3.43039e-07
-6.01197e-06
9.8739e-08
6.11657e-09
-1.78212e-06
1.38849e-05
-1.27961e-06
-9.47402e-06
-1.17954e-06
-1.07967e-06
-8.01086e-07
-1.02763e-06
-6.35101e-07
-1.25917e-06
-5.83488e-07
-7.22027e-07
-8.31967e-07
-1.66969e-07
-1.4549e-06
9.523e-07
-2.36685e-06
2.35372e-06
-3.36354e-06
3.56955e-06
-4.2778e-06
4.23615e-06
-5.02368e-06
4.29109e-06
-5.58356e-06
3.86289e-06
-5.97452e-06
3.14951e-06
-6.22455e-06
2.32294e-06
-6.36507e-06
1.51766e-06
-6.42876e-06
8.40287e-07
-6.44757e-06
3.61842e-07
-6.44828e-06
9.94507e-08
4.8086e-09
-1.69747e-06
1.55826e-05
-1.43238e-06
-9.73901e-06
-1.33175e-06
-1.18029e-06
-9.84322e-07
-1.37508e-06
-8.56265e-07
-1.38727e-06
-9.03261e-07
-6.7503e-07
-1.34068e-06
2.7057e-07
-2.17023e-06
1.78204e-06
-3.20261e-06
3.38622e-06
-4.19789e-06
4.56485e-06
-5.02069e-06
5.05895e-06
-5.64179e-06
4.91219e-06
-6.08572e-06
4.30682e-06
-6.38634e-06
3.45013e-06
-6.57275e-06
2.50934e-06
-6.67157e-06
1.61648e-06
-6.71001e-06
8.78722e-07
-6.71518e-06
3.67018e-07
-6.70996e-06
9.42257e-08
2.36891e-09
-1.62169e-06
1.72045e-05
-1.54629e-06
-9.81432e-06
-1.46698e-06
-1.25962e-06
-1.17116e-06
-1.67097e-06
-1.10221e-06
-1.4563e-06
-1.28536e-06
-4.91889e-07
-1.91864e-06
9.04009e-07
-2.90365e-06
2.76725e-06
-3.97225e-06
4.45491e-06
-4.89149e-06
5.4841e-06
-5.58327e-06
5.75073e-06
-6.07332e-06
5.40223e-06
-6.41237e-06
4.64587e-06
-6.63761e-06
3.67538e-06
-6.77291e-06
2.64464e-06
-6.83846e-06
1.68204e-06
-6.85632e-06
8.96576e-07
-6.84981e-06
3.60509e-07
-6.83907e-06
8.34845e-08
-1.1945e-09
-1.55113e-06
1.87559e-05
-1.6324e-06
-9.73297e-06
-1.58978e-06
-1.30228e-06
-1.36329e-06
-1.89759e-06
-1.38018e-06
-1.43953e-06
-1.72454e-06
-1.47529e-07
-2.53306e-06
1.7127e-06
-3.60498e-06
3.83936e-06
-4.63274e-06
5.48274e-06
-5.42683e-06
6.2782e-06
-5.97586e-06
6.29975e-06
-6.34678e-06
5.77315e-06
-6.59947e-06
4.89856e-06
-6.76566e-06
3.84157e-06
-6.86159e-06
2.74056e-06
-6.90124e-06
1.7217e-06
-6.9024e-06
8.97732e-07
-6.88569e-06
3.43798e-07
-6.86962e-06
6.74112e-08
-5.90685e-09
-1.48422e-06
2.02404e-05
-1.69834e-06
-9.51877e-06
-1.70568e-06
-1.29502e-06
-1.56521e-06
-2.03823e-06
-1.69364e-06
-1.31126e-06
-2.20547e-06
3.64308e-07
-3.14664e-06
2.65407e-06
-4.2342e-06
4.9271e-06
-5.16217e-06
6.41076e-06
-5.80803e-06
6.92405e-06
-6.22207e-06
6.7138e-06
-6.49394e-06
6.04502e-06
-6.6797e-06
5.08432e-06
-6.80166e-06
3.96353e-06
-6.86841e-06
2.80731e-06
-6.8884e-06
1.74169e-06
-6.87602e-06
8.85354e-07
-6.85017e-06
3.17949e-07
-6.82878e-06
4.60131e-08
-1.19376e-08
-1.42061e-06
2.16613e-05
-1.75063e-06
-9.18869e-06
-1.8202e-06
-1.22558e-06
-1.78127e-06
-2.07741e-06
-2.03934e-06
-1.05338e-06
-2.70534e-06
1.03033e-06
-3.72503e-06
3.67396e-06
-4.76546e-06
5.96769e-06
-5.55654e-06
7.20187e-06
-6.05198e-06
7.41948e-06
-6.3494e-06
7.01122e-06
-6.54385e-06
6.23947e-06
-6.68026e-06
5.22073e-06
-6.77095e-06
4.05422e-06
-6.81742e-06
2.85377e-06
-6.82319e-06
1.74746e-06
-6.79993e-06
8.62095e-07
-6.76569e-06
2.83708e-07
-6.73874e-06
1.90663e-08
-1.95149e-08
-1.36088e-06
2.30226e-05
-1.79556e-06
-8.75396e-06
-1.93738e-06
-1.08393e-06
-2.01307e-06
-2.00202e-06
-2.40701e-06
-6.59656e-07
-3.19853e-06
1.8219e-06
-4.24158e-06
4.71721e-06
-5.18684e-06
6.91306e-06
-5.82423e-06
7.83927e-06
-6.1809e-06
7.77615e-06
-6.38385e-06
7.21417e-06
-6.52094e-06
6.37656e-06
-6.62346e-06
5.32326e-06
-6.69445e-06
4.12521e-06
-6.72873e-06
2.88805e-06
-6.72519e-06
1.74391e-06
-6.6933e-06
8.30213e-07
-6.65112e-06
2.41521e-07
-6.61816e-06
-1.3889e-08
-2.89679e-08
-1.30624e-06
2.43293e-05
-1.83887e-06
-8.22128e-06
-2.06022e-06
-8.6281e-07
-2.25866e-06
-1.80394e-06
-2.78245e-06
-1.36092e-07
-3.66208e-06
2.70159e-06
-4.67911e-06
5.73442e-06
-5.49758e-06
7.73162e-06
-5.98048e-06
8.32217e-06
-6.21744e-06
8.0131e-06
-6.34789e-06
7.34463e-06
-6.44538e-06
6.47405e-06
-6.52789e-06
5.40577e-06
-6.58988e-06
4.1872e-06
-6.61947e-06
2.91764e-06
-6.61104e-06
1.73548e-06
-6.57238e-06
7.9156e-07
-6.52237e-06
1.91503e-07
-6.48269e-06
-5.35609e-08
-4.0771e-08
-1.25818e-06
2.5588e-05
-1.88553e-06
-7.59389e-06
-2.19e-06
-5.58622e-07
-2.51296e-06
-1.48141e-06
-3.15055e-06
5.01269e-07
-4.0781e-06
3.62921e-06
-5.02941e-06
6.6859e-06
-5.7047e-06
8.40697e-06
-6.04323e-06
8.66069e-06
-6.18221e-06
8.15207e-06
-6.26029e-06
7.42271e-06
-6.33401e-06
6.54776e-06
-6.40933e-06
5.48109e-06
-6.47229e-06
4.25015e-06
-6.50406e-06
2.94941e-06
-6.4946e-06
1.72603e-06
-6.45052e-06
7.47479e-07
-6.39241e-06
1.33395e-07
-6.34497e-06
-1.01e-07
-5.55668e-08
-1.21814e-06
2.68067e-05
-1.9393e-06
-6.87269e-06
-2.32611e-06
-1.72157e-07
-2.76849e-06
-1.0395e-06
-3.49711e-06
1.22966e-06
-4.43461e-06
4.56678e-06
-5.29159e-06
7.54302e-06
-5.81971e-06
8.93514e-06
-6.03037e-06
8.87135e-06
-6.09302e-06
8.21472e-06
-6.1367e-06
7.46639e-06
-6.20102e-06
6.61209e-06
-6.28109e-06
5.56116e-06
-6.3542e-06
4.32326e-06
-6.39421e-06
2.98943e-06
-6.38686e-06
1.71868e-06
-6.33809e-06
6.98704e-07
-6.27118e-06
6.64911e-08
-6.21458e-06
-1.57607e-07
-7.42234e-08
-1.18801e-06
2.79954e-05
-2.00181e-06
-6.05884e-06
-2.46633e-06
2.91967e-07
-3.01693e-06
-4.8942e-07
-3.81048e-06
2.02298e-06
-4.72538e-06
5.48176e-06
-5.47005e-06
8.2878e-06
-5.85613e-06
9.32124e-06
-5.95843e-06
8.97363e-06
-5.96492e-06
8.22122e-06
-5.99022e-06
7.49169e-06
-6.05836e-06
6.68023e-06
-6.15416e-06
5.65696e-06
-6.24557e-06
4.41467e-06
-6.29896e-06
3.04282e-06
-6.29605e-06
1.71576e-06
-6.24264e-06
6.45295e-07
-6.16574e-06
-1.04069e-08
-6.09818e-06
-2.25165e-07
-9.7885e-08
-1.16852e-06
2.91647e-05
-2.07457e-06
-5.15273e-06
-2.60723e-06
8.24152e-07
-3.2508e-06
1.53593e-07
-4.08258e-06
2.85453e-06
-4.94899e-06
6.34825e-06
-5.57263e-06
8.91153e-06
-5.82791e-06
9.57654e-06
-5.84203e-06
8.98774e-06
-5.81061e-06
8.1898e-06
-5.83183e-06
7.51292e-06
-5.91582e-06
6.76421e-06
-6.03719e-06
5.77833e-06
-6.154e-06
4.53148e-06
-6.22492e-06
3.11374e-06
-6.22796e-06
1.7188e-06
-6.16927e-06
5.8661e-07
-6.08066e-06
-9.9018e-08
-5.99993e-06
-3.05891e-07
-1.2805e-07
-1.17569e-06
3.03413e-05
-2.16166e-06
-4.16671e-06
-2.74462e-06
1.40658e-06
-3.46262e-06
8.71003e-07
-4.30861e-06
3.70029e-06
-5.10763e-06
7.14734e-06
-5.60899e-06
9.41297e-06
-5.74843e-06
9.71598e-06
-5.69394e-06
8.93326e-06
-5.64077e-06
8.13662e-06
-5.67063e-06
7.54278e-06
-5.78121e-06
6.87478e-06
-5.93681e-06
5.93394e-06
-6.08504e-06
4.6797e-06
-6.17669e-06
3.2054e-06
-6.18639e-06
1.72849e-06
-6.12104e-06
5.21264e-07
-6.01844e-06
-2.01615e-07
-5.92187e-06
-4.02461e-07
-1.66672e-07
-1.14601e-06
3.14884e-05
-2.28567e-06
-3.02707e-06
-2.87221e-06
1.99251e-06
-3.64452e-06
1.64269e-06
-4.48523e-06
4.54078e-06
-5.20734e-06
7.8695e-06
-5.59099e-06
9.79668e-06
-5.63047e-06
9.75546e-06
-5.52522e-06
8.82801e-06
-5.46441e-06
8.07581e-06
-5.51411e-06
7.59249e-06
-5.66091e-06
7.02158e-06
-5.8585e-06
6.13152e-06
-6.04317e-06
4.86437e-06
-6.15771e-06
3.31994e-06
-6.17407e-06
1.74485e-06
-6.10047e-06
4.47667e-07
-5.98147e-06
-3.20616e-07
-5.86498e-06
-5.18953e-07
-2.16762e-07
-6.85216e-06
2.64447e-05
-1.01775e-05
2.97091e-07
-1.25641e-05
4.37615e-06
-1.58436e-05
4.91937e-06
-1.87368e-05
7.433e-06
-2.07177e-05
9.85053e-06
-2.13094e-05
1.03885e-05
-2.08816e-05
9.32763e-06
-2.02906e-05
8.23696e-06
-2.01815e-05
7.96674e-06
-2.0718e-05
8.129e-06
-2.17609e-05
8.06449e-06
-2.30159e-05
7.38659e-06
-2.41188e-05
5.96725e-06
-2.47755e-05
3.97658e-06
-2.4871e-05
1.8404e-06
-2.44625e-05
3.91239e-08
-2.37944e-05
-9.88742e-07
-2.30885e-05
-1.22482e-06
-5.81817e-07
-6.61379e-06
2.93858e-05
-1.10327e-05
4.71332e-06
-1.3481e-05
6.82069e-06
-1.62702e-05
7.70516e-06
-1.83145e-05
9.47599e-06
-1.92435e-05
1.07794e-05
-1.90673e-05
1.02124e-05
-1.83698e-05
8.62982e-06
-1.79666e-05
7.83352e-06
-1.83974e-05
8.39752e-06
-1.97227e-05
9.45425e-06
-2.16392e-05
9.9811e-06
-2.36381e-05
9.38543e-06
-2.51553e-05
7.48453e-06
-2.5792e-05
4.61323e-06
-2.54868e-05
1.53513e-06
-2.44286e-05
-1.01925e-06
-2.30826e-05
-2.33482e-06
-2.1885e-05
-2.42246e-06
-1.5505e-06
-3.46154e-06
4.09716e-05
-1.12919e-05
1.2541e-05
-1.36188e-05
9.14272e-06
-1.55657e-05
9.64768e-06
-1.68607e-05
1.07691e-05
-1.71671e-05
1.10854e-05
-1.68267e-05
9.87164e-06
-1.63324e-05
8.13489e-06
-1.62981e-05
7.79866e-06
-1.71398e-05
9.23897e-06
-1.88146e-05
1.1129e-05
-2.08391e-05
1.20057e-05
-2.25264e-05
1.10728e-05
-2.32189e-05
8.17713e-06
-2.25094e-05
3.90409e-06
-2.07366e-05
-2.36671e-07
-1.79534e-05
-3.801e-06
-1.49831e-05
-5.30398e-06
-1.25763e-05
-4.82894e-06
-4.21994e-06
2.43655e-06
5.59896e-05
-1.09043e-05
2.58771e-05
-1.39099e-05
1.21423e-05
-1.43539e-05
1.00863e-05
-1.49114e-05
1.13237e-05
-1.4943e-05
1.11162e-05
-1.47785e-05
9.70655e-06
-1.4595e-05
7.95026e-06
-1.47127e-05
7.91543e-06
-1.55175e-05
1.00436e-05
-1.70554e-05
1.2667e-05
-1.89245e-05
1.38749e-05
-2.05144e-05
1.2663e-05
-2.11157e-05
8.77961e-06
-2.01589e-05
2.9502e-06
-1.72269e-05
-3.16386e-06
-1.2887e-05
-8.13552e-06
-7.36435e-06
-1.08211e-05
-1.00138e-06
-1.1187e-05
-9.50726e-06
1.32101e-05
6.37671e-05
-5.23187e-06
4.42884e-05
-1.36528e-05
2.05456e-05
-1.34994e-05
9.92648e-06
-1.26553e-05
1.04756e-05
-1.2624e-05
1.10835e-05
-1.27441e-05
9.82564e-06
-1.28113e-05
8.01589e-06
-1.28954e-05
7.99851e-06
-1.36094e-05
1.07575e-05
-1.53983e-05
1.44561e-05
-1.81161e-05
1.6593e-05
-2.09897e-05
1.55379e-05
-2.26285e-05
1.04216e-05
-2.17708e-05
2.09665e-06
-1.85702e-05
-6.3613e-06
-1.39468e-05
-1.27561e-05
-8.08172e-06
-1.66821e-05
-1.23675e-06
-1.80265e-05
-1.41046e-05
2.35989e-05
6.04392e-05
7.67091e-06
6.01656e-05
-7.61723e-06
3.57826e-05
-1.20269e-05
1.43183e-05
-1.01655e-05
8.60903e-06
-1.00373e-05
1.09532e-05
-1.05036e-05
1.02904e-05
-1.08582e-05
8.36873e-06
-1.10155e-05
8.15492e-06
-1.19483e-05
1.16904e-05
-1.44523e-05
1.69603e-05
-1.81928e-05
2.03341e-05
-2.16337e-05
1.89805e-05
-2.27994e-05
1.15895e-05
-2.11368e-05
4.33958e-07
-1.7967e-05
-9.53325e-06
-1.40589e-05
-1.66659e-05
-9.14184e-06
-2.15994e-05
-3.46313e-06
-2.37046e-05
-1.79703e-05
2.86249e-05
5.02677e-05
2.21963e-05
6.65486e-05
5.73268e-06
5.21819e-05
-5.87295e-06
2.58869e-05
-7.25401e-06
9.98197e-06
-6.94058e-06
1.06368e-05
-7.97361e-06
1.13215e-05
-8.80102e-06
9.1942e-06
-9.26803e-06
8.62137e-06
-1.05497e-05
1.29727e-05
-1.35025e-05
1.99135e-05
-1.73561e-05
2.41883e-05
-2.01511e-05
2.17765e-05
-2.03521e-05
1.17898e-05
-1.86454e-05
-1.27655e-06
-1.63152e-05
-1.1867e-05
-1.36298e-05
-1.93529e-05
-9.80962e-06
-2.54205e-05
-4.26968e-06
-2.92446e-05
-2.30603e-05
2.71969e-05
3.9372e-05
3.02721e-05
6.34474e-05
1.99681e-05
6.24416e-05
4.92615e-06
4.09013e-05
-2.44999e-06
1.73512e-05
-3.41668e-06
1.16004e-05
-5.19516e-06
1.30977e-05
-6.72404e-06
1.07211e-05
-7.63338e-06
9.53048e-06
-9.01167e-06
1.43521e-05
-1.16646e-05
2.25671e-05
-1.47407e-05
2.72649e-05
-1.66039e-05
2.36398e-05
-1.65987e-05
1.1782e-05
-1.57354e-05
-2.14424e-06
-1.46208e-05
-1.29844e-05
-1.31658e-05
-2.08067e-05
-1.04958e-05
-2.80879e-05
-5.43672e-06
-3.43006e-05
-2.75177e-05
2.12864e-05
3.14476e-05
3.02666e-05
5.44693e-05
2.81611e-05
6.45443e-05
1.61714e-05
5.28978e-05
4.24667e-06
2.92884e-05
1.02777e-07
1.57442e-05
-2.31957e-06
1.55176e-05
-4.69623e-06
1.30956e-05
-6.03942e-06
1.08735e-05
-7.09174e-06
1.54061e-05
-8.70089e-06
2.41775e-05
-1.0498e-05
2.90628e-05
-1.16018e-05
2.47434e-05
-1.19574e-05
1.21348e-05
-1.21758e-05
-1.92971e-06
-1.21121e-05
-1.30498e-05
-1.17365e-05
-2.11785e-05
-1.03509e-05
-2.94663e-05
-6.01407e-06
-3.86279e-05
-3.29468e-05
1.41036e-05
2.72513e-05
2.47683e-05
4.38353e-05
2.93146e-05
6.00409e-05
2.28659e-05
5.93917e-05
1.08751e-05
4.13144e-05
3.61086e-06
2.30178e-05
2.73734e-07
1.88522e-05
-2.79593e-06
1.61627e-05
-4.54188e-06
1.26188e-05
-4.9658e-06
1.58319e-05
-5.02789e-06
2.42418e-05
-5.25548e-06
2.92917e-05
-5.61123e-06
2.50994e-05
-6.21186e-06
1.2734e-05
-7.24848e-06
-8.95477e-07
-8.01053e-06
-1.22883e-05
-8.45652e-06
-2.07285e-05
-8.58182e-06
-2.93325e-05
-6.04614e-06
-4.11495e-05
-3.66159e-05
8.20051e-06
2.54832e-05
1.74835e-05
3.45886e-05
2.58589e-05
5.17318e-05
2.48202e-05
6.04975e-05
1.52949e-05
5.08872e-05
6.26201e-06
3.20676e-05
2.15913e-06
2.29538e-05
-1.13609e-06
1.94547e-05
-3.27756e-06
1.47588e-05
-3.12899e-06
1.56849e-05
-1.47916e-06
2.25952e-05
-1.17513e-07
2.79327e-05
7.69614e-07
2.42137e-05
4.61846e-07
1.3042e-05
-9.34664e-07
5.00703e-07
-2.52967e-06
-1.06922e-05
-3.61307e-06
-1.96421e-05
-4.96153e-06
-2.79791e-05
-4.47231e-06
-4.16295e-05
-4.08661e-05
4.51623e-06
2.40845e-05
1.11925e-05
2.79281e-05
2.06577e-05
4.23208e-05
2.37507e-05
5.74681e-05
1.75141e-05
5.71696e-05
8.08759e-06
4.15113e-05
2.94911e-06
2.80918e-05
-1.54859e-08
2.24159e-05
-2.29431e-06
1.7035e-05
-1.97812e-06
1.53691e-05
1.11318e-06
1.95073e-05
4.71226e-06
2.43375e-05
6.98112e-06
2.19476e-05
7.16614e-06
1.28586e-05
5.56274e-06
2.1043e-06
3.38699e-06
-8.51437e-06
1.41434e-06
-1.76662e-05
-6.84516e-07
-2.58805e-05
-2.57956e-06
-3.97256e-05
-4.57093e-05
2.34734e-06
2.1435e-05
6.84791e-06
2.34247e-05
1.54985e-05
3.36945e-05
2.13196e-05
5.16906e-05
1.85603e-05
5.99646e-05
9.7495e-06
5.03342e-05
3.06315e-06
3.4775e-05
1.43429e-07
2.53312e-05
-1.7087e-06
1.88836e-05
-1.47208e-06
1.51313e-05
2.03511e-06
1.60023e-05
7.1215e-06
1.92552e-05
1.10011e-05
1.80714e-05
1.23287e-05
1.15328e-05
1.1276e-05
3.15641e-06
8.76997e-06
-6.00711e-06
6.01757e-06
-1.49111e-05
3.06581e-06
-2.29311e-05
-1.15944e-06
-3.55003e-05
-4.21945e-05
4.09742e-07
1.73011e-05
4.0173e-06
1.98101e-05
1.10212e-05
2.66933e-05
1.84153e-05
4.43194e-05
1.91538e-05
5.92509e-05
1.21106e-05
5.73847e-05
3.8786e-06
4.29989e-05
-2.38322e-07
2.94397e-05
-1.77506e-06
2.04155e-05
-1.40324e-06
1.4757e-05
1.84225e-06
1.27566e-05
7.38381e-06
1.37157e-05
1.24191e-05
1.3038e-05
1.50224e-05
8.92969e-06
1.50031e-05
3.1733e-06
1.29005e-05
-3.9052e-06
9.72081e-06
-1.17304e-05
6.13357e-06
-1.93476e-05
3.83259e-07
-2.97554e-05
-3.55615e-05
-1.49849e-06
1.22191e-05
2.08574e-06
1.62219e-05
7.30791e-06
2.14673e-05
1.52113e-05
3.64262e-05
1.92027e-05
5.5278e-05
1.51907e-05
6.14033e-05
6.79258e-06
5.13865e-05
6.01428e-07
3.56161e-05
-1.81252e-06
2.28202e-05
-1.56306e-06
1.4503e-05
1.25832e-06
9.93319e-06
6.4529e-06
8.52049e-06
1.19096e-05
7.58066e-06
1.54757e-05
5.36127e-06
1.65811e-05
2.06387e-06
1.53532e-05
-2.67958e-06
1.24409e-05
-8.81885e-06
8.98903e-06
-1.59008e-05
5.1714e-06
-2.59461e-05
-3.7988e-05
-2.64401e-06
8.50769e-06
6.33833e-07
1.29414e-05
4.38187e-06
1.77154e-05
1.1586e-05
2.92261e-05
1.79657e-05
4.89139e-05
1.77583e-05
6.16212e-05
1.16491e-05
5.74887e-05
4.90776e-06
4.234e-05
9.87143e-07
2.67256e-05
-7.11566e-08
1.55524e-05
1.45365e-06
8.40438e-06
5.42579e-06
4.54664e-06
1.04808e-05
2.52405e-06
1.445e-05
1.38906e-06
1.64594e-05
5.03495e-08
1.62121e-05
-2.435e-06
1.40071e-05
-6.61587e-06
1.09532e-05
-1.28525e-05
5.90406e-06
-2.09066e-05
-2.74827e-05
-3.60591e-07
7.41765e-06
1.18252e-06
1.13944e-05
2.9261e-06
1.59673e-05
7.94136e-06
2.42099e-05
1.4816e-05
4.2052e-05
1.77272e-05
5.8725e-05
1.59322e-05
5.92848e-05
1.20916e-05
4.61673e-05
9.06528e-06
2.97348e-05
7.20663e-06
1.73978e-05
6.65155e-06
8.95269e-06
7.84956e-06
3.34759e-06
1.07476e-05
-3.73151e-07
1.36713e-05
-1.53531e-06
1.58934e-05
-2.17412e-06
1.64239e-05
-2.96798e-06
1.54981e-05
-5.69302e-06
1.35229e-05
-1.08829e-05
8.24585e-06
-1.56387e-05
-1.41318e-05
4.6431e-06
6.17606e-06
5.00172e-06
1.1034e-05
4.30722e-06
1.66582e-05
5.37081e-06
2.31417e-05
9.45696e-06
3.79731e-05
1.32051e-05
5.49932e-05
1.59593e-05
5.65388e-05
1.78759e-05
4.4245e-05
1.96405e-05
2.79564e-05
1.98532e-05
1.71709e-05
1.99134e-05
8.88277e-06
1.904e-05
4.22085e-06
1.87252e-05
-5.11676e-08
1.85869e-05
-1.3893e-06
1.90482e-05
-2.632e-06
1.90631e-05
-2.983e-06
1.93261e-05
-5.9589e-06
1.78563e-05
-9.41812e-06
1.2562e-05
-1.03521e-05
-1.38024e-05
1.10852e-05
5.18838e-06
1.08588e-05
1.1262e-05
8.47821e-06
1.90382e-05
5.85045e-06
2.57653e-05
3.41363e-06
4.04106e-05
5.03381e-06
5.33861e-05
1.03936e-05
5.11889e-05
1.84595e-05
3.61771e-05
2.7866e-05
1.8538e-05
3.15387e-05
1.34812e-05
3.6014e-05
4.39137e-06
3.62999e-05
3.92842e-06
3.78012e-05
-1.54549e-06
3.46767e-05
1.7526e-06
3.24239e-05
-3.62664e-07
2.76909e-05
1.7579e-06
2.59943e-05
-4.26226e-06
2.18698e-05
-5.29696e-06
1.11509e-05
3.62615e-07
1.1094e-06
1.97686e-05
2.03658e-05
1.82087e-05
1.06526e-05
-9.30332e-06
-2.07741e-05
-1.24559e-05
4.46488e-06
2.6814e-05
2.84547e-05
4.06746e-05
3.51101e-05
4.38723e-05
3.65388e-05
3.84429e-05
2.6564e-05
2.6291e-05
1.99656e-05
9.70904e-06
)
;

boundaryField
{
    left_open
    {
        type            calculated;
        value           nonuniform List<scalar> 
40
(
1.08791e-06
2.21196e-06
2.57908e-06
2.41424e-06
1.87604e-06
1.08066e-06
1.15441e-07
-9.5426e-07
-2.07775e-06
-3.21964e-06
-4.35423e-06
-5.46135e-06
-6.52345e-06
-7.52298e-06
-8.44079e-06
-9.25511e-06
-9.94167e-06
-1.0475e-05
-1.0831e-05
-1.09903e-05
-4.34794e-05
-2.97954e-05
-1.77419e-05
-1.03429e-05
-4.02786e-06
-3.10544e-07
2.66972e-07
-2.10269e-06
-9.22987e-07
2.51142e-07
-3.64457e-06
-1.4139e-07
4.31631e-07
1.50181e-06
-2.60683e-06
4.84842e-06
-2.97731e-06
-5.23728e-07
3.77729e-06
4.45408e-06
)
;
    }
    right_open
    {
        type            calculated;
        value           nonuniform List<scalar> 
40
(
-4.31377e-07
-1.81118e-06
-3.22664e-06
-4.43069e-06
-5.3543e-06
-6.01184e-06
-6.44697e-06
-6.70752e-06
-6.8355e-06
-6.8649e-06
-6.82275e-06
-6.73116e-06
-6.60871e-06
-6.47089e-06
-6.33018e-06
-6.19592e-06
-6.07452e-06
-5.96977e-06
-5.88325e-06
-5.81489e-06
-2.27234e-05
-2.09163e-05
-9.90695e-06
4.2874e-06
3.36513e-06
4.05766e-07
8.19675e-07
-9.78848e-07
-5.82538e-07
-2.37108e-06
-2.18439e-07
2.27443e-06
-4.65755e-06
-6.23103e-06
7.59604e-06
-4.60129e-06
-5.10829e-06
1.22235e-05
-3.76246e-06
5.2808e-06
)
;
    }
    base_side
    {
        type            calculated;
        value           uniform 0;
    }
    top
    {
        type            calculated;
        value           nonuniform List<scalar> 
65
(
-1.27753e-06
1.2207e-05
3.45939e-06
-7.38964e-07
1.28286e-06
3.36184e-06
1.85595e-06
-2.54139e-06
-8.25146e-07
5.88409e-06
-4.61176e-07
-4.31169e-07
2.49982e-06
4.72452e-06
8.56928e-07
4.22727e-06
4.09897e-06
-2.58013e-06
1.63343e-06
1.9195e-07
1.9429e-06
1.26286e-06
1.05406e-06
1.18147e-06
-9.87853e-07
1.71377e-06
-3.1245e-08
-2.1868e-07
-2.93661e-08
3.72541e-08
3.15155e-07
1.80406e-07
2.18962e-07
1.81644e-07
3.07747e-07
1.22889e-06
1.12601e-06
1.96012e-06
-4.30499e-07
-2.75077e-07
3.08991e-07
5.49993e-07
6.02538e-07
1.12387e-06
4.22521e-07
1.78693e-06
1.06687e-05
2.11977e-05
3.33208e-05
6.03644e-05
6.48647e-05
4.28707e-05
1.92478e-05
-3.82244e-06
1.17988e-05
-7.83295e-06
9.46948e-06
-1.02982e-05
9.07223e-06
-2.25319e-06
1.36412e-05
-3.98493e-06
1.02982e-06
1.06198e-05
5.53839e-06
)
;
    }
    front
    {
        type            empty;
        value           nonuniform 0();
    }
    back
    {
        type            empty;
        value           nonuniform 0();
    }
    air_to_aluminum
    {
        type            calculated;
        value           nonuniform List<scalar> 
129
(
0
0
0
0
0
0
0
0
0
0
0
0
0
0
0
0
0
0
0
0
0
0
0
0
0
0
0
0
0
0
0
0
8.47033e-22
0
0
0
0
0
0
0
0
0
0
0
0
0
0
0
0
0
0
0
0
0
0
0
0
0
0
-2.64698e-23
0
0
0
0
0
0
0
0
0
0
0
0
0
0
0
0
0
0
0
0
0
0
-2.64698e-23
0
0
0
0
0
0
0
0
0
8.47033e-22
0
6.61744e-24
0
0
0
0
0
0
0
0
0
0
0
0
0
0
0
0
0
0
0
0
0
-8.47033e-22
0
0
0
0
0
0
0
0
0
0
0
0
)
;
    }
}


// ************************************************************************* //
