/*--------------------------------*- C++ -*----------------------------------*\
| =========                 |                                                 |
| \\      /  F ield         | OpenFOAM: The Open Source CFD Toolbox           |
|  \\    /   O peration     | Version:                                        |
|   \\  /    A nd           | Website:  www.openfoam.com                      |
|    \\/     M anipulation  |                                                 |
\*---------------------------------------------------------------------------*/
FoamFile
{
    version     2.0;
    format      ascii;
    class       volScalarField;
    location    "0.9";
    object      gradTx;
}
// * * * * * * * * * * * * * * * * * * * * * * * * * * * * * * * * * * * * * //

dimensions      [0 -1 0 1 0 0 0];


internalField   nonuniform List<scalar> 
4352
(
-20583.8
-6057.99
-2307.76
-1133.66
-665.336
-429.092
-287.491
-193.757
-12259.8
-7383.24
-4336.04
-2689.15
-1762.89
-1195.85
-820.747
-559.949
-8760.86
-6834.37
-4931.32
-3506.23
-2498.4
-1780.37
-1258.06
-872.968
-7105.21
-6189.86
-4996.1
-3877.72
-2940.11
-2185.58
-1588.49
-1121.34
-6253.71
-5727.44
-4915.73
-4031.55
-3194.83
-2457.01
-1831.2
-1312.1
-5793.78
-5434.1
-4824.29
-4094.97
-3348.56
-2648.46
-2021.83
-1467.63
-5540.19
-5258.94
-4758.65
-4129.43
-3458.08
-2808.89
-2208.9
-1632.31
-5400.58
-5159.52
-4721.77
-4159.82
-3554.41
-2976.26
-2459.85
-1911.97
-20583.8
-6057.99
-2307.76
-1133.66
-665.336
-429.092
-287.491
-193.757
-12259.8
-7383.24
-4336.04
-2689.15
-1762.89
-1195.85
-820.747
-559.949
-8760.86
-6834.37
-4931.32
-3506.23
-2498.4
-1780.37
-1258.06
-872.968
-7105.21
-6189.86
-4996.1
-3877.72
-2940.11
-2185.58
-1588.49
-1121.34
-6253.7
-5727.44
-4915.73
-4031.55
-3194.83
-2457.01
-1831.21
-1312.1
-5793.78
-5434.1
-4824.28
-4094.97
-3348.56
-2648.46
-2021.84
-1467.63
-5540.19
-5258.94
-4758.65
-4129.43
-3458.08
-2808.89
-2208.9
-1632.31
-5400.58
-5159.52
-4721.77
-4159.82
-3554.41
-2976.26
-2459.85
-1911.97
-20583.8
-6057.99
-2307.76
-1133.66
-665.336
-429.092
-287.491
-193.757
-12259.8
-7383.24
-4336.04
-2689.15
-1762.89
-1195.85
-820.748
-559.951
-8760.85
-6834.36
-4931.32
-3506.22
-2498.4
-1780.37
-1258.06
-872.97
-7105.2
-6189.85
-4996.09
-3877.71
-2940.11
-2185.58
-1588.49
-1121.34
-6253.7
-5727.43
-4915.73
-4031.54
-3194.83
-2457.01
-1831.21
-1312.11
-5793.77
-5434.09
-4824.28
-4094.96
-3348.56
-2648.46
-2021.84
-1467.63
-5540.18
-5258.93
-4758.65
-4129.42
-3458.07
-2808.89
-2208.9
-1632.31
-5400.57
-5159.52
-4721.77
-4159.82
-3554.41
-2976.26
-2459.85
-1911.98
-20583.8
-6057.99
-2307.76
-1133.66
-665.335
-429.091
-287.49
-193.757
-12259.8
-7383.23
-4336.04
-2689.15
-1762.89
-1195.84
-820.749
-559.953
-8760.84
-6834.35
-4931.31
-3506.22
-2498.39
-1780.36
-1258.06
-872.973
-7105.18
-6189.83
-4996.08
-3877.71
-2940.11
-2185.58
-1588.49
-1121.35
-6253.68
-5727.41
-4915.71
-4031.54
-3194.83
-2457.01
-1831.21
-1312.11
-5793.75
-5434.08
-4824.27
-4094.96
-3348.56
-2648.46
-2021.84
-1467.64
-5540.16
-5258.92
-4758.64
-4129.42
-3458.07
-2808.89
-2208.91
-1632.32
-5400.56
-5159.51
-4721.76
-4159.82
-3554.41
-2976.27
-2459.86
-1911.98
-128.952
-83.8421
-52.9442
-32.3846
-19.1737
-10.9917
-6.10634
-3.29074
-1.72211
-0.876043
-0.43361
-0.209011
-0.0981967
-0.0450011
-0.0201312
-0.00879722
-0.00375789
-0.00157018
-0.000642149
-0.000257197
-0.000100947
-3.8848e-05
-1.46665e-05
-5.43496e-06
-1.97789e-06
-7.07254e-07
-2.48579e-07
-8.59729e-08
-2.92266e-08
-9.76996e-09
-3.3723e-09
-1.3739e-09
-374.938
-244.346
-154.291
-94.2397
-55.6778
-31.8443
-17.6507
-9.49238
-4.95854
-2.51849
-1.24492
-0.599419
-0.281356
-0.128839
-0.0575989
-0.0251568
-0.0107413
-0.00448641
-0.0018342
-0.000734443
-0.000288195
-0.000110886
-4.18564e-05
-1.55086e-05
-5.64321e-06
-2.01762e-06
-7.09099e-07
-2.45109e-07
-8.33639e-08
-2.80331e-08
-9.50628e-09
-3.91354e-09
-589.513
-385.009
-242.605
-147.53
-86.6991
-49.3204
-27.2015
-14.5647
-7.57966
-3.83763
-1.89199
-0.908988
-0.425888
-0.194729
-0.0869466
-0.0379348
-0.0161829
-0.0067542
-0.0027596
-0.0011044
-0.000433166
-0.000166599
-6.2865e-05
-2.32857e-05
-8.47092e-06
-3.02791e-06
-1.06397e-06
-3.67706e-07
-1.25067e-07
-4.20081e-08
-1.42386e-08
-5.8703e-09
-762.389
-496.696
-310.451
-186.825
-108.631
-61.1992
-33.4709
-17.7961
-9.20793
-4.64011
-2.27887
-1.09145
-0.510075
-0.232736
-0.103738
-0.0451962
-0.0192577
-0.00802949
-0.0032779
-0.00131088
-0.000513841
-0.000197524
-7.45011e-05
-2.75852e-05
-1.00316e-05
-3.58473e-06
-1.25928e-06
-4.35124e-07
-1.48007e-07
-4.96547e-08
-1.68199e-08
-6.98053e-09
-891.989
-572.437
-350.233
-206.279
-117.692
-65.2765
-35.2585
-18.5636
-9.53163
-4.77442
-2.33374
-1.11353
-0.51883
-0.236156
-0.105054
-0.0456956
-0.0194444
-0.00809826
-0.00330287
-0.00131982
-0.000516996
-0.000198622
-7.48781e-05
-2.77129e-05
-1.00744e-05
-3.59886e-06
-1.26389e-06
-4.36581e-07
-1.48409e-07
-4.97935e-08
-1.68476e-08
-7.04992e-09
-981.911
-601.706
-350.731
-198.39
-109.752
-59.5048
-31.6133
-16.4444
-8.36853
-4.16396
-2.02507
-0.962492
-0.447094
-0.203014
-0.0901369
-0.0391457
-0.016636
-0.0069213
-0.00282036
-0.00112618
-0.000440871
-0.000169287
-6.37905e-05
-2.36002e-05
-8.57645e-06
-3.06292e-06
-1.07542e-06
-3.71397e-07
-1.26191e-07
-4.23273e-08
-1.43496e-08
-5.98133e-09
-1036.09
-555.58
-291.201
-153.299
-80.9837
-42.6354
-22.2241
-11.4151
-5.75894
-2.84798
-1.37891
-0.653205
-0.302658
-0.13716
-0.060804
-0.026374
-0.0111971
-0.00465468
-0.00189546
-0.000756441
-0.000295988
-0.00011361
-4.2796e-05
-1.58286e-05
-5.75087e-06
-2.0534e-06
-7.20854e-07
-2.48884e-07
-8.45435e-08
-2.83801e-08
-9.63118e-09
-4.01068e-09
-1051.24
-342.713
-136.482
-62.5655
-30.9147
-15.7477
-8.06774
-4.10332
-2.05769
-1.01358
-0.489407
-0.231382
-0.107053
-0.0484604
-0.0214641
-0.00930373
-0.00394771
-0.00164034
-0.000667724
-0.000266394
-0.000104211
-3.99907e-05
-1.50615e-05
-5.56981e-06
-2.02335e-06
-7.22367e-07
-2.53589e-07
-8.75411e-08
-2.97401e-08
-1.00059e-08
-3.38618e-09
-1.36002e-09
-128.952
-83.842
-52.9441
-32.3845
-19.1737
-10.9917
-6.10634
-3.29075
-1.72212
-0.876047
-0.433613
-0.209013
-0.098198
-0.0450019
-0.0201316
-0.00879744
-0.003758
-0.00157024
-0.000642174
-0.000257208
-0.000100952
-3.885e-05
-1.46673e-05
-5.4353e-06
-1.97803e-06
-7.07323e-07
-2.48607e-07
-8.59451e-08
-2.92405e-08
-9.82547e-09
-3.31679e-09
-1.36002e-09
-374.938
-244.347
-154.291
-94.2398
-55.6779
-31.8444
-17.6508
-9.49245
-4.95859
-2.51852
-1.24494
-0.59943
-0.281363
-0.128842
-0.0576007
-0.0251577
-0.0107418
-0.00448661
-0.00183429
-0.000734483
-0.000288213
-0.000110893
-4.18593e-05
-1.55097e-05
-5.64367e-06
-2.01779e-06
-7.09127e-07
-2.45165e-07
-8.34194e-08
-2.79915e-08
-9.47853e-09
-3.92741e-09
-589.514
-385.01
-242.605
-147.53
-86.6992
-49.3205
-27.2017
-14.5648
-7.57972
-3.83768
-1.89202
-0.909005
-0.425898
-0.194734
-0.0869492
-0.0379361
-0.0161835
-0.00675449
-0.00275974
-0.00110446
-0.000433191
-0.000166609
-6.28692e-05
-2.32874e-05
-8.4716e-06
-3.02819e-06
-1.06407e-06
-3.67775e-07
-1.25053e-07
-4.19803e-08
-1.42525e-08
-5.8703e-09
-762.389
-496.696
-310.451
-186.825
-108.631
-61.1995
-33.4711
-17.7963
-9.20805
-4.64019
-2.27892
-1.09147
-0.51009
-0.232743
-0.103741
-0.0451981
-0.0192586
-0.00802991
-0.00327808
-0.00131097
-0.000513877
-0.000197539
-7.4507e-05
-2.75875e-05
-1.00325e-05
-3.58509e-06
-1.25942e-06
-4.3518e-07
-1.47993e-07
-4.96825e-08
-1.68476e-08
-6.95277e-09
-891.989
-572.437
-350.233
-206.279
-117.693
-65.2767
-35.2587
-18.5638
-9.53175
-4.77449
-2.33378
-1.11355
-0.518844
-0.236163
-0.105058
-0.0456974
-0.0194453
-0.00809867
-0.00330305
-0.0013199
-0.00051703
-0.000198636
-7.48838e-05
-2.77151e-05
-1.00752e-05
-3.59923e-06
-1.26406e-06
-4.36637e-07
-1.48451e-07
-4.98351e-08
-1.68338e-08
-6.99441e-09
-981.911
-601.706
-350.731
-198.39
-109.752
-59.5051
-31.6136
-16.4446
-8.36867
-4.16404
-2.02512
-0.962519
-0.447109
-0.203022
-0.0901408
-0.0391476
-0.0166369
-0.00692171
-0.00282055
-0.00112627
-0.000440906
-0.000169301
-6.37962e-05
-2.36025e-05
-8.57739e-06
-3.06324e-06
-1.07558e-06
-3.71481e-07
-1.26218e-07
-4.23411e-08
-1.43496e-08
-5.95357e-09
-1036.09
-555.582
-291.202
-153.3
-80.9845
-42.636
-22.2245
-11.4153
-5.75908
-2.84806
-1.37896
-0.653231
-0.302672
-0.137167
-0.0608075
-0.0263757
-0.0111979
-0.00465503
-0.00189562
-0.000756509
-0.000296017
-0.000113621
-4.28007e-05
-1.58304e-05
-5.75155e-06
-2.05366e-06
-7.20951e-07
-2.48981e-07
-8.4599e-08
-2.83801e-08
-9.60343e-09
-3.95517e-09
-1051.24
-342.714
-136.482
-62.5659
-30.915
-15.7479
-8.06788
-4.10341
-2.05774
-1.01361
-0.489425
-0.231392
-0.107058
-0.048463
-0.0214654
-0.00930434
-0.00394799
-0.00164047
-0.00066778
-0.000266418
-0.000104221
-3.99948e-05
-1.50631e-05
-5.57045e-06
-2.02362e-06
-7.22492e-07
-2.53589e-07
-8.75827e-08
-2.97401e-08
-1.00059e-08
-3.35842e-09
-1.38778e-09
-128.952
-83.8426
-52.9447
-32.385
-19.1741
-10.992
-6.10656
-3.29089
-1.72221
-0.876103
-0.433645
-0.209031
-0.0982075
-0.0450067
-0.020134
-0.0087986
-0.00375854
-0.00157048
-0.000642283
-0.000257255
-0.000100972
-3.88581e-05
-1.46706e-05
-5.4366e-06
-1.97851e-06
-7.07434e-07
-2.48648e-07
-8.60145e-08
-2.92683e-08
-9.82547e-09
-3.34455e-09
-1.31839e-09
-374.94
-244.348
-154.293
-94.2414
-55.6793
-31.8454
-17.6515
-9.49291
-4.95888
-2.5187
-1.24504
-0.599486
-0.281392
-0.128858
-0.0576082
-0.0251613
-0.0107435
-0.00448738
-0.00183463
-0.00073463
-0.000288274
-0.000110918
-4.18694e-05
-1.55137e-05
-5.64515e-06
-2.01832e-06
-7.09391e-07
-2.45262e-07
-8.34749e-08
-2.80054e-08
-9.49241e-09
-3.88578e-09
-589.516
-385.013
-242.608
-147.532
-86.7013
-49.3221
-27.2028
-14.5655
-7.58017
-3.83794
-1.89217
-0.909088
-0.425942
-0.194757
-0.0869604
-0.0379415
-0.0161861
-0.00675564
-0.00276024
-0.00110467
-0.000433283
-0.000166647
-6.28842e-05
-2.32933e-05
-8.47382e-06
-3.02902e-06
-1.0644e-06
-3.679e-07
-1.25122e-07
-4.19664e-08
-1.42386e-08
-5.91194e-09
-762.392
-496.7
-310.455
-186.829
-108.634
-61.2015
-33.4725
-17.7972
-9.20861
-4.64052
-2.2791
-1.09158
-0.510144
-0.232771
-0.103755
-0.0452047
-0.0192617
-0.00803131
-0.0032787
-0.00131123
-0.000513988
-0.000197584
-7.45252e-05
-2.75946e-05
-1.00353e-05
-3.58613e-06
-1.25985e-06
-4.35305e-07
-1.47979e-07
-4.97102e-08
-1.68615e-08
-6.96665e-09
-891.993
-572.441
-350.237
-206.283
-117.695
-65.2789
-35.2602
-18.5647
-9.53231
-4.77482
-2.33397
-1.11366
-0.518898
-0.236191
-0.105072
-0.0457039
-0.0194483
-0.00810004
-0.00330365
-0.00132016
-0.000517139
-0.000198681
-7.49016e-05
-2.77221e-05
-1.00779e-05
-3.60025e-06
-1.26441e-06
-4.36803e-07
-1.48478e-07
-4.98074e-08
-1.68754e-08
-7.00828e-09
-981.915
-601.711
-350.736
-198.394
-109.755
-59.5071
-31.6149
-16.4455
-8.36917
-4.16433
-2.02528
-0.962609
-0.447156
-0.203046
-0.0901525
-0.0391532
-0.0166395
-0.00692288
-0.00282106
-0.00112649
-0.000440998
-0.000169339
-6.38114e-05
-2.36084e-05
-8.57961e-06
-3.06416e-06
-1.07589e-06
-3.7155e-07
-1.26232e-07
-4.23828e-08
-1.43496e-08
-5.95357e-09
-1036.1
-555.585
-291.205
-153.302
-80.9863
-42.6372
-22.2254
-11.4159
-5.75941
-2.84825
-1.37906
-0.653289
-0.302702
-0.137182
-0.0608149
-0.0263792
-0.0111995
-0.00465578
-0.00189594
-0.00075665
-0.000296076
-0.000113646
-4.28105e-05
-1.58342e-05
-5.75306e-06
-2.05423e-06
-7.21104e-07
-2.49023e-07
-8.46268e-08
-2.83801e-08
-9.61731e-09
-3.98293e-09
-1051.25
-342.715
-136.483
-62.5666
-30.9155
-15.7482
-8.06811
-4.10356
-2.05783
-1.01366
-0.489454
-0.231408
-0.107066
-0.0484671
-0.0214674
-0.00930532
-0.00394845
-0.00164067
-0.00066787
-0.000266457
-0.000104237
-4.00014e-05
-1.50658e-05
-5.57149e-06
-2.02402e-06
-7.2263e-07
-2.53658e-07
-8.75966e-08
-2.9754e-08
-9.97813e-09
-3.41394e-09
-1.38778e-09
-128.952
-83.8434
-52.9457
-32.386
-19.1749
-10.9927
-6.10703
-3.29121
-1.72241
-0.876224
-0.433715
-0.20907
-0.0982281
-0.0450173
-0.0201393
-0.00880116
-0.00375975
-0.00157103
-0.000642526
-0.00025736
-0.000101016
-3.88764e-05
-1.46779e-05
-5.43948e-06
-1.97961e-06
-7.07878e-07
-2.48843e-07
-8.60423e-08
-2.92544e-08
-9.82547e-09
-3.34455e-09
-1.36002e-09
-374.943
-244.352
-154.297
-94.245
-55.6821
-31.8475
-17.6529
-9.49388
-4.95948
-2.51905
-1.24524
-0.599595
-0.28145
-0.128887
-0.0576226
-0.0251682
-0.0107466
-0.00448882
-0.00183526
-0.000734902
-0.000288388
-0.000110965
-4.1888e-05
-1.55209e-05
-5.64795e-06
-2.01938e-06
-7.09738e-07
-2.45387e-07
-8.34749e-08
-2.80054e-08
-9.53404e-09
-3.89966e-09
-589.521
-385.019
-242.615
-147.539
-86.7062
-49.3256
-27.2051
-14.5671
-7.58111
-3.8385
-1.89248
-0.909257
-0.42603
-0.194802
-0.0869824
-0.0379519
-0.0161909
-0.00675782
-0.0027612
-0.00110509
-0.000433455
-0.000166717
-6.29123e-05
-2.33042e-05
-8.47809e-06
-3.03056e-06
-1.06498e-06
-3.68094e-07
-1.25233e-07
-4.20358e-08
-1.42109e-08
-5.91194e-09
-762.399
-496.709
-310.464
-186.837
-108.64
-61.206
-33.4755
-17.7991
-9.20976
-4.64119
-2.27948
-1.09178
-0.510249
-0.232824
-0.103781
-0.045217
-0.0192674
-0.00803387
-0.00327983
-0.00131171
-0.00051419
-0.000197667
-7.45583e-05
-2.76077e-05
-1.00403e-05
-3.58798e-06
-1.26049e-06
-4.35582e-07
-1.48132e-07
-4.97657e-08
-1.68338e-08
-6.99441e-09
-892
-572.452
-350.249
-206.292
-117.702
-65.2836
-35.2633
-18.5667
-9.53346
-4.77548
-2.33433
-1.11385
-0.518998
-0.236241
-0.105096
-0.0457155
-0.0194536
-0.00810244
-0.0033047
-0.00132061
-0.000517326
-0.000198757
-7.49321e-05
-2.7734e-05
-1.00825e-05
-3.6019e-06
-1.26504e-06
-4.37012e-07
-1.48603e-07
-4.98629e-08
-1.68476e-08
-7.04992e-09
-981.924
-601.721
-350.746
-198.403
-109.761
-59.5114
-31.6177
-16.4471
-8.37015
-4.16489
-2.02559
-0.962772
-0.44724
-0.203088
-0.0901731
-0.039163
-0.016644
-0.00692491
-0.00282196
-0.00112687
-0.000441158
-0.000169405
-6.38376e-05
-2.36187e-05
-8.58354e-06
-3.06562e-06
-1.0764e-06
-3.71758e-07
-1.26399e-07
-4.24105e-08
-1.43635e-08
-5.93969e-09
-1036.11
-555.592
-291.211
-153.306
-80.9892
-42.6392
-22.2266
-11.4166
-5.75985
-2.8485
-1.3792
-0.65336
-0.302739
-0.137201
-0.0608238
-0.0263834
-0.0112014
-0.00465663
-0.00189632
-0.000756809
-0.000296142
-0.000113672
-4.28211e-05
-1.58384e-05
-5.75462e-06
-2.05477e-06
-7.21367e-07
-2.49134e-07
-8.46268e-08
-2.84078e-08
-9.61731e-09
-3.96905e-09
-1051.25
-342.717
-136.484
-62.5672
-30.9159
-15.7485
-8.06831
-4.10368
-2.05791
-1.0137
-0.489477
-0.23142
-0.107072
-0.0484704
-0.021469
-0.00930605
-0.00394878
-0.00164082
-0.000667936
-0.000266485
-0.000104248
-4.00062e-05
-1.50677e-05
-5.57218e-06
-2.02428e-06
-7.227e-07
-2.53686e-07
-8.76105e-08
-2.9754e-08
-9.99201e-09
-3.38618e-09
-1.42941e-09
-5324.95
-5105.9
-4705.44
-4189.75
-3641.73
-3155.39
-2855.74
-3021.1
-5284.75
-5077.99
-4699.28
-4211.45
-3695.26
-3240
-2936.59
-2854.68
-5263.49
-5063.42
-4696.64
-4223.75
-3722.23
-3274.37
-2953.4
-2802.69
-5251.73
-5055.04
-4694.24
-4228.57
-3733.48
-3287.69
-2959.08
-2790.16
-5244.15
-5048.77
-4690.27
-4227.34
-3734.97
-3291.64
-2965.15
-2797.72
-5237.74
-5042.23
-4683.28
-4219.62
-3727.15
-3287.45
-2973.75
-2828.77
-5230.95
-5034.01
-4671.9
-4203.18
-3705.12
-3265.82
-2977.57
-2911.44
-5223.25
-5023.65
-4655.41
-4175.47
-3659.57
-3199.55
-2925.69
-3137.41
-5324.94
-5105.9
-4705.44
-4189.75
-3641.73
-3155.39
-2855.75
-3021.1
-5284.75
-5077.99
-4699.28
-4211.45
-3695.26
-3240
-2936.6
-2854.68
-5263.49
-5063.42
-4696.64
-4223.75
-3722.23
-3274.37
-2953.4
-2802.69
-5251.73
-5055.03
-4694.24
-4228.57
-3733.48
-3287.7
-2959.08
-2790.16
-5244.15
-5048.77
-4690.27
-4227.34
-3734.97
-3291.64
-2965.15
-2797.72
-5237.74
-5042.23
-4683.28
-4219.62
-3727.15
-3287.45
-2973.75
-2828.77
-5230.95
-5034.01
-4671.9
-4203.18
-3705.12
-3265.82
-2977.57
-2911.44
-5223.25
-5023.65
-4655.41
-4175.47
-3659.57
-3199.55
-2925.69
-3137.42
-5324.94
-5105.89
-4705.44
-4189.75
-3641.73
-3155.39
-2855.75
-3021.11
-5284.75
-5077.99
-4699.27
-4211.45
-3695.26
-3240
-2936.6
-2854.68
-5263.49
-5063.42
-4696.64
-4223.75
-3722.23
-3274.37
-2953.41
-2802.69
-5251.73
-5055.03
-4694.24
-4228.58
-3733.49
-3287.7
-2959.08
-2790.16
-5244.14
-5048.77
-4690.27
-4227.34
-3734.97
-3291.65
-2965.15
-2797.72
-5237.74
-5042.23
-4683.28
-4219.62
-3727.15
-3287.45
-2973.75
-2828.77
-5230.95
-5034.01
-4671.9
-4203.18
-3705.13
-3265.82
-2977.57
-2911.44
-5223.25
-5023.65
-4655.41
-4175.47
-3659.57
-3199.55
-2925.69
-3137.41
-5324.93
-5105.89
-4705.43
-4189.75
-3641.73
-3155.4
-2855.76
-3021.11
-5284.74
-5077.98
-4699.27
-4211.45
-3695.27
-3240.01
-2936.6
-2854.68
-5263.48
-5063.42
-4696.64
-4223.75
-3722.24
-3274.38
-2953.41
-2802.69
-5251.73
-5055.03
-4694.24
-4228.58
-3733.49
-3287.7
-2959.08
-2790.16
-5244.14
-5048.77
-4690.27
-4227.34
-3734.97
-3291.65
-2965.15
-2797.71
-5237.74
-5042.23
-4683.29
-4219.62
-3727.16
-3287.45
-2973.75
-2828.76
-5230.95
-5034.01
-4671.9
-4203.19
-3705.13
-3265.82
-2977.57
-2911.43
-5223.24
-5023.65
-4655.41
-4175.47
-3659.57
-3199.55
-2925.69
-3137.41
-5215.05
-5011.99
-4635.35
-4138.19
-3586.8
-3046.01
-2551.71
-2013.83
-5207.47
-5001.04
-4616.31
-4103.16
-3521.79
-2927.16
-2348.93
-1768.09
-5201.7
-4992.75
-4602.12
-4078.04
-3478.42
-2857.38
-2252.57
-1679.95
-5198.61
-4988.34
-4594.72
-4065.33
-3457.6
-2826.51
-2214.74
-1650.22
-5198.61
-4988.33
-4594.71
-4065.32
-3457.59
-2826.5
-2214.74
-1650.21
-5201.7
-4992.74
-4602.11
-4078.01
-3478.39
-2857.35
-2252.54
-1679.94
-5207.46
-5001.03
-4616.28
-4103.13
-3521.75
-2927.1
-2348.89
-1768.08
-5215.04
-5011.98
-4635.32
-4138.16
-3586.76
-3045.96
-2551.69
-2013.87
-5215.05
-5011.99
-4635.35
-4138.19
-3586.8
-3046.01
-2551.71
-2013.83
-5207.47
-5001.04
-4616.31
-4103.16
-3521.79
-2927.16
-2348.93
-1768.09
-5201.7
-4992.75
-4602.12
-4078.04
-3478.42
-2857.38
-2252.57
-1679.95
-5198.61
-4988.34
-4594.72
-4065.33
-3457.6
-2826.51
-2214.74
-1650.22
-5198.61
-4988.33
-4594.71
-4065.32
-3457.59
-2826.5
-2214.74
-1650.21
-5201.7
-4992.74
-4602.11
-4078.01
-3478.39
-2857.35
-2252.54
-1679.94
-5207.46
-5001.03
-4616.28
-4103.12
-3521.75
-2927.1
-2348.88
-1768.08
-5215.04
-5011.98
-4635.32
-4138.16
-3586.76
-3045.96
-2551.69
-2013.87
-5215.05
-5011.99
-4635.35
-4138.19
-3586.8
-3046.01
-2551.71
-2013.83
-5207.47
-5001.04
-4616.31
-4103.16
-3521.79
-2927.16
-2348.93
-1768.08
-5201.7
-4992.75
-4602.12
-4078.03
-3478.42
-2857.38
-2252.57
-1679.95
-5198.61
-4988.34
-4594.72
-4065.33
-3457.6
-2826.51
-2214.74
-1650.21
-5198.61
-4988.33
-4594.71
-4065.32
-3457.59
-2826.5
-2214.74
-1650.21
-5201.69
-4992.74
-4602.11
-4078.01
-3478.39
-2857.35
-2252.54
-1679.94
-5207.46
-5001.02
-4616.28
-4103.12
-3521.74
-2927.1
-2348.88
-1768.08
-5215.04
-5011.98
-4635.32
-4138.16
-3586.76
-3045.96
-2551.69
-2013.87
-5215.05
-5011.99
-4635.34
-4138.19
-3586.8
-3046.01
-2551.71
-2013.83
-5207.47
-5001.04
-4616.3
-4103.16
-3521.79
-2927.15
-2348.92
-1768.08
-5201.7
-4992.74
-4602.12
-4078.03
-3478.41
-2857.37
-2252.56
-1679.94
-5198.61
-4988.33
-4594.71
-4065.32
-3457.59
-2826.5
-2214.73
-1650.21
-5198.6
-4988.33
-4594.71
-4065.31
-3457.58
-2826.49
-2214.73
-1650.21
-5201.69
-4992.73
-4602.1
-4078.01
-3478.38
-2857.34
-2252.53
-1679.93
-5207.45
-5001.02
-4616.28
-4103.12
-3521.74
-2927.09
-2348.88
-1768.08
-5215.03
-5011.98
-4635.32
-4138.16
-3586.76
-3045.96
-2551.69
-2013.86
-1124.02
-374.335
-153.755
-72.7479
-36.9134
-19.1871
-9.97356
-5.12332
-2.58567
-1.27837
-0.618294
-0.292367
-0.135142
-0.0610694
-0.0269864
-0.0116657
-0.00493515
-0.00204416
-0.00082939
-0.000329796
-0.000128584
-4.9181e-05
-1.84623e-05
-6.80551e-06
-2.46445e-06
-8.77159e-07
-3.06977e-07
-1.05707e-07
-3.57908e-08
-1.20043e-08
-4.03844e-09
-1.69309e-09
-1144.9
-629.947
-339.46
-183.339
-98.9216
-52.9222
-27.9021
-14.4394
-7.31714
-3.6262
-1.75635
-0.831255
-0.384457
-0.1738
-0.0768224
-0.0332151
-0.0140536
-0.00582166
-0.00236226
-0.000939383
-0.000366276
-0.000140101
-5.25954e-05
-1.93883e-05
-7.02131e-06
-2.49907e-06
-8.74634e-07
-3.01176e-07
-1.02057e-07
-3.41255e-08
-1.15463e-08
-4.82947e-09
-1152.38
-724.166
-431.94
-249.003
-139.725
-76.4952
-40.8804
-21.3264
-10.8597
-5.39787
-2.61936
-1.24119
-0.574504
-0.259851
-0.114899
-0.0496905
-0.0210282
-0.00871203
-0.00353543
-0.00140602
-0.000548257
-0.000209718
-7.87339e-05
-2.90248e-05
-1.05114e-05
-3.74141e-06
-1.30947e-06
-4.50862e-07
-1.52794e-07
-5.11396e-08
-1.72778e-08
-7.21645e-09
-1154.97
-756.6
-469.108
-278.346
-159.266
-88.2973
-47.5639
-24.9369
-12.7379
-6.34405
-3.08243
-1.46183
-0.677005
-0.306328
-0.135486
-0.0586046
-0.0248039
-0.0102774
-0.00417102
-0.0016589
-0.000646901
-0.000247464
-9.29088e-05
-3.42517e-05
-1.24048e-05
-4.41548e-06
-1.54544e-06
-5.32144e-07
-1.80328e-07
-6.03267e-08
-2.04142e-08
-8.50708e-09
-1154.97
-756.606
-469.116
-278.353
-159.273
-88.3028
-47.5677
-24.9394
-12.7395
-6.34496
-3.08294
-1.46211
-0.677148
-0.306399
-0.135521
-0.0586211
-0.0248115
-0.0102808
-0.0041725
-0.00165953
-0.000647163
-0.00024757
-9.2951e-05
-3.42681e-05
-1.24111e-05
-4.41788e-06
-1.54635e-06
-5.3238e-07
-1.80397e-07
-6.041e-08
-2.04142e-08
-8.49321e-09
-1152.4
-724.187
-431.966
-249.029
-139.746
-76.5113
-40.8914
-21.3335
-10.864
-5.40039
-2.62077
-1.24195
-0.574898
-0.260049
-0.114996
-0.0497364
-0.0210494
-0.00872153
-0.00353959
-0.0014078
-0.000548999
-0.000210021
-7.88549e-05
-2.90721e-05
-1.05296e-05
-3.74828e-06
-1.31198e-06
-4.51736e-07
-1.531e-07
-5.12507e-08
-1.73195e-08
-7.14706e-09
-1144.93
-629.991
-339.506
-183.378
-98.9516
-52.9433
-27.916
-14.4481
-7.32235
-3.6292
-1.75801
-0.832142
-0.384916
-0.17403
-0.0769345
-0.0332681
-0.014078
-0.00583261
-0.00236705
-0.000941428
-0.000367129
-0.000140448
-5.2734e-05
-1.94424e-05
-7.04208e-06
-2.50694e-06
-8.77479e-07
-3.02161e-07
-1.02432e-07
-3.43059e-08
-1.15741e-08
-4.73233e-09
-1124.06
-374.364
-153.781
-72.7689
-36.9288
-19.1976
-9.98035
-5.12752
-2.58816
-1.27979
-0.619079
-0.292786
-0.135358
-0.0611777
-0.0270391
-0.0116906
-0.00494661
-0.0020493
-0.000831636
-0.000330754
-0.000128984
-4.93438e-05
-1.85272e-05
-6.83086e-06
-2.47416e-06
-8.80809e-07
-3.08267e-07
-1.06165e-07
-3.60129e-08
-1.20737e-08
-4.05231e-09
-1.63758e-09
-1124.02
-374.334
-153.754
-72.7474
-36.9131
-19.1869
-9.9735
-5.12329
-2.58566
-1.27837
-0.618294
-0.292368
-0.135142
-0.0610699
-0.0269868
-0.0116659
-0.00493526
-0.00204421
-0.000829415
-0.000329807
-0.000128589
-4.91831e-05
-1.84632e-05
-6.80586e-06
-2.46458e-06
-8.77187e-07
-3.07004e-07
-1.05707e-07
-3.58324e-08
-1.20043e-08
-4.02456e-09
-1.66533e-09
-1144.9
-629.946
-339.459
-183.338
-98.9215
-52.9222
-27.9022
-14.4394
-7.31717
-3.62622
-1.75637
-0.831266
-0.384463
-0.173804
-0.0768243
-0.033216
-0.014054
-0.00582187
-0.00236235
-0.000939426
-0.000366295
-0.000140108
-5.25985e-05
-1.93896e-05
-7.02181e-06
-2.49925e-06
-8.74689e-07
-3.01176e-07
-1.02085e-07
-3.41949e-08
-1.15324e-08
-4.76008e-09
-1152.38
-724.165
-431.939
-249.003
-139.725
-76.4951
-40.8804
-21.3265
-10.8597
-5.39791
-2.61939
-1.24121
-0.574513
-0.259856
-0.114902
-0.0496918
-0.0210289
-0.00871233
-0.00353557
-0.00140608
-0.000548283
-0.00020973
-7.87384e-05
-2.90266e-05
-1.05122e-05
-3.74169e-06
-1.30956e-06
-4.50903e-07
-1.52864e-07
-5.11535e-08
-1.7264e-08
-7.11931e-09
-1154.96
-756.599
-469.108
-278.345
-159.266
-88.2974
-47.564
-24.937
-12.738
-6.34411
-3.08247
-1.46186
-0.67702
-0.306335
-0.13549
-0.0586066
-0.0248049
-0.0102778
-0.00417123
-0.00165899
-0.00064694
-0.00024748
-9.29153e-05
-3.42542e-05
-1.24058e-05
-4.41591e-06
-1.54557e-06
-5.32144e-07
-1.80411e-07
-6.041e-08
-2.03726e-08
-8.43769e-09
-1154.96
-756.604
-469.115
-278.353
-159.273
-88.3029
-47.5679
-24.9395
-12.7396
-6.34503
-3.08298
-1.46213
-0.677162
-0.306407
-0.135524
-0.058623
-0.0248124
-0.0102812
-0.00417269
-0.00165962
-0.000647199
-0.000247585
-9.2957e-05
-3.42704e-05
-1.2412e-05
-4.41822e-06
-1.54646e-06
-5.32463e-07
-1.80467e-07
-6.04516e-08
-2.04003e-08
-8.46545e-09
-1152.4
-724.185
-431.966
-249.029
-139.747
-76.5115
-40.8917
-21.3337
-10.8641
-5.40047
-2.62081
-1.24198
-0.574913
-0.260057
-0.115
-0.0497384
-0.0210503
-0.00872197
-0.00353979
-0.00140789
-0.000549036
-0.000210037
-7.88611e-05
-2.90745e-05
-1.05305e-05
-3.7486e-06
-1.3121e-06
-4.51791e-07
-1.53155e-07
-5.12784e-08
-1.73472e-08
-7.18869e-09
-1144.93
-629.992
-339.507
-183.379
-98.9522
-52.9438
-27.9164
-14.4483
-7.32249
-3.62928
-1.75806
-0.83217
-0.384931
-0.174038
-0.0769383
-0.03327
-0.0140788
-0.005833
-0.00236722
-0.000941502
-0.000367161
-0.000140461
-5.27393e-05
-1.94445e-05
-7.04284e-06
-2.50715e-06
-8.77617e-07
-3.0223e-07
-1.0246e-07
-3.42643e-08
-1.1588e-08
-4.82947e-09
-1124.06
-374.365
-153.781
-72.7693
-36.9291
-19.1978
-9.9805
-5.12761
-2.58822
-1.27983
-0.619098
-0.292796
-0.135363
-0.0611805
-0.0270405
-0.0116913
-0.00494692
-0.00204944
-0.000831698
-0.000330781
-0.000128995
-4.93483e-05
-1.85291e-05
-6.83152e-06
-2.47442e-06
-8.80893e-07
-3.08364e-07
-1.06179e-07
-3.60129e-08
-1.20598e-08
-4.03844e-09
-1.69309e-09
-1124.02
-374.334
-153.755
-72.748
-36.9137
-19.1874
-9.9738
-5.12349
-2.58578
-1.27844
-0.618336
-0.292391
-0.135154
-0.061076
-0.0269898
-0.0116673
-0.00493592
-0.00204451
-0.000829547
-0.000329864
-0.000128612
-4.91926e-05
-1.8467e-05
-6.80736e-06
-2.46518e-06
-8.77395e-07
-3.0706e-07
-1.05763e-07
-3.58047e-08
-1.20043e-08
-4.02456e-09
-1.66533e-09
-1144.9
-629.947
-339.462
-183.341
-98.9233
-52.9236
-27.9031
-14.4401
-7.31756
-3.62645
-1.7565
-0.831337
-0.3845
-0.173823
-0.0768337
-0.0332205
-0.0140561
-0.00582281
-0.00236277
-0.000939603
-0.000366369
-0.000140139
-5.26106e-05
-1.93942e-05
-7.02359e-06
-2.49997e-06
-8.74967e-07
-3.01245e-07
-1.02113e-07
-3.41949e-08
-1.15741e-08
-4.73233e-09
-1152.38
-724.167
-431.942
-249.006
-139.727
-76.4971
-40.8818
-21.3274
-10.8603
-5.39824
-2.61958
-1.24131
-0.574568
-0.259883
-0.114916
-0.0496984
-0.0210319
-0.00871371
-0.00353618
-0.00140634
-0.000548392
-0.000209774
-7.87562e-05
-2.90335e-05
-1.05148e-05
-3.74269e-06
-1.30988e-06
-4.51056e-07
-1.52892e-07
-5.11813e-08
-1.72778e-08
-7.14706e-09
-1154.96
-756.601
-469.111
-278.349
-159.269
-88.2997
-47.5656
-24.9381
-12.7387
-6.34451
-3.0827
-1.46198
-0.677085
-0.306369
-0.135506
-0.0586144
-0.0248086
-0.0102795
-0.00417195
-0.0016593
-0.000647071
-0.000247534
-9.29366e-05
-3.42625e-05
-1.2409e-05
-4.41711e-06
-1.54599e-06
-5.32338e-07
-1.80467e-07
-6.03961e-08
-2.04142e-08
-8.46545e-09
-1154.97
-756.606
-469.118
-278.356
-159.276
-88.3051
-47.5694
-24.9405
-12.7402
-6.34541
-3.08319
-1.46225
-0.677225
-0.306439
-0.13554
-0.0586305
-0.0248159
-0.0102828
-0.00417339
-0.00165992
-0.000647325
-0.000247637
-9.29777e-05
-3.42785e-05
-1.24151e-05
-4.41933e-06
-1.54682e-06
-5.32657e-07
-1.80522e-07
-6.04378e-08
-2.04697e-08
-8.50708e-09
-1152.4
-724.188
-431.969
-249.032
-139.749
-76.5134
-40.893
-21.3346
-10.8647
-5.40079
-2.621
-1.24208
-0.574965
-0.260083
-0.115013
-0.0497447
-0.0210533
-0.00872331
-0.00354038
-0.00140814
-0.000549142
-0.00021008
-7.88785e-05
-2.90813e-05
-1.05331e-05
-3.74953e-06
-1.31239e-06
-4.51958e-07
-1.53197e-07
-5.13201e-08
-1.73472e-08
-7.21645e-09
-1144.93
-629.993
-339.509
-183.381
-98.9538
-52.9449
-27.9172
-14.4489
-7.32283
-3.62948
-1.75817
-0.832232
-0.384963
-0.174055
-0.0769466
-0.0332739
-0.0140807
-0.00583384
-0.00236759
-0.000941661
-0.000367227
-0.000140489
-5.27502e-05
-1.94488e-05
-7.04452e-06
-2.50777e-06
-8.77798e-07
-3.023e-07
-1.02474e-07
-3.4292e-08
-1.16157e-08
-4.84335e-09
-1124.06
-374.365
-153.782
-72.7696
-36.9294
-19.198
-9.98068
-5.12773
-2.5883
-1.27987
-0.619126
-0.292812
-0.135372
-0.0611847
-0.0270426
-0.0116923
-0.0049474
-0.00204966
-0.000831795
-0.000330823
-0.000129012
-4.93555e-05
-1.85319e-05
-6.83271e-06
-2.47485e-06
-8.81031e-07
-3.08406e-07
-1.06248e-07
-3.59712e-08
-1.20598e-08
-4.10783e-09
-1.66533e-09
-1124.02
-374.335
-153.757
-72.7504
-36.9155
-19.1887
-9.97467
-5.12403
-2.58611
-1.27863
-0.618441
-0.292447
-0.135184
-0.0610909
-0.026997
-0.0116708
-0.00493752
-0.00204523
-0.000829864
-0.00033
-0.00012867
-4.9216e-05
-1.84763e-05
-6.81095e-06
-2.46661e-06
-8.77937e-07
-3.07226e-07
-1.05804e-07
-3.58324e-08
-1.20182e-08
-4.05231e-09
-1.67921e-09
-1144.9
-629.954
-339.47
-183.348
-98.9287
-52.9273
-27.9056
-14.4416
-7.31847
-3.62698
-1.75679
-0.831491
-0.38458
-0.173863
-0.076853
-0.0332296
-0.0140603
-0.00582468
-0.00236358
-0.00093995
-0.000366513
-0.000140197
-5.26338e-05
-1.94033e-05
-7.02702e-06
-2.50124e-06
-8.75397e-07
-3.01384e-07
-1.02154e-07
-3.42504e-08
-1.15463e-08
-4.7462e-09
-1152.39
-724.175
-431.952
-249.015
-139.735
-76.5023
-40.8853
-21.3296
-10.8616
-5.399
-2.62
-1.24154
-0.574685
-0.259942
-0.114944
-0.0497119
-0.0210381
-0.00871649
-0.00353739
-0.00140686
-0.000548607
-0.000209861
-7.8791e-05
-2.9047e-05
-1.052e-05
-3.74464e-06
-1.31058e-06
-4.5125e-07
-1.52919e-07
-5.12507e-08
-1.73472e-08
-7.11931e-09
-1154.97
-756.609
-469.121
-278.359
-159.277
-88.3056
-47.5696
-24.9406
-12.7402
-6.34538
-3.08318
-1.46224
-0.67722
-0.306436
-0.135539
-0.05863
-0.0248157
-0.0102827
-0.00417336
-0.0016599
-0.00064732
-0.000247635
-9.29771e-05
-3.42783e-05
-1.2415e-05
-4.41935e-06
-1.54685e-06
-5.32643e-07
-1.80564e-07
-6.04516e-08
-2.04142e-08
-8.43769e-09
-1154.97
-756.615
-469.129
-278.366
-159.284
-88.3107
-47.5731
-24.9429
-12.7416
-6.34621
-3.08364
-1.46249
-0.677348
-0.306501
-0.13557
-0.0586448
-0.0248225
-0.0102857
-0.00417467
-0.00166046
-0.000647552
-0.000247729
-9.30144e-05
-3.42929e-05
-1.24205e-05
-4.42142e-06
-1.5476e-06
-5.32879e-07
-1.80647e-07
-6.04516e-08
-2.04697e-08
-8.45157e-09
-1152.4
-724.195
-431.978
-249.041
-139.756
-76.5181
-40.8961
-21.3365
-10.8658
-5.40145
-2.62136
-1.24227
-0.575066
-0.260134
-0.115038
-0.0497565
-0.0210587
-0.00872575
-0.00354145
-0.0014086
-0.000549334
-0.000210158
-7.89097e-05
-2.90936e-05
-1.05378e-05
-3.7513e-06
-1.31314e-06
-4.52166e-07
-1.53239e-07
-5.13201e-08
-1.73472e-08
-7.23033e-09
-1144.93
-629.997
-339.512
-183.384
-98.9563
-52.9467
-27.9184
-14.4496
-7.32329
-3.62974
-1.75832
-0.832311
-0.385004
-0.174075
-0.0769565
-0.0332787
-0.0140829
-0.00583481
-0.00236801
-0.000941843
-0.000367303
-0.000140519
-5.27624e-05
-1.94535e-05
-7.04631e-06
-2.50848e-06
-8.78075e-07
-3.02328e-07
-1.02501e-07
-3.4292e-08
-1.16157e-08
-4.84335e-09
-1124.06
-374.364
-153.781
-72.7695
-36.9294
-19.1981
-9.98078
-5.12781
-2.58835
-1.27991
-0.619145
-0.292822
-0.135377
-0.0611877
-0.0270441
-0.011693
-0.00494773
-0.00204981
-0.000831861
-0.000330851
-0.000129024
-4.93604e-05
-1.85339e-05
-6.83344e-06
-2.47515e-06
-8.81212e-07
-3.08475e-07
-1.06179e-07
-3.5999e-08
-1.2032e-08
-4.06619e-09
-1.72085e-09
-5223.24
-5023.64
-4655.39
-4175.45
-3659.55
-3199.54
-2925.7
-3137.48
-5230.96
-5034.01
-4671.9
-4203.17
-3705.12
-3265.82
-2977.58
-2911.45
-5237.76
-5042.24
-4683.29
-4219.62
-3727.15
-3287.44
-2973.74
-2828.75
-5244.18
-5048.8
-4690.28
-4227.34
-3734.96
-3291.63
-2965.12
-2797.68
-5251.78
-5055.07
-4694.27
-4228.58
-3733.47
-3287.67
-2959.04
-2790.12
-5263.55
-5063.47
-4696.68
-4223.76
-3722.22
-3274.34
-2953.35
-2802.62
-5284.83
-5078.06
-4699.33
-4211.48
-3695.26
-3239.96
-2936.52
-2854.58
-5325.03
-5105.97
-4705.5
-4189.79
-3641.74
-3155.36
-2855.67
-3020.94
-5223.24
-5023.64
-4655.39
-4175.45
-3659.55
-3199.54
-2925.7
-3137.49
-5230.96
-5034.01
-4671.89
-4203.17
-3705.12
-3265.82
-2977.58
-2911.45
-5237.76
-5042.24
-4683.29
-4219.62
-3727.15
-3287.44
-2973.74
-2828.75
-5244.18
-5048.8
-4690.28
-4227.34
-3734.96
-3291.63
-2965.12
-2797.68
-5251.78
-5055.07
-4694.26
-4228.58
-3733.47
-3287.67
-2959.04
-2790.12
-5263.55
-5063.47
-4696.68
-4223.76
-3722.22
-3274.34
-2953.35
-2802.63
-5284.83
-5078.06
-4699.32
-4211.48
-3695.26
-3239.96
-2936.52
-2854.58
-5325.03
-5105.97
-4705.5
-4189.79
-3641.74
-3155.36
-2855.67
-3020.95
-5223.24
-5023.64
-4655.39
-4175.45
-3659.55
-3199.54
-2925.7
-3137.49
-5230.96
-5034.01
-4671.89
-4203.17
-3705.12
-3265.82
-2977.58
-2911.45
-5237.76
-5042.24
-4683.29
-4219.62
-3727.15
-3287.44
-2973.74
-2828.75
-5244.18
-5048.8
-4690.28
-4227.34
-3734.97
-3291.63
-2965.12
-2797.68
-5251.78
-5055.07
-4694.26
-4228.59
-3733.48
-3287.67
-2959.04
-2790.12
-5263.55
-5063.47
-4696.68
-4223.76
-3722.22
-3274.34
-2953.35
-2802.63
-5284.82
-5078.06
-4699.32
-4211.48
-3695.26
-3239.96
-2936.52
-2854.59
-5325.02
-5105.97
-4705.5
-4189.79
-3641.74
-3155.36
-2855.67
-3020.95
-5223.24
-5023.64
-4655.39
-4175.45
-3659.55
-3199.54
-2925.7
-3137.48
-5230.95
-5034.01
-4671.9
-4203.18
-3705.12
-3265.83
-2977.58
-2911.44
-5237.76
-5042.24
-4683.29
-4219.62
-3727.16
-3287.45
-2973.74
-2828.74
-5244.17
-5048.8
-4690.28
-4227.35
-3734.97
-3291.63
-2965.12
-2797.68
-5251.77
-5055.07
-4694.26
-4228.59
-3733.48
-3287.67
-2959.04
-2790.11
-5263.54
-5063.47
-4696.68
-4223.77
-3722.23
-3274.34
-2953.35
-2802.62
-5284.81
-5078.05
-4699.32
-4211.48
-3695.26
-3239.96
-2936.53
-2854.59
-5325.01
-5105.96
-4705.49
-4189.79
-3641.74
-3155.37
-2855.68
-3020.96
-5400.66
-5159.6
-4721.83
-4159.87
-3554.44
-2976.27
-2459.81
-1911.89
-5540.25
-5259
-4758.7
-4129.47
-3458.11
-2808.91
-2208.9
-1632.27
-5793.82
-5434.14
-4824.32
-4094.99
-3348.58
-2648.46
-2021.83
-1467.61
-6253.71
-5727.44
-4915.74
-4031.55
-3194.83
-2457
-1831.19
-1312.09
-7105.18
-6189.83
-4996.08
-3877.7
-2940.1
-2185.57
-1588.48
-1121.34
-8760.8
-6834.31
-4931.28
-3506.2
-2498.38
-1780.36
-1258.06
-872.982
-12259.7
-7383.18
-4336
-2689.13
-1762.88
-1195.85
-820.76
-559.972
-20583.8
-6057.97
-2307.74
-1133.65
-665.331
-429.093
-287.497
-193.767
-5400.66
-5159.6
-4721.83
-4159.87
-3554.44
-2976.27
-2459.82
-1911.89
-5540.25
-5259
-4758.7
-4129.47
-3458.11
-2808.91
-2208.9
-1632.27
-5793.82
-5434.14
-4824.31
-4094.99
-3348.58
-2648.46
-2021.83
-1467.61
-6253.71
-5727.44
-4915.74
-4031.55
-3194.83
-2457
-1831.19
-1312.09
-7105.18
-6189.83
-4996.07
-3877.7
-2940.1
-2185.57
-1588.48
-1121.34
-8760.8
-6834.31
-4931.28
-3506.2
-2498.38
-1780.36
-1258.06
-872.983
-12259.7
-7383.18
-4336
-2689.13
-1762.88
-1195.85
-820.761
-559.973
-20583.8
-6057.97
-2307.74
-1133.65
-665.332
-429.093
-287.497
-193.767
-5400.65
-5159.59
-4721.83
-4159.86
-3554.44
-2976.27
-2459.82
-1911.89
-5540.25
-5258.99
-4758.7
-4129.46
-3458.1
-2808.91
-2208.9
-1632.28
-5793.81
-5434.13
-4824.31
-4094.99
-3348.57
-2648.46
-2021.83
-1467.61
-6253.7
-5727.43
-4915.73
-4031.54
-3194.83
-2457
-1831.19
-1312.09
-7105.17
-6189.82
-4996.07
-3877.7
-2940.1
-2185.57
-1588.48
-1121.34
-8760.79
-6834.31
-4931.28
-3506.19
-2498.38
-1780.36
-1258.06
-872.985
-12259.7
-7383.17
-4335.99
-2689.12
-1762.88
-1195.85
-820.762
-559.974
-20583.8
-6057.96
-2307.74
-1133.65
-665.331
-429.093
-287.497
-193.767
-5400.64
-5159.58
-4721.82
-4159.86
-3554.44
-2976.27
-2459.82
-1911.9
-5540.23
-5258.98
-4758.69
-4129.46
-3458.1
-2808.91
-2208.9
-1632.28
-5793.79
-5434.11
-4824.3
-4094.98
-3348.57
-2648.46
-2021.83
-1467.61
-6253.68
-5727.42
-4915.72
-4031.54
-3194.82
-2457
-1831.19
-1312.1
-7105.15
-6189.81
-4996.06
-3877.69
-2940.1
-2185.57
-1588.48
-1121.34
-8760.78
-6834.3
-4931.27
-3506.19
-2498.38
-1780.36
-1258.06
-872.988
-12259.7
-7383.17
-4335.99
-2689.12
-1762.88
-1195.85
-820.761
-559.974
-20583.8
-6057.97
-2307.74
-1133.65
-665.331
-429.092
-287.496
-193.766
-1051.17
-342.677
-136.456
-62.547
-30.9021
-15.7395
-8.06266
-4.10026
-2.0559
-1.01257
-0.488852
-0.231087
-0.1069
-0.0483838
-0.0214267
-0.00928596
-0.00393949
-0.00163663
-0.000666094
-0.000265694
-0.000103917
-3.98705e-05
-1.50132e-05
-5.55084e-06
-2.01605e-06
-7.19591e-07
-2.5252e-07
-8.72219e-08
-2.9643e-08
-9.9365e-09
-3.3723e-09
-1.38778e-09
-1036.04
-555.531
-291.159
-153.267
-80.9616
-42.6206
-22.2147
-11.4093
-5.7555
-2.84601
-1.37782
-0.652621
-0.302354
-0.137007
-0.0607287
-0.0263381
-0.0111804
-0.00464715
-0.00189214
-0.000755012
-0.000295387
-0.000113363
-4.26968e-05
-1.57895e-05
-5.73575e-06
-2.0477e-06
-7.18745e-07
-2.48149e-07
-8.43353e-08
-2.83384e-08
-9.57567e-09
-3.95517e-09
-981.886
-601.686
-350.714
-198.376
-109.741
-59.4969
-31.6079
-16.4409
-8.36636
-4.16267
-2.02434
-0.962088
-0.44688
-0.202904
-0.0900823
-0.0391193
-0.0166236
-0.00691564
-0.00281785
-0.00112509
-0.000440408
-0.000169095
-6.37129e-05
-2.35695e-05
-8.56454e-06
-3.0584e-06
-1.07381e-06
-3.70828e-07
-1.2601e-07
-4.23411e-08
-1.43496e-08
-5.85643e-09
-891.985
-572.442
-350.242
-206.286
-117.697
-65.2795
-35.2601
-18.5644
-9.53199
-4.77457
-2.3338
-1.11355
-0.518835
-0.236156
-0.105053
-0.0456945
-0.0194437
-0.00809786
-0.00330266
-0.00131972
-0.000516947
-0.0001986
-7.48684e-05
-2.77088e-05
-1.00726e-05
-3.59818e-06
-1.26373e-06
-4.36554e-07
-1.48437e-07
-4.98629e-08
-1.68754e-08
-6.91114e-09
-762.399
-496.718
-310.476
-186.848
-108.648
-61.211
-33.4785
-17.8008
-9.21068
-4.64166
-2.27971
-1.09189
-0.510299
-0.232846
-0.10379
-0.0452208
-0.0192688
-0.00803442
-0.00328002
-0.00131178
-0.000514209
-0.000197672
-7.45592e-05
-2.76075e-05
-1.00401e-05
-3.58794e-06
-1.26051e-06
-4.3554e-07
-1.48132e-07
-4.97657e-08
-1.68615e-08
-6.91114e-09
-589.539
-385.042
-242.639
-147.56
-86.7225
-49.3372
-27.2128
-14.5718
-7.58396
-3.84012
-1.89338
-0.909729
-0.426273
-0.194922
-0.0870406
-0.0379793
-0.0162034
-0.00676341
-0.00276363
-0.00110612
-0.000433882
-0.000166891
-6.29812e-05
-2.3331e-05
-8.48834e-06
-3.0345e-06
-1.06636e-06
-3.68608e-07
-1.25386e-07
-4.2133e-08
-1.42664e-08
-5.84255e-09
-374.967
-244.38
-154.323
-94.2679
-55.6999
-31.8603
-17.6615
-9.49934
-4.96278
-2.52096
-1.24631
-0.600167
-0.281747
-0.129036
-0.0576955
-0.0252027
-0.0107626
-0.00449597
-0.00183839
-0.000736239
-0.000288947
-0.000111193
-4.1979e-05
-1.55565e-05
-5.6616e-06
-2.02456e-06
-7.11639e-07
-2.46012e-07
-8.37247e-08
-2.81303e-08
-9.54792e-09
-3.91354e-09
-128.964
-83.8561
-52.9578
-32.3964
-19.183
-10.9985
-6.11099
-3.29374
-1.72396
-0.877125
-0.434219
-0.209342
-0.0983698
-0.0450888
-0.0201743
-0.00881776
-0.00376741
-0.00157448
-0.000644038
-0.000258007
-0.000101286
-3.89868e-05
-1.4722e-05
-5.45669e-06
-1.98624e-06
-7.10362e-07
-2.49745e-07
-8.63892e-08
-2.93515e-08
-9.88098e-09
-3.3723e-09
-1.34615e-09
-1051.17
-342.677
-136.456
-62.5467
-30.902
-15.7395
-8.06264
-4.10026
-2.05591
-1.01257
-0.488856
-0.231089
-0.106902
-0.0483846
-0.0214272
-0.0092862
-0.00393961
-0.00163669
-0.00066612
-0.000265706
-0.000103922
-3.98726e-05
-1.50141e-05
-5.55118e-06
-2.01622e-06
-7.19633e-07
-2.52562e-07
-8.72219e-08
-2.96291e-08
-9.9365e-09
-3.3723e-09
-1.38778e-09
-1036.04
-555.531
-291.159
-153.267
-80.9617
-42.6208
-22.2148
-11.4094
-5.75556
-2.84605
-1.37784
-0.652634
-0.302362
-0.137011
-0.0607308
-0.0263391
-0.0111809
-0.00464737
-0.00189224
-0.000755055
-0.000295406
-0.00011337
-4.26999e-05
-1.57908e-05
-5.73626e-06
-2.04786e-06
-7.18772e-07
-2.48176e-07
-8.43076e-08
-2.82829e-08
-9.60343e-09
-3.98293e-09
-981.886
-601.686
-350.714
-198.376
-109.741
-59.4971
-31.6081
-16.441
-8.36644
-4.16272
-2.02437
-0.962107
-0.446891
-0.20291
-0.0900851
-0.0391207
-0.0166243
-0.00691595
-0.00281799
-0.00112515
-0.000440434
-0.000169106
-6.37173e-05
-2.35713e-05
-8.56525e-06
-3.05866e-06
-1.07389e-06
-3.70801e-07
-1.26038e-07
-4.22717e-08
-1.42941e-08
-5.95357e-09
-891.986
-572.442
-350.242
-206.287
-117.698
-65.2798
-35.2604
-18.5646
-9.53212
-4.77465
-2.33385
-1.11358
-0.51885
-0.236164
-0.105057
-0.0456965
-0.0194446
-0.00809829
-0.00330285
-0.0013198
-0.000516983
-0.000198615
-7.48744e-05
-2.77112e-05
-1.00736e-05
-3.59855e-06
-1.26381e-06
-4.36609e-07
-1.48423e-07
-4.98213e-08
-1.68754e-08
-6.93889e-09
-762.4
-496.719
-310.477
-186.848
-108.649
-61.2114
-33.4788
-17.801
-9.2108
-4.64174
-2.27976
-1.09191
-0.510313
-0.232853
-0.103794
-0.0452226
-0.0192697
-0.00803483
-0.0032802
-0.00131186
-0.000514243
-0.000197686
-7.45649e-05
-2.76098e-05
-1.0041e-05
-3.58824e-06
-1.26062e-06
-4.35596e-07
-1.48132e-07
-4.97241e-08
-1.68615e-08
-6.91114e-09
-589.539
-385.043
-242.639
-147.56
-86.723
-49.3376
-27.2131
-14.572
-7.58408
-3.8402
-1.89342
-0.909755
-0.426287
-0.19493
-0.0870444
-0.0379811
-0.0162043
-0.00676381
-0.00276381
-0.00110619
-0.000433916
-0.000166904
-6.29869e-05
-2.33333e-05
-8.48915e-06
-3.03478e-06
-1.06656e-06
-3.68663e-07
-1.254e-07
-4.2133e-08
-1.42386e-08
-5.84255e-09
-374.969
-244.381
-154.324
-94.2687
-55.7006
-31.8607
-17.6618
-9.49953
-4.9629
-2.52104
-1.24635
-0.600191
-0.281759
-0.129043
-0.0576987
-0.0252043
-0.0107633
-0.00449631
-0.00183854
-0.000736304
-0.000288974
-0.000111204
-4.19835e-05
-1.55583e-05
-5.6623e-06
-2.02477e-06
-7.11736e-07
-2.46095e-07
-8.37386e-08
-2.81719e-08
-9.52016e-09
-3.89966e-09
-128.965
-83.8567
-52.9582
-32.3967
-19.1833
-10.9987
-6.11112
-3.29382
-1.724
-0.877153
-0.434235
-0.20935
-0.0983744
-0.0450912
-0.0201755
-0.00881832
-0.00376768
-0.0015746
-0.000644091
-0.00025803
-0.000101296
-3.89907e-05
-1.47236e-05
-5.45733e-06
-1.98647e-06
-7.10459e-07
-2.49772e-07
-8.63754e-08
-2.93793e-08
-9.88098e-09
-3.34455e-09
-1.3739e-09
-1051.18
-342.678
-136.457
-62.5476
-30.9026
-15.7399
-8.06295
-4.10045
-2.05602
-1.01264
-0.488894
-0.23111
-0.106912
-0.0483901
-0.0214299
-0.00928749
-0.0039402
-0.00163696
-0.000666237
-0.000265756
-0.000103943
-3.98811e-05
-1.50175e-05
-5.55248e-06
-2.01672e-06
-7.19869e-07
-2.52603e-07
-8.72497e-08
-2.9643e-08
-9.96425e-09
-3.34455e-09
-1.38778e-09
-1036.05
-555.535
-291.163
-153.27
-80.9638
-42.6222
-22.2158
-11.41
-5.75593
-2.84626
-1.37796
-0.652698
-0.302395
-0.137027
-0.060739
-0.026343
-0.0111827
-0.00464819
-0.0018926
-0.00075521
-0.00029547
-0.000113397
-4.27104e-05
-1.57948e-05
-5.73781e-06
-2.04844e-06
-7.18994e-07
-2.48274e-07
-8.43908e-08
-2.83107e-08
-9.57567e-09
-3.98293e-09
-981.89
-601.691
-350.719
-198.38
-109.744
-59.4991
-31.6094
-16.4419
-8.36695
-4.16302
-2.02454
-0.962198
-0.446938
-0.202934
-0.090097
-0.0391264
-0.0166269
-0.00691714
-0.00281851
-0.00112538
-0.000440528
-0.000169145
-6.37327e-05
-2.35773e-05
-8.56754e-06
-3.0595e-06
-1.07415e-06
-3.70981e-07
-1.26107e-07
-4.22856e-08
-1.4308e-08
-5.98133e-09
-891.989
-572.447
-350.247
-206.291
-117.701
-65.282
-35.2618
-18.5656
-9.5327
-4.77499
-2.33404
-1.11368
-0.518905
-0.236192
-0.105071
-0.0457031
-0.0194477
-0.00809969
-0.00330347
-0.00132007
-0.000517094
-0.000198661
-7.48927e-05
-2.77183e-05
-1.00763e-05
-3.59955e-06
-1.26418e-06
-4.36776e-07
-1.48451e-07
-4.98213e-08
-1.68893e-08
-6.96665e-09
-762.403
-496.723
-310.481
-186.851
-108.651
-61.2133
-33.4801
-17.8018
-9.21132
-4.64205
-2.27993
-1.09201
-0.510364
-0.23288
-0.103807
-0.0452289
-0.0192726
-0.00803615
-0.00328079
-0.00131211
-0.000514349
-0.00019773
-7.45824e-05
-2.76167e-05
-1.00436e-05
-3.58918e-06
-1.26099e-06
-4.35763e-07
-1.48145e-07
-4.97241e-08
-1.68476e-08
-6.98053e-09
-589.542
-385.046
-242.642
-147.563
-86.7249
-49.339
-27.2141
-14.5727
-7.5845
-3.84044
-1.89356
-0.909834
-0.426328
-0.194951
-0.087055
-0.0379863
-0.0162067
-0.0067649
-0.00276429
-0.0011064
-0.000434004
-0.000166941
-6.30015e-05
-2.3339e-05
-8.49135e-06
-3.03554e-06
-1.06684e-06
-3.68747e-07
-1.254e-07
-4.20913e-08
-1.42525e-08
-5.93969e-09
-374.97
-244.382
-154.326
-94.2701
-55.7017
-31.8616
-17.6624
-9.49993
-4.96315
-2.52119
-1.24643
-0.600239
-0.281785
-0.129056
-0.0577052
-0.0252075
-0.0107648
-0.00449699
-0.00183884
-0.000736435
-0.000289029
-0.000111227
-4.19927e-05
-1.55619e-05
-5.66368e-06
-2.02532e-06
-7.12e-07
-2.46136e-07
-8.37108e-08
-2.81303e-08
-9.50628e-09
-3.95517e-09
-128.965
-83.8569
-52.9585
-32.397
-19.1835
-10.9989
-6.11125
-3.29392
-1.72406
-0.87719
-0.434257
-0.209362
-0.098381
-0.0450946
-0.0201772
-0.00881916
-0.00376807
-0.00157478
-0.000644172
-0.000258065
-0.000101311
-3.89968e-05
-1.4726e-05
-5.45829e-06
-1.98687e-06
-7.10557e-07
-2.49842e-07
-8.64031e-08
-2.93793e-08
-9.90874e-09
-3.34455e-09
-1.34615e-09
-1051.18
-342.682
-136.46
-62.5502
-30.9045
-15.7412
-8.06375
-4.10094
-2.05631
-1.0128
-0.488983
-0.231158
-0.106937
-0.0484024
-0.0214359
-0.00929035
-0.00394153
-0.00163755
-0.0006665
-0.000265869
-0.00010399
-3.99005e-05
-1.50253e-05
-5.55556e-06
-2.0179e-06
-7.20313e-07
-2.52798e-07
-8.72913e-08
-2.96707e-08
-9.9365e-09
-3.35842e-09
-1.38778e-09
-1036.05
-555.545
-291.172
-153.278
-80.969
-42.6257
-22.218
-11.4113
-5.75671
-2.8467
-1.3782
-0.652826
-0.302461
-0.13706
-0.0607549
-0.0263506
-0.0111862
-0.00464973
-0.00189327
-0.000755498
-0.00029559
-0.000113446
-4.27298e-05
-1.58024e-05
-5.74066e-06
-2.04953e-06
-7.19452e-07
-2.4844e-07
-8.44186e-08
-2.83246e-08
-9.57567e-09
-3.95517e-09
-981.899
-601.702
-350.729
-198.389
-109.75
-59.5035
-31.6123
-16.4437
-8.36802
-4.16363
-2.02487
-0.962379
-0.447032
-0.202981
-0.0901199
-0.0391373
-0.0166319
-0.00691939
-0.0028195
-0.0011258
-0.000440705
-0.000169217
-6.37614e-05
-2.35884e-05
-8.57178e-06
-3.06113e-06
-1.07481e-06
-3.71189e-07
-1.26149e-07
-4.2355e-08
-1.43774e-08
-5.88418e-09
-891.997
-572.456
-350.257
-206.299
-117.707
-65.2865
-35.2648
-18.5675
-9.53385
-4.77566
-2.33441
-1.11388
-0.519009
-0.236244
-0.105097
-0.0457154
-0.0194534
-0.00810225
-0.00330459
-0.00132055
-0.000517296
-0.000198743
-7.49258e-05
-2.77312e-05
-1.00813e-05
-3.6014e-06
-1.2649e-06
-4.36984e-07
-1.4852e-07
-4.98906e-08
-1.69309e-08
-6.98053e-09
-762.41
-496.731
-310.488
-186.858
-108.656
-61.2171
-33.4827
-17.8034
-9.21232
-4.64263
-2.28026
-1.09219
-0.510457
-0.232927
-0.10383
-0.0452399
-0.0192777
-0.00803845
-0.0032818
-0.00131254
-0.000514531
-0.000197804
-7.46121e-05
-2.76282e-05
-1.0048e-05
-3.59084e-06
-1.26156e-06
-4.35971e-07
-1.4827e-07
-4.97519e-08
-1.68893e-08
-7.02216e-09
-589.546
-385.051
-242.647
-147.567
-86.7286
-49.3417
-27.216
-14.5739
-7.58526
-3.84089
-1.89382
-0.909973
-0.426402
-0.194989
-0.0870735
-0.0379951
-0.0162108
-0.00676678
-0.00276513
-0.00110676
-0.000434155
-0.000167003
-6.30265e-05
-2.33489e-05
-8.49511e-06
-3.03699e-06
-1.06731e-06
-3.68941e-07
-1.25483e-07
-4.21746e-08
-1.43219e-08
-5.91194e-09
-374.971
-244.384
-154.327
-94.2716
-55.7029
-31.8626
-17.6631
-9.50039
-4.96344
-2.52136
-1.24653
-0.600294
-0.281814
-0.129071
-0.0577127
-0.025211
-0.0107665
-0.00449774
-0.00183918
-0.000736578
-0.000289089
-0.000111251
-4.20026e-05
-1.55658e-05
-5.66515e-06
-2.02584e-06
-7.12111e-07
-2.4622e-07
-8.37663e-08
-2.81442e-08
-9.57567e-09
-3.95517e-09
-128.964
-83.8563
-52.9582
-32.3968
-19.1835
-10.9989
-6.1113
-3.29396
-1.72409
-0.87721
-0.434269
-0.20937
-0.098385
-0.0450967
-0.0201783
-0.0088197
-0.00376833
-0.0015749
-0.000644224
-0.000258088
-0.000101321
-3.90008e-05
-1.47277e-05
-5.45892e-06
-1.9871e-06
-7.10682e-07
-2.49856e-07
-8.64309e-08
-2.93654e-08
-9.89486e-09
-3.34455e-09
-1.36002e-09
)
;

boundaryField
{
    base
    {
        type            calculated;
        value           nonuniform List<scalar> 
160
(
-32215.4
-15154.4
-9618.64
-7427.88
-6412.66
-5893.68
-5615.33
-5463.98
-32215.4
-15154.4
-9618.64
-7427.88
-6412.66
-5893.68
-5615.33
-5463.97
-32215.4
-15154.4
-9618.64
-7427.87
-6412.65
-5893.67
-5615.32
-5463.97
-32215.4
-15154.4
-9618.62
-7427.86
-6412.63
-5893.65
-5615.31
-5463.95
-5382.24
-5338.74
-5315.7
-5303.05
-5295.1
-5288.72
-5282.26
-5275.17
-5382.24
-5338.74
-5315.7
-5303.04
-5295.1
-5288.72
-5282.26
-5275.17
-5382.23
-5338.73
-5315.7
-5303.04
-5295.1
-5288.72
-5282.26
-5275.17
-5382.22
-5338.73
-5315.69
-5303.04
-5295.1
-5288.72
-5282.26
-5275.16
-5267.75
-5260.94
-5255.76
-5252.97
-5252.97
-5255.75
-5260.93
-5267.74
-5267.75
-5260.94
-5255.76
-5252.97
-5252.97
-5255.75
-5260.93
-5267.74
-5267.75
-5260.94
-5255.75
-5252.97
-5252.97
-5255.74
-5260.93
-5267.74
-5267.75
-5260.93
-5255.75
-5252.97
-5252.96
-5255.74
-5260.92
-5267.74
-5275.16
-5282.27
-5288.74
-5295.13
-5303.09
-5315.76
-5338.82
-5382.33
-5275.16
-5282.27
-5288.74
-5295.13
-5303.09
-5315.76
-5338.82
-5382.33
-5275.16
-5282.27
-5288.74
-5295.13
-5303.09
-5315.76
-5338.81
-5382.32
-5275.16
-5282.26
-5288.73
-5295.13
-5303.09
-5315.75
-5338.8
-5382.31
-5464.06
-5615.4
-5893.72
-6412.66
-7427.85
-9618.58
-15154.3
-32215.3
-5464.06
-5615.4
-5893.72
-6412.66
-7427.85
-9618.58
-15154.3
-32215.3
-5464.05
-5615.39
-5893.71
-6412.65
-7427.84
-9618.57
-15154.3
-32215.3
-5464.04
-5615.37
-5893.69
-6412.63
-7427.83
-9618.56
-15154.3
-32215.3
)
;
    }
    cooled
    {
        type            calculated;
        value           nonuniform List<scalar> 
992
(
-20583.8
-20583.8
-20583.8
-20583.8
-6057.99
-6057.99
-6057.99
-6057.99
-2307.76
-2307.76
-2307.76
-2307.76
-1133.66
-1133.66
-1133.66
-1133.66
-665.336
-665.336
-665.336
-665.335
-429.092
-429.092
-429.092
-429.091
-287.491
-287.491
-287.491
-287.49
-193.757
-193.757
-193.757
-193.757
-128.952
-128.952
-128.952
-128.952
-83.8421
-83.842
-83.8426
-83.8434
-52.9442
-52.9441
-52.9447
-52.9457
-32.3846
-32.3845
-32.385
-32.386
-19.1737
-19.1737
-19.1741
-19.1749
-10.9917
-10.9917
-10.992
-10.9927
-6.10634
-6.10634
-6.10656
-6.10703
-3.29074
-3.29075
-3.29089
-3.29121
-1.72211
-1.72212
-1.72221
-1.72241
-0.876043
-0.876047
-0.876103
-0.876224
-0.43361
-0.433613
-0.433645
-0.433715
-0.209011
-0.209013
-0.209031
-0.20907
-0.0981967
-0.098198
-0.0982075
-0.0982281
-0.0450011
-0.0450019
-0.0450067
-0.0450173
-0.0201312
-0.0201316
-0.020134
-0.0201393
-0.00879722
-0.00879744
-0.0087986
-0.00880116
-0.00375789
-0.003758
-0.00375854
-0.00375975
-0.00157018
-0.00157024
-0.00157048
-0.00157103
-0.000642149
-0.000642174
-0.000642283
-0.000642526
-0.000257197
-0.000257208
-0.000257255
-0.00025736
-0.000100947
-0.000100952
-0.000100972
-0.000101016
-3.8848e-05
-3.885e-05
-3.88581e-05
-3.88764e-05
-1.46665e-05
-1.46673e-05
-1.46706e-05
-1.46779e-05
-5.43496e-06
-5.4353e-06
-5.4366e-06
-5.43948e-06
-1.97789e-06
-1.97803e-06
-1.97851e-06
-1.97961e-06
-7.07254e-07
-7.07323e-07
-7.07434e-07
-7.07878e-07
-2.48579e-07
-2.48607e-07
-2.48648e-07
-2.48843e-07
-8.59729e-08
-8.59451e-08
-8.60145e-08
-8.60423e-08
-2.92266e-08
-2.92405e-08
-2.92683e-08
-2.92544e-08
-9.76996e-09
-9.82547e-09
-9.82547e-09
-9.82547e-09
-3.3723e-09
-3.31679e-09
-3.34455e-09
-3.34455e-09
-1.3739e-09
-1.36002e-09
-1.31839e-09
-1.36002e-09
-9.09495e-10
-2.81943e-09
-4.27463e-09
-5.13865e-09
-5.22959e-09
-4.45652e-09
-2.86491e-09
-9.54969e-10
-9.54969e-10
-2.86491e-09
-4.22915e-09
-5.13865e-09
-5.22959e-09
-4.36557e-09
-2.86491e-09
-9.54969e-10
-8.6402e-10
-2.81943e-09
-4.36557e-09
-5.13865e-09
-5.13865e-09
-4.41105e-09
-2.95586e-09
-1.00044e-09
-9.09495e-10
-2.81943e-09
-4.36557e-09
-5.18412e-09
-5.27507e-09
-4.3201e-09
-2.95586e-09
-1.04592e-09
-1.22782e-09
-3.54703e-09
-5.32054e-09
-6.27551e-09
-6.23004e-09
-5.18412e-09
-3.41061e-09
-1.18234e-09
-1.18234e-09
-3.50155e-09
-5.22959e-09
-6.23004e-09
-6.27551e-09
-5.22959e-09
-3.50155e-09
-1.22782e-09
-1.27329e-09
-3.45608e-09
-5.22959e-09
-6.18456e-09
-6.23004e-09
-5.27507e-09
-3.54703e-09
-1.18234e-09
-1.27329e-09
-3.50155e-09
-5.13865e-09
-6.23004e-09
-6.18456e-09
-5.32054e-09
-3.54703e-09
-1.31877e-09
-9.54969e-10
-2.86491e-09
-4.27463e-09
-5.0477e-09
-5.00222e-09
-4.22915e-09
-2.77396e-09
-8.6402e-10
-9.54969e-10
-2.91038e-09
-4.36557e-09
-5.00222e-09
-5.00222e-09
-4.22915e-09
-2.77396e-09
-9.54969e-10
-1.04592e-09
-2.95586e-09
-4.41105e-09
-5.0477e-09
-5.09317e-09
-4.36557e-09
-2.86491e-09
-9.54969e-10
-1.00044e-09
-2.91038e-09
-4.27463e-09
-5.09317e-09
-5.13865e-09
-4.36557e-09
-2.91038e-09
-1.00044e-09
-1051.24
-1051.24
-1051.25
-1051.25
-342.713
-342.714
-342.715
-342.717
-136.482
-136.482
-136.483
-136.484
-62.5655
-62.5659
-62.5666
-62.5672
-30.9147
-30.915
-30.9155
-30.9159
-15.7477
-15.7479
-15.7482
-15.7485
-8.06774
-8.06788
-8.06811
-8.06831
-4.10332
-4.10341
-4.10356
-4.10368
-2.05769
-2.05774
-2.05783
-2.05791
-1.01358
-1.01361
-1.01366
-1.0137
-0.489407
-0.489425
-0.489454
-0.489477
-0.231382
-0.231392
-0.231408
-0.23142
-0.107053
-0.107058
-0.107066
-0.107072
-0.0484604
-0.048463
-0.0484671
-0.0484704
-0.0214641
-0.0214654
-0.0214674
-0.021469
-0.00930373
-0.00930434
-0.00930532
-0.00930605
-0.00394771
-0.00394799
-0.00394845
-0.00394878
-0.00164034
-0.00164047
-0.00164067
-0.00164082
-0.000667724
-0.00066778
-0.00066787
-0.000667936
-0.000266394
-0.000266418
-0.000266457
-0.000266485
-0.000104211
-0.000104221
-0.000104237
-0.000104248
-3.99907e-05
-3.99948e-05
-4.00014e-05
-4.00062e-05
-1.50615e-05
-1.50631e-05
-1.50658e-05
-1.50677e-05
-5.56981e-06
-5.57045e-06
-5.57149e-06
-5.57218e-06
-2.02335e-06
-2.02362e-06
-2.02402e-06
-2.02428e-06
-7.22367e-07
-7.22492e-07
-7.2263e-07
-7.227e-07
-2.53589e-07
-2.53589e-07
-2.53658e-07
-2.53686e-07
-8.75411e-08
-8.75827e-08
-8.75966e-08
-8.76105e-08
-2.97401e-08
-2.97401e-08
-2.9754e-08
-2.9754e-08
-1.00059e-08
-1.00059e-08
-9.97813e-09
-9.99201e-09
-3.38618e-09
-3.35842e-09
-3.41394e-09
-3.38618e-09
-1.36002e-09
-1.38778e-09
-1.38778e-09
-1.42941e-09
-3270.8
-2875.22
-2772.62
-2748.92
-2756.99
-2800.98
-2940.06
-3419.51
-3270.8
-2875.22
-2772.62
-2748.92
-2756.99
-2800.98
-2940.06
-3419.51
-3270.81
-2875.22
-2772.62
-2748.92
-2756.99
-2800.98
-2940.06
-3419.51
-3270.81
-2875.22
-2772.62
-2748.92
-2756.98
-2800.97
-2940.05
-3419.5
-1124.02
-1124.02
-1124.02
-1124.02
-374.335
-374.334
-374.334
-374.335
-153.755
-153.754
-153.755
-153.757
-72.7479
-72.7474
-72.748
-72.7504
-36.9134
-36.9131
-36.9137
-36.9155
-19.1871
-19.1869
-19.1874
-19.1887
-9.97356
-9.9735
-9.9738
-9.97467
-5.12332
-5.12329
-5.12349
-5.12403
-2.58567
-2.58566
-2.58578
-2.58611
-1.27837
-1.27837
-1.27844
-1.27863
-0.618294
-0.618294
-0.618336
-0.618441
-0.292367
-0.292368
-0.292391
-0.292447
-0.135142
-0.135142
-0.135154
-0.135184
-0.0610694
-0.0610699
-0.061076
-0.0610909
-0.0269864
-0.0269868
-0.0269898
-0.026997
-0.0116657
-0.0116659
-0.0116673
-0.0116708
-0.00493515
-0.00493526
-0.00493592
-0.00493752
-0.00204416
-0.00204421
-0.00204451
-0.00204523
-0.00082939
-0.000829415
-0.000829547
-0.000829864
-0.000329796
-0.000329807
-0.000329864
-0.00033
-0.000128584
-0.000128589
-0.000128612
-0.00012867
-4.9181e-05
-4.91831e-05
-4.91926e-05
-4.9216e-05
-1.84623e-05
-1.84632e-05
-1.8467e-05
-1.84763e-05
-6.80551e-06
-6.80586e-06
-6.80736e-06
-6.81095e-06
-2.46445e-06
-2.46458e-06
-2.46518e-06
-2.46661e-06
-8.77159e-07
-8.77187e-07
-8.77395e-07
-8.77937e-07
-3.06977e-07
-3.07004e-07
-3.0706e-07
-3.07226e-07
-1.05707e-07
-1.05707e-07
-1.05763e-07
-1.05804e-07
-3.57908e-08
-3.58324e-08
-3.58047e-08
-3.58324e-08
-1.20043e-08
-1.20043e-08
-1.20043e-08
-1.20182e-08
-4.03844e-09
-4.02456e-09
-4.02456e-09
-4.05231e-09
-1.69309e-09
-1.66533e-09
-1.66533e-09
-1.67921e-09
-1124.06
-1124.06
-1124.06
-1124.06
-374.364
-374.365
-374.365
-374.364
-153.781
-153.781
-153.782
-153.781
-72.7689
-72.7693
-72.7696
-72.7695
-36.9288
-36.9291
-36.9294
-36.9294
-19.1976
-19.1978
-19.198
-19.1981
-9.98035
-9.9805
-9.98068
-9.98078
-5.12752
-5.12761
-5.12773
-5.12781
-2.58816
-2.58822
-2.5883
-2.58835
-1.27979
-1.27983
-1.27987
-1.27991
-0.619079
-0.619098
-0.619126
-0.619145
-0.292786
-0.292796
-0.292812
-0.292822
-0.135358
-0.135363
-0.135372
-0.135377
-0.0611777
-0.0611805
-0.0611847
-0.0611877
-0.0270391
-0.0270405
-0.0270426
-0.0270441
-0.0116906
-0.0116913
-0.0116923
-0.011693
-0.00494661
-0.00494692
-0.0049474
-0.00494773
-0.0020493
-0.00204944
-0.00204966
-0.00204981
-0.000831636
-0.000831698
-0.000831795
-0.000831861
-0.000330754
-0.000330781
-0.000330823
-0.000330851
-0.000128984
-0.000128995
-0.000129012
-0.000129024
-4.93438e-05
-4.93483e-05
-4.93555e-05
-4.93604e-05
-1.85272e-05
-1.85291e-05
-1.85319e-05
-1.85339e-05
-6.83086e-06
-6.83152e-06
-6.83271e-06
-6.83344e-06
-2.47416e-06
-2.47442e-06
-2.47485e-06
-2.47515e-06
-8.80809e-07
-8.80893e-07
-8.81031e-07
-8.81212e-07
-3.08267e-07
-3.08364e-07
-3.08406e-07
-3.08475e-07
-1.06165e-07
-1.06179e-07
-1.06248e-07
-1.06179e-07
-3.60129e-08
-3.60129e-08
-3.59712e-08
-3.5999e-08
-1.20737e-08
-1.20598e-08
-1.20598e-08
-1.2032e-08
-4.05231e-09
-4.03844e-09
-4.10783e-09
-4.06619e-09
-1.63758e-09
-1.69309e-09
-1.66533e-09
-1.72085e-09
-3419.62
-2940.06
-2800.96
-2756.95
-2748.87
-2772.55
-2875.11
-3270.59
-3419.63
-2940.07
-2800.96
-2756.95
-2748.87
-2772.55
-2875.12
-3270.59
-3419.63
-2940.06
-2800.96
-2756.95
-2748.87
-2772.55
-2875.12
-3270.6
-3419.61
-2940.05
-2800.95
-2756.94
-2748.86
-2772.55
-2875.12
-3270.61
-1051.17
-1051.17
-1051.18
-1051.18
-342.677
-342.677
-342.678
-342.682
-136.456
-136.456
-136.457
-136.46
-62.547
-62.5467
-62.5476
-62.5502
-30.9021
-30.902
-30.9026
-30.9045
-15.7395
-15.7395
-15.7399
-15.7412
-8.06266
-8.06264
-8.06295
-8.06375
-4.10026
-4.10026
-4.10045
-4.10094
-2.0559
-2.05591
-2.05602
-2.05631
-1.01257
-1.01257
-1.01264
-1.0128
-0.488852
-0.488856
-0.488894
-0.488983
-0.231087
-0.231089
-0.23111
-0.231158
-0.1069
-0.106902
-0.106912
-0.106937
-0.0483838
-0.0483846
-0.0483901
-0.0484024
-0.0214267
-0.0214272
-0.0214299
-0.0214359
-0.00928596
-0.0092862
-0.00928749
-0.00929035
-0.00393949
-0.00393961
-0.0039402
-0.00394153
-0.00163663
-0.00163669
-0.00163696
-0.00163755
-0.000666094
-0.00066612
-0.000666237
-0.0006665
-0.000265694
-0.000265706
-0.000265756
-0.000265869
-0.000103917
-0.000103922
-0.000103943
-0.00010399
-3.98705e-05
-3.98726e-05
-3.98811e-05
-3.99005e-05
-1.50132e-05
-1.50141e-05
-1.50175e-05
-1.50253e-05
-5.55084e-06
-5.55118e-06
-5.55248e-06
-5.55556e-06
-2.01605e-06
-2.01622e-06
-2.01672e-06
-2.0179e-06
-7.19591e-07
-7.19633e-07
-7.19869e-07
-7.20313e-07
-2.5252e-07
-2.52562e-07
-2.52603e-07
-2.52798e-07
-8.72219e-08
-8.72219e-08
-8.72497e-08
-8.72913e-08
-2.9643e-08
-2.96291e-08
-2.9643e-08
-2.96707e-08
-9.9365e-09
-9.9365e-09
-9.96425e-09
-9.9365e-09
-3.3723e-09
-3.3723e-09
-3.34455e-09
-3.35842e-09
-1.38778e-09
-1.38778e-09
-1.38778e-09
-1.38778e-09
-20583.8
-20583.8
-20583.8
-20583.8
-6057.97
-6057.97
-6057.96
-6057.97
-2307.74
-2307.74
-2307.74
-2307.74
-1133.65
-1133.65
-1133.65
-1133.65
-665.331
-665.332
-665.331
-665.331
-429.093
-429.093
-429.093
-429.092
-287.497
-287.497
-287.497
-287.496
-193.767
-193.767
-193.767
-193.766
-128.964
-128.965
-128.965
-128.964
-83.8561
-83.8567
-83.8569
-83.8563
-52.9578
-52.9582
-52.9585
-52.9582
-32.3964
-32.3967
-32.397
-32.3968
-19.183
-19.1833
-19.1835
-19.1835
-10.9985
-10.9987
-10.9989
-10.9989
-6.11099
-6.11112
-6.11125
-6.1113
-3.29374
-3.29382
-3.29392
-3.29396
-1.72396
-1.724
-1.72406
-1.72409
-0.877125
-0.877153
-0.87719
-0.87721
-0.434219
-0.434235
-0.434257
-0.434269
-0.209342
-0.20935
-0.209362
-0.20937
-0.0983698
-0.0983744
-0.098381
-0.098385
-0.0450888
-0.0450912
-0.0450946
-0.0450967
-0.0201743
-0.0201755
-0.0201772
-0.0201783
-0.00881776
-0.00881832
-0.00881916
-0.0088197
-0.00376741
-0.00376768
-0.00376807
-0.00376833
-0.00157448
-0.0015746
-0.00157478
-0.0015749
-0.000644038
-0.000644091
-0.000644172
-0.000644224
-0.000258007
-0.00025803
-0.000258065
-0.000258088
-0.000101286
-0.000101296
-0.000101311
-0.000101321
-3.89868e-05
-3.89907e-05
-3.89968e-05
-3.90008e-05
-1.4722e-05
-1.47236e-05
-1.4726e-05
-1.47277e-05
-5.45669e-06
-5.45733e-06
-5.45829e-06
-5.45892e-06
-1.98624e-06
-1.98647e-06
-1.98687e-06
-1.9871e-06
-7.10362e-07
-7.10459e-07
-7.10557e-07
-7.10682e-07
-2.49745e-07
-2.49772e-07
-2.49842e-07
-2.49856e-07
-8.63892e-08
-8.63754e-08
-8.64031e-08
-8.64309e-08
-2.93515e-08
-2.93793e-08
-2.93793e-08
-2.93654e-08
-9.88098e-09
-9.88098e-09
-9.90874e-09
-9.89486e-09
-3.3723e-09
-3.34455e-09
-3.34455e-09
-3.34455e-09
-1.34615e-09
-1.3739e-09
-1.34615e-09
-1.36002e-09
)
;
    }
    front
    {
        type            symmetryPlane;
    }
    back
    {
        type            symmetryPlane;
    }
}


// ************************************************************************* //
