/*--------------------------------*- C++ -*----------------------------------*\
| =========                 |                                                 |
| \\      /  F ield         | OpenFOAM: The Open Source CFD Toolbox           |
|  \\    /   O peration     | Version:                                        |
|   \\  /    A nd           | Website:  www.openfoam.com                      |
|    \\/     M anipulation  |                                                 |
\*---------------------------------------------------------------------------*/
FoamFile
{
    version     2.0;
    format      ascii;
    class       volScalarField;
    location    "1950.0/aluminum";
    object      T;
}
// * * * * * * * * * * * * * * * * * * * * * * * * * * * * * * * * * * * * * //

dimensions      [0 0 0 1 0 0 0];


internalField   nonuniform List<scalar> 
372
(
307.515
307.525
307.545
307.575
307.507
307.518
307.538
307.568
307.493
307.502
307.522
307.553
307.471
307.479
307.496
307.526
307.615
307.662
307.719
307.788
307.609
307.656
307.708
307.766
307.598
307.646
307.694
307.739
307.586
307.638
307.683
307.72
307.862
307.93
308.022
307.817
307.855
307.89
307.771
307.791
307.806
307.736
307.745
307.752
308.114
308.13
308.114
307.904
307.906
307.904
307.81
307.811
307.81
307.754
307.754
307.754
308.022
307.93
307.862
307.89
307.855
307.817
307.806
307.791
307.771
307.752
307.745
307.736
307.788
307.719
307.662
307.615
307.766
307.708
307.656
307.608
307.739
307.693
307.646
307.598
307.72
307.683
307.638
307.586
307.575
307.545
307.525
307.515
307.568
307.537
307.517
307.507
307.553
307.521
307.502
307.492
307.526
307.496
307.479
307.471
307.444
307.45
307.459
307.47
307.415
307.418
307.423
307.428
307.385
307.387
307.389
307.391
307.356
307.357
307.359
307.36
307.328
307.329
307.33
307.331
307.303
307.304
307.304
307.305
307.28
307.28
307.281
307.281
307.258
307.259
307.259
307.26
307.239
307.24
307.24
307.24
307.223
307.223
307.224
307.224
307.208
307.209
307.209
307.209
307.196
307.196
307.197
307.197
307.186
307.187
307.187
307.187
307.178
307.179
307.179
307.179
307.173
307.174
307.174
307.174
307.17
307.171
307.171
307.171
307.709
307.711
307.713
307.678
307.679
307.679
307.648
307.648
307.649
307.62
307.62
307.62
307.594
307.594
307.594
307.57
307.57
307.57
307.548
307.548
307.548
307.528
307.528
307.528
307.51
307.51
307.51
307.495
307.495
307.495
307.481
307.481
307.481
307.47
307.47
307.47
307.461
307.461
307.461
307.454
307.454
307.454
307.449
307.449
307.449
307.446
307.446
307.446
307.713
307.713
307.713
307.679
307.679
307.679
307.649
307.649
307.649
307.62
307.62
307.62
307.594
307.594
307.594
307.57
307.57
307.57
307.548
307.548
307.548
307.528
307.528
307.528
307.51
307.51
307.51
307.495
307.495
307.495
307.481
307.481
307.481
307.47
307.47
307.47
307.461
307.461
307.461
307.454
307.454
307.454
307.449
307.449
307.449
307.446
307.446
307.446
307.713
307.711
307.709
307.679
307.679
307.678
307.649
307.648
307.648
307.62
307.62
307.62
307.594
307.594
307.594
307.57
307.57
307.57
307.548
307.548
307.548
307.528
307.528
307.528
307.51
307.51
307.51
307.495
307.495
307.495
307.481
307.481
307.481
307.47
307.47
307.47
307.461
307.461
307.46
307.454
307.453
307.453
307.449
307.449
307.448
307.446
307.446
307.446
307.47
307.459
307.449
307.444
307.427
307.423
307.418
307.414
307.391
307.389
307.387
307.385
307.359
307.358
307.357
307.355
307.33
307.33
307.329
307.328
307.304
307.304
307.303
307.302
307.28
307.28
307.28
307.279
307.259
307.259
307.258
307.258
307.24
307.24
307.239
307.239
307.223
307.223
307.223
307.222
307.209
307.208
307.208
307.208
307.196
307.196
307.196
307.196
307.187
307.187
307.186
307.186
307.179
307.179
307.179
307.178
307.174
307.174
307.174
307.173
307.171
307.171
307.171
307.17
)
;

boundaryField
{
    base_hotspot
    {
        type            fixedGradient;
        gradient        uniform 203.252;
    }
    base_adiabatic
    {
        type            zeroGradient;
    }
    front
    {
        type            empty;
    }
    back
    {
        type            empty;
    }
    aluminum_to_air
    {
        type            compressible::turbulentTemperatureCoupledBaffleMixed;
        refValue        nonuniform List<scalar> 
129
(
294.562
294.567
294.62
294.687
307.524
307.59
307.644
307.691
307.69
307.642
307.588
307.523
294.223
294.167
294.182
294.233
294.757
307.524
294.826
307.46
294.897
307.417
294.968
307.382
295.043
307.352
295.121
307.325
295.201
307.298
295.282
307.27
295.362
307.237
295.44
307.194
295.512
307.132
295.575
307.043
295.623
306.913
295.651
306.735
295.643
306.492
296.108
295.681
297.097
298.114
305.957
299.072
307.691
307.649
307.615
307.585
307.558
307.532
307.507
307.481
307.452
307.417
307.368
307.299
307.203
307.073
306.885
306.434
301.738
302.156
302.591
302.88
303.028
303.17
307.69
307.647
307.61
307.577
307.544
307.51
307.473
307.429
307.378
307.317
307.243
307.142
306.984
306.731
306.405
303.432
303.762
306.191
304.076
307.523
307.457
307.411
307.372
307.336
307.298
307.255
307.206
307.148
307.08
306.998
306.895
306.769
306.594
306.072
304.217
294.293
294.354
294.412
294.465
294.513
294.556
294.594
294.629
294.66
294.691
294.721
294.753
294.787
294.826
294.861
300.571
301.805
302.121
299.636
294.95
)
;
        refGradient     uniform 0;
        valueFraction   nonuniform List<scalar> 
129
(
2.89995e-05
2.89995e-05
2.89995e-05
2.89995e-05
0.000144981
0.000144981
0.000144981
0.000144981
0.000144981
0.000144981
0.000144981
0.000144981
2.89995e-05
2.89995e-05
2.89995e-05
2.89995e-05
2.89995e-05
0.000144981
2.89995e-05
0.000144981
2.89995e-05
0.000144981
2.89995e-05
0.000144981
2.89995e-05
0.000144981
2.89995e-05
0.000144981
2.89995e-05
0.000144981
2.89995e-05
0.000144981
2.89995e-05
0.000144981
2.89995e-05
0.000144981
2.89995e-05
0.000144981
2.89995e-05
0.000144981
2.89995e-05
0.000144981
2.89995e-05
0.000144981
2.89995e-05
0.000144981
3.62491e-05
2.89995e-05
3.62491e-05
3.62491e-05
0.000144981
3.62491e-05
8.21599e-05
8.21599e-05
8.21599e-05
8.21599e-05
8.21599e-05
8.21599e-05
8.21599e-05
8.21599e-05
8.21599e-05
8.21599e-05
8.21599e-05
8.21599e-05
8.21599e-05
8.21599e-05
8.21599e-05
8.21599e-05
3.62491e-05
3.62491e-05
3.62491e-05
3.62491e-05
3.62491e-05
3.62491e-05
8.21599e-05
8.21599e-05
8.21599e-05
8.21599e-05
8.21599e-05
8.21599e-05
8.21599e-05
8.21599e-05
8.21599e-05
8.21599e-05
8.21599e-05
8.21599e-05
8.21599e-05
8.21599e-05
8.21599e-05
3.62491e-05
3.62491e-05
8.21599e-05
3.62491e-05
0.000144981
0.000144981
0.000144981
0.000144981
0.000144981
0.000144981
0.000144981
0.000144981
0.000144981
0.000144981
0.000144981
0.000144981
0.000144981
0.000144981
0.000144981
0.000144981
2.89995e-05
2.89995e-05
2.89995e-05
2.89995e-05
2.89995e-05
2.89995e-05
2.89995e-05
2.89995e-05
2.89995e-05
2.89995e-05
2.89995e-05
2.89995e-05
2.89995e-05
2.89995e-05
2.89995e-05
3.62491e-05
3.62491e-05
3.62491e-05
3.62491e-05
2.89995e-05
)
;
        value           nonuniform List<scalar> 
129
(
307.514
307.507
307.492
307.47
307.586
307.637
307.683
307.72
307.72
307.683
307.637
307.586
307.514
307.507
307.492
307.47
307.444
307.47
307.414
307.427
307.384
307.391
307.355
307.359
307.328
307.33
307.302
307.304
307.279
307.281
307.258
307.259
307.239
307.24
307.222
307.223
307.207
307.209
307.195
307.197
307.185
307.187
307.178
307.179
307.172
307.173
307.169
307.169
307.17
307.17
307.17
307.17
307.709
307.678
307.648
307.62
307.594
307.57
307.548
307.528
307.51
307.494
307.481
307.469
307.46
307.453
307.448
307.445
307.445
307.445
307.446
307.446
307.446
307.446
307.709
307.678
307.648
307.62
307.594
307.57
307.548
307.528
307.51
307.494
307.481
307.469
307.46
307.453
307.448
307.446
307.446
307.445
307.445
307.47
307.427
307.391
307.359
307.33
307.304
307.28
307.259
307.239
307.223
307.208
307.196
307.186
307.179
307.173
307.17
307.443
307.414
307.384
307.355
307.327
307.302
307.278
307.257
307.238
307.221
307.207
307.195
307.185
307.178
307.172
307.17
307.17
307.17
307.17
307.17
)
;
        Tnbr            T;
        thicknessLayers 0();
        kappaLayers     0();
        kappaMethod     solidThermo;
        kappa           none;
        alphaAni        none;
        alpha           none;
    }
}


// ************************************************************************* //
