/*--------------------------------*- C++ -*----------------------------------*\
| =========                 |                                                 |
| \\      /  F ield         | OpenFOAM: The Open Source CFD Toolbox           |
|  \\    /   O peration     | Version:                                        |
|   \\  /    A nd           | Website:  www.openfoam.com                      |
|    \\/     M anipulation  |                                                 |
\*---------------------------------------------------------------------------*/
FoamFile
{
    version     2.0;
    format      ascii;
    class       volScalarField;
    location    "1863.5/air";
    object      T;
}
// * * * * * * * * * * * * * * * * * * * * * * * * * * * * * * * * * * * * * //

dimensions      [0 0 0 1 0 0 0];


internalField   nonuniform List<scalar> 
2228
(
306.911
306.977
307.031
307.078
306.847
306.908
306.973
307.035
306.802
306.858
306.927
307
306.763
306.812
306.886
306.968
306.723
306.756
306.835
306.933
306.673
306.669
306.761
306.892
306.604
306.528
306.64
306.837
306.513
306.328
306.46
306.761
306.412
306.105
306.242
306.671
306.316
305.895
306.026
306.577
306.221
305.652
305.797
306.481
306.092
305.216
305.422
306.356
305.909
304.445
304.701
306.142
305.715
303.357
303.529
305.765
305.364
301.919
302.051
305.207
303.612
299.928
300.666
304.736
307.078
307.032
306.977
306.912
307.036
306.975
306.911
306.848
307.003
306.934
306.865
306.804
306.973
306.901
306.83
306.77
306.946
306.872
306.8
306.741
306.921
306.845
306.772
306.714
306.896
306.817
306.744
306.688
306.873
306.787
306.711
306.663
306.847
306.748
306.669
306.634
306.817
306.692
306.605
306.599
306.777
306.603
306.501
306.548
306.721
306.46
306.329
306.475
306.643
306.238
306.065
306.368
306.535
305.907
305.677
306.218
306.375
305.388
305.105
305.995
306.01
304.51
304.189
305.45
298.703
301.749
301.588
298.391
295.919
298.855
297.026
294.82
296.104
295.794
293.891
293.843
294.81
293.373
292.695
292.838
293.716
292.741
292.597
292.598
293.424
292.919
292.867
292.858
293.268
293.066
293.072
293.084
293.129
293.14
293.154
293.162
293.187
293.244
293.257
293.266
293.612
293.633
293.631
293.613
294.369
294.483
294.464
294.311
294.475
294.727
294.93
294.998
294.291
294.531
294.778
294.92
294.44
294.546
294.629
294.583
294.431
294.367
294.25
294.071
294.077
293.976
293.873
293.793
293.829
293.802
293.792
293.806
293.777
293.795
293.82
293.851
293.781
293.801
293.821
293.84
293.792
293.794
293.794
293.791
296.861
296.915
299.291
302.934
295.783
297.313
298.279
298.606
294.514
295.038
295.109
294.816
292.995
293.045
292.975
292.826
292.574
292.544
292.521
292.513
292.848
292.848
292.865
292.897
293.095
293.108
293.123
293.138
293.168
293.171
293.172
293.172
293.272
293.274
293.274
293.273
293.58
293.547
293.528
293.521
294.089
293.874
293.711
293.632
294.817
294.382
293.944
293.693
294.819
294.441
293.982
293.702
294.342
293.997
293.749
293.67
293.875
293.746
293.719
293.755
293.759
293.777
293.824
293.878
293.841
293.888
293.935
293.978
293.884
293.917
293.947
293.974
293.859
293.876
293.892
293.907
293.788
293.777
293.76
293.744
303.119
303.005
303.167
298.12
297.891
297.645
294.471
294.209
293.914
292.693
292.59
292.495
292.521
292.538
292.565
292.932
292.96
292.99
293.149
293.156
293.162
293.171
293.17
293.169
293.271
293.27
293.268
293.518
293.516
293.514
293.617
293.614
293.615
293.628
293.614
293.612
293.636
293.628
293.632
293.678
293.695
293.712
293.793
293.819
293.841
293.917
293.943
293.966
294.008
294.028
294.045
293.991
294.003
294.014
293.919
293.926
293.93
293.734
293.723
293.708
303.347
303.434
303.501
297.422
297.293
297.151
293.7
293.593
293.489
292.441
292.418
292.399
292.591
292.606
292.622
293.011
293.022
293.032
293.165
293.167
293.168
293.168
293.168
293.167
293.268
293.267
293.267
293.513
293.512
293.511
293.616
293.616
293.617
293.613
293.614
293.615
293.636
293.638
293.64
293.722
293.727
293.731
293.855
293.861
293.867
293.98
293.987
293.994
294.056
294.061
294.066
294.021
294.024
294.027
293.934
293.936
293.937
293.701
293.698
293.696
303.553
303.349
302.91
296.855
296.353
295.855
293.307
293.065
292.871
292.374
292.361
292.372
292.655
292.71
292.768
293.051
293.077
293.1
293.169
293.171
293.171
293.167
293.165
293.164
293.266
293.265
293.263
293.509
293.507
293.505
293.618
293.62
293.622
293.617
293.619
293.621
293.644
293.649
293.652
293.739
293.749
293.757
293.879
293.893
293.905
294.007
294.023
294.036
294.075
294.086
294.095
294.034
294.042
294.05
293.941
293.943
293.943
293.69
293.677
293.662
302.121
300.978
300.449
299.998
295.249
294.605
294.129
293.667
292.676
292.513
292.43
292.423
292.418
292.511
292.633
292.774
292.848
292.946
293.032
293.097
293.126
293.15
293.163
293.166
293.169
293.165
293.161
293.157
293.163
293.162
293.162
293.162
293.262
293.26
293.258
293.256
293.501
293.496
293.491
293.485
293.624
293.626
293.628
293.63
293.624
293.628
293.631
293.635
293.655
293.657
293.656
293.653
293.764
293.768
293.766
293.759
293.917
293.926
293.928
293.921
294.051
294.064
294.069
294.066
294.106
294.117
294.122
294.122
294.059
294.067
294.071
294.069
293.941
293.938
293.929
293.915
293.643
293.624
293.608
293.594
299.187
298.134
297.034
295.989
293.235
292.971
292.891
293.053
292.502
292.667
292.887
293.106
292.917
293.043
293.133
293.178
293.14
293.16
293.163
293.158
293.162
293.156
293.151
293.149
293.154
293.153
293.153
293.153
293.163
293.164
293.165
293.166
293.254
293.252
293.251
293.249
293.479
293.473
293.466
293.459
293.631
293.632
293.633
293.634
293.639
293.643
293.649
293.657
293.649
293.645
293.642
293.64
293.746
293.73
293.711
293.69
293.905
293.882
293.851
293.816
294.054
294.033
294
293.957
294.114
294.099
294.073
294.038
294.06
294.046
294.025
293.997
293.897
293.878
293.858
293.834
293.583
293.575
293.566
293.56
293.15
293.15
293.151
293.153
293.149
293.11
293.01
292.896
292.834
292.816
292.816
292.825
292.841
292.865
292.897
292.933
292.955
292.836
292.452
294.273
293.15
293.15
293.15
293.152
293.152
293.126
293.038
292.917
292.841
292.819
292.819
292.83
292.847
292.872
292.903
292.938
292.956
292.841
292.552
294.216
293.15
293.15
293.15
293.151
293.152
293.141
293.075
292.952
292.855
292.824
292.826
292.838
292.857
292.882
292.913
292.945
292.961
292.892
292.677
294.221
293.15
293.15
293.15
293.15
293.152
293.149
293.107
292.994
292.877
292.833
292.835
292.85
292.871
292.897
292.927
292.957
292.968
292.957
292.767
294.258
293.15
293.15
293.15
293.15
293.151
293.152
293.13
293.036
292.907
292.844
292.845
292.863
292.887
292.914
292.943
292.972
292.979
292.997
292.831
294.306
293.15
293.15
293.15
293.15
293.15
293.153
293.144
293.072
292.942
292.86
292.857
292.877
292.904
292.932
292.962
292.99
292.994
293.026
292.876
294.359
293.15
293.15
293.15
293.15
293.15
293.152
293.151
293.1
292.979
292.88
292.869
292.892
292.921
292.951
292.98
293.009
293.014
293.049
292.912
294.411
293.15
293.15
293.15
293.15
293.149
293.15
293.154
293.122
293.014
292.905
292.882
292.907
292.939
292.969
292.998
293.027
293.035
293.07
292.943
294.464
293.15
293.15
293.15
293.15
293.15
293.15
293.155
293.136
293.047
292.934
292.897
292.921
292.955
292.987
293.015
293.045
293.057
293.09
292.97
294.514
293.15
293.15
293.15
293.15
293.15
293.149
293.154
293.146
293.075
292.965
292.916
292.936
292.972
293.006
293.034
293.063
293.079
293.109
292.995
294.563
293.15
293.15
293.15
293.15
293.15
293.149
293.153
293.152
293.098
292.997
292.938
292.951
292.988
293.025
293.055
293.084
293.102
293.129
293.019
294.611
293.15
293.15
293.15
293.151
293.151
293.15
293.153
293.156
293.117
293.028
292.963
292.968
293.006
293.045
293.077
293.107
293.126
293.151
293.042
294.656
293.15
293.15
293.151
293.153
293.154
293.152
293.153
293.158
293.132
293.056
292.991
292.989
293.025
293.067
293.101
293.131
293.151
293.174
293.063
294.7
293.15
293.15
293.154
293.159
293.16
293.156
293.155
293.16
293.144
293.082
293.021
293.013
293.047
293.089
293.126
293.156
293.176
293.197
293.082
294.742
293.149
293.152
293.164
293.174
293.174
293.166
293.159
293.161
293.153
293.105
293.051
293.04
293.07
293.113
293.151
293.18
293.199
293.219
293.099
294.784
293.149
293.159
293.185
293.204
293.2
293.182
293.167
293.164
293.16
293.125
293.079
293.068
293.096
293.138
293.176
293.204
293.219
293.238
293.114
294.824
293.148
293.174
293.221
293.25
293.24
293.209
293.18
293.17
293.166
293.141
293.105
293.096
293.123
293.164
293.2
293.225
293.238
293.255
293.127
294.864
293.15
293.201
293.271
293.311
293.296
293.247
293.2
293.178
293.172
293.156
293.129
293.124
293.15
293.189
293.222
293.244
293.253
293.269
293.138
294.904
293.155
293.238
293.329
293.377
293.36
293.295
293.228
293.19
293.179
293.168
293.15
293.15
293.176
293.212
293.243
293.262
293.267
293.28
293.147
294.936
293.165
293.282
293.389
293.441
293.425
293.351
293.264
293.207
293.187
293.179
293.169
293.174
293.2
293.234
293.261
293.277
293.278
293.288
293.156
295.017
293.203
293.387
293.52
293.575
293.567
293.495
293.381
293.278
293.223
293.206
293.207
293.222
293.25
293.28
293.299
293.305
293.297
293.295
293.181
294.354
293.275
293.532
293.69
293.742
293.725
293.666
293.557
293.424
293.32
293.27
293.264
293.281
293.307
293.329
293.338
293.331
293.312
293.292
293.234
293.942
293.342
293.614
293.768
293.836
293.817
293.763
293.681
293.562
293.442
293.362
293.333
293.337
293.352
293.363
293.36
293.344
293.319
293.293
293.283
294.293
293.385
293.642
293.769
293.856
293.866
293.814
293.75
293.662
293.555
293.465
293.415
293.397
293.393
293.387
293.373
293.35
293.32
293.308
293.375
294.571
293.412
293.653
293.749
293.829
293.881
293.848
293.788
293.722
293.638
293.553
293.49
293.45
293.424
293.402
293.377
293.354
293.325
293.347
293.477
294.578
293.443
293.67
293.738
293.793
293.872
293.872
293.816
293.758
293.694
293.619
293.547
293.488
293.443
293.407
293.376
293.357
293.348
293.41
293.696
294.602
293.478
293.689
293.732
293.77
293.853
293.888
293.845
293.788
293.736
293.674
293.601
293.527
293.463
293.414
293.383
293.374
293.407
293.54
294.097
294.603
293.52
293.713
293.727
293.758
293.844
293.898
293.874
293.82
293.773
293.726
293.664
293.586
293.508
293.447
293.419
293.415
293.511
293.798
294.404
294.276
293.564
293.736
293.725
293.752
293.847
293.905
293.897
293.853
293.809
293.771
293.725
293.66
293.582
293.515
293.485
293.472
293.661
294.039
294.361
293.724
293.61
293.759
293.731
293.744
293.834
293.896
293.898
293.867
293.827
293.793
293.763
293.72
293.657
293.594
293.561
293.537
293.836
294.135
294.151
293.586
293.658
293.782
293.744
293.734
293.779
293.823
293.828
293.809
293.785
293.766
293.754
293.74
293.707
293.663
293.628
293.609
294.019
294.161
293.988
293.796
293.693
293.804
293.76
293.732
293.737
293.746
293.739
293.732
293.731
293.732
293.735
293.738
293.732
293.711
293.67
293.7
294.208
294.256
293.933
293.847
293.734
293.817
293.767
293.753
293.789
293.847
293.896
293.897
293.833
293.769
293.736
293.732
293.738
293.735
293.683
293.806
294.365
294.469
294.049
293.975
293.753
293.815
293.76
293.785
293.891
294.021
294.123
294.173
294.137
293.987
293.839
293.764
293.744
293.738
293.686
293.86
294.41
294.673
294.361
294.334
293.771
293.801
293.733
293.777
293.907
294.037
294.122
294.168
294.187
294.125
293.963
293.822
293.756
293.73
293.684
293.818
294.258
294.628
294.594
294.532
293.768
293.784
293.681
293.69
293.789
293.907
293.988
294.013
294.019
294.028
293.966
293.847
293.762
293.719
293.669
293.71
293.955
294.254
294.383
294.265
293.77
293.775
293.623
293.571
293.64
293.777
293.895
293.927
293.885
293.852
293.846
293.804
293.746
293.7
293.644
293.613
293.687
293.824
293.935
293.886
293.77
293.791
293.623
293.512
293.531
293.65
293.799
293.886
293.857
293.768
293.716
293.706
293.685
293.654
293.609
293.562
293.564
293.614
293.679
293.731
293.754
293.82
293.712
293.594
293.541
293.567
293.673
293.792
293.843
293.805
293.719
293.661
293.631
293.604
293.575
293.548
293.547
293.586
293.645
293.726
293.667
293.72
293.697
293.651
293.62
293.585
293.578
293.603
293.66
293.743
293.764
293.75
293.718
293.702
293.685
293.674
293.684
293.709
293.742
293.776
294.334
292.534
292.544
292.62
292.685
292.742
292.81
292.888
292.951
292.984
292.997
293.005
293.015
293.032
293.058
293.093
293.126
293.144
293.15
293.151
294.31
292.675
292.6
292.645
292.697
292.744
292.801
292.874
292.94
292.98
292.998
293.006
293.015
293.03
293.055
293.09
293.123
293.143
293.15
293.151
294.336
292.799
292.716
292.72
292.738
292.763
292.804
292.866
292.931
292.977
292.999
293.008
293.017
293.032
293.056
293.09
293.123
293.143
293.15
293.151
294.378
292.855
292.844
292.82
292.8
292.801
292.824
292.871
292.93
292.978
293.002
293.013
293.022
293.037
293.061
293.094
293.125
293.144
293.15
293.151
294.422
292.887
292.96
292.911
292.865
292.848
292.856
292.889
292.939
292.983
293.008
293.02
293.03
293.046
293.07
293.102
293.13
293.145
293.15
293.15
294.465
292.915
293.045
292.976
292.922
292.897
292.895
292.916
292.955
292.993
293.017
293.029
293.04
293.058
293.083
293.113
293.136
293.147
293.15
293.15
294.51
292.942
293.09
293.019
292.97
292.944
292.935
292.947
292.976
293.007
293.027
293.039
293.053
293.072
293.098
293.124
293.142
293.149
293.15
293.15
294.555
292.965
293.114
293.052
293.01
292.985
292.973
292.977
292.999
293.023
293.039
293.052
293.067
293.089
293.113
293.134
293.146
293.149
293.15
293.15
294.601
292.982
293.129
293.076
293.042
293.019
293.005
293.006
293.021
293.038
293.052
293.066
293.083
293.105
293.126
293.141
293.148
293.15
293.15
293.15
294.645
292.995
293.14
293.095
293.067
293.046
293.033
293.031
293.041
293.054
293.066
293.081
293.1
293.119
293.136
293.146
293.149
293.15
293.15
293.15
294.69
293.006
293.147
293.107
293.085
293.068
293.056
293.053
293.059
293.069
293.081
293.097
293.115
293.131
293.143
293.148
293.15
293.15
293.15
293.15
294.733
293.015
293.152
293.116
293.099
293.084
293.074
293.071
293.075
293.083
293.096
293.112
293.127
293.14
293.147
293.149
293.15
293.15
293.15
293.15
294.776
293.022
293.156
293.122
293.11
293.098
293.089
293.086
293.089
293.097
293.11
293.125
293.137
293.145
293.149
293.15
293.15
293.15
293.15
293.15
294.817
293.027
293.158
293.128
293.118
293.108
293.101
293.099
293.102
293.111
293.123
293.134
293.143
293.148
293.149
293.15
293.15
293.15
293.15
293.15
294.857
293.032
293.16
293.132
293.125
293.117
293.111
293.11
293.114
293.123
293.133
293.141
293.147
293.149
293.15
293.15
293.15
293.15
293.15
293.15
294.895
293.035
293.161
293.135
293.131
293.124
293.12
293.12
293.125
293.132
293.14
293.146
293.149
293.15
293.15
293.15
293.15
293.15
293.15
293.15
294.932
293.038
293.163
293.138
293.136
293.13
293.128
293.129
293.133
293.139
293.145
293.148
293.149
293.15
293.15
293.15
293.15
293.15
293.15
293.15
294.968
293.04
293.163
293.14
293.139
293.136
293.135
293.136
293.14
293.144
293.147
293.149
293.15
293.15
293.15
293.15
293.15
293.15
293.15
293.15
294.992
293.041
293.164
293.142
293.143
293.14
293.14
293.141
293.144
293.147
293.149
293.15
293.15
293.15
293.15
293.15
293.15
293.15
293.15
293.15
295.077
293.043
293.164
293.144
293.145
293.143
293.143
293.145
293.147
293.149
293.149
293.15
293.15
293.15
293.15
293.15
293.15
293.15
293.15
293.15
294.195
293.057
293.162
293.147
293.148
293.148
293.148
293.149
293.149
293.15
293.15
293.15
293.15
293.15
293.15
293.15
293.15
293.15
293.15
293.15
293.63
293.109
293.155
293.149
293.15
293.15
293.15
293.15
293.15
293.15
293.15
293.15
293.15
293.15
293.15
293.151
293.152
293.152
293.152
293.15
293.325
293.135
293.152
293.149
293.15
293.15
293.15
293.15
293.15
293.15
293.151
293.152
293.154
293.159
293.167
293.18
293.199
293.22
293.222
293.18
293.185
293.146
293.151
293.15
293.151
293.151
293.152
293.153
293.155
293.157
293.162
293.17
293.183
293.204
293.239
293.293
293.365
293.43
293.421
293.282
293.149
293.151
293.152
293.154
293.156
293.158
293.161
293.165
293.17
293.179
293.193
293.215
293.248
293.295
293.358
293.44
293.531
293.592
293.564
293.358
293.149
293.154
293.155
293.158
293.161
293.166
293.173
293.182
293.194
293.212
293.24
293.281
293.337
293.399
293.46
293.519
293.573
293.617
293.609
293.396
293.156
293.159
293.16
293.163
293.166
293.171
293.18
293.194
293.216
293.249
293.301
293.376
293.458
293.525
293.566
293.586
293.597
293.605
293.599
293.407
293.169
293.174
293.177
293.178
293.178
293.179
293.185
293.202
293.235
293.292
293.386
293.511
293.63
293.708
293.735
293.724
293.694
293.654
293.602
293.423
293.246
293.244
293.24
293.234
293.222
293.208
293.201
293.212
293.257
293.348
293.498
293.674
293.802
293.85
293.848
293.837
293.804
293.738
293.645
293.458
293.438
293.406
293.377
293.349
293.314
293.271
293.235
293.232
293.288
293.421
293.629
293.811
293.87
293.844
293.823
293.824
293.831
293.798
293.7
293.495
293.627
293.592
293.543
293.489
293.428
293.354
293.285
293.262
293.331
293.512
293.75
293.874
293.853
293.811
293.78
293.774
293.797
293.802
293.738
293.525
293.68
293.699
293.671
293.61
293.528
293.431
293.337
293.3
293.384
293.609
293.834
293.888
293.849
293.818
293.769
293.743
293.76
293.781
293.748
293.548
293.65
293.708
293.734
293.696
293.609
293.496
293.387
293.344
293.446
293.696
293.884
293.895
293.884
293.86
293.785
293.729
293.733
293.758
293.742
293.557
293.649
293.676
293.744
293.749
293.675
293.555
293.438
293.395
293.512
293.765
293.912
293.914
293.941
293.925
293.823
293.727
293.713
293.736
293.73
293.558
293.705
293.653
293.726
293.778
293.73
293.613
293.495
293.456
293.578
293.816
293.927
293.942
293.986
293.984
293.872
293.733
293.693
293.713
293.714
293.552
293.791
293.654
293.703
293.792
293.778
293.673
293.561
293.526
293.643
293.85
293.937
293.967
294.01
294.023
293.917
293.742
293.67
293.682
293.69
293.547
293.854
293.66
293.684
293.797
293.823
293.736
293.636
293.606
293.707
293.871
293.947
293.984
294.02
294.041
293.941
293.742
293.648
293.644
293.657
293.531
293.838
293.648
293.669
293.794
293.858
293.803
293.719
293.692
293.765
293.88
293.948
293.985
294.014
294.035
293.928
293.715
293.626
293.61
293.622
293.515
293.722
293.6
293.641
293.768
293.857
293.859
293.819
293.799
293.837
293.901
293.951
293.981
294.002
293.977
293.838
293.645
293.595
293.601
293.599
293.509
293.535
293.52
293.551
293.602
293.666
293.703
293.71
293.749
293.787
293.802
293.824
293.801
293.753
293.675
293.591
293.525
293.534
293.555
293.565
293.5
)
;

boundaryField
{
    left_open
    {
        type            inletOutlet;
        inletValue      uniform 293.15;
        value           nonuniform List<scalar> 
40
(
293.15
293.15
293.15
293.15
293.15
293.15
293.15
293.15
293.15
293.15
293.15
293.15
293.15
293.15
293.15
293.15
293.15
293.15
293.15
293.15
293.15
293.15
293.15
293.15
293.15
293.444
293.15
293.518
293.15
293.15
293.652
293.15
293.729
293.15
293.769
293.15
293.769
293.768
293.751
293.669
)
;
    }
    right_open
    {
        type            inletOutlet;
        inletValue      uniform 293.15;
        value           nonuniform List<scalar> 
40
(
293.151
293.151
293.151
293.151
293.15
293.15
293.15
293.15
293.15
293.15
293.15
293.15
293.15
293.15
293.15
293.15
293.15
293.15
293.15
293.15
293.15
293.15
293.15
293.15
293.15
293.15
293.15
293.15
293.15
293.493
293.15
293.546
293.15
293.556
293.15
293.546
293.15
293.514
293.509
293.499
)
;
    }
    base_side
    {
        type            zeroGradient;
    }
    top
    {
        type            inletOutlet;
        inletValue      uniform 293.15;
        value           nonuniform List<scalar> 
65
(
293.15
293.15
293.15
293.652
293.621
293.586
293.578
293.6
293.15
293.74
293.15
293.757
293.15
293.709
293.692
293.682
293.693
293.718
293.75
293.782
293.795
293.795
293.15
293.15
293.783
293.771
293.15
293.15
293.731
293.716
293.15
293.15
293.15
293.15
293.683
293.15
293.15
293.15
293.619
293.604
293.588
293.579
293.572
293.563
293.558
293.532
293.52
293.552
293.15
293.665
293.703
293.15
293.748
293.785
293.15
293.82
293.15
293.745
293.15
293.588
293.523
293.534
293.555
293.565
293.499
)
;
    }
    front
    {
        type            empty;
    }
    back
    {
        type            empty;
    }
    air_to_aluminum
    {
        type            compressible::turbulentTemperatureCoupledBaffleMixed;
        refValue        nonuniform List<scalar> 
129
(
306.902
306.895
306.88
306.858
306.973
307.025
307.07
307.107
307.107
307.07
307.025
306.973
306.902
306.895
306.88
306.858
306.831
306.857
306.802
306.815
306.772
306.779
306.743
306.747
306.716
306.718
306.69
306.692
306.667
306.668
306.646
306.647
306.627
306.628
306.61
306.611
306.596
306.597
306.584
306.585
306.574
306.575
306.567
306.567
306.562
306.562
306.559
306.559
306.559
306.559
306.559
306.559
307.096
307.065
307.035
307.007
306.981
306.957
306.935
306.915
306.897
306.882
306.868
306.857
306.848
306.841
306.836
306.833
306.833
306.833
306.833
306.833
306.833
306.833
307.096
307.065
307.035
307.007
306.981
306.957
306.935
306.915
306.898
306.882
306.868
306.857
306.848
306.841
306.836
306.833
306.833
306.833
306.833
306.857
306.815
306.779
306.747
306.718
306.692
306.668
306.647
306.628
306.611
306.597
306.585
306.575
306.567
306.562
306.559
306.831
306.802
306.772
306.743
306.716
306.69
306.667
306.646
306.627
306.61
306.596
306.584
306.574
306.566
306.561
306.559
306.559
306.559
306.558
306.558
)
;
        refGradient     uniform 0;
        valueFraction   nonuniform List<scalar> 
129
(
0.999971
0.999971
0.999971
0.999971
0.999855
0.999855
0.999855
0.999855
0.999855
0.999855
0.999855
0.999855
0.999971
0.999971
0.999971
0.999971
0.999971
0.999855
0.999971
0.999855
0.999971
0.999855
0.999971
0.999855
0.999971
0.999855
0.999971
0.999855
0.999971
0.999855
0.999971
0.999855
0.999971
0.999855
0.999971
0.999855
0.999971
0.999855
0.999971
0.999855
0.999971
0.999855
0.999971
0.999855
0.999971
0.999855
0.999964
0.999971
0.999964
0.999964
0.999855
0.999964
0.999918
0.999918
0.999918
0.999918
0.999918
0.999918
0.999918
0.999918
0.999918
0.999918
0.999918
0.999918
0.999918
0.999918
0.999918
0.999918
0.999964
0.999964
0.999964
0.999964
0.999964
0.999964
0.999918
0.999918
0.999918
0.999918
0.999918
0.999918
0.999918
0.999918
0.999918
0.999918
0.999918
0.999918
0.999918
0.999918
0.999918
0.999964
0.999964
0.999918
0.999964
0.999855
0.999855
0.999855
0.999855
0.999855
0.999855
0.999855
0.999855
0.999855
0.999855
0.999855
0.999855
0.999855
0.999855
0.999855
0.999855
0.999971
0.999971
0.999971
0.999971
0.999971
0.999971
0.999971
0.999971
0.999971
0.999971
0.999971
0.999971
0.999971
0.999971
0.999971
0.999964
0.999964
0.999964
0.999964
0.999971
)
;
        value           nonuniform List<scalar> 
129
(
306.902
306.894
306.879
306.858
306.973
307.025
307.07
307.107
307.107
307.07
307.025
306.973
306.902
306.894
306.879
306.858
306.831
306.857
306.802
306.815
306.772
306.779
306.743
306.747
306.716
306.718
306.69
306.692
306.667
306.668
306.646
306.647
306.627
306.628
306.61
306.611
306.596
306.597
306.584
306.585
306.574
306.575
306.566
306.567
306.561
306.562
306.559
306.558
306.559
306.559
306.559
306.559
307.096
307.065
307.035
307.007
306.981
306.957
306.935
306.915
306.897
306.882
306.868
306.857
306.848
306.84
306.835
306.833
306.833
306.833
306.833
306.833
306.833
306.833
307.096
307.065
307.035
307.007
306.981
306.957
306.935
306.915
306.898
306.882
306.868
306.857
306.848
306.841
306.836
306.833
306.833
306.833
306.833
306.857
306.815
306.779
306.747
306.718
306.692
306.668
306.647
306.628
306.611
306.597
306.585
306.575
306.567
306.562
306.559
306.831
306.802
306.772
306.743
306.716
306.69
306.667
306.646
306.627
306.61
306.596
306.583
306.574
306.566
306.561
306.559
306.559
306.558
306.558
306.558
)
;
        Tnbr            T;
        thicknessLayers 0();
        kappaLayers     0();
        kappaMethod     fluidThermo;
        kappa           none;
        alphaAni        none;
        alpha           none;
    }
}


// ************************************************************************* //
