/*--------------------------------*- C++ -*----------------------------------*\
| =========                 |                                                 |
| \\      /  F ield         | OpenFOAM: The Open Source CFD Toolbox           |
|  \\    /   O peration     | Version:                                        |
|   \\  /    A nd           | Website:  www.openfoam.com                      |
|    \\/     M anipulation  |                                                 |
\*---------------------------------------------------------------------------*/
FoamFile
{
    version     2.0;
    format      ascii;
    class       volScalarField;
    location    "400/air";
    object      T;
}
// * * * * * * * * * * * * * * * * * * * * * * * * * * * * * * * * * * * * * //

dimensions      [0 0 0 1 0 0 0];


internalField   nonuniform List<scalar> 
2228
(
296.236
296.299
296.351
296.396
296.173
296.233
296.295
296.354
296.131
296.188
296.254
296.319
296.098
296.154
296.221
296.289
296.07
296.126
296.194
296.262
296.045
296.102
296.169
296.237
296.023
296.079
296.147
296.215
296.003
296.06
296.126
296.194
295.985
296.042
296.108
296.176
295.969
296.026
296.091
296.16
295.956
296.011
296.076
296.145
295.943
295.997
296.062
296.133
295.931
295.98
296.046
296.121
295.917
295.958
296.025
296.107
295.893
295.919
295.987
296.085
295.837
295.846
295.911
296.025
296.396
296.351
296.299
296.236
296.353
296.295
296.233
296.173
296.319
296.253
296.188
296.131
296.289
296.221
296.154
296.098
296.262
296.194
296.126
296.07
296.237
296.169
296.101
296.045
296.215
296.146
296.079
296.023
296.194
296.126
296.059
296.003
296.176
296.107
296.041
295.985
296.159
296.09
296.024
295.968
296.144
296.073
296.007
295.954
296.13
296.055
295.988
295.939
296.116
296.032
295.964
295.923
296.097
295.996
295.923
295.901
296.063
295.928
295.849
295.859
295.978
295.796
295.712
295.763
294.179
294.534
294.887
295.187
293.45
293.591
293.86
294.239
293.333
293.389
293.609
294.057
293.357
293.478
293.789
294.178
293.501
293.717
293.997
294.137
293.703
293.903
294.012
293.914
293.849
293.932
293.862
293.654
293.874
293.823
293.657
293.457
293.776
293.643
293.476
293.345
293.616
293.488
293.379
293.319
293.509
293.435
293.383
293.351
293.473
293.423
293.378
293.338
293.36
293.327
293.3
293.284
293.292
293.289
293.289
293.289
293.309
293.311
293.313
293.315
293.338
293.339
293.34
293.341
293.36
293.36
293.36
293.36
293.369
293.369
293.37
293.37
293.405
293.405
293.405
293.404
293.38
293.377
293.375
293.373
295.404
295.539
295.561
295.518
294.712
295.029
294.909
294.626
294.534
294.596
294.279
293.945
294.334
294.112
293.759
293.494
293.994
293.682
293.412
293.245
293.655
293.399
293.239
293.158
293.424
293.27
293.197
293.172
293.312
293.241
293.217
293.214
293.278
293.255
293.249
293.246
293.296
293.285
293.274
293.263
293.326
293.301
293.28
293.265
293.304
293.281
293.267
293.259
293.276
293.273
293.272
293.271
293.291
293.292
293.294
293.296
293.316
293.317
293.319
293.32
293.341
293.342
293.342
293.343
293.36
293.36
293.36
293.361
293.371
293.371
293.371
293.372
293.404
293.405
293.405
293.405
293.372
293.371
293.369
293.366
295.487
295.463
295.441
294.451
294.356
294.28
293.763
293.665
293.585
293.359
293.287
293.229
293.169
293.131
293.104
293.131
293.121
293.119
293.17
293.173
293.177
293.216
293.217
293.218
293.244
293.241
293.239
293.255
293.25
293.246
293.256
293.251
293.248
293.256
293.254
293.253
293.271
293.271
293.272
293.297
293.298
293.299
293.321
293.322
293.323
293.344
293.344
293.344
293.361
293.361
293.361
293.372
293.372
293.373
293.405
293.405
293.405
293.363
293.362
293.36
295.428
295.421
295.413
294.235
294.213
294.192
293.538
293.515
293.493
293.197
293.182
293.168
293.093
293.087
293.083
293.12
293.122
293.123
293.18
293.182
293.183
293.219
293.219
293.219
293.237
293.237
293.236
293.244
293.242
293.241
293.245
293.244
293.244
293.252
293.252
293.251
293.272
293.273
293.273
293.3
293.301
293.301
293.324
293.325
293.325
293.345
293.345
293.345
293.361
293.361
293.361
293.373
293.373
293.373
293.405
293.405
293.405
293.359
293.358
293.358
295.398
295.373
295.341
294.153
294.098
294.044
293.455
293.403
293.355
293.145
293.116
293.093
293.077
293.073
293.074
293.127
293.134
293.141
293.186
293.189
293.192
293.219
293.219
293.218
293.234
293.232
293.229
293.239
293.236
293.233
293.242
293.24
293.238
293.251
293.251
293.251
293.274
293.275
293.276
293.302
293.304
293.306
293.326
293.327
293.328
293.345
293.346
293.346
293.361
293.361
293.361
293.373
293.373
293.373
293.405
293.405
293.405
293.356
293.355
293.352
295.282
295.194
295.111
295.004
293.969
293.868
293.76
293.636
293.297
293.231
293.175
293.132
293.071
293.053
293.048
293.052
293.08
293.093
293.107
293.119
293.15
293.16
293.167
293.173
293.195
293.197
293.198
293.198
293.217
293.215
293.212
293.209
293.226
293.222
293.219
293.216
293.23
293.226
293.224
293.223
293.236
293.234
293.235
293.239
293.251
293.254
293.259
293.266
293.279
293.284
293.29
293.297
293.309
293.314
293.318
293.324
293.33
293.333
293.336
293.338
293.347
293.348
293.349
293.35
293.361
293.361
293.362
293.362
293.374
293.374
293.374
293.375
293.405
293.406
293.406
293.406
293.351
293.349
293.347
293.346
294.823
294.556
294.26
293.981
293.5
293.382
293.302
293.286
293.105
293.099
293.111
293.137
293.063
293.076
293.09
293.102
293.129
293.138
293.145
293.151
293.176
293.179
293.181
293.182
293.198
293.197
293.196
293.197
293.207
293.206
293.206
293.209
293.214
293.214
293.218
293.225
293.224
293.229
293.238
293.251
293.245
293.254
293.267
293.28
293.274
293.285
293.296
293.307
293.305
293.313
293.322
293.33
293.329
293.335
293.34
293.345
293.341
293.344
293.346
293.348
293.351
293.352
293.353
293.354
293.363
293.363
293.364
293.365
293.375
293.376
293.376
293.377
293.406
293.407
293.407
293.407
293.345
293.343
293.341
293.339
293.15
293.15
293.15
293.15
293.15
293.15
293.151
293.154
293.158
293.162
293.163
293.164
293.165
293.167
293.168
293.17
293.171
293.17
293.067
293.705
293.15
293.15
293.15
293.15
293.15
293.15
293.15
293.153
293.157
293.161
293.163
293.164
293.165
293.167
293.168
293.17
293.171
293.172
293.069
293.669
293.15
293.15
293.15
293.15
293.15
293.15
293.15
293.152
293.155
293.159
293.162
293.164
293.165
293.167
293.168
293.17
293.171
293.175
293.081
293.646
293.15
293.15
293.15
293.15
293.15
293.15
293.15
293.151
293.153
293.157
293.161
293.164
293.165
293.167
293.168
293.17
293.171
293.177
293.096
293.637
293.15
293.15
293.15
293.15
293.15
293.15
293.15
293.15
293.152
293.156
293.16
293.163
293.165
293.167
293.169
293.171
293.172
293.179
293.11
293.635
293.15
293.15
293.15
293.15
293.15
293.15
293.15
293.15
293.151
293.154
293.159
293.162
293.165
293.167
293.169
293.171
293.173
293.18
293.12
293.638
293.15
293.15
293.15
293.15
293.15
293.15
293.15
293.151
293.151
293.153
293.157
293.162
293.165
293.167
293.17
293.172
293.174
293.182
293.129
293.643
293.15
293.15
293.15
293.15
293.15
293.151
293.151
293.151
293.151
293.153
293.156
293.161
293.164
293.167
293.17
293.173
293.175
293.183
293.136
293.649
293.15
293.15
293.15
293.15
293.151
293.152
293.153
293.153
293.153
293.153
293.156
293.16
293.164
293.167
293.171
293.174
293.177
293.185
293.143
293.656
293.15
293.15
293.15
293.151
293.153
293.155
293.156
293.156
293.155
293.154
293.155
293.159
293.163
293.167
293.171
293.175
293.179
293.186
293.148
293.664
293.15
293.15
293.151
293.154
293.157
293.16
293.162
293.161
293.158
293.156
293.156
293.159
293.163
293.167
293.172
293.176
293.181
293.188
293.154
293.672
293.15
293.15
293.154
293.159
293.166
293.17
293.171
293.169
293.164
293.16
293.158
293.159
293.163
293.167
293.172
293.178
293.183
293.19
293.159
293.68
293.15
293.152
293.159
293.17
293.179
293.184
293.185
293.181
293.173
293.165
293.16
293.16
293.163
293.167
293.172
293.178
293.184
293.192
293.164
293.689
293.15
293.155
293.169
293.185
293.198
293.204
293.203
293.196
293.184
293.172
293.164
293.161
293.163
293.167
293.172
293.179
293.186
293.194
293.168
293.698
293.15
293.162
293.184
293.205
293.219
293.226
293.224
293.215
293.199
293.182
293.169
293.163
293.163
293.167
293.173
293.18
293.188
293.196
293.171
293.708
293.152
293.173
293.201
293.226
293.241
293.248
293.246
293.235
293.216
293.194
293.176
293.166
293.165
293.167
293.173
293.181
293.189
293.198
293.173
293.717
293.155
293.186
293.219
293.244
293.259
293.267
293.266
293.255
293.235
293.208
293.185
293.171
293.166
293.168
293.173
293.182
293.191
293.2
293.174
293.726
293.16
293.199
293.233
293.256
293.272
293.281
293.283
293.274
293.254
293.224
293.195
293.176
293.168
293.168
293.173
293.182
293.192
293.202
293.174
293.735
293.166
293.209
293.242
293.264
293.28
293.29
293.295
293.29
293.272
293.24
293.207
293.183
293.171
293.169
293.174
293.183
293.193
293.204
293.173
293.743
293.171
293.217
293.249
293.27
293.284
293.296
293.302
293.301
293.287
293.257
293.219
293.19
293.175
293.171
293.174
293.183
293.194
293.205
293.173
293.757
293.18
293.234
293.273
293.294
293.3
293.304
293.31
293.316
293.313
293.292
293.253
293.214
293.188
293.176
293.176
293.185
293.196
293.209
293.179
293.566
293.187
293.269
293.33
293.358
293.353
293.332
293.318
293.317
293.324
293.322
293.297
293.255
293.215
293.19
293.181
293.186
293.197
293.209
293.211
293.408
293.199
293.319
293.396
293.431
293.431
293.398
293.355
293.327
293.322
293.329
293.322
293.29
293.246
293.209
293.191
293.19
293.199
293.213
293.229
293.342
293.224
293.365
293.437
293.467
293.476
293.459
293.411
293.359
293.33
293.327
293.331
293.314
293.276
293.234
293.207
293.199
293.205
293.221
293.238
293.312
293.254
293.397
293.451
293.466
293.476
293.48
293.452
293.397
293.349
293.33
293.332
293.328
293.301
293.262
293.231
293.217
293.22
293.235
293.249
293.314
293.283
293.416
293.449
293.452
293.46
293.473
293.466
293.424
293.371
293.338
293.332
293.333
293.319
293.289
293.261
293.246
293.245
293.257
293.264
293.367
293.31
293.426
293.44
293.438
293.445
293.461
293.465
293.435
293.385
293.346
293.333
293.335
293.329
293.311
293.291
293.279
293.277
293.288
293.283
293.452
293.332
293.428
293.429
293.428
293.439
293.454
293.458
293.434
293.39
293.351
293.336
293.336
293.336
293.327
293.314
293.308
293.317
293.328
293.305
293.544
293.348
293.426
293.421
293.424
293.437
293.45
293.449
293.425
293.384
293.35
293.337
293.339
293.341
293.333
293.335
293.363
293.386
293.367
293.347
293.624
293.361
293.422
293.415
293.421
293.435
293.444
293.436
293.409
293.372
293.346
293.34
293.344
293.341
293.363
293.434
293.471
293.445
293.399
293.444
293.655
293.371
293.417
293.411
293.417
293.428
293.431
293.417
293.389
293.359
293.344
293.345
293.35
293.387
293.498
293.553
293.534
293.494
293.485
293.561
293.644
293.38
293.414
293.407
293.41
293.415
293.412
293.394
293.37
293.351
293.345
293.353
293.398
293.506
293.591
293.597
293.579
293.569
293.584
293.619
293.595
293.387
293.411
293.403
293.401
293.399
293.391
293.375
293.358
293.348
293.352
293.387
293.476
293.568
293.585
293.566
293.567
293.576
293.576
293.548
293.449
293.391
293.408
293.399
293.393
293.387
293.377
293.364
293.354
293.352
293.371
293.433
293.521
293.552
293.5
293.451
293.452
293.461
293.443
293.391
293.313
293.39
293.405
293.397
293.389
293.38
293.37
293.361
293.355
293.362
293.396
293.466
293.527
293.499
293.4
293.336
293.335
293.342
293.331
293.31
293.302
293.387
293.401
293.395
293.387
293.378
293.368
293.36
293.358
293.371
293.412
293.477
293.514
293.456
293.348
293.297
293.306
293.317
293.319
293.324
293.334
293.381
293.395
293.392
293.385
293.376
293.367
293.358
293.357
293.372
293.413
293.472
293.502
293.449
293.354
293.31
293.318
293.333
293.342
293.351
293.358
293.374
293.385
293.387
293.382
293.373
293.363
293.354
293.351
293.362
293.398
293.45
293.488
293.47
293.409
293.369
293.357
293.356
293.359
293.363
293.367
293.363
293.369
293.373
293.373
293.368
293.361
293.355
293.351
293.357
293.38
293.418
293.457
293.473
293.459
293.441
293.428
293.419
293.412
293.408
293.406
293.343
293.344
293.343
293.343
293.341
293.337
293.339
293.34
293.344
293.356
293.378
293.399
293.42
293.423
293.42
293.42
293.414
293.404
293.399
293.387
293.657
292.997
293.062
293.089
293.101
293.107
293.109
293.109
293.109
293.111
293.116
293.123
293.133
293.142
293.148
293.15
293.15
293.15
293.15
293.15
293.631
293.009
293.07
293.095
293.105
293.109
293.111
293.11
293.11
293.111
293.115
293.122
293.131
293.14
293.147
293.15
293.151
293.15
293.15
293.15
293.622
293.034
293.091
293.107
293.113
293.114
293.114
293.113
293.111
293.112
293.115
293.12
293.128
293.137
293.145
293.15
293.151
293.15
293.15
293.15
293.623
293.058
293.116
293.123
293.122
293.121
293.119
293.116
293.114
293.113
293.114
293.119
293.125
293.135
293.144
293.149
293.151
293.15
293.15
293.15
293.63
293.076
293.134
293.135
293.132
293.128
293.124
293.12
293.117
293.115
293.115
293.118
293.123
293.132
293.142
293.148
293.15
293.15
293.15
293.15
293.638
293.088
293.145
293.142
293.139
293.135
293.13
293.124
293.12
293.117
293.116
293.118
293.122
293.131
293.141
293.148
293.15
293.15
293.15
293.15
293.647
293.096
293.15
293.145
293.143
293.14
293.135
293.129
293.124
293.12
293.118
293.118
293.122
293.13
293.141
293.148
293.15
293.15
293.15
293.15
293.655
293.102
293.153
293.147
293.145
293.143
293.138
293.133
293.127
293.123
293.12
293.119
293.122
293.13
293.141
293.148
293.15
293.15
293.15
293.15
293.663
293.106
293.153
293.147
293.146
293.144
293.141
293.136
293.13
293.125
293.122
293.121
293.124
293.131
293.142
293.149
293.15
293.15
293.15
293.15
293.67
293.109
293.154
293.147
293.147
293.145
293.142
293.138
293.133
293.128
293.124
293.123
293.125
293.133
293.143
293.149
293.15
293.15
293.15
293.15
293.676
293.112
293.154
293.147
293.147
293.145
293.143
293.139
293.135
293.13
293.126
293.125
293.127
293.135
293.144
293.149
293.15
293.15
293.151
293.151
293.681
293.114
293.155
293.147
293.147
293.146
293.143
293.14
293.136
293.131
293.128
293.127
293.13
293.137
293.146
293.15
293.15
293.15
293.151
293.152
293.686
293.117
293.155
293.147
293.147
293.146
293.144
293.141
293.137
293.133
293.13
293.129
293.132
293.14
293.147
293.15
293.15
293.151
293.153
293.155
293.69
293.12
293.156
293.148
293.147
293.146
293.144
293.141
293.138
293.134
293.131
293.131
293.135
293.142
293.148
293.15
293.151
293.152
293.156
293.16
293.693
293.123
293.158
293.148
293.147
293.146
293.144
293.141
293.138
293.135
293.133
293.134
293.138
293.144
293.149
293.15
293.151
293.155
293.161
293.166
293.695
293.126
293.159
293.149
293.147
293.146
293.144
293.142
293.139
293.137
293.135
293.136
293.141
293.146
293.149
293.15
293.152
293.158
293.168
293.174
293.696
293.13
293.162
293.15
293.147
293.146
293.145
293.143
293.14
293.138
293.137
293.139
293.143
293.148
293.15
293.151
293.154
293.163
293.178
293.182
293.698
293.135
293.164
293.152
293.148
293.147
293.146
293.144
293.141
293.14
293.14
293.142
293.145
293.149
293.15
293.152
293.157
293.17
293.189
293.19
293.698
293.141
293.167
293.154
293.148
293.147
293.146
293.145
293.143
293.142
293.142
293.144
293.147
293.149
293.151
293.153
293.161
293.178
293.201
293.198
293.707
293.148
293.171
293.156
293.15
293.147
293.147
293.146
293.144
293.143
293.144
293.146
293.148
293.15
293.152
293.156
293.166
293.187
293.214
293.206
293.5
293.164
293.179
293.166
293.156
293.15
293.149
293.148
293.148
293.147
293.148
293.149
293.15
293.152
293.156
293.165
293.181
293.209
293.242
293.225
293.345
293.184
293.188
293.185
293.172
293.16
293.154
293.152
293.152
293.152
293.153
293.154
293.157
293.162
293.171
293.185
293.205
293.238
293.277
293.25
293.186
293.171
293.185
293.205
293.201
293.188
293.173
293.163
293.159
293.159
293.16
293.163
293.168
293.176
293.186
293.199
293.218
293.251
293.293
293.268
293.125
293.156
293.188
293.223
293.242
293.241
293.222
293.2
293.185
293.176
293.173
293.174
293.179
293.185
293.193
293.203
293.219
293.251
293.296
293.278
293.163
293.184
293.213
293.258
293.292
293.303
293.292
293.268
293.244
293.224
293.209
293.201
293.199
293.202
293.207
293.211
293.218
293.245
293.293
293.282
293.186
293.212
293.261
293.31
293.334
293.336
293.332
293.323
293.309
293.292
293.272
293.255
293.243
293.238
293.236
293.232
293.226
293.241
293.289
293.283
293.205
293.256
293.31
293.341
293.345
293.345
293.343
293.34
293.335
293.328
293.319
293.307
293.294
293.282
293.273
293.26
293.242
293.241
293.284
293.283
293.232
293.296
293.34
293.352
293.353
293.354
293.35
293.346
293.342
293.337
293.332
293.327
293.321
293.313
293.302
293.286
293.26
293.246
293.282
293.281
293.262
293.326
293.355
293.362
293.365
293.362
293.355
293.349
293.345
293.341
293.335
293.329
293.324
293.321
293.314
293.3
293.273
293.252
293.281
293.279
293.291
293.345
293.365
293.372
293.373
293.364
293.354
293.348
293.346
293.344
293.34
293.333
293.324
293.318
293.312
293.301
293.277
293.257
293.283
293.276
293.315
293.358
293.373
293.377
293.367
293.353
293.345
293.342
293.343
293.345
293.345
293.339
293.328
293.317
293.307
293.295
293.275
293.261
293.288
293.272
293.334
293.366
293.376
293.37
293.352
293.34
293.335
293.335
293.34
293.346
293.351
293.348
293.336
293.319
293.304
293.289
293.271
293.268
293.296
293.27
293.348
293.37
293.372
293.355
293.345
293.337
293.329
293.329
293.338
293.347
293.356
293.358
293.345
293.325
293.304
293.286
293.272
293.282
293.304
293.274
293.355
293.365
293.357
293.354
293.36
293.351
293.332
293.325
293.335
293.347
293.361
293.367
293.356
293.334
293.31
293.289
293.282
293.299
293.314
293.285
293.352
293.355
293.359
293.38
293.392
293.378
293.343
293.323
293.332
293.346
293.364
293.374
293.366
293.345
293.319
293.3
293.299
293.316
293.325
293.298
293.358
293.367
293.387
293.408
293.419
293.403
293.357
293.323
293.328
293.344
293.364
293.377
293.374
293.357
293.334
293.318
293.318
293.333
293.34
293.307
293.369
293.38
293.397
293.414
293.422
293.41
293.364
293.321
293.323
293.339
293.361
293.377
293.38
293.371
293.354
293.34
293.339
293.349
293.36
293.321
293.379
293.39
293.404
293.41
293.407
293.392
293.353
293.315
293.316
293.33
293.353
293.37
293.379
293.381
293.373
293.364
293.361
293.366
293.374
293.326
293.409
293.408
293.4
293.383
293.367
293.351
293.324
293.302
293.307
293.316
293.335
293.35
293.363
293.374
293.379
293.38
293.378
293.378
293.374
293.321
293.332
293.318
293.304
293.293
293.291
293.289
293.286
293.284
293.287
293.289
293.296
293.301
293.309
293.317
293.325
293.334
293.336
293.331
293.319
293.288
)
;

boundaryField
{
    left_open
    {
        type            inletOutlet;
        inletValue      uniform 293.15;
        value           nonuniform List<scalar> 
40
(
293.15
293.15
293.15
293.15
293.15
293.15
293.15
293.15
293.15
293.15
293.15
293.15
293.15
293.15
293.15
293.15
293.15
293.15
293.15
293.15
293.15
293.15
293.15
293.15
293.15
293.15
293.15
293.15
293.15
293.36
293.15
293.379
293.15
293.39
293.39
293.387
293.381
293.374
293.363
293.343
)
;
    }
    right_open
    {
        type            inletOutlet;
        inletValue      uniform 293.15;
        value           nonuniform List<scalar> 
40
(
293.15
293.15
293.15
293.15
293.15
293.15
293.15
293.15
293.15
293.15
293.15
293.15
293.155
293.159
293.166
293.15
293.15
293.15
293.15
293.15
293.15
293.15
293.15
293.278
293.15
293.283
293.283
293.15
293.279
293.15
293.272
293.15
293.274
293.15
293.298
293.15
293.32
293.326
293.321
293.288
)
;
    }
    base_side
    {
        type            zeroGradient;
    }
    top
    {
        type            inletOutlet;
        inletValue      uniform 293.15;
        value           nonuniform List<scalar> 
65
(
293.343
293.344
293.343
293.343
293.342
293.337
293.339
293.34
293.344
293.15
293.376
293.15
293.419
293.421
293.15
293.42
293.413
293.15
293.398
293.15
293.15
293.15
293.374
293.372
293.371
293.37
293.368
293.365
293.15
293.361
293.359
293.357
293.357
293.356
293.355
293.353
293.15
293.35
293.348
293.15
293.15
293.344
293.342
293.34
293.337
293.33
293.15
293.304
293.15
293.291
293.15
293.286
293.284
293.15
293.289
293.296
293.301
293.309
293.316
293.15
293.15
293.335
293.33
293.318
293.288
)
;
    }
    front
    {
        type            empty;
    }
    back
    {
        type            empty;
    }
    air_to_aluminum
    {
        type            compressible::turbulentTemperatureCoupledBaffleMixed;
        refValue        nonuniform List<scalar> 
129
(
296.228
296.22
296.206
296.185
296.296
296.346
296.39
296.426
296.426
296.39
296.346
296.296
296.228
296.22
296.206
296.185
296.159
296.184
296.131
296.142
296.102
296.107
296.074
296.077
296.048
296.049
296.023
296.024
296.001
296.001
295.98
295.981
295.962
295.963
295.947
295.947
295.933
295.933
295.922
295.922
295.913
295.913
295.906
295.906
295.901
295.902
295.899
295.899
295.899
295.899
295.899
295.899
296.413
296.381
296.35
296.321
296.294
296.27
296.247
296.227
296.209
296.194
296.18
296.169
296.16
296.153
296.149
296.147
296.147
296.147
296.147
296.147
296.147
296.147
296.413
296.381
296.35
296.321
296.294
296.27
296.247
296.227
296.209
296.194
296.18
296.169
296.16
296.153
296.149
296.147
296.147
296.147
296.147
296.183
296.142
296.107
296.077
296.049
296.024
296.001
295.981
295.962
295.947
295.933
295.922
295.913
295.906
295.901
295.899
296.159
296.131
296.102
296.074
296.047
296.023
296
295.98
295.962
295.946
295.933
295.921
295.912
295.905
295.901
295.899
295.899
295.899
295.898
295.898
)
;
        refGradient     uniform 0;
        valueFraction   nonuniform List<scalar> 
129
(
0.999971
0.999971
0.999971
0.999971
0.999855
0.999855
0.999855
0.999855
0.999855
0.999855
0.999855
0.999855
0.999971
0.999971
0.999971
0.999971
0.999971
0.999855
0.999971
0.999855
0.999971
0.999855
0.999971
0.999855
0.999971
0.999855
0.999971
0.999855
0.999971
0.999855
0.999971
0.999855
0.999971
0.999855
0.999971
0.999855
0.999971
0.999855
0.999971
0.999855
0.999971
0.999855
0.999971
0.999855
0.999971
0.999855
0.999964
0.999971
0.999964
0.999964
0.999855
0.999964
0.999918
0.999918
0.999918
0.999918
0.999918
0.999918
0.999918
0.999918
0.999918
0.999918
0.999918
0.999918
0.999918
0.999918
0.999918
0.999918
0.999964
0.999964
0.999964
0.999964
0.999964
0.999964
0.999918
0.999918
0.999918
0.999918
0.999918
0.999918
0.999918
0.999918
0.999918
0.999918
0.999918
0.999918
0.999918
0.999918
0.999918
0.999964
0.999964
0.999918
0.999964
0.999855
0.999855
0.999855
0.999855
0.999855
0.999855
0.999855
0.999855
0.999855
0.999855
0.999855
0.999855
0.999855
0.999855
0.999855
0.999855
0.999971
0.999971
0.999971
0.999971
0.999971
0.999971
0.999971
0.999971
0.999971
0.999971
0.999971
0.999971
0.999971
0.999971
0.999971
0.999964
0.999964
0.999964
0.999964
0.999971
)
;
        value           nonuniform List<scalar> 
129
(
296.228
296.22
296.206
296.185
296.296
296.346
296.39
296.426
296.426
296.39
296.346
296.296
296.228
296.22
296.206
296.185
296.159
296.184
296.131
296.142
296.102
296.107
296.074
296.077
296.048
296.049
296.023
296.024
296.001
296.001
295.98
295.981
295.962
295.963
295.947
295.947
295.933
295.933
295.922
295.922
295.913
295.913
295.906
295.906
295.901
295.902
295.899
295.899
295.899
295.899
295.899
295.899
296.413
296.381
296.35
296.321
296.294
296.27
296.247
296.227
296.209
296.194
296.18
296.169
296.16
296.153
296.149
296.147
296.147
296.147
296.147
296.147
296.147
296.147
296.413
296.381
296.35
296.321
296.294
296.27
296.247
296.227
296.209
296.194
296.18
296.169
296.16
296.153
296.149
296.147
296.147
296.147
296.147
296.183
296.142
296.107
296.077
296.049
296.024
296.001
295.981
295.962
295.947
295.933
295.922
295.913
295.906
295.901
295.899
296.159
296.131
296.102
296.074
296.047
296.023
296
295.98
295.962
295.946
295.933
295.921
295.912
295.905
295.901
295.899
295.899
295.899
295.898
295.898
)
;
        Tnbr            T;
        thicknessLayers 0();
        kappaLayers     0();
        kappaMethod     fluidThermo;
        kappa           none;
        alphaAni        none;
        alpha           none;
    }
}


// ************************************************************************* //
