/*--------------------------------*- C++ -*----------------------------------*\
| =========                 |                                                 |
| \\      /  F ield         | OpenFOAM: The Open Source CFD Toolbox           |
|  \\    /   O peration     | Version:                                        |
|   \\  /    A nd           | Website:  www.openfoam.com                      |
|    \\/     M anipulation  |                                                 |
\*---------------------------------------------------------------------------*/
FoamFile
{
    version     2.0;
    format      ascii;
    class       volScalarField;
    location    "360/air";
    object      rho;
}
// * * * * * * * * * * * * * * * * * * * * * * * * * * * * * * * * * * * * * //

dimensions      [1 -3 0 0 0 0 0];


internalField   nonuniform List<scalar> 
2228
(
1.19297
1.19272
1.19251
1.19233
1.19323
1.19298
1.19274
1.1925
1.1934
1.19317
1.1929
1.19264
1.19353
1.1933
1.19303
1.19276
1.19364
1.19341
1.19314
1.19287
1.19374
1.19351
1.19324
1.19297
1.19383
1.1936
1.19333
1.19306
1.19391
1.19368
1.19341
1.19314
1.19398
1.19376
1.19349
1.19321
1.19405
1.19382
1.19356
1.19328
1.1941
1.19389
1.19362
1.19334
1.19415
1.19395
1.19368
1.19339
1.1942
1.19401
1.19375
1.19344
1.19426
1.1941
1.19382
1.19349
1.19433
1.19422
1.19396
1.19358
1.19446
1.19445
1.19428
1.1939
1.19233
1.19251
1.19272
1.19297
1.1925
1.19274
1.19298
1.19323
1.19264
1.1929
1.19317
1.1934
1.19276
1.19303
1.1933
1.19353
1.19287
1.19314
1.19341
1.19364
1.19296
1.19324
1.19351
1.19374
1.19306
1.19333
1.1936
1.19383
1.19314
1.19341
1.19368
1.19391
1.19321
1.19349
1.19375
1.19398
1.19328
1.19356
1.19382
1.19404
1.19334
1.19362
1.19389
1.1941
1.19339
1.1937
1.19397
1.19416
1.19345
1.1938
1.19407
1.19423
1.19354
1.19397
1.19426
1.19433
1.19372
1.19432
1.19463
1.19453
1.19419
1.19505
1.19535
1.19499
1.19986
1.19809
1.19655
1.19562
1.20263
1.20151
1.19984
1.19809
1.20327
1.20266
1.20133
1.19954
1.20346
1.20297
1.20187
1.20031
1.20353
1.20307
1.20214
1.20084
1.2036
1.20319
1.20244
1.20138
1.20365
1.20337
1.20283
1.202
1.20366
1.20352
1.2032
1.20264
1.20366
1.2036
1.20345
1.20315
1.20368
1.20365
1.20358
1.20345
1.20369
1.20368
1.20365
1.20359
1.2037
1.20368
1.20367
1.20365
1.20368
1.20368
1.20367
1.20366
1.20365
1.20365
1.20364
1.20364
1.2036
1.2036
1.2036
1.2036
1.20355
1.20356
1.20357
1.20358
1.20348
1.20348
1.20348
1.20347
1.20311
1.20308
1.20305
1.203
1.20277
1.20275
1.20273
1.20271
1.20303
1.20303
1.20303
1.20304
1.19534
1.19561
1.19622
1.1968
1.19716
1.19802
1.19975
1.20102
1.19851
1.19952
1.20144
1.20279
1.19945
1.2004
1.20218
1.20344
1.20009
1.20083
1.20237
1.20355
1.20057
1.20092
1.20217
1.20332
1.20114
1.20095
1.20169
1.20279
1.20188
1.2013
1.20136
1.20204
1.20263
1.20199
1.20156
1.2016
1.20318
1.20273
1.2022
1.2018
1.20348
1.20325
1.20287
1.2024
1.20361
1.20352
1.20333
1.20301
1.20364
1.20361
1.20354
1.20339
1.20363
1.20362
1.20359
1.20354
1.2036
1.2036
1.20359
1.20358
1.20359
1.2036
1.2036
1.20359
1.20345
1.20342
1.20335
1.20325
1.20295
1.20288
1.2028
1.20271
1.20269
1.20267
1.20266
1.20266
1.20304
1.20305
1.20307
1.20311
1.19706
1.19721
1.19734
1.20153
1.20177
1.20195
1.20333
1.20358
1.20375
1.20394
1.20415
1.20428
1.20403
1.20421
1.2043
1.20384
1.20405
1.20416
1.20343
1.20374
1.20392
1.20272
1.20316
1.2035
1.20195
1.20234
1.20275
1.20171
1.20181
1.20203
1.20207
1.20191
1.20185
1.20268
1.20244
1.20222
1.20319
1.20299
1.20277
1.20344
1.20333
1.20318
1.20354
1.20349
1.2034
1.20355
1.20349
1.2034
1.20314
1.20304
1.20293
1.20263
1.20258
1.20253
1.20267
1.20269
1.20271
1.20314
1.20317
1.2032
1.19741
1.19744
1.19748
1.20205
1.2021
1.20215
1.20384
1.20389
1.20393
1.20433
1.20435
1.20437
1.20433
1.20434
1.20434
1.20419
1.2042
1.20421
1.204
1.20402
1.20405
1.20365
1.20372
1.20378
1.203
1.20312
1.20323
1.20223
1.20235
1.20246
1.20187
1.20191
1.20196
1.20209
1.20205
1.20201
1.20261
1.20253
1.20245
1.20305
1.20298
1.20291
1.20332
1.20327
1.20321
1.20331
1.20326
1.2032
1.20284
1.2028
1.20275
1.2025
1.20249
1.20248
1.20273
1.20274
1.20276
1.20322
1.20324
1.20325
1.19755
1.19766
1.19779
1.20224
1.20237
1.20249
1.204
1.20408
1.20415
1.20439
1.2044
1.2044
1.20434
1.20432
1.20429
1.20421
1.2042
1.20418
1.20407
1.20409
1.20409
1.20387
1.20394
1.20398
1.20343
1.20363
1.20376
1.20269
1.20301
1.20328
1.20208
1.20232
1.20259
1.20198
1.20201
1.20212
1.20232
1.20216
1.20209
1.20276
1.20254
1.20236
1.20309
1.20288
1.20266
1.20308
1.20288
1.20267
1.20266
1.20253
1.20242
1.20247
1.20246
1.20247
1.20279
1.20285
1.20291
1.20327
1.2033
1.20334
1.19799
1.19823
1.19845
1.19875
1.20266
1.20287
1.20311
1.20337
1.20423
1.2043
1.20435
1.20436
1.20438
1.20434
1.20429
1.20424
1.20425
1.2042
1.20416
1.20414
1.20415
1.20412
1.2041
1.20409
1.20409
1.20407
1.20406
1.20405
1.204
1.20401
1.204
1.20399
1.20386
1.20391
1.20392
1.20391
1.20355
1.20373
1.20379
1.20381
1.20297
1.20335
1.20357
1.20366
1.20239
1.20279
1.20315
1.20339
1.20213
1.20235
1.20268
1.20299
1.2022
1.20219
1.20238
1.20264
1.2024
1.20223
1.20227
1.20245
1.20242
1.20225
1.20227
1.20241
1.20233
1.20231
1.20241
1.2026
1.20253
1.20265
1.20283
1.20304
1.20301
1.20316
1.20329
1.2034
1.20338
1.20343
1.20346
1.20348
1.19924
1.19992
1.20064
1.20136
1.20363
1.20382
1.20392
1.20392
1.20434
1.2043
1.20425
1.20419
1.20421
1.20418
1.20417
1.20417
1.20412
1.20412
1.20412
1.20412
1.20408
1.20408
1.20408
1.20408
1.20404
1.20404
1.20403
1.20403
1.20398
1.20398
1.20398
1.20398
1.20391
1.2039
1.20391
1.20392
1.20381
1.20381
1.20382
1.20384
1.20368
1.20369
1.20371
1.20374
1.2035
1.20354
1.20356
1.20361
1.20321
1.20332
1.20338
1.20344
1.20289
1.20307
1.20318
1.20329
1.20267
1.20286
1.20303
1.2032
1.20261
1.20283
1.20307
1.20329
1.20283
1.20308
1.20331
1.20346
1.20324
1.20339
1.20349
1.20352
1.20348
1.20351
1.20351
1.2035
1.20349
1.20348
1.20348
1.20347
1.20424
1.20427
1.20429
1.2043
1.2043
1.20431
1.20431
1.20431
1.2043
1.2043
1.2043
1.2043
1.20429
1.20429
1.20429
1.20429
1.2043
1.20435
1.20476
1.2023
1.20423
1.20426
1.20429
1.2043
1.2043
1.2043
1.20431
1.2043
1.2043
1.2043
1.2043
1.20429
1.20429
1.20429
1.20429
1.20429
1.2043
1.20433
1.20474
1.20243
1.2042
1.20425
1.20428
1.20429
1.2043
1.2043
1.2043
1.2043
1.2043
1.2043
1.2043
1.20429
1.20429
1.20429
1.20429
1.20429
1.20429
1.20432
1.20468
1.20249
1.20417
1.20423
1.20427
1.20429
1.2043
1.2043
1.2043
1.2043
1.2043
1.2043
1.20429
1.20429
1.20429
1.20429
1.20429
1.20429
1.20429
1.2043
1.20461
1.20251
1.20414
1.20421
1.20426
1.20428
1.20429
1.2043
1.2043
1.2043
1.20429
1.20429
1.20429
1.20429
1.20429
1.20429
1.20429
1.20428
1.20429
1.20429
1.20455
1.20251
1.20411
1.20418
1.20425
1.20427
1.20429
1.20429
1.20429
1.20429
1.20429
1.20429
1.20429
1.20429
1.20428
1.20428
1.20428
1.20428
1.20428
1.20427
1.2045
1.20249
1.20409
1.20415
1.20423
1.20426
1.20428
1.20428
1.20429
1.20429
1.20429
1.20428
1.20428
1.20428
1.20428
1.20428
1.20428
1.20428
1.20428
1.20426
1.20446
1.20246
1.20407
1.20412
1.20421
1.20425
1.20427
1.20428
1.20428
1.20428
1.20428
1.20428
1.20428
1.20427
1.20428
1.20428
1.20428
1.20427
1.20427
1.20425
1.20443
1.20243
1.20406
1.2041
1.20419
1.20424
1.20426
1.20427
1.20427
1.20428
1.20427
1.20427
1.20427
1.20427
1.20427
1.20427
1.20427
1.20427
1.20427
1.20424
1.2044
1.2024
1.20404
1.20408
1.20417
1.20422
1.20425
1.20426
1.20427
1.20427
1.20427
1.20426
1.20426
1.20426
1.20426
1.20426
1.20426
1.20426
1.20426
1.20423
1.20437
1.20237
1.20403
1.20406
1.20414
1.20421
1.20424
1.20425
1.20426
1.20426
1.20426
1.20425
1.20425
1.20425
1.20425
1.20425
1.20425
1.20425
1.20424
1.20422
1.20434
1.20234
1.20403
1.20404
1.20412
1.20419
1.20423
1.20424
1.20425
1.20425
1.20425
1.20424
1.20424
1.20424
1.20424
1.20424
1.20424
1.20424
1.20423
1.2042
1.20431
1.20232
1.20402
1.20402
1.2041
1.20417
1.20421
1.20423
1.20424
1.20424
1.20424
1.20423
1.20423
1.20423
1.20423
1.20423
1.20423
1.20422
1.20421
1.20417
1.20428
1.20229
1.20401
1.204
1.20407
1.20415
1.2042
1.20422
1.20422
1.20423
1.20423
1.20422
1.20422
1.20422
1.20422
1.20422
1.20422
1.20421
1.20419
1.20415
1.20425
1.20228
1.204
1.20398
1.20405
1.20413
1.20418
1.2042
1.20421
1.20422
1.20421
1.20421
1.2042
1.2042
1.20421
1.20421
1.20421
1.20419
1.20417
1.20412
1.20422
1.20226
1.204
1.20397
1.20403
1.20411
1.20417
1.20419
1.2042
1.2042
1.2042
1.2042
1.20419
1.20419
1.2042
1.2042
1.2042
1.20418
1.20415
1.20409
1.20419
1.20225
1.20399
1.20395
1.20401
1.20409
1.20415
1.20418
1.20419
1.20419
1.20419
1.20419
1.20418
1.20418
1.20419
1.20419
1.20418
1.20416
1.20412
1.20406
1.20416
1.20224
1.20398
1.20393
1.20398
1.20407
1.20413
1.20417
1.20418
1.20418
1.20418
1.20417
1.20417
1.20417
1.20417
1.20418
1.20417
1.20414
1.20409
1.20403
1.20412
1.20223
1.20398
1.20391
1.20396
1.20404
1.20412
1.20415
1.20416
1.20417
1.20417
1.20416
1.20416
1.20416
1.20416
1.20416
1.20415
1.20412
1.20407
1.20401
1.20408
1.20222
1.20397
1.2039
1.20394
1.20402
1.2041
1.20414
1.20415
1.20415
1.20415
1.20415
1.20415
1.20415
1.20415
1.20415
1.20414
1.2041
1.20404
1.20399
1.20404
1.20219
1.20395
1.20386
1.20389
1.20397
1.20405
1.2041
1.20412
1.20412
1.20412
1.20412
1.20412
1.20412
1.20413
1.20412
1.2041
1.20405
1.20399
1.20396
1.20395
1.20275
1.20392
1.2038
1.20381
1.20388
1.20397
1.20404
1.20407
1.20407
1.20407
1.20408
1.20409
1.20409
1.20409
1.20408
1.20404
1.20398
1.20393
1.20393
1.20384
1.20315
1.20388
1.20372
1.20371
1.20378
1.20388
1.20397
1.20402
1.20403
1.20403
1.20404
1.20405
1.20406
1.20406
1.20404
1.204
1.20394
1.2039
1.20391
1.20388
1.20341
1.20382
1.20361
1.20358
1.20366
1.20377
1.20388
1.20395
1.20398
1.20399
1.204
1.20402
1.20404
1.20404
1.20401
1.20397
1.20392
1.20387
1.20388
1.20398
1.20383
1.20378
1.20354
1.20347
1.20352
1.20364
1.20377
1.20387
1.20393
1.20395
1.20396
1.20399
1.20402
1.20402
1.20399
1.20396
1.20391
1.20385
1.20382
1.2039
1.20395
1.20375
1.20354
1.20345
1.20342
1.2035
1.20364
1.20377
1.20386
1.20391
1.20393
1.20395
1.20399
1.204
1.20398
1.20395
1.20391
1.20386
1.20381
1.20381
1.20387
1.20373
1.20355
1.20349
1.20343
1.20341
1.20351
1.20366
1.20377
1.20384
1.20389
1.20392
1.20396
1.20398
1.20397
1.20394
1.20391
1.20387
1.20381
1.20377
1.20377
1.20371
1.20356
1.20352
1.20348
1.2034
1.20342
1.20354
1.20367
1.20377
1.20383
1.20388
1.20392
1.20396
1.20396
1.20394
1.20391
1.20387
1.20382
1.20377
1.20372
1.2037
1.20357
1.20354
1.20351
1.20344
1.20339
1.20344
1.20356
1.20368
1.20376
1.20382
1.20387
1.20392
1.20394
1.20393
1.20391
1.20388
1.20383
1.20378
1.20372
1.20369
1.20357
1.20355
1.20353
1.20348
1.20339
1.20339
1.20347
1.20359
1.20368
1.20376
1.20382
1.20387
1.2039
1.20391
1.2039
1.20387
1.20384
1.20378
1.20373
1.20368
1.20357
1.20355
1.20355
1.20351
1.20342
1.20337
1.20341
1.2035
1.2036
1.20369
1.20375
1.20381
1.20385
1.20387
1.20387
1.20386
1.20383
1.20378
1.20373
1.20367
1.20356
1.20355
1.20356
1.20354
1.20347
1.20339
1.20339
1.20345
1.20354
1.20362
1.20369
1.20374
1.20378
1.20381
1.20382
1.20382
1.2038
1.20377
1.20372
1.20365
1.20356
1.20355
1.20356
1.20356
1.20351
1.20344
1.20341
1.20344
1.2035
1.20357
1.20364
1.20369
1.20372
1.20375
1.20376
1.20376
1.20375
1.20373
1.2037
1.20364
1.20355
1.20355
1.20356
1.20356
1.20353
1.20349
1.20346
1.20347
1.20352
1.20357
1.20362
1.20365
1.20368
1.20369
1.2037
1.2037
1.20369
1.20368
1.20366
1.20364
1.20355
1.20354
1.20356
1.20356
1.20355
1.20353
1.20352
1.20353
1.20356
1.20359
1.20362
1.20361
1.2036
1.20359
1.20359
1.20359
1.2036
1.2036
1.2036
1.20363
1.20354
1.20353
1.20355
1.20357
1.20356
1.20356
1.20357
1.20358
1.20358
1.20355
1.20347
1.20339
1.20336
1.20337
1.20341
1.20345
1.20349
1.20351
1.20354
1.20363
1.20355
1.20351
1.20353
1.20355
1.20356
1.20357
1.20356
1.20351
1.2034
1.20324
1.2031
1.20306
1.2031
1.2032
1.2033
1.20338
1.20342
1.20344
1.20347
1.20365
1.20356
1.20351
1.2035
1.2035
1.2035
1.20348
1.20342
1.2033
1.20311
1.20295
1.2029
1.20293
1.20299
1.20305
1.20311
1.20315
1.20316
1.20316
1.20314
1.20366
1.2036
1.20354
1.20351
1.2035
1.2035
1.20347
1.20338
1.20322
1.20307
1.203
1.20299
1.20297
1.20295
1.20292
1.2029
1.20289
1.20288
1.20285
1.20281
1.2037
1.20368
1.20366
1.20365
1.20365
1.20365
1.20364
1.20361
1.20355
1.2035
1.20349
1.20348
1.20349
1.20346
1.20338
1.20331
1.20326
1.20319
1.20311
1.20306
1.20237
1.20477
1.20449
1.2043
1.20425
1.20426
1.20427
1.20428
1.20429
1.2043
1.20431
1.20432
1.20432
1.20432
1.20432
1.20432
1.20432
1.20432
1.20432
1.20432
1.20247
1.20473
1.2045
1.20431
1.20425
1.20426
1.20427
1.20428
1.20429
1.2043
1.20431
1.20432
1.20432
1.20432
1.20432
1.20432
1.20432
1.20432
1.20432
1.20432
1.2025
1.20464
1.20448
1.20431
1.20425
1.20426
1.20427
1.20428
1.20429
1.2043
1.20431
1.20431
1.20432
1.20431
1.20431
1.20431
1.20431
1.20431
1.20431
1.20431
1.20249
1.20457
1.20443
1.2043
1.20425
1.20426
1.20427
1.20428
1.20429
1.2043
1.20431
1.20431
1.20431
1.20431
1.20431
1.20431
1.20431
1.20431
1.20431
1.20431
1.20246
1.20452
1.20437
1.20429
1.20426
1.20426
1.20427
1.20428
1.20429
1.20431
1.20431
1.20431
1.20431
1.20431
1.20431
1.20431
1.20431
1.20431
1.20431
1.20431
1.20242
1.20449
1.20432
1.20428
1.20426
1.20427
1.20427
1.20428
1.2043
1.20431
1.20431
1.20431
1.20431
1.20431
1.20431
1.20431
1.20431
1.20431
1.20431
1.20431
1.20238
1.20446
1.2043
1.20428
1.20427
1.20427
1.20428
1.20429
1.2043
1.20431
1.20431
1.20431
1.20431
1.20431
1.20431
1.20431
1.20431
1.20431
1.20431
1.20431
1.20233
1.20443
1.2043
1.20428
1.20428
1.20427
1.20428
1.20429
1.2043
1.20431
1.20431
1.20431
1.20431
1.20431
1.20431
1.20431
1.20431
1.20431
1.20431
1.20431
1.20228
1.20442
1.20429
1.20429
1.20428
1.20428
1.20428
1.2043
1.20431
1.20431
1.20431
1.20431
1.20431
1.20431
1.20431
1.20431
1.20431
1.20431
1.20431
1.20431
1.20223
1.2044
1.20429
1.20429
1.20428
1.20428
1.20429
1.2043
1.20431
1.20431
1.20431
1.20431
1.20431
1.20431
1.20431
1.20431
1.20431
1.20431
1.20431
1.20431
1.20219
1.20439
1.20429
1.20429
1.20429
1.20428
1.20429
1.2043
1.20431
1.20431
1.20431
1.20431
1.20431
1.20431
1.20431
1.20431
1.20431
1.20431
1.20431
1.20431
1.20214
1.20439
1.20429
1.2043
1.20429
1.20429
1.20429
1.2043
1.20431
1.20431
1.20431
1.20431
1.20431
1.2043
1.2043
1.2043
1.2043
1.20431
1.20431
1.20431
1.20209
1.20438
1.20429
1.2043
1.20429
1.20429
1.2043
1.20431
1.20431
1.20431
1.20431
1.20431
1.2043
1.2043
1.20429
1.20429
1.20429
1.2043
1.20431
1.20431
1.20205
1.20438
1.20429
1.2043
1.20429
1.20429
1.2043
1.20431
1.20431
1.20431
1.20431
1.2043
1.20429
1.20428
1.20426
1.20426
1.20427
1.20429
1.2043
1.20431
1.20201
1.20438
1.20429
1.2043
1.20429
1.2043
1.2043
1.20431
1.20431
1.20431
1.2043
1.2043
1.20428
1.20425
1.20422
1.20421
1.20422
1.20426
1.20429
1.20431
1.20197
1.20438
1.20429
1.2043
1.2043
1.2043
1.2043
1.20431
1.20431
1.20431
1.2043
1.20429
1.20426
1.20421
1.20416
1.20414
1.20415
1.20421
1.20427
1.2043
1.20194
1.20438
1.20429
1.2043
1.2043
1.2043
1.2043
1.20431
1.20431
1.2043
1.2043
1.20427
1.20422
1.20415
1.20408
1.20405
1.20407
1.20414
1.20423
1.2043
1.20191
1.20439
1.20429
1.2043
1.2043
1.2043
1.20431
1.20431
1.20431
1.2043
1.20429
1.20425
1.20418
1.20408
1.20399
1.20396
1.20399
1.20406
1.20418
1.20428
1.20189
1.20439
1.20429
1.2043
1.2043
1.2043
1.20431
1.20431
1.2043
1.2043
1.20427
1.20422
1.20412
1.204
1.2039
1.20387
1.20391
1.20399
1.20412
1.20426
1.20184
1.2044
1.20429
1.2043
1.2043
1.2043
1.20431
1.20431
1.2043
1.20429
1.20426
1.20418
1.20406
1.20392
1.20383
1.2038
1.20384
1.20392
1.20407
1.20424
1.20286
1.20439
1.20429
1.2043
1.2043
1.2043
1.2043
1.2043
1.20429
1.20426
1.20419
1.20405
1.20388
1.20374
1.20368
1.20366
1.20368
1.20376
1.20395
1.2042
1.20381
1.2043
1.20429
1.2043
1.2043
1.2043
1.2043
1.20428
1.20425
1.20418
1.20404
1.20385
1.20367
1.20357
1.20353
1.20348
1.20346
1.20354
1.20374
1.20411
1.20416
1.20426
1.20428
1.20429
1.20429
1.20428
1.20427
1.20424
1.20418
1.20407
1.2039
1.20369
1.20354
1.20348
1.20344
1.20337
1.20334
1.20339
1.20356
1.20398
1.20418
1.20423
1.20426
1.20427
1.20427
1.20426
1.20423
1.20419
1.2041
1.20396
1.20377
1.20357
1.20346
1.20343
1.20339
1.20334
1.20333
1.20336
1.20346
1.20385
1.20414
1.20419
1.20423
1.20424
1.20424
1.20422
1.20418
1.20412
1.20401
1.20385
1.20365
1.20348
1.20341
1.20341
1.20338
1.20334
1.20336
1.2034
1.20344
1.20375
1.2041
1.20414
1.20419
1.20421
1.2042
1.20418
1.20413
1.20404
1.20392
1.20374
1.20355
1.20342
1.20339
1.2034
1.20337
1.20335
1.2034
1.20345
1.20346
1.2037
1.20405
1.2041
1.20415
1.20418
1.20417
1.20414
1.20407
1.20396
1.20381
1.20363
1.20346
1.20338
1.20338
1.20339
1.20337
1.20338
1.20346
1.2035
1.20348
1.20369
1.20401
1.20406
1.20412
1.20416
1.20414
1.20409
1.20401
1.20388
1.20371
1.20353
1.2034
1.20336
1.20338
1.20338
1.20337
1.20344
1.20351
1.20353
1.20349
1.20368
1.20396
1.20403
1.20409
1.20413
1.20411
1.20405
1.20394
1.20378
1.20361
1.20345
1.20336
1.20336
1.20338
1.20337
1.2034
1.20348
1.20352
1.20353
1.2035
1.20367
1.2039
1.204
1.20407
1.2041
1.20407
1.20399
1.20386
1.20369
1.20352
1.20339
1.20335
1.20336
1.20337
1.20337
1.20346
1.20348
1.20347
1.2035
1.20349
1.20366
1.20385
1.20397
1.20403
1.20405
1.20402
1.20391
1.20377
1.2036
1.20345
1.20336
1.20334
1.20336
1.20337
1.20343
1.20346
1.2034
1.20338
1.20344
1.20348
1.20364
1.20378
1.20393
1.20399
1.204
1.20394
1.20383
1.20368
1.20353
1.20341
1.20335
1.20334
1.20336
1.20341
1.20345
1.20337
1.20326
1.20325
1.20335
1.20345
1.20361
1.2037
1.20388
1.20393
1.20392
1.20386
1.20374
1.2036
1.20347
1.20339
1.20335
1.20337
1.20342
1.20343
1.20333
1.20319
1.20311
1.20311
1.20323
1.2034
1.20358
1.20363
1.20382
1.20387
1.20385
1.20378
1.20367
1.20355
1.20346
1.20341
1.2034
1.20342
1.20339
1.20327
1.20312
1.20304
1.20301
1.20302
1.20313
1.20333
1.20355
1.20359
1.20374
1.2038
1.20378
1.20372
1.20363
1.20354
1.20348
1.20344
1.20342
1.20337
1.20324
1.20309
1.20304
1.20303
1.20302
1.203
1.20306
1.20327
1.20352
1.20357
1.20364
1.2037
1.20371
1.20367
1.2036
1.20354
1.20349
1.20344
1.20337
1.20324
1.20312
1.20306
1.20308
1.2031
1.2031
1.20304
1.20305
1.20323
1.2035
1.20354
1.20353
1.20356
1.20358
1.20358
1.20354
1.20349
1.20344
1.20336
1.20326
1.20315
1.20309
1.2031
1.20316
1.20321
1.20318
1.20309
1.20307
1.20323
1.2035
1.20349
1.20342
1.20341
1.20342
1.20343
1.20342
1.20339
1.20334
1.20327
1.20319
1.20313
1.20312
1.2032
1.2033
1.20333
1.20325
1.20312
1.20309
1.20326
1.20351
1.20344
1.20337
1.20333
1.2033
1.20329
1.20328
1.20326
1.20323
1.2032
1.20317
1.20316
1.20324
1.20338
1.20348
1.20342
1.20324
1.20311
1.20314
1.20333
1.20355
1.20345
1.20342
1.2034
1.2034
1.20339
1.20337
1.20335
1.20335
1.20336
1.20338
1.20344
1.20355
1.20365
1.20364
1.20353
1.20343
1.20339
1.20345
1.20355
1.20363
)
;

boundaryField
{
    left_open
    {
        type            calculated;
        value           nonuniform List<scalar> 
40
(
1.20424
1.20423
1.2042
1.20417
1.20414
1.20411
1.20409
1.20407
1.20406
1.20404
1.20403
1.20403
1.20402
1.20401
1.204
1.20431
1.2043
1.2043
1.2043
1.2043
1.20395
1.2043
1.20388
1.20429
1.20378
1.20429
1.20373
1.20428
1.2037
1.20428
1.20368
1.20427
1.20427
1.20365
1.20364
1.20363
1.20364
1.20365
1.20367
1.2037
)
;
    }
    right_open
    {
        type            calculated;
        value           nonuniform List<scalar> 
40
(
1.20432
1.20432
1.20431
1.20431
1.20431
1.20431
1.20431
1.20431
1.20431
1.20431
1.20431
1.20431
1.20431
1.20431
1.20431
1.20431
1.2043
1.2043
1.2043
1.2043
1.2043
1.2043
1.2043
1.20429
1.20429
1.20429
1.20428
1.20428
1.20367
1.20428
1.20364
1.20427
1.20427
1.20426
1.20352
1.20426
1.20426
1.20352
1.20355
1.20363
)
;
    }
    base_side
    {
        type            calculated;
        value           nonuniform List<scalar> 
40
(
1.20424
1.20427
1.20429
1.2043
1.2043
1.20431
1.20431
1.20431
1.2043
1.2043
1.2043
1.2043
1.20429
1.20429
1.20429
1.20429
1.2043
1.20435
1.20476
1.2023
1.20237
1.20477
1.20449
1.2043
1.20425
1.20426
1.20427
1.20428
1.20429
1.2043
1.20431
1.20432
1.20432
1.20432
1.20432
1.20432
1.20432
1.20432
1.20432
1.20432
)
;
    }
    top
    {
        type            calculated;
        value           nonuniform List<scalar> 
65
(
1.2037
1.20368
1.20366
1.20425
1.20425
1.20425
1.20365
1.20361
1.20355
1.20351
1.20425
1.20348
1.20425
1.20425
1.20339
1.20331
1.20425
1.20319
1.20312
1.20425
1.20303
1.20425
1.20425
1.20425
1.20306
1.20425
1.20308
1.20425
1.20315
1.20318
1.20322
1.20324
1.20325
1.20326
1.20329
1.20332
1.20335
1.2034
1.20344
1.20347
1.20348
1.20349
1.20348
1.20348
1.20347
1.20345
1.20342
1.2034
1.20425
1.20338
1.20425
1.20335
1.20335
1.20425
1.20338
1.20345
1.20355
1.20365
1.20363
1.20425
1.20343
1.20339
1.20425
1.20355
1.20363
)
;
    }
    front
    {
        type            empty;
    }
    back
    {
        type            empty;
    }
    air_to_aluminum
    {
        type            calculated;
        value           nonuniform List<scalar> 
129
(
1.19301
1.19304
1.1931
1.19318
1.19273
1.19253
1.19235
1.19221
1.19221
1.19235
1.19253
1.19273
1.19301
1.19304
1.1931
1.19318
1.19328
1.19318
1.1934
1.19335
1.19351
1.19349
1.19362
1.19361
1.19373
1.19372
1.19383
1.19383
1.19392
1.19392
1.194
1.194
1.19407
1.19407
1.19413
1.19413
1.19419
1.19419
1.19423
1.19423
1.19427
1.19427
1.1943
1.1943
1.19431
1.19431
1.19432
1.19432
1.19432
1.19432
1.19432
1.19432
1.19226
1.19239
1.19251
1.19263
1.19274
1.19283
1.19292
1.193
1.19308
1.19314
1.19319
1.19324
1.19327
1.1933
1.19332
1.19332
1.19332
1.19332
1.19332
1.19332
1.19332
1.19332
1.19226
1.19239
1.19251
1.19263
1.19274
1.19283
1.19292
1.193
1.19308
1.19314
1.19319
1.19324
1.19327
1.1933
1.19332
1.19332
1.19332
1.19332
1.19332
1.19318
1.19335
1.19349
1.19361
1.19372
1.19382
1.19392
1.194
1.19407
1.19413
1.19419
1.19423
1.19427
1.1943
1.19431
1.19432
1.19328
1.1934
1.19351
1.19362
1.19373
1.19383
1.19392
1.194
1.19407
1.19413
1.19419
1.19423
1.19427
1.1943
1.19431
1.19432
1.19432
1.19432
1.19432
1.19432
)
;
    }
}


// ************************************************************************* //
