/*--------------------------------*- C++ -*----------------------------------*\
| =========                 |                                                 |
| \\      /  F ield         | OpenFOAM: The Open Source CFD Toolbox           |
|  \\    /   O peration     | Version:                                        |
|   \\  /    A nd           | Website:  www.openfoam.com                      |
|    \\/     M anipulation  |                                                 |
\*---------------------------------------------------------------------------*/
FoamFile
{
    version     2.0;
    format      ascii;
    class       volScalarField;
    location    "1862.5/air";
    object      T;
}
// * * * * * * * * * * * * * * * * * * * * * * * * * * * * * * * * * * * * * //

dimensions      [0 0 0 1 0 0 0];


internalField   nonuniform List<scalar> 
2228
(
306.904
306.97
307.024
307.071
306.84
306.902
306.966
307.029
306.796
306.853
306.922
306.994
306.759
306.812
306.884
306.962
306.723
306.765
306.841
306.931
306.679
306.693
306.779
306.894
306.612
306.553
306.664
306.842
306.499
306.279
306.438
306.757
306.334
305.86
306.059
306.623
306.153
305.433
305.617
306.454
306.024
305.178
305.294
306.301
305.971
305.101
305.156
306.197
305.951
305.014
305.104
306.144
305.868
304.62
304.964
306.121
305.565
303.6
304.492
306.079
304.842
301.863
303.285
305.788
307.071
307.025
306.97
306.905
307.029
306.968
306.904
306.84
306.995
306.927
306.858
306.797
306.966
306.894
306.823
306.763
306.939
306.865
306.793
306.734
306.913
306.838
306.765
306.707
306.889
306.81
306.737
306.681
306.866
306.78
306.705
306.656
306.84
306.742
306.663
306.628
306.811
306.687
306.601
306.592
306.771
306.598
306.496
306.542
306.713
306.447
306.314
306.465
306.63
306.203
306.02
306.346
306.515
305.831
305.591
306.174
306.322
305.268
305.007
305.945
305.817
304.379
304.194
305.499
298.581
301.947
303.763
301.25
295.036
299.052
300.406
296.443
295.539
298.431
297.745
294.187
296.85
297.547
295.503
293.154
296.66
295.506
293.634
292.792
294.594
293.395
292.961
292.997
293.222
293.058
293.131
293.145
293.373
293.491
293.447
293.347
293.928
294.281
294.411
294.294
294.614
294.911
295.188
295.241
295.346
295.416
295.411
295.19
294.947
294.787
294.498
294.132
293.896
293.777
293.66
293.59
293.565
293.568
293.58
293.595
293.681
293.703
293.723
293.741
293.871
293.892
293.908
293.922
294.007
294.037
294.062
294.079
294.056
294.079
294.098
294.115
294.064
294.075
294.08
294.081
293.868
293.843
293.803
293.769
298.492
297.3
298.244
299.477
293.752
293.614
294.249
294.801
292.73
292.608
292.694
292.778
292.55
292.517
292.516
292.501
292.772
292.809
292.823
292.832
293.042
293.064
293.082
293.098
293.146
293.152
293.158
293.162
293.27
293.212
293.178
293.167
293.999
293.674
293.417
293.276
294.987
294.415
293.855
293.515
294.722
294.162
293.744
293.547
293.808
293.637
293.596
293.606
293.573
293.578
293.584
293.587
293.61
293.62
293.628
293.635
293.755
293.767
293.776
293.781
293.932
293.939
293.943
293.944
294.089
294.092
294.09
294.084
294.127
294.135
294.136
294.131
294.079
294.07
294.054
294.035
293.742
293.712
293.686
293.669
299.514
299.787
300.147
295.076
295.218
295.311
292.83
292.847
292.846
292.49
292.483
292.479
292.841
292.851
292.864
293.11
293.119
293.128
293.164
293.164
293.164
293.165
293.164
293.163
293.233
293.219
293.213
293.397
293.361
293.347
293.501
293.5
293.509
293.616
293.621
293.624
293.59
293.592
293.594
293.639
293.64
293.641
293.783
293.783
293.781
293.942
293.938
293.934
294.075
294.067
294.058
294.122
294.113
294.101
294.018
294.005
293.991
293.66
293.654
293.646
300.409
300.546
300.683
295.354
295.37
295.382
292.835
292.826
292.816
292.477
292.477
292.478
292.875
292.882
292.889
293.133
293.136
293.139
293.164
293.164
293.164
293.162
293.162
293.161
293.211
293.21
293.21
293.345
293.344
293.344
293.516
293.519
293.523
293.626
293.627
293.628
293.596
293.596
293.597
293.641
293.641
293.64
293.779
293.778
293.776
293.93
293.927
293.925
294.05
294.046
294.042
294.092
294.086
294.081
293.981
293.975
293.969
293.64
293.637
293.633
300.931
301.21
301.36
295.392
295.372
295.304
292.792
292.748
292.693
292.48
292.488
292.504
292.903
292.927
292.954
293.144
293.151
293.157
293.164
293.163
293.161
293.161
293.16
293.159
293.209
293.208
293.208
293.345
293.347
293.35
293.529
293.537
293.544
293.63
293.632
293.635
293.598
293.601
293.603
293.639
293.638
293.635
293.772
293.765
293.757
293.919
293.909
293.897
294.033
294.018
294.002
294.07
294.051
294.03
293.955
293.935
293.914
293.629
293.62
293.611
301.351
301.102
300.869
300.368
295.128
294.761
294.286
293.755
292.611
292.506
292.433
292.429
292.541
292.614
292.717
292.841
292.994
293.048
293.098
293.137
293.163
293.168
293.168
293.165
293.16
293.157
293.154
293.152
293.159
293.158
293.158
293.158
293.208
293.207
293.207
293.206
293.353
293.355
293.355
293.355
293.551
293.557
293.56
293.562
293.639
293.644
293.649
293.654
293.606
293.611
293.616
293.622
293.632
293.626
293.621
293.617
293.745
293.726
293.706
293.685
293.877
293.848
293.815
293.778
293.976
293.937
293.893
293.845
293.998
293.951
293.9
293.845
293.881
293.838
293.792
293.744
293.6
293.582
293.565
293.549
299.408
298.281
297.114
296.026
293.273
292.989
292.894
293.051
292.514
292.682
292.9
293.113
292.966
293.074
293.148
293.182
293.16
293.168
293.165
293.158
293.159
293.154
293.15
293.149
293.151
293.151
293.152
293.153
293.159
293.159
293.16
293.161
293.206
293.206
293.206
293.206
293.353
293.351
293.348
293.345
293.561
293.559
293.555
293.551
293.659
293.664
293.669
293.672
293.63
293.638
293.648
293.66
293.614
293.613
293.615
293.621
293.666
293.649
293.636
293.627
293.741
293.707
293.677
293.656
293.795
293.745
293.7
293.666
293.789
293.733
293.682
293.643
293.697
293.653
293.613
293.585
293.533
293.52
293.512
293.512
293.15
293.15
293.152
293.154
293.141
293.082
292.974
292.875
292.827
292.812
292.812
292.82
292.835
292.858
292.89
292.926
292.957
292.875
292.452
294.29
293.15
293.15
293.151
293.153
293.148
293.104
293.002
292.891
292.832
292.815
292.816
292.825
292.84
292.864
292.895
292.93
292.958
292.882
292.543
294.227
293.15
293.15
293.15
293.152
293.152
293.127
293.041
292.919
292.842
292.821
292.823
292.834
292.851
292.874
292.904
292.938
292.961
292.927
292.664
294.227
293.15
293.15
293.15
293.151
293.153
293.143
293.078
292.955
292.858
292.83
292.833
292.846
292.864
292.889
292.918
292.95
292.965
292.972
292.754
294.261
293.15
293.15
293.15
293.15
293.152
293.152
293.108
292.994
292.882
292.842
292.845
292.86
292.881
292.906
292.934
292.966
292.975
293.002
292.816
294.309
293.15
293.15
293.15
293.149
293.151
293.155
293.13
293.033
292.911
292.857
292.858
292.876
292.899
292.924
292.952
292.984
292.991
293.025
292.859
294.362
293.15
293.15
293.15
293.149
293.15
293.155
293.145
293.067
292.945
292.876
292.873
292.893
292.917
292.943
292.97
293.002
293.01
293.046
292.892
294.416
293.15
293.15
293.15
293.15
293.149
293.154
293.154
293.096
292.981
292.9
292.89
292.91
292.936
292.962
292.987
293.017
293.029
293.065
292.919
294.471
293.15
293.15
293.15
293.15
293.149
293.153
293.159
293.119
293.017
292.929
292.909
292.928
292.954
292.981
293.004
293.032
293.046
293.082
292.942
294.525
293.15
293.15
293.15
293.15
293.149
293.152
293.161
293.137
293.052
292.962
292.932
292.947
292.974
293
293.023
293.048
293.063
293.097
292.962
294.578
293.15
293.15
293.15
293.15
293.15
293.152
293.163
293.151
293.083
292.998
292.96
292.969
292.995
293.022
293.044
293.067
293.081
293.111
292.982
294.63
293.15
293.15
293.15
293.151
293.152
293.154
293.164
293.162
293.111
293.034
292.992
292.995
293.019
293.046
293.068
293.089
293.102
293.126
293
294.679
293.15
293.15
293.152
293.155
293.156
293.157
293.166
293.17
293.135
293.07
293.028
293.025
293.046
293.073
293.095
293.114
293.125
293.144
293.019
294.726
293.15
293.15
293.156
293.162
293.164
293.163
293.17
293.177
293.155
293.104
293.065
293.059
293.076
293.101
293.123
293.141
293.15
293.165
293.037
294.77
293.149
293.153
293.167
293.177
293.178
293.174
293.176
293.184
293.172
293.135
293.102
293.095
293.109
293.131
293.152
293.168
293.175
293.187
293.055
294.812
293.148
293.161
293.188
293.204
293.201
293.19
293.185
293.191
293.187
293.162
293.137
293.131
293.143
293.162
293.18
293.194
293.198
293.209
293.072
294.852
293.148
293.178
293.225
293.246
293.236
293.212
293.198
293.199
293.2
293.186
293.17
293.167
293.176
293.192
293.207
293.217
293.219
293.229
293.088
294.889
293.151
293.207
293.276
293.303
293.282
293.242
293.215
293.21
293.212
293.207
293.199
293.199
293.208
293.22
293.231
293.238
293.237
293.247
293.103
294.925
293.157
293.244
293.332
293.368
293.339
293.281
293.236
293.222
293.224
293.226
293.225
293.229
293.237
293.246
293.252
293.256
293.252
293.261
293.116
294.951
293.169
293.284
293.386
293.43
293.4
293.327
293.264
293.237
293.236
293.242
293.247
293.254
293.262
293.267
293.271
293.272
293.264
293.272
293.128
295.023
293.206
293.376
293.495
293.552
293.54
293.46
293.36
293.292
293.27
293.274
293.286
293.298
293.307
293.309
293.306
293.298
293.282
293.283
293.155
294.329
293.273
293.512
293.642
293.684
293.688
293.636
293.53
293.423
293.356
293.334
293.336
293.345
293.35
293.347
293.336
293.317
293.295
293.275
293.211
293.805
293.339
293.628
293.766
293.776
293.758
293.733
293.661
293.557
293.468
293.416
293.394
293.387
293.38
293.368
293.349
293.324
293.298
293.274
293.259
293.587
293.405
293.704
293.844
293.856
293.804
293.772
293.73
293.653
293.566
293.497
293.452
293.424
293.402
293.379
293.354
293.329
293.299
293.312
293.366
293.947
293.455
293.728
293.853
293.903
293.854
293.797
293.762
293.71
293.634
293.557
293.494
293.447
293.412
293.382
293.355
293.337
293.313
293.424
293.47
294.694
293.486
293.725
293.818
293.895
293.9
293.835
293.785
293.747
293.69
293.613
293.534
293.468
293.418
293.383
293.359
293.352
293.365
293.607
293.795
294.848
293.509
293.718
293.78
293.852
293.913
293.88
293.818
293.777
293.74
293.681
293.6
293.515
293.445
293.4
293.382
293.386
293.467
293.86
294.084
294.371
293.534
293.717
293.753
293.811
293.897
293.91
293.859
293.808
293.775
293.74
293.681
293.599
293.516
293.458
293.436
293.434
293.621
294.177
294.227
294.038
293.561
293.716
293.732
293.784
293.879
293.918
293.886
293.834
293.794
293.768
293.737
293.683
293.611
293.548
293.513
293.485
293.808
294.514
294.507
294.09
293.593
293.715
293.717
293.762
293.859
293.901
293.877
293.826
293.78
293.756
293.746
293.724
293.684
293.639
293.597
293.536
293.92
294.747
295.022
294.619
293.626
293.718
293.714
293.738
293.809
293.84
293.802
293.751
293.724
293.716
293.726
293.74
293.738
293.715
293.667
293.575
293.883
294.625
295.235
295.261
293.651
293.735
293.728
293.721
293.741
293.743
293.714
293.71
293.73
293.745
293.742
293.74
293.746
293.744
293.707
293.6
293.742
294.15
294.659
294.984
293.677
293.765
293.761
293.732
293.72
293.728
293.755
293.802
293.835
293.819
293.789
293.76
293.742
293.738
293.721
293.61
293.61
293.711
293.869
294.028
293.693
293.801
293.805
293.766
293.743
293.759
293.851
294.016
294.156
294.187
294.066
293.904
293.785
293.735
293.719
293.61
293.543
293.537
293.544
293.579
293.717
293.835
293.834
293.768
293.73
293.795
293.972
294.156
294.248
294.244
294.164
294.001
293.834
293.74
293.702
293.601
293.528
293.54
293.561
293.617
293.732
293.857
293.835
293.732
293.678
293.74
293.892
294.045
294.119
294.092
294.017
293.929
293.815
293.723
293.666
293.585
293.541
293.596
293.663
293.775
293.743
293.864
293.822
293.681
293.578
293.585
293.7
293.87
294.002
294.01
293.906
293.801
293.732
293.672
293.621
293.573
293.57
293.658
293.761
293.911
293.738
293.857
293.822
293.671
293.525
293.468
293.526
293.674
293.856
293.975
293.944
293.81
293.702
293.641
293.602
293.586
293.613
293.708
293.833
293.977
293.718
293.827
293.838
293.739
293.616
293.539
293.521
293.56
293.672
293.84
293.958
293.952
293.857
293.768
293.714
293.697
293.724
293.798
293.911
294.013
293.648
293.685
293.719
293.708
293.68
293.632
293.598
293.596
293.602
293.629
293.696
293.792
293.853
293.876
293.874
293.87
293.887
293.905
293.934
293.903
294.313
292.51
292.541
292.623
292.69
292.757
292.84
292.92
292.969
292.989
292.998
293.006
293.017
293.036
293.065
293.102
293.132
293.147
293.15
293.15
294.287
292.652
292.594
292.648
292.7
292.755
292.828
292.908
292.964
292.989
292.999
293.007
293.018
293.035
293.063
293.1
293.131
293.146
293.15
293.15
294.313
292.781
292.711
292.72
292.737
292.768
292.826
292.899
292.959
292.99
293.002
293.009
293.02
293.037
293.065
293.1
293.131
293.146
293.15
293.15
294.356
292.843
292.84
292.815
292.793
292.8
292.839
292.902
292.96
292.994
293.007
293.015
293.025
293.043
293.071
293.105
293.133
293.147
293.15
293.15
294.402
292.877
292.953
292.898
292.852
292.841
292.865
292.916
292.968
293
293.014
293.022
293.034
293.053
293.081
293.113
293.137
293.148
293.15
293.15
294.447
292.907
293.034
292.956
292.904
292.887
292.899
292.938
292.981
293.01
293.023
293.032
293.045
293.067
293.094
293.123
293.142
293.149
293.15
293.15
294.494
292.935
293.074
292.997
292.951
292.931
292.936
292.964
292.998
293.022
293.034
293.044
293.06
293.082
293.109
293.132
293.145
293.15
293.15
293.15
294.541
292.957
293.097
293.031
292.992
292.972
292.972
292.99
293.016
293.035
293.045
293.057
293.076
293.099
293.122
293.14
293.148
293.15
293.15
293.15
294.589
292.975
293.113
293.059
293.026
293.007
293.004
293.016
293.034
293.048
293.059
293.073
293.092
293.114
293.133
293.145
293.149
293.15
293.15
293.15
294.636
292.989
293.126
293.08
293.053
293.036
293.031
293.039
293.051
293.062
293.073
293.089
293.109
293.127
293.141
293.148
293.15
293.15
293.15
293.15
294.681
293.001
293.136
293.096
293.074
293.06
293.055
293.058
293.067
293.075
293.088
293.105
293.123
293.137
293.146
293.149
293.15
293.15
293.15
293.15
294.726
293.01
293.144
293.108
293.091
293.079
293.073
293.075
293.081
293.089
293.103
293.119
293.134
293.143
293.148
293.15
293.15
293.15
293.15
293.15
294.77
293.018
293.15
293.116
293.104
293.094
293.089
293.089
293.094
293.103
293.117
293.131
293.141
293.147
293.149
293.15
293.15
293.15
293.15
293.15
294.812
293.025
293.154
293.123
293.114
293.106
293.101
293.101
293.106
293.116
293.128
293.139
293.146
293.149
293.15
293.15
293.15
293.15
293.15
293.15
294.853
293.03
293.157
293.129
293.122
293.116
293.112
293.112
293.117
293.127
293.137
293.144
293.148
293.15
293.15
293.15
293.15
293.15
293.15
293.15
294.893
293.035
293.16
293.133
293.129
293.123
293.121
293.122
293.127
293.136
293.143
293.147
293.149
293.15
293.15
293.15
293.15
293.15
293.15
293.15
294.93
293.038
293.162
293.137
293.134
293.13
293.128
293.13
293.136
293.142
293.146
293.149
293.15
293.15
293.15
293.15
293.15
293.15
293.15
293.15
294.967
293.041
293.163
293.139
293.139
293.135
293.135
293.137
293.141
293.146
293.148
293.15
293.15
293.15
293.15
293.15
293.15
293.15
293.15
293.15
294.992
293.043
293.164
293.142
293.142
293.14
293.14
293.142
293.145
293.148
293.149
293.15
293.15
293.15
293.15
293.15
293.15
293.15
293.15
293.15
295.077
293.045
293.164
293.144
293.144
293.143
293.143
293.145
293.147
293.149
293.15
293.15
293.15
293.15
293.15
293.15
293.15
293.15
293.15
293.15
294.194
293.059
293.162
293.146
293.148
293.148
293.148
293.149
293.149
293.15
293.15
293.15
293.15
293.15
293.15
293.15
293.15
293.15
293.15
293.15
293.626
293.109
293.155
293.149
293.15
293.15
293.15
293.15
293.15
293.15
293.15
293.15
293.15
293.15
293.15
293.15
293.151
293.151
293.15
293.15
293.318
293.135
293.152
293.149
293.15
293.15
293.15
293.15
293.15
293.15
293.151
293.152
293.154
293.157
293.163
293.171
293.183
293.194
293.194
293.167
293.18
293.145
293.151
293.15
293.15
293.15
293.151
293.152
293.154
293.157
293.161
293.169
293.182
293.201
293.23
293.274
293.333
293.387
293.382
293.265
293.149
293.15
293.152
293.152
293.154
293.156
293.159
293.163
293.169
293.179
293.195
293.219
293.252
293.295
293.352
293.426
293.512
293.577
293.559
293.363
293.15
293.154
293.154
293.156
293.159
293.164
293.17
293.18
293.195
293.216
293.249
293.294
293.347
293.399
293.45
293.503
293.563
293.621
293.631
293.417
293.155
293.158
293.16
293.162
293.165
293.17
293.18
293.196
293.223
293.265
293.329
293.409
293.485
293.536
293.56
293.57
293.576
293.589
293.622
293.432
293.164
293.169
293.171
293.172
293.173
293.177
293.188
293.211
293.255
293.332
293.448
293.58
293.684
293.736
293.739
293.712
293.667
293.621
293.606
293.434
293.207
293.21
293.209
293.204
293.196
293.192
293.199
293.228
293.297
293.425
293.602
293.765
293.851
293.867
293.857
293.835
293.785
293.7
293.623
293.45
293.336
293.324
293.31
293.287
293.255
293.226
293.219
293.253
293.354
293.541
293.754
293.878
293.885
293.859
293.845
293.845
293.835
293.772
293.663
293.48
293.532
293.494
293.452
293.404
293.344
293.282
293.251
293.288
293.426
293.663
293.86
293.901
293.861
293.828
293.803
293.802
293.818
293.794
293.705
293.518
293.675
293.642
293.585
293.513
293.429
293.343
293.293
293.335
293.511
293.768
293.911
293.897
293.868
293.826
293.777
293.765
293.784
293.786
293.725
293.541
293.701
293.725
293.685
293.604
293.502
293.4
293.342
293.392
293.596
293.844
293.932
293.914
293.907
293.849
293.769
293.74
293.755
293.766
293.724
293.547
293.658
293.739
293.749
293.68
293.571
293.46
293.4
293.459
293.673
293.895
293.943
293.949
293.959
293.887
293.773
293.724
293.734
293.745
293.715
293.553
293.626
293.712
293.78
293.744
293.64
293.529
293.47
293.532
293.738
293.926
293.957
293.983
294.002
293.927
293.781
293.713
293.715
293.722
293.697
293.546
293.63
293.679
293.784
293.797
293.712
293.608
293.552
293.609
293.789
293.941
293.979
294.009
294.031
293.957
293.783
293.7
293.692
293.692
293.672
293.534
293.638
293.661
293.771
293.836
293.785
293.695
293.645
293.688
293.829
293.946
293.993
294.022
294.044
293.968
293.77
293.68
293.661
293.646
293.638
293.521
293.628
293.656
293.745
293.85
293.854
293.786
293.74
293.763
293.857
293.94
293.986
294.013
294.038
293.948
293.731
293.649
293.634
293.602
293.606
293.504
293.595
293.641
293.713
293.819
293.878
293.876
293.85
293.856
293.9
293.948
293.98
294.004
293.997
293.857
293.651
293.599
293.623
293.602
293.592
293.503
293.531
293.552
293.577
293.627
293.674
293.719
293.746
293.776
293.806
293.823
293.794
293.76
293.707
293.607
293.523
293.526
293.56
293.571
293.567
293.488
)
;

boundaryField
{
    left_open
    {
        type            inletOutlet;
        inletValue      uniform 293.15;
        value           nonuniform List<scalar> 
40
(
293.15
293.15
293.15
293.15
293.15
293.15
293.15
293.15
293.15
293.15
293.15
293.15
293.15
293.15
293.15
293.15
293.15
293.15
293.15
293.15
293.15
293.15
293.15
293.15
293.15
293.487
293.15
293.15
293.15
293.15
293.15
293.15
293.674
293.15
293.712
293.727
293.738
293.15
293.715
293.646
)
;
    }
    right_open
    {
        type            inletOutlet;
        inletValue      uniform 293.15;
        value           nonuniform List<scalar> 
40
(
293.15
293.15
293.15
293.15
293.15
293.15
293.15
293.15
293.15
293.15
293.15
293.15
293.15
293.15
293.15
293.15
293.15
293.15
293.15
293.15
293.15
293.15
293.15
293.15
293.15
293.15
293.432
293.433
293.15
293.478
293.15
293.15
293.545
293.551
293.544
293.532
293.52
293.503
293.503
293.15
)
;
    }
    base_side
    {
        type            zeroGradient;
    }
    top
    {
        type            inletOutlet;
        inletValue      uniform 293.15;
        value           nonuniform List<scalar> 
65
(
293.646
293.68
293.716
293.708
293.15
293.635
293.599
293.15
293.601
293.624
293.685
293.78
293.15
293.878
293.881
293.878
293.895
293.15
293.936
293.15
293.856
293.824
293.15
293.15
293.731
293.702
293.15
293.15
293.655
293.647
293.639
293.634
293.63
293.628
293.622
293.612
293.604
293.593
293.574
293.558
293.542
293.527
293.516
293.511
293.512
293.532
293.15
293.576
293.15
293.671
293.15
293.744
293.772
293.15
293.819
293.15
293.753
293.701
293.6
293.52
293.526
293.15
293.571
293.15
293.488
)
;
    }
    front
    {
        type            empty;
    }
    back
    {
        type            empty;
    }
    air_to_aluminum
    {
        type            compressible::turbulentTemperatureCoupledBaffleMixed;
        refValue        nonuniform List<scalar> 
129
(
306.895
306.888
306.873
306.851
306.966
307.018
307.063
307.1
307.1
307.063
307.018
306.966
306.895
306.888
306.873
306.851
306.824
306.85
306.795
306.808
306.765
306.772
306.736
306.74
306.709
306.711
306.683
306.685
306.66
306.661
306.639
306.64
306.62
306.621
306.603
306.604
306.589
306.59
306.577
306.578
306.567
306.568
306.56
306.56
306.555
306.555
306.552
306.552
306.552
306.553
306.552
306.552
307.089
307.058
307.028
307
306.974
306.95
306.928
306.908
306.89
306.875
306.861
306.85
306.841
306.833
306.829
306.826
306.826
306.826
306.826
306.826
306.826
306.826
307.089
307.058
307.028
307
306.974
306.95
306.928
306.908
306.891
306.875
306.861
306.85
306.841
306.834
306.829
306.826
306.826
306.826
306.826
306.85
306.808
306.772
306.74
306.711
306.685
306.661
306.64
306.621
306.604
306.59
306.578
306.568
306.56
306.555
306.552
306.824
306.795
306.765
306.736
306.709
306.683
306.66
306.639
306.62
306.603
306.589
306.577
306.567
306.559
306.554
306.552
306.552
306.552
306.551
306.551
)
;
        refGradient     uniform 0;
        valueFraction   nonuniform List<scalar> 
129
(
0.999971
0.999971
0.999971
0.999971
0.999855
0.999855
0.999855
0.999855
0.999855
0.999855
0.999855
0.999855
0.999971
0.999971
0.999971
0.999971
0.999971
0.999855
0.999971
0.999855
0.999971
0.999855
0.999971
0.999855
0.999971
0.999855
0.999971
0.999855
0.999971
0.999855
0.999971
0.999855
0.999971
0.999855
0.999971
0.999855
0.999971
0.999855
0.999971
0.999855
0.999971
0.999855
0.999971
0.999855
0.999971
0.999855
0.999964
0.999971
0.999964
0.999964
0.999855
0.999964
0.999918
0.999918
0.999918
0.999918
0.999918
0.999918
0.999918
0.999918
0.999918
0.999918
0.999918
0.999918
0.999918
0.999918
0.999918
0.999918
0.999964
0.999964
0.999964
0.999964
0.999964
0.999964
0.999918
0.999918
0.999918
0.999918
0.999918
0.999918
0.999918
0.999918
0.999918
0.999918
0.999918
0.999918
0.999918
0.999918
0.999918
0.999964
0.999964
0.999918
0.999964
0.999855
0.999855
0.999855
0.999855
0.999855
0.999855
0.999855
0.999855
0.999855
0.999855
0.999855
0.999855
0.999855
0.999855
0.999855
0.999855
0.999971
0.999971
0.999971
0.999971
0.999971
0.999971
0.999971
0.999971
0.999971
0.999971
0.999971
0.999971
0.999971
0.999971
0.999971
0.999964
0.999964
0.999964
0.999964
0.999971
)
;
        value           nonuniform List<scalar> 
129
(
306.895
306.887
306.872
306.851
306.966
307.018
307.063
307.1
307.1
307.063
307.018
306.966
306.895
306.887
306.872
306.851
306.824
306.85
306.795
306.808
306.765
306.772
306.736
306.74
306.709
306.711
306.683
306.685
306.66
306.661
306.639
306.64
306.62
306.621
306.603
306.604
306.589
306.59
306.577
306.578
306.567
306.568
306.559
306.56
306.554
306.555
306.551
306.551
306.552
306.552
306.552
306.552
307.089
307.058
307.028
307
306.974
306.95
306.928
306.908
306.89
306.875
306.861
306.85
306.84
306.833
306.828
306.826
306.826
306.826
306.826
306.826
306.826
306.826
307.089
307.058
307.028
307
306.974
306.95
306.928
306.908
306.891
306.875
306.861
306.85
306.841
306.834
306.829
306.826
306.826
306.826
306.826
306.85
306.808
306.772
306.74
306.711
306.685
306.661
306.64
306.621
306.604
306.59
306.578
306.568
306.56
306.555
306.552
306.824
306.795
306.765
306.736
306.708
306.683
306.66
306.639
306.62
306.603
306.589
306.576
306.567
306.559
306.554
306.552
306.552
306.551
306.551
306.551
)
;
        Tnbr            T;
        thicknessLayers 0();
        kappaLayers     0();
        kappaMethod     fluidThermo;
        kappa           none;
        alphaAni        none;
        alpha           none;
    }
}


// ************************************************************************* //
