/*--------------------------------*- C++ -*----------------------------------*\
| =========                 |                                                 |
| \\      /  F ield         | OpenFOAM: The Open Source CFD Toolbox           |
|  \\    /   O peration     | Version:                                        |
|   \\  /    A nd           | Website:  www.openfoam.com                      |
|    \\/     M anipulation  |                                                 |
\*---------------------------------------------------------------------------*/
FoamFile
{
    version     2.0;
    format      ascii;
    class       volScalarField;
    location    "1815.5/aluminum";
    object      T;
}
// * * * * * * * * * * * * * * * * * * * * * * * * * * * * * * * * * * * * * //

dimensions      [0 0 0 1 0 0 0];


internalField   nonuniform List<scalar> 
372
(
306.562
306.572
306.592
306.622
306.554
306.564
306.584
306.614
306.539
306.549
306.568
306.599
306.518
306.526
306.542
306.572
306.661
306.709
306.765
306.834
306.655
306.702
306.754
306.812
306.644
306.692
306.74
306.785
306.633
306.684
306.729
306.766
306.908
306.976
307.068
306.863
306.901
306.936
306.817
306.837
306.852
306.782
306.791
306.798
307.16
307.176
307.16
306.95
306.952
306.95
306.856
306.857
306.856
306.799
306.8
306.799
307.068
306.976
306.908
306.936
306.901
306.863
306.852
306.837
306.817
306.798
306.791
306.782
306.834
306.765
306.709
306.661
306.812
306.754
306.702
306.655
306.785
306.74
306.692
306.644
306.766
306.729
306.684
306.633
306.622
306.592
306.572
306.561
306.614
306.584
306.564
306.554
306.599
306.568
306.549
306.539
306.572
306.542
306.526
306.518
306.491
306.496
306.506
306.517
306.462
306.465
306.47
306.474
306.432
306.434
306.436
306.438
306.403
306.404
306.406
306.407
306.376
306.376
306.377
306.378
306.35
306.351
306.351
306.352
306.327
306.327
306.328
306.328
306.306
306.306
306.307
306.307
306.287
306.287
306.288
306.288
306.27
306.271
306.271
306.271
306.256
306.256
306.257
306.257
306.244
306.244
306.244
306.245
306.234
306.234
306.235
306.235
306.226
306.227
306.227
306.227
306.221
306.221
306.222
306.222
306.218
306.218
306.219
306.219
306.755
306.757
306.759
306.724
306.724
306.725
306.694
306.694
306.694
306.666
306.666
306.666
306.639
306.639
306.639
306.615
306.615
306.615
306.593
306.593
306.593
306.573
306.573
306.573
306.556
306.556
306.556
306.54
306.54
306.54
306.526
306.526
306.526
306.515
306.515
306.515
306.506
306.506
306.506
306.499
306.499
306.499
306.494
306.494
306.494
306.491
306.491
306.491
306.759
306.759
306.759
306.725
306.725
306.725
306.694
306.694
306.694
306.666
306.666
306.666
306.639
306.639
306.639
306.615
306.615
306.615
306.593
306.593
306.593
306.573
306.573
306.573
306.556
306.556
306.556
306.54
306.54
306.54
306.526
306.526
306.526
306.515
306.515
306.515
306.506
306.506
306.506
306.499
306.499
306.499
306.494
306.494
306.494
306.491
306.491
306.491
306.759
306.757
306.755
306.725
306.724
306.724
306.694
306.694
306.694
306.666
306.666
306.666
306.639
306.639
306.639
306.615
306.615
306.615
306.593
306.593
306.593
306.573
306.573
306.573
306.556
306.556
306.556
306.54
306.54
306.54
306.526
306.526
306.526
306.515
306.515
306.515
306.506
306.506
306.506
306.499
306.499
306.499
306.494
306.494
306.494
306.491
306.491
306.491
306.517
306.506
306.496
306.491
306.474
306.47
306.465
306.461
306.438
306.436
306.433
306.432
306.406
306.405
306.404
306.403
306.377
306.377
306.376
306.375
306.351
306.351
306.35
306.35
306.328
306.327
306.327
306.326
306.306
306.306
306.306
306.305
306.287
306.287
306.287
306.286
306.271
306.271
306.27
306.27
306.256
306.256
306.256
306.255
306.244
306.244
306.244
306.243
306.234
306.234
306.234
306.234
306.227
306.227
306.227
306.226
306.222
306.222
306.222
306.221
306.219
306.219
306.219
306.219
)
;

boundaryField
{
    base_hotspot
    {
        type            fixedGradient;
        gradient        uniform 203.252;
    }
    base_adiabatic
    {
        type            zeroGradient;
    }
    front
    {
        type            empty;
    }
    back
    {
        type            empty;
    }
    aluminum_to_air
    {
        type            compressible::turbulentTemperatureCoupledBaffleMixed;
        refValue        nonuniform List<scalar> 
129
(
294.477
294.477
294.525
294.586
306.571
306.636
306.69
306.737
306.736
306.688
306.634
306.57
294.252
294.193
294.199
294.236
294.65
306.571
294.715
306.507
294.78
306.463
294.846
306.429
294.915
306.399
294.987
306.372
295.062
306.346
295.139
306.319
295.218
306.289
295.297
306.25
295.375
306.195
295.449
306.114
295.516
305.995
295.572
305.828
295.602
305.593
296.148
295.682
297.072
298.007
305.084
298.872
306.737
306.695
306.661
306.631
306.604
306.578
306.553
306.528
306.501
306.469
306.425
306.363
306.276
306.156
305.978
305.54
301.168
301.472
301.756
301.923
302.003
302.076
306.736
306.692
306.656
306.622
306.591
306.56
306.529
306.498
306.467
306.433
306.393
306.339
306.256
306.125
305.95
302.205
302.354
305.77
302.513
306.57
306.504
306.457
306.419
306.384
306.351
306.318
306.286
306.253
306.217
306.174
306.115
306.018
305.829
305.342
304.001
294.283
294.33
294.375
294.417
294.456
294.492
294.526
294.561
294.596
294.632
294.67
294.711
294.752
294.796
294.834
300.006
300.989
302.448
300.748
294.913
)
;
        refGradient     uniform 0;
        valueFraction   nonuniform List<scalar> 
129
(
2.89995e-05
2.89995e-05
2.89995e-05
2.89995e-05
0.000144981
0.000144981
0.000144981
0.000144981
0.000144981
0.000144981
0.000144981
0.000144981
2.89995e-05
2.89995e-05
2.89995e-05
2.89995e-05
2.89995e-05
0.000144981
2.89995e-05
0.000144981
2.89995e-05
0.000144981
2.89995e-05
0.000144981
2.89995e-05
0.000144981
2.89995e-05
0.000144981
2.89995e-05
0.000144981
2.89995e-05
0.000144981
2.89995e-05
0.000144981
2.89995e-05
0.000144981
2.89995e-05
0.000144981
2.89995e-05
0.000144981
2.89995e-05
0.000144981
2.89995e-05
0.000144981
2.89995e-05
0.000144981
3.62491e-05
2.89995e-05
3.62491e-05
3.62491e-05
0.000144981
3.62491e-05
8.21599e-05
8.21599e-05
8.21599e-05
8.21599e-05
8.21599e-05
8.21599e-05
8.21599e-05
8.21599e-05
8.21599e-05
8.21599e-05
8.21599e-05
8.21599e-05
8.21599e-05
8.21599e-05
8.21599e-05
8.21599e-05
3.62491e-05
3.62491e-05
3.62491e-05
3.62491e-05
3.62491e-05
3.62491e-05
8.21599e-05
8.21599e-05
8.21599e-05
8.21599e-05
8.21599e-05
8.21599e-05
8.21599e-05
8.21599e-05
8.21599e-05
8.21599e-05
8.21599e-05
8.21599e-05
8.21599e-05
8.21599e-05
8.21599e-05
3.62491e-05
3.62491e-05
8.21599e-05
3.62491e-05
0.000144981
0.000144981
0.000144981
0.000144981
0.000144981
0.000144981
0.000144981
0.000144981
0.000144981
0.000144981
0.000144981
0.000144981
0.000144981
0.000144981
0.000144981
0.000144981
2.89995e-05
2.89995e-05
2.89995e-05
2.89995e-05
2.89995e-05
2.89995e-05
2.89995e-05
2.89995e-05
2.89995e-05
2.89995e-05
2.89995e-05
2.89995e-05
2.89995e-05
2.89995e-05
2.89995e-05
3.62491e-05
3.62491e-05
3.62491e-05
3.62491e-05
2.89995e-05
)
;
        value           nonuniform List<scalar> 
129
(
306.561
306.553
306.539
306.517
306.632
306.684
306.729
306.766
306.766
306.729
306.683
306.632
306.561
306.553
306.538
306.517
306.49
306.516
306.461
306.474
306.431
306.438
306.402
306.406
306.375
306.377
306.349
306.351
306.326
306.328
306.305
306.306
306.286
306.287
306.269
306.271
306.255
306.256
306.243
306.244
306.233
306.234
306.226
306.227
306.22
306.221
306.217
306.217
306.218
306.218
306.218
306.218
306.754
306.724
306.694
306.665
306.639
306.615
306.593
306.573
306.555
306.54
306.526
306.515
306.505
306.498
306.494
306.491
306.491
306.491
306.491
306.491
306.491
306.491
306.754
306.724
306.694
306.665
306.639
306.615
306.593
306.573
306.555
306.54
306.526
306.515
306.505
306.498
306.494
306.491
306.491
306.491
306.491
306.516
306.474
306.438
306.406
306.377
306.351
306.327
306.306
306.287
306.27
306.256
306.244
306.234
306.227
306.221
306.218
306.49
306.461
306.431
306.402
306.374
306.349
306.326
306.305
306.286
306.269
306.255
306.243
306.233
306.226
306.221
306.218
306.219
306.218
306.218
306.218
)
;
        Tnbr            T;
        thicknessLayers 0();
        kappaLayers     0();
        kappaMethod     solidThermo;
        kappa           none;
        alphaAni        none;
        alpha           none;
    }
}


// ************************************************************************* //
