/*--------------------------------*- C++ -*----------------------------------*\
| =========                 |                                                 |
| \\      /  F ield         | OpenFOAM: The Open Source CFD Toolbox           |
|  \\    /   O peration     | Version:                                        |
|   \\  /    A nd           | Website:  www.openfoam.com                      |
|    \\/     M anipulation  |                                                 |
\*---------------------------------------------------------------------------*/
FoamFile
{
    version     2.0;
    format      ascii;
    class       volVectorField;
    location    "1823.5/air";
    object      U;
}
// * * * * * * * * * * * * * * * * * * * * * * * * * * * * * * * * * * * * * //

dimensions      [0 1 -1 0 0 0 0];


internalField   nonuniform List<vector> 
2228
(
(0.000279496 -0.000273065 0)
(0.000854563 -0.000125364 0)
(0.000871663 0.000130639 0)
(0.000291558 0.000275762 0)
(0.000215486 -0.000909321 0)
(0.000859322 -0.000548088 0)
(0.00093344 0.000494907 0)
(0.000265513 0.000938191 0)
(0.000119417 -0.00134676 0)
(0.000537357 -0.000869148 0)
(0.000606978 0.000769932 0)
(0.000156016 0.00143383 0)
(5.76259e-05 -0.00159198 0)
(0.000286179 -0.00106373 0)
(0.000337742 0.000935684 0)
(8.07073e-05 0.00172631 0)
(1.8776e-05 -0.00170689 0)
(0.000135105 -0.00117594 0)
(0.000187327 0.00101459 0)
(4.60119e-05 0.00188021 0)
(-1.32577e-05 -0.0017446 0)
(4.81774e-05 -0.00125816 0)
(0.000132543 0.00103868 0)
(3.99666e-05 0.00197643 0)
(-4.77161e-05 -0.00172804 0)
(-5.31332e-06 -0.00135487 0)
(0.000150288 0.00102414 0)
(5.67431e-05 0.00207389 0)
(-9.56726e-05 -0.00165663 0)
(-4.83501e-05 -0.00151185 0)
(0.000235493 0.000970265 0)
(9.82577e-05 0.00222142 0)
(-0.000169945 -0.0015119 0)
(-0.000100536 -0.00178607 0)
(0.000398434 0.000862394 0)
(0.00017334 0.00247553 0)
(-0.00028279 -0.00125556 0)
(-0.000188467 -0.00225212 0)
(0.000649308 0.000668756 0)
(0.000295183 0.00290905 0)
(-0.000442616 -0.000826939 0)
(-0.000365818 -0.00299815 0)
(0.000965 0.000329448 0)
(0.000474587 0.00360496 0)
(-0.000646556 -0.000133295 0)
(-0.000727995 -0.00408997 0)
(0.00123426 -0.000288358 0)
(0.000704867 0.00461239 0)
(-0.000889697 0.00100614 0)
(-0.00136045 -0.00543396 0)
(0.00114172 -0.00142773 0)
(0.000931936 0.00583028 0)
(-0.00112179 0.00263778 0)
(-0.0020218 -0.00660203 0)
(0.000119652 -0.00326087 0)
(0.000953052 0.00688818 0)
(-0.000976127 0.00474457 0)
(-0.00152545 -0.00696428 0)
(-0.00153687 -0.00494588 0)
(0.00042699 0.0072519 0)
(0.00115881 0.00229359 0)
(0.00248419 -0.00594491 0)
(-0.000542553 -0.00541173 0)
(-0.000473343 0.00722566 0)
(-0.000291754 0.000276011 0)
(-0.000872249 0.000130832 0)
(-0.000855377 -0.000125339 0)
(-0.000279806 -0.000273326 0)
(-0.00026546 0.000938638 0)
(-0.000933508 0.000495416 0)
(-0.000860102 -0.000548168 0)
(-0.000215842 -0.000910392 0)
(-0.000155366 0.00143371 0)
(-0.000605604 0.000771048 0)
(-0.00053788 -0.000868343 0)
(-0.000119989 -0.00134871 0)
(-7.89551e-05 0.0017239 0)
(-0.00033337 0.000937787 0)
(-0.000286374 -0.00106031 0)
(-5.89122e-05 -0.00159541 0)
(-4.19919e-05 0.00187197 0)
(-0.000176684 0.00101837 0)
(-0.000134579 -0.00116621 0)
(-2.18388e-05 -0.00171294 0)
(-3.12299e-05 0.00195538 0)
(-0.000108513 0.00104491 0)
(-4.53266e-05 -0.00123545 0)
(6.62302e-06 -0.00175394 0)
(-3.9022e-05 0.00202611 0)
(-0.000100569 0.00103333 0)
(1.57004e-05 -0.00130598 0)
(3.66867e-05 -0.00174139 0)
(-6.44003e-05 0.00212038 0)
(-0.000139558 0.000981916 0)
(7.50983e-05 -0.00141193 0)
(7.88371e-05 -0.00167354 0)
(-0.000113025 0.00227582 0)
(-0.00023092 0.00087321 0)
(0.000155518 -0.00159391 0)
(0.000148328 -0.00152616 0)
(-0.000198272 0.00254688 0)
(-0.000398161 0.000674575 0)
(0.00027014 -0.00191172 0)
(0.000263256 -0.0012499 0)
(-0.000339555 0.00302072 0)
(-0.000685426 0.000342223 0)
(0.000378803 -0.00246687 0)
(0.000432758 -0.000790667 0)
(-0.000553487 0.00382978 0)
(-0.00116903 -0.000142419 0)
(0.000234751 -0.00339085 0)
(0.000596934 -0.000178896 0)
(-0.000832105 0.00514406 0)
(-0.00198156 -0.000598788 0)
(-0.000733864 -0.00464634 0)
(0.000525259 0.000246998 0)
(-0.00102858 0.0069845 0)
(-0.00297272 -0.000537768 0)
(-0.0028067 -0.0059952 0)
(-0.000285 -0.000108026 0)
(-0.000438213 0.00868792 0)
(-0.00260197 0.000349156 0)
(-0.00429987 -0.0074242 0)
(-0.00178819 -0.00315749 0)
(0.00212416 0.0085595 0)
(0.00211545 0.00373329 0)
(-0.00230428 -0.00634225 0)
(-0.00247567 -0.00817655 0)
(0.0457394 0.0383006 0)
(0.0457067 0.0312604 0)
(0.0375616 0.0231599 0)
(0.0303103 0.0161222 0)
(0.0665619 0.0276113 0)
(0.0679026 0.0261549 0)
(0.066886 0.0237453 0)
(0.0646828 0.0211699 0)
(0.0742236 0.026978 0)
(0.074541 0.0273208 0)
(0.074316 0.0272285 0)
(0.0733716 0.0269103 0)
(0.0732389 0.02801 0)
(0.0734903 0.0291765 0)
(0.0735143 0.0301077 0)
(0.0732431 0.0309004 0)
(0.0626455 0.0254143 0)
(0.0636453 0.0270448 0)
(0.0645524 0.0286556 0)
(0.0653302 0.0302446 0)
(0.0471378 0.0198046 0)
(0.0486954 0.0215938 0)
(0.0502364 0.0234763 0)
(0.05174 0.0254164 0)
(0.0324642 0.0132658 0)
(0.034019 0.0149193 0)
(0.0356084 0.0167 0)
(0.0372243 0.0185783 0)
(0.0195825 0.00774225 0)
(0.0210117 0.00914526 0)
(0.0224649 0.0106594 0)
(0.0239551 0.0122675 0)
(0.00596932 0.00210726 0)
(0.00751456 0.00343122 0)
(0.00902453 0.0048418 0)
(0.0105472 0.00631712 0)
(-0.00938637 -0.00400936 0)
(-0.00792773 -0.00280163 0)
(-0.00640135 -0.00147335 0)
(-0.0048065 -6.14123e-05 0)
(-0.0229653 -0.00898626 0)
(-0.0221573 -0.00826789 0)
(-0.0212379 -0.00743118 0)
(-0.0201566 -0.00646285 0)
(-0.0271996 -0.00960556 0)
(-0.0275888 -0.00958771 0)
(-0.0278737 -0.00947706 0)
(-0.0280043 -0.00926646 0)
(-0.017924 -0.0052924 0)
(-0.0189479 -0.00558068 0)
(-0.0199857 -0.00590187 0)
(-0.0210182 -0.00624619 0)
(-0.00493221 -0.00213045 0)
(-0.00530956 -0.00173085 0)
(-0.00577244 -0.00150394 0)
(-0.00630622 -0.00147305 0)
(0.000406813 -0.00235185 0)
(0.000242868 -0.00197536 0)
(9.52473e-05 -0.00167517 0)
(3.68284e-06 -0.00159225 0)
(0.00341302 -0.000535399 0)
(0.00298444 -0.000516102 0)
(0.00274986 -0.000667992 0)
(0.0027401 -0.00124483 0)
(0.00440505 0.00174657 0)
(0.00419051 0.000825044 0)
(0.00435474 -0.000632128 0)
(0.0047899 -0.00253328 0)
(0.00442452 0.00206261 0)
(0.00469938 -0.000305906 0)
(0.00502944 -0.00289277 0)
(0.00527698 -0.00506266 0)
(0.00631828 0.000827804 0)
(0.00587944 -0.00148696 0)
(0.00506533 -0.00309811 0)
(0.00398926 -0.00375495 0)
(0.00514155 0.00463991 0)
(0.00479208 0.00312353 0)
(0.0042118 0.00487866 0)
(0.00315202 0.00388985 0)
(0.0266258 0.00921596 0)
(0.0250789 0.00281202 0)
(0.0229868 -0.00258023 0)
(0.0212666 -0.00254568 0)
(0.0622287 0.0184235 0)
(0.0595885 0.0156675 0)
(0.0563693 0.012935 0)
(0.0525758 0.0106889 0)
(0.0718943 0.026407 0)
(0.070002 0.0257508 0)
(0.0677203 0.0250226 0)
(0.0650243 0.0242935 0)
(0.0726913 0.0315987 0)
(0.0718723 0.0322152 0)
(0.0707881 0.0327673 0)
(0.0694074 0.0332644 0)
(0.0659544 0.0318117 0)
(0.0664078 0.0333507 0)
(0.0666806 0.0348535 0)
(0.0667425 0.0363068 0)
(0.0532006 0.0274023 0)
(0.0546059 0.0294261 0)
(0.0559423 0.0314781 0)
(0.057184 0.0335408 0)
(0.0388809 0.0205467 0)
(0.0405769 0.022601 0)
(0.042302 0.0247359 0)
(0.0440451 0.026944 0)
(0.0255006 0.0139678 0)
(0.0271065 0.0157603 0)
(0.0287722 0.0176447 0)
(0.0305049 0.019624 0)
(0.0121011 0.00785069 0)
(0.0136877 0.00944043 0)
(0.0153101 0.011088 0)
(0.0169828 0.0127998 0)
(-0.00315288 0.00141335 0)
(-0.00144642 0.00293706 0)
(0.000303305 0.004492 0)
(0.00207478 0.00605898 0)
(-0.0189233 -0.00537439 0)
(-0.0175385 -0.00417621 0)
(-0.0160041 -0.00288019 0)
(-0.014337 -0.00150316 0)
(-0.027969 -0.00895672 0)
(-0.0277522 -0.00854628 0)
(-0.0273376 -0.00803029 0)
(-0.0267113 -0.00740205 0)
(-0.0220065 -0.00659877 0)
(-0.0229188 -0.00694506 0)
(-0.0237245 -0.00726897 0)
(-0.0243976 -0.00755405 0)
(-0.00688202 -0.00162521 0)
(-0.00746635 -0.00191731 0)
(-0.00803254 -0.00229659 0)
(-0.0085678 -0.00271725 0)
(6.39017e-06 -0.00178115 0)
(0.000139112 -0.00221046 0)
(0.00040876 -0.00278252 0)
(0.000796901 -0.00336763 0)
(0.00297975 -0.00226249 0)
(0.00342698 -0.00355338 0)
(0.00399885 -0.00487149 0)
(0.00460691 -0.00600196 0)
(0.00535972 -0.00453952 0)
(0.00591677 -0.00630027 0)
(0.00634209 -0.00758584 0)
(0.00657108 -0.0083153 0)
(0.00529263 -0.00651262 0)
(0.0049792 -0.00716449 0)
(0.00434456 -0.00713308 0)
(0.0034611 -0.00663491 0)
(0.00277347 -0.00353007 0)
(0.00140858 -0.00260836 0)
(4.77999e-05 -0.00140736 0)
(-0.00112591 -0.000735065 0)
(0.00296119 0.00152514 0)
(0.0036649 0.000465569 0)
(0.0025312 0.00679541 0)
(0.000150668 0.00548937 0)
(0.0217107 -0.00329951 0)
(0.0218664 -0.00387958 0)
(0.021639 -0.00408233 0)
(0.0496332 0.00916167 0)
(0.047623 0.00820839 0)
(0.0457 0.00748048 0)
(0.0626925 0.0237583 0)
(0.0608899 0.0233963 0)
(0.0590796 0.0230924 0)
(0.0681424 0.0336361 0)
(0.0671121 0.0338907 0)
(0.0660363 0.0341328 0)
(0.0666563 0.0374218 0)
(0.0665063 0.0382035 0)
(0.0663038 0.0389573 0)
(0.0580862 0.0351603 0)
(0.0586889 0.0363244 0)
(0.0592594 0.0374764 0)
(0.0454125 0.028713 0)
(0.0464011 0.0300138 0)
(0.047387 0.0313289 0)
(0.0319017 0.0212311 0)
(0.032939 0.0224299 0)
(0.0340003 0.0236579 0)
(0.0183278 0.0141854 0)
(0.0193248 0.015216 0)
(0.0203453 0.0162712 0)
(0.0034924 0.00730925 0)
(0.00453235 0.00822482 0)
(0.00558725 0.00915312 0)
(-0.012957 -0.000370675 0)
(-0.011925 0.000470631 0)
(-0.0108625 0.00133319 0)
(-0.0260736 -0.00682174 0)
(-0.0255254 -0.00635624 0)
(-0.0249106 -0.00585894 0)
(-0.0248266 -0.00773739 0)
(-0.0250715 -0.00784617 0)
(-0.0252668 -0.00793934 0)
(-0.00896952 -0.0030555 0)
(-0.00925321 -0.00330021 0)
(-0.00953394 -0.00354368 0)
(0.00115561 -0.00373727 0)
(0.00142686 -0.00394457 0)
(0.00169863 -0.00408264 0)
(0.00506649 -0.00664801 0)
(0.00538364 -0.00697534 0)
(0.00567772 -0.0071823 0)
(0.0066026 -0.00851257 0)
(0.00654958 -0.00847659 0)
(0.00644219 -0.0083227 0)
(0.00267769 -0.00604502 0)
(0.00209207 -0.0055721 0)
(0.00150063 -0.0050937 0)
(-0.00196025 -0.000567231 0)
(-0.00259614 -0.000477202 0)
(-0.00322587 -0.000438712 0)
(-0.000462026 -0.00131657 0)
(0.000232428 -0.000458485 0)
(0.000883998 -0.000265429 0)
(0.0213404 -0.00379912 0)
(0.0213115 -0.0034831 0)
(0.0211989 -0.00321862 0)
(0.0442952 0.00704344 0)
(0.0436965 0.0068187 0)
(0.0430092 0.00668789 0)
(0.0577319 0.0228869 0)
(0.0570801 0.0227656 0)
(0.0563753 0.0226816 0)
(0.065225 0.0343014 0)
(0.064817 0.0343851 0)
(0.0643805 0.0344686 0)
(0.066111 0.0394682 0)
(0.0660134 0.0397251 0)
(0.0658963 0.0399784 0)
(0.0596083 0.038256 0)
(0.059792 0.0386518 0)
(0.059963 0.0390486 0)
(0.0480458 0.0322257 0)
(0.0483903 0.0326895 0)
(0.0487317 0.0331574 0)
(0.0347203 0.0245033 0)
(0.0351022 0.0249464 0)
(0.0354862 0.0253949 0)
(0.0210432 0.0170022 0)
(0.0214111 0.0173864 0)
(0.0217837 0.0177751 0)
(0.00630558 0.00979708 0)
(0.00668156 0.0101333 0)
(0.00706256 0.0104708 0)
(-0.0101293 0.00193096 0)
(-0.00974685 0.00224079 0)
(-0.00935563 0.00255222 0)
(-0.0244509 -0.00550194 0)
(-0.0242037 -0.00531163 0)
(-0.0239397 -0.00511226 0)
(-0.0253637 -0.00799229 0)
(-0.0254107 -0.00801536 0)
(-0.0254405 -0.0080281 0)
(-0.0097195 -0.00371472 0)
(-0.00982165 -0.00380595 0)
(-0.00991336 -0.0038913 0)
(0.00187857 -0.00413207 0)
(0.00196246 -0.00414963 0)
(0.0020536 -0.00415041 0)
(0.00587249 -0.00725934 0)
(0.00596417 -0.00728255 0)
(0.00606688 -0.00726942 0)
(0.00634479 -0.00817706 0)
(0.00627419 -0.00809154 0)
(0.00621557 -0.00796331 0)
(0.00112857 -0.00479819 0)
(0.0009364 -0.00465862 0)
(0.000756634 -0.00448596 0)
(-0.00354453 -0.000547708 0)
(-0.00369366 -0.000616173 0)
(-0.00383439 -0.000539763 0)
(0.00129963 -0.0011311 0)
(0.0014722 4.68773e-05 0)
(0.00130229 0.00352277 0)
(0.0211298 -0.00278813 0)
(0.0207842 -0.00186109 0)
(0.0205519 -0.000367882 0)
(0.0417864 0.00665103 0)
(0.039889 0.00700292 0)
(0.0382275 0.00780614 0)
(0.0550725 0.0226067 0)
(0.0530614 0.0226793 0)
(0.0511376 0.022921 0)
(0.0635566 0.0346212 0)
(0.062252 0.0348817 0)
(0.0609379 0.0351639 0)
(0.0656745 0.0404385 0)
(0.0652624 0.0411053 0)
(0.0648117 0.0417408 0)
(0.0602878 0.0397935 0)
(0.0607176 0.0408864 0)
(0.0611124 0.0419474 0)
(0.0493867 0.0340534 0)
(0.0503403 0.0353872 0)
(0.0512822 0.0367121 0)
(0.0362263 0.026262 0)
(0.0373314 0.0275674 0)
(0.0384505 0.0288863 0)
(0.0225033 0.0185249 0)
(0.0235864 0.0196595 0)
(0.0246918 0.0208166 0)
(0.00779462 0.0111156 0)
(0.0088927 0.0120928 0)
(0.0100071 0.0130916 0)
(-0.00860121 0.00314507 0)
(-0.00745326 0.00404769 0)
(-0.0062849 0.0049581 0)
(-0.0234261 -0.00472165 0)
(-0.0226123 -0.00410091 0)
(-0.0217334 -0.00343927 0)
(-0.0254902 -0.00804665 0)
(-0.0255179 -0.00804275 0)
(-0.0254848 -0.00799861 0)
(-0.0101064 -0.00406174 0)
(-0.0103914 -0.00431312 0)
(-0.0106864 -0.00457037 0)
(0.00221674 -0.00413941 0)
(0.00244664 -0.00407196 0)
(0.00264618 -0.00394671 0)
(0.00623645 -0.00721122 0)
(0.00645982 -0.00705672 0)
(0.00665127 -0.00681869 0)
(0.00608231 -0.00769377 0)
(0.00588515 -0.00727676 0)
(0.00567675 -0.00681616 0)
(0.000387924 -0.00417419 0)
(-0.000131191 -0.00376395 0)
(-0.0006231 -0.00336612 0)
(-0.00408487 -0.000471319 0)
(-0.00448567 -0.000613604 0)
(-0.00489981 -0.000706766 0)
(0.000506179 0.00558721 0)
(7.95468e-05 -0.000605576 0)
(0.000693796 0.000270408 0)
(0.0197037 0.00444505 0)
(0.0185028 0.0128332 0)
(0.0149464 0.0137894 0)
(0.00845995 0.00252157 0)
(0.0360949 0.0102482 0)
(0.0340382 0.0168865 0)
(0.0324428 0.025244 0)
(0.0295248 0.0298417 0)
(0.0485899 0.0237638 0)
(0.0457854 0.026365 0)
(0.0440148 0.0313269 0)
(0.0432221 0.0382267 0)
(0.0590975 0.0356189 0)
(0.0567967 0.0364875 0)
(0.05484 0.0380261 0)
(0.0535964 0.0408211 0)
(0.0640901 0.0425303 0)
(0.0630278 0.0434324 0)
(0.0618819 0.0442326 0)
(0.0607877 0.0450882 0)
(0.0615656 0.0433226 0)
(0.0619943 0.0449394 0)
(0.0622476 0.0463477 0)
(0.0623253 0.0475116 0)
(0.0525501 0.0385088 0)
(0.0540948 0.0407347 0)
(0.0555325 0.0428404 0)
(0.0568314 0.0447741 0)
(0.0400164 0.0307309 0)
(0.0420298 0.0331068 0)
(0.0440409 0.0354796 0)
(0.0460236 0.0378156 0)
(0.0262596 0.0224608 0)
(0.0283189 0.0246328 0)
(0.0304389 0.0268728 0)
(0.0326073 0.0291665 0)
(0.0115789 0.0145065 0)
(0.0136442 0.0163835 0)
(0.0157761 0.0183384 0)
(0.017972 0.0203736 0)
(-0.00463294 0.0062263 0)
(-0.00245341 0.0078936 0)
(-0.000207348 0.00962451 0)
(0.00209814 0.0114265 0)
(-0.0204165 -0.00246544 0)
(-0.0185798 -0.00112245 0)
(-0.016565 0.000340194 0)
(-0.0143925 0.00192375 0)
(-0.0253282 -0.00786271 0)
(-0.0249517 -0.00756449 0)
(-0.0243346 -0.00709985 0)
(-0.0234652 -0.00644816 0)
(-0.0111121 -0.00494078 0)
(-0.0116798 -0.00543047 0)
(-0.0122567 -0.00596162 0)
(-0.0128035 -0.00652829 0)
(0.00287855 -0.00370834 0)
(0.0030608 -0.00332597 0)
(0.00309736 -0.00294396 0)
(0.00297985 -0.00265705 0)
(0.00687114 -0.00638844 0)
(0.00707168 -0.0057404 0)
(0.00721463 -0.00506672 0)
(0.00731538 -0.00443895 0)
(0.00539056 -0.00613941 0)
(0.00505651 -0.00528365 0)
(0.00475558 -0.00450919 0)
(0.00448923 -0.00387067 0)
(-0.00126763 -0.00285424 0)
(-0.00198218 -0.0023134 0)
(-0.00256332 -0.00192155 0)
(-0.00302017 -0.00164187 0)
(-0.00560181 -0.000779388 0)
(-0.00662659 -0.000799064 0)
(-0.00742342 -0.000813588 0)
(-0.00790598 -0.00106052 0)
(0.00121318 0.00294726 0)
(0.00101518 0.00477864 0)
(-0.000518028 0.00699406 0)
(-0.00299502 0.00664919 0)
(0.00259495 0.00621986 0)
(-0.00184851 0.0220687 0)
(-0.0145303 0.0356609 0)
(-0.0250375 0.0493676 0)
(0.0240528 0.0330646 0)
(0.0187848 0.0404814 0)
(0.0137302 0.0511175 0)
(0.00579915 0.0607123 0)
(0.0425216 0.0453453 0)
(0.0416749 0.0522993 0)
(0.0416639 0.0592165 0)
(0.0417548 0.0652753 0)
(0.0532609 0.0449603 0)
(0.0536813 0.0499575 0)
(0.0546977 0.0551632 0)
(0.0567108 0.060294 0)
(0.0599763 0.0462603 0)
(0.0596436 0.0479197 0)
(0.0598438 0.0500434 0)
(0.0606565 0.0526225 0)
(0.0622795 0.0484526 0)
(0.0621963 0.0492486 0)
(0.0621897 0.0499994 0)
(0.062278 0.0508022 0)
(0.0579668 0.0464824 0)
(0.0589315 0.0479314 0)
(0.0597176 0.0491027 0)
(0.0604097 0.0501026 0)
(0.0479438 0.0400691 0)
(0.0497761 0.042195 0)
(0.051458 0.044122 0)
(0.0530778 0.0459464 0)
(0.0348041 0.0314915 0)
(0.0370118 0.0338229 0)
(0.0391872 0.0361083 0)
(0.0413478 0.0383917 0)
(0.0202269 0.0224869 0)
(0.0225331 0.0246721 0)
(0.0248839 0.0269104 0)
(0.0272245 0.0291885 0)
(0.0044556 0.0133028 0)
(0.00685835 0.015257 0)
(0.00930661 0.0172899 0)
(0.0117298 0.0193992 0)
(-0.0120768 0.00363132 0)
(-0.00964711 0.00546335 0)
(-0.00715445 0.00741148 0)
(-0.00453055 0.00951452 0)
(-0.0223094 -0.00558393 0)
(-0.0208536 -0.00448163 0)
(-0.0191362 -0.00313122 0)
(-0.0171758 -0.00154102 0)
(-0.013265 -0.00710932 0)
(-0.0135968 -0.00766524 0)
(-0.0137881 -0.00811978 0)
(-0.0137358 -0.0082977 0)
(0.00271503 -0.00255873 0)
(0.00231923 -0.00272461 0)
(0.00180562 -0.00317886 0)
(0.001204 -0.00383748 0)
(0.00737692 -0.00391629 0)
(0.00739272 -0.00354692 0)
(0.00734978 -0.00337085 0)
(0.00724428 -0.00342294 0)
(0.00426483 -0.00340181 0)
(0.00408373 -0.00311836 0)
(0.00394069 -0.00300937 0)
(0.00381846 -0.00303761 0)
(-0.00338161 -0.00147025 0)
(-0.00365638 -0.00145537 0)
(-0.00385287 -0.0015373 0)
(-0.00402143 -0.00162623 0)
(-0.0085785 -0.00151913 0)
(-0.00934644 -0.00201056 0)
(-0.00980334 -0.00247724 0)
(-0.0101673 -0.0028481 0)
(-0.00447957 0.00495786 0)
(-0.00501321 0.00249558 0)
(-0.00519173 0.000563712 0)
(-0.00540247 0.00267617 0)
(-0.00433645 -3.40502e-06 0)
(-0.00422056 -7.30609e-06 0)
(-0.0041178 -1.24571e-05 0)
(-0.00400631 -1.62055e-05 0)
(-0.00391049 -1.81876e-05 0)
(-0.00389263 -1.05707e-05 0)
(-0.00411005 9.53273e-06 0)
(-0.00461031 1.96561e-05 0)
(-0.00517027 8.97048e-06 0)
(-0.00547938 4.72487e-07 0)
(-0.00506469 -3.27926e-05 0)
(-0.00350918 -9.87299e-05 0)
(-0.00144819 -9.61091e-05 0)
(-0.000372393 -5.74614e-05 0)
(-0.00276009 0.000116407 0)
(-0.0105821 0.000586416 0)
(-0.0190195 0.000757391 0)
(-0.0160816 -0.000309689 0)
(0.00802437 -0.00142718 0)
(0.0196489 0.00230792 0)
(-0.00676065 -2.11692e-05 0)
(-0.00658804 -3.37221e-05 0)
(-0.00655223 -3.44913e-05 0)
(-0.00664113 -2.91455e-05 0)
(-0.00688536 -1.4996e-05 0)
(-0.00731514 4.06593e-05 0)
(-0.00812283 0.000151858 0)
(-0.00945446 0.000223703 0)
(-0.0109855 0.000172016 0)
(-0.0118844 8.84477e-06 0)
(-0.011089 -0.000344888 0)
(-0.00820265 -0.000724131 0)
(-0.00468249 -0.000589067 0)
(-0.0041969 0.000304802 0)
(-0.0130058 0.00194334 0)
(-0.02836 0.00297224 0)
(-0.0360999 0.00111439 0)
(-0.0255654 -0.00423543 0)
(0.00303626 -0.0083472 0)
(0.0314708 0.00581764 0)
(-0.00457707 -3.71951e-05 0)
(-0.00445706 -3.94964e-05 0)
(-0.00463339 6.68027e-07 0)
(-0.00514916 5.52138e-05 0)
(-0.00604248 0.000115797 0)
(-0.00724908 0.000230867 0)
(-0.00883417 0.000441448 0)
(-0.0109682 0.000593352 0)
(-0.013342 0.000477896 0)
(-0.0148273 5.60985e-05 0)
(-0.0142027 -0.000737831 0)
(-0.0114156 -0.00143874 0)
(-0.00841069 -0.00088645 0)
(-0.0102846 0.00151718 0)
(-0.0228211 0.00454035 0)
(-0.0374069 0.00496145 0)
(-0.0398392 0.000608165 0)
(-0.0276141 -0.00814589 0)
(-0.00262586 -0.015857 0)
(0.0341592 0.00974407 0)
(0.000925202 -4.27191e-05 0)
(0.000942039 -1.23284e-05 0)
(0.000516486 0.000112394 0)
(-0.000489214 0.000267869 0)
(-0.00215193 0.000419622 0)
(-0.00433774 0.000603875 0)
(-0.00688779 0.000897131 0)
(-0.00986554 0.00112481 0)
(-0.0130582 0.000934494 0)
(-0.0153322 0.000218365 0)
(-0.0155551 -0.00100817 0)
(-0.0139384 -0.00193941 0)
(-0.0124802 -0.000755678 0)
(-0.0163515 0.00317847 0)
(-0.0288441 0.00699528 0)
(-0.0389213 0.00620165 0)
(-0.0369907 -0.000274383 0)
(-0.0261792 -0.0114441 0)
(-0.00535936 -0.0230751 0)
(0.0338184 0.0135118 0)
(0.00873676 -3.5784e-05 0)
(0.0086433 5.3024e-05 0)
(0.00800137 0.000296239 0)
(0.00656107 0.000605226 0)
(0.00418522 0.000907019 0)
(0.000988094 0.00118716 0)
(-0.0026779 0.00154155 0)
(-0.00659759 0.00182368 0)
(-0.0106594 0.00157311 0)
(-0.0139863 0.000599936 0)
(-0.0156169 -0.000990116 0)
(-0.0157665 -0.00208226 0)
(-0.0159784 -0.000309664 0)
(-0.0205245 0.00478287 0)
(-0.0305559 0.00880381 0)
(-0.0354523 0.00661079 0)
(-0.0308901 -0.00137205 0)
(-0.022633 -0.0140144 0)
(-0.00634707 -0.0296658 0)
(0.0322603 0.0167948 0)
(0.0180046 -2.16976e-05 0)
(0.0178345 0.000146584 0)
(0.0170372 0.000534457 0)
(0.0152811 0.00104174 0)
(0.0123538 0.00155209 0)
(0.00829425 0.00198494 0)
(0.00350629 0.00239688 0)
(-0.00147898 0.00270469 0)
(-0.00647175 0.00242182 0)
(-0.0110082 0.00126634 0)
(-0.0143504 -0.000607345 0)
(-0.0164695 -0.00186923 0)
(-0.0180243 0.000265667 0)
(-0.0221073 0.00601639 0)
(-0.0287878 0.00981821 0)
(-0.0292139 0.00636747 0)
(-0.0233634 -0.00237838 0)
(-0.0179245 -0.0158023 0)
(-0.00623875 -0.0354288 0)
(0.0300536 0.019635 0)
(0.0280462 -3.27584e-06 0)
(0.0278332 0.000255386 0)
(0.0269469 0.000806626 0)
(0.0250044 0.00154399 0)
(0.0217264 0.00231261 0)
(0.0170561 0.00296324 0)
(0.0113325 0.00347205 0)
(0.0052491 0.00378343 0)
(-0.000732698 0.00348767 0)
(-0.00646487 0.0022348 0)
(-0.0115545 0.00015873 0)
(-0.0156561 -0.00133268 0)
(-0.0182598 0.000853566 0)
(-0.02128 0.00677278 0)
(-0.024746 0.0101176 0)
(-0.0219687 0.00569617 0)
(-0.0159143 -0.00324782 0)
(-0.0128116 -0.0168677 0)
(-0.0053663 -0.0402564 0)
(0.0274212 0.0221426 0)
(0.0383441 1.79458e-05 0)
(0.0381117 0.000371983 0)
(0.0371906 0.00109575 0)
(0.03517 0.00208141 0)
(0.0317247 0.00314203 0)
(0.026714 0.00406589 0)
(0.0203582 0.004734 0)
(0.0133328 0.00506969 0)
(0.00634336 0.00476241 0)
(-0.0004584 0.00348537 0)
(-0.00708407 0.00129435 0)
(-0.0131242 -0.000494392 0)
(-0.0167836 0.00139156 0)
(-0.0186247 0.00708283 0)
(-0.0195273 0.00988858 0)
(-0.0149581 0.00481522 0)
(-0.00971626 -0.00403553 0)
(-0.00786252 -0.017372 0)
(-0.00395951 -0.0441253 0)
(0.0244793 0.0243777 0)
(0.0485264 3.94556e-05 0)
(0.0482893 0.000490194 0)
(0.0473713 0.00138914 0)
(0.0453508 0.00263028 0)
(0.0418772 0.00400022 0)
(0.0367544 0.00523447 0)
(0.0300869 0.0061255 0)
(0.0224217 0.00653667 0)
(0.0145441 0.00623089 0)
(0.00679726 0.00496087 0)
(-0.000981632 0.00277153 0)
(-0.00877968 0.000649999 0)
(-0.0138383 0.0019132 0)
(-0.0148022 0.0070467 0)
(-0.0139079 0.00934332 0)
(-0.00871805 0.00394736 0)
(-0.00511907 -0.00473468 0)
(-0.00341168 -0.0175087 0)
(-0.00217638 -0.0470635 0)
(0.0212887 0.0263673 0)
(0.0583328 5.93109e-05 0)
(0.0581006 0.000606082 0)
(0.0572113 0.00167813 0)
(0.0552432 0.0031738 0)
(0.0518359 0.00485734 0)
(0.046765 0.00642005 0)
(0.0400528 0.00758133 0)
(0.0320911 0.00813244 0)
(0.02359 0.00786228 0)
(0.0150587 0.00661184 0)
(0.00645467 0.00448882 0)
(-0.00257927 0.0021425 0)
(-0.00952602 0.00253577 0)
(-0.0103637 0.00679849 0)
(-0.00834056 0.00865249 0)
(-0.00317451 0.00325596 0)
(-0.0015836 -0.00526848 0)
(0.000456915 -0.0175677 0)
(-0.000113533 -0.0490812 0)
(0.0178668 0.0281067 0)
(0.0675795 7.76105e-05 0)
(0.0673589 0.000716938 0)
(0.0665162 0.00195657 0)
(0.0646362 0.00370054 0)
(0.0613573 0.0056932 0)
(0.0564455 0.00758726 0)
(0.049878 0.00904458 0)
(0.0419194 0.0097916 0)
(0.0331283 0.00960853 0)
(0.0240567 0.00839948 0)
(0.0148493 0.00633945 0)
(0.00522109 0.00394565 0)
(-0.00365324 0.00341688 0)
(-0.00558321 0.00651704 0)
(-0.00305403 0.00793127 0)
(0.00183252 0.00274455 0)
(0.00173657 -0.00552208 0)
(0.00389661 -0.0178974 0)
(0.00218034 -0.0501595 0)
(0.0142493 0.0296325 0)
(0.0761271 9.41521e-05 0)
(0.0759235 0.000820495 0)
(0.0751418 0.00221975 0)
(0.0733771 0.00420254 0)
(0.0702703 0.00649446 0)
(0.065587 0.00871293 0)
(0.0592857 0.0104736 0)
(0.0515501 0.0114527 0)
(0.0427855 0.0114084 0)
(0.0334791 0.0102741 0)
(0.0239039 0.00828217 0)
(0.0139983 0.00591349 0)
(0.00404732 0.00468892 0)
(-0.000221339 0.00641607 0)
(0.00201046 0.00721015 0)
(0.00616231 0.00243159 0)
(0.00528096 -0.00563509 0)
(0.00731977 -0.0180163 0)
(0.0046737 -0.0505201 0)
(0.0104904 0.0309839 0)
(0.0838557 0.000108683 0)
(0.0836741 0.000914708 0)
(0.0829674 0.00246363 0)
(0.0813427 0.00467343 0)
(0.0784445 0.00725167 0)
(0.0740403 0.00978208 0)
(0.0680832 0.0118412 0)
(0.0607145 0.013068 0)
(0.0522258 0.0132007 0)
(0.0429921 0.0121788 0)
(0.03332 0.0102639 0)
(0.0233649 0.00796045 0)
(0.0131456 0.00630033 0)
(0.00649721 0.00670043 0)
(0.00714306 0.0066007 0)
(0.0101859 0.00222036 0)
(0.00920091 -0.0056803 0)
(0.01098 -0.0180839 0)
(0.00742526 -0.0500827 0)
(0.00664765 0.0321948 0)
(0.090646 0.000120874 0)
(0.090492 0.00099737 0)
(0.0898754 0.00268414 0)
(0.0884178 0.00510714 0)
(0.0857657 0.0079566 0)
(0.0816872 0.0107838 0)
(0.0761327 0.0131296 0)
(0.0692235 0.014605 0)
(0.0611835 0.0149349 0)
(0.0522825 0.0140566 0)
(0.0427909 0.0122331 0)
(0.0329915 0.00999495 0)
(0.0230056 0.00809146 0)
(0.0149066 0.00743235 0)
(0.013134 0.00635294 0)
(0.0145973 0.00212218 0)
(0.0137916 -0.00569111 0)
(0.0150879 -0.0180316 0)
(0.0104768 -0.0488448 0)
(0.00278699 0.0332987 0)
(0.0963652 0.000130194 0)
(0.0962453 0.00106603 0)
(0.0957373 0.00287649 0)
(0.0944792 0.0054967 0)
(0.0921179 0.00860041 0)
(0.0884178 0.0117077 0)
(0.083323 0.0143258 0)
(0.0769425 0.0160417 0)
(0.0694657 0.0165741 0)
(0.0610898 0.0158581 0)
(0.0520246 0.0141428 0)
(0.042584 0.0119573 0)
(0.0330912 0.00992034 0)
(0.0245931 0.00852437 0)
(0.0206443 0.00656635 0)
(0.0202011 0.0022004 0)
(0.0193848 -0.00563519 0)
(0.019793 -0.0177727 0)
(0.0138663 -0.0467806 0)
(-0.00101325 0.0343335 0)
(0.100857 0.000136031 0)
(0.100779 0.00111757 0)
(0.100403 0.00303491 0)
(0.099385 0.0058336 0)
(0.0973711 0.00917234 0)
(0.0941157 0.0125421 0)
(0.0895488 0.0154173 0)
(0.0837646 0.0173625 0)
(0.0769345 0.018093 0)
(0.069217 0.0175456 0)
(0.0607696 0.0159515 0)
(0.0518787 0.0138118 0)
(0.0430117 0.0116836 0)
(0.0348199 0.00980479 0)
(0.0296027 0.00716692 0)
(0.027407 0.00250414 0)
(0.0261376 -0.00542582 0)
(0.0251451 -0.0171963 0)
(0.0176238 -0.0438815 0)
(-0.00466461 0.0353589 0)
(0.103937 0.000137572 0)
(0.103912 0.00114842 0)
(0.103695 0.0031522 0)
(0.102967 0.00610676 0)
(0.101372 0.00965851 0)
(0.0986473 0.0132716 0)
(0.0946966 0.0163887 0)
(0.08959 0.0185515 0)
(0.083484 0.0194718 0)
(0.0765208 0.0190908 0)
(0.0688278 0.0176242 0)
(0.060647 0.0155317 0)
(0.0524925 0.0133229 0)
(0.0449394 0.0111154 0)
(0.0393431 0.00799848 0)
(0.0359395 0.00302576 0)
(0.0338832 -0.00497974 0)
(0.0310689 -0.0162236 0)
(0.0217766 -0.0401221 0)
(-0.00805062 0.0363969 0)
(0.105395 0.000133732 0)
(0.105433 0.00115464 0)
(0.105409 0.00322037 0)
(0.105032 0.00630273 0)
(0.103944 0.010041 0)
(0.101857 0.0138776 0)
(0.0986353 0.0172239 0)
(0.0943114 0.0195956 0)
(0.0890193 0.0206988 0)
(0.082894 0.0204787 0)
(0.0760529 0.0191398 0)
(0.0687029 0.0170989 0)
(0.0613348 0.0148151 0)
(0.0545296 0.0123608 0)
(0.0491087 0.00891719 0)
(0.045091 0.00370699 0)
(0.0421811 -0.00427298 0)
(0.0373913 -0.0148511 0)
(0.0263585 -0.0353883 0)
(-0.0111298 0.0376862 0)
(0.105011 0.000122958 0)
(0.105124 0.00113152 0)
(0.105327 0.00323228 0)
(0.105367 0.00640918 0)
(0.104885 0.0102974 0)
(0.103565 0.0143264 0)
(0.101214 0.0178823 0)
(0.0978036 0.020454 0)
(0.093434 0.0217361 0)
(0.0882335 0.0216747 0)
(0.0823232 0.0204647 0)
(0.0758924 0.0184843 0)
(0.0693797 0.0161413 0)
(0.0633495 0.0134934 0)
(0.058356 0.00982968 0)
(0.054152 0.00448248 0)
(0.0505021 -0.00336065 0)
(0.0439269 -0.0130747 0)
(0.0314231 -0.0295475 0)
(-0.0130854 0.0386775 0)
(0.102597 0.00010348 0)
(0.102796 0.00107031 0)
(0.103251 0.00317697 0)
(0.103753 0.00642604 0)
(0.103968 0.0104495 0)
(0.103564 0.0146617 0)
(0.102284 0.0184224 0)
(0.100004 0.0211922 0)
(0.096742 0.0226505 0)
(0.0925941 0.0227402 0)
(0.0876886 0.0216482 0)
(0.0822227 0.0197228 0)
(0.0765925 0.0173263 0)
(0.0713154 0.0145139 0)
(0.0667944 0.0106966 0)
(0.0625864 0.00531218 0)
(0.0583672 -0.00225837 0)
(0.0504752 -0.0106822 0)
(0.0369711 -0.0230187 0)
(-0.0180205 0.0420383 0)
(0.0912549 3.30817e-05 0)
(0.0916207 0.000741124 0)
(0.0925482 0.00259503 0)
(0.0938747 0.00569826 0)
(0.0953015 0.00975932 0)
(0.0965759 0.0142281 0)
(0.0975018 0.0184254 0)
(0.0979176 0.0217333 0)
(0.0976872 0.0237616 0)
(0.0967014 0.024397 0)
(0.0949174 0.0237648 0)
(0.0924197 0.0221362 0)
(0.0894655 0.0197972 0)
(0.0863783 0.0168368 0)
(0.0833336 0.0129825 0)
(0.0797428 0.00803605 0)
(0.0747695 0.00198812 0)
(0.0648272 -0.0033151 0)
(0.0514578 -0.0101974 0)
(0.0328153 0.0330603 0)
(0.0442677 -0.000159598 0)
(0.045193 0.000116916 0)
(0.0479395 0.00161183 0)
(0.0522411 0.00443498 0)
(0.0574111 0.00826907 0)
(0.0629332 0.0125641 0)
(0.0685031 0.0166762 0)
(0.0739551 0.0200716 0)
(0.0791155 0.0224372 0)
(0.0837164 0.0236442 0)
(0.087479 0.0236951 0)
(0.0902557 0.0226952 0)
(0.0920757 0.0208045 0)
(0.0930364 0.0181464 0)
(0.0930894 0.0147736 0)
(0.091835 0.0109097 0)
(0.0883866 0.00716356 0)
(0.0824336 0.00553517 0)
(0.0710801 0.00586854 0)
(0.0644894 0.0223415 0)
(0.0188046 -0.000968506 0)
(0.0218883 -0.00243982 0)
(0.0272649 -0.00219763 0)
(0.0321735 -2.80189e-05 0)
(0.0354515 0.00355608 0)
(0.0376917 0.00767536 0)
(0.040247 0.0114451 0)
(0.044275 0.0144747 0)
(0.0500011 0.0167541 0)
(0.0568119 0.0182827 0)
(0.0638232 0.0189772 0)
(0.070342 0.0187794 0)
(0.0759857 0.0177263 0)
(0.0805741 0.015945 0)
(0.083912 0.0136519 0)
(0.0857719 0.0113114 0)
(0.0855847 0.00964931 0)
(0.0836945 0.0102181 0)
(0.0784262 0.0130407 0)
(0.0748541 0.0227588 0)
(0.0126253 -0.00297208 0)
(0.019052 -0.00698019 0)
(0.0267646 -0.00679642 0)
(0.0319529 -0.00270532 0)
(0.0333607 0.00321833 0)
(0.0311536 0.00843237 0)
(0.0272482 0.011348 0)
(0.0247425 0.0121911 0)
(0.0256592 0.0122943 0)
(0.0298384 0.0124747 0)
(0.0359842 0.0126928 0)
(0.0428684 0.0126589 0)
(0.0496793 0.0121845 0)
(0.0559414 0.011268 0)
(0.0613165 0.0100911 0)
(0.0656266 0.00912537 0)
(0.0686093 0.00902658 0)
(0.0706466 0.0109793 0)
(0.0714133 0.0152334 0)
(0.0724365 0.0234496 0)
(0.0069046 -0.00706083 0)
(0.0183096 -0.0138329 0)
(0.0274643 -0.012361 0)
(0.0317072 -0.00516956 0)
(0.0316633 0.00412668 0)
(0.0278761 0.0121107 0)
(0.0210358 0.0158839 0)
(0.0139678 0.0150564 0)
(0.0101241 0.0121919 0)
(0.0104474 0.00981742 0)
(0.0136815 0.00838017 0)
(0.0184731 0.00752847 0)
(0.0239666 0.00687082 0)
(0.0296462 0.00623138 0)
(0.0351405 0.00564166 0)
(0.040288 0.00541703 0)
(0.0450032 0.00606864 0)
(0.0496222 0.00847536 0)
(0.0543114 0.0130865 0)
(0.0595077 0.020668 0)
(0.00267557 -0.0144263 0)
(0.018515 -0.0230689 0)
(0.0266724 -0.0178764 0)
(0.0286298 -0.00621941 0)
(0.0265316 0.00648035 0)
(0.0216479 0.0169838 0)
(0.0141511 0.0220462 0)
(0.00560968 0.0202406 0)
(-0.00025222 0.0146854 0)
(-0.00194732 0.00962634 0)
(-0.0010458 0.00646518 0)
(0.00160556 0.00461262 0)
(0.00546558 0.00334678 0)
(0.0101193 0.00235302 0)
(0.0150813 0.00159683 0)
(0.0200706 0.00134135 0)
(0.024987 0.00198588 0)
(0.030126 0.00411583 0)
(0.0357658 0.0082394 0)
(0.0427164 0.0151567 0)
(0.00150149 -0.0232729 0)
(0.0181597 -0.0315746 0)
(0.0225895 -0.0210469 0)
(0.0215078 -0.00498205 0)
(0.017798 0.0102532 0)
(0.0123924 0.0224323 0)
(0.00525399 0.0283227 0)
(-0.00281826 0.0256219 0)
(-0.00824634 0.0177157 0)
(-0.0101396 0.0104597 0)
(-0.00928391 0.00548648 0)
(-0.0061874 0.00203756 0)
(-0.00228096 -0.000229486 0)
(0.00125377 -0.0014066 0)
(0.00492059 -0.00222703 0)
(0.00882832 -0.00251819 0)
(0.0129564 -0.00198258 0)
(0.0173787 -0.000222471 0)
(0.0221074 0.00316631 0)
(0.028328 0.00912892 0)
(0.00187687 -0.0320435 0)
(0.0157228 -0.0369608 0)
(0.0152183 -0.020809 0)
(0.0117176 -0.00180301 0)
(0.00737262 0.0146525 0)
(0.00177947 0.0277239 0)
(-0.00464557 0.0339733 0)
(-0.011017 0.0300239 0)
(-0.014532 0.0200051 0)
(-0.014224 0.0103376 0)
(-0.0113037 0.00312504 0)
(-0.00874883 -0.000771039 0)
(-0.00799647 -0.00201576 0)
(-0.00687968 -0.00319319 0)
(-0.00501469 -0.00441745 0)
(-0.00240822 -0.00510163 0)
(0.000704361 -0.00495944 0)
(0.00458903 -0.00362998 0)
(0.00935476 -0.000774448 0)
(0.0155863 0.00423417 0)
(0.00345592 -0.0386359 0)
(0.011348 -0.0382934 0)
(0.00653295 -0.0178499 0)
(0.00217684 0.00216574 0)
(-0.00265966 0.0191135 0)
(-0.00867811 0.0328669 0)
(-0.0141255 0.0384554 0)
(-0.0180249 0.0325437 0)
(-0.018145 0.0201106 0)
(-0.0147226 0.00825645 0)
(-0.0120798 0.00140152 0)
(-0.0130995 -0.000256144 0)
(-0.014416 -0.00161933 0)
(-0.0147208 -0.00389501 0)
(-0.0142117 -0.00589058 0)
(-0.0130379 -0.00704811 0)
(-0.011399 -0.00741214 0)
(-0.00895204 -0.00693434 0)
(-0.00495761 -0.00510498 0)
(0.00151442 -0.00111229 0)
(0.00478235 -0.0413369 0)
(0.00574393 -0.0361551 0)
(-0.00107645 -0.0138044 0)
(-0.00556962 0.00606846 0)
(-0.0118219 0.0240511 0)
(-0.0180221 0.037635 0)
(-0.0219784 0.041139 0)
(-0.022499 0.0323658 0)
(-0.0186369 0.0175447 0)
(-0.0137172 0.00576734 0)
(-0.0132615 0.00190504 0)
(-0.0154932 0.00131313 0)
(-0.0171623 -0.000664496 0)
(-0.0183815 -0.00363472 0)
(-0.019229 -0.00617566 0)
(-0.0196982 -0.00760922 0)
(-0.0199028 -0.00837106 0)
(-0.0196414 -0.00894282 0)
(-0.0178771 -0.00875987 0)
(-0.0135288 -0.00670893 0)
(0.00164408 -0.0423945 0)
(-0.000476816 -0.0320783 0)
(-0.00678188 -0.00963605 0)
(-0.0127555 0.0110253 0)
(-0.019926 0.0295539 0)
(-0.0255263 0.0414483 0)
(-0.0270523 0.0414196 0)
(-0.0235807 0.029208 0)
(-0.0165157 0.0132262 0)
(-0.0116645 0.00405181 0)
(-0.0118677 0.00298718 0)
(-0.0131866 0.00280617 0)
(-0.0143526 0.000834792 0)
(-0.0154136 -0.00240372 0)
(-0.0170271 -0.00516787 0)
(-0.0194439 -0.00677239 0)
(-0.0215417 -0.00753552 0)
(-0.023445 -0.008673 0)
(-0.02479 -0.00989789 0)
(-0.0244896 -0.0100225 0)
(0.00264108 -0.041087 0)
(-0.0055676 -0.0270115 0)
(-0.0115715 -0.00453022 0)
(-0.0192085 0.0170241 0)
(-0.0263181 0.0347883 0)
(-0.0302562 0.0434912 0)
(-0.0285434 0.0389325 0)
(-0.0213642 0.0235386 0)
(-0.0127405 0.00818559 0)
(-0.00876431 0.00253851 0)
(-0.00842329 0.00313858 0)
(-0.00815205 0.00325002 0)
(-0.00781391 0.00194592 0)
(-0.0061997 -0.000767622 0)
(-0.00597413 -0.00259733 0)
(-0.0105069 -0.00436147 0)
(-0.0154522 -0.00516276 0)
(-0.0188303 -0.00635057 0)
(-0.0220226 -0.00785689 0)
(-0.0253804 -0.00911512 0)
(0.00247405 -0.0378878 0)
(-0.00948127 -0.0206963 0)
(-0.0157568 0.00174392 0)
(-0.0240223 0.0231071 0)
(-0.0299621 0.0387173 0)
(-0.0313674 0.0431646 0)
(-0.0263609 0.0338798 0)
(-0.0168816 0.0163899 0)
(-0.00900832 0.00333898 0)
(-0.00677498 0.00106573 0)
(-0.00622815 0.00242704 0)
(-0.0054563 0.00246187 0)
(-0.00457564 0.000743808 0)
(0.000187705 -0.00398596 0)
(0.00688181 -0.00162695 0)
(0.0068482 0.00168176 0)
(-0.00279179 -0.000626342 0)
(-0.00906851 -0.00353836 0)
(-0.0122196 -0.00497575 0)
(-0.0152058 -0.00508526 0)
(0.00339232 -0.032586 0)
(-0.0118401 -0.0129709 0)
(-0.0185149 0.00841476 0)
(-0.0261662 0.0281975 0)
(-0.0299729 0.0406041 0)
(-0.0285775 0.0404677 0)
(-0.0212741 0.0272493 0)
(-0.0119413 0.00944115 0)
(-0.00719812 7.42571e-05 0)
(-0.00669959 0.000335498 0)
(-0.00600057 0.00176361 0)
(-0.00454777 0.00138938 0)
(-0.0022414 -0.0019117 0)
(0.00485337 -0.0104619 0)
(0.0116631 -0.00853255 0)
(0.0176788 0.00241778 0)
(0.0144416 0.00773811 0)
(0.00337033 0.00232765 0)
(-0.00283086 -0.00341236 0)
(-0.00423368 -0.00371301 0)
(0.00310297 -0.0236782 0)
(-0.0136789 -0.00486379 0)
(-0.0193106 0.0144084 0)
(-0.025055 0.0315027 0)
(-0.0260784 0.0402378 0)
(-0.0223202 0.0361783 0)
(-0.0145471 0.0208527 0)
(-0.00797487 0.0047988 0)
(-0.00683623 -0.000985354 0)
(-0.00658472 -5.81075e-05 0)
(-0.00484178 0.000557651 0)
(-0.00164017 -0.00111364 0)
(0.00318816 -0.00628102 0)
(0.0104094 -0.015811 0)
(0.0147367 -0.0143695 0)
(0.0194721 -0.000708131 0)
(0.0211862 0.0109789 0)
(0.0141967 0.00998758 0)
(0.00555521 0.00185468 0)
(0.00134653 -0.00288017 0)
(0.00175917 -0.0139963 0)
(-0.0148695 0.00222347 0)
(-0.0180222 0.0185925 0)
(-0.0207641 0.0323712 0)
(-0.0186694 0.0377408 0)
(-0.0132609 0.0313692 0)
(-0.00653657 0.0163479 0)
(-0.00352875 0.00293127 0)
(-0.00446322 -0.00142472 0)
(-0.00390169 -0.00156666 0)
(-0.00123638 -0.00241145 0)
(0.00309106 -0.00547333 0)
(0.00879413 -0.0111118 0)
(0.013983 -0.0198407 0)
(0.0144617 -0.017426 0)
(0.0161919 -0.00230491 0)
(0.018626 0.0118798 0)
(0.016072 0.014209 0)
(0.0103653 0.00718486 0)
(0.00567146 0.00100517 0)
(-0.00774111 -0.00918602 0)
(-0.01604 0.00665198 0)
(-0.0148735 0.0204615 0)
(-0.0140679 0.0306777 0)
(-0.00854322 0.0336772 0)
(-0.0015621 0.0270425 0)
(0.00436253 0.014118 0)
(0.00545512 0.00323569 0)
(0.00374342 -0.00130003 0)
(0.00394058 -0.00306197 0)
(0.00661123 -0.0053355 0)
(0.0104728 -0.00905258 0)
(0.0138295 -0.0139147 0)
(0.0144696 -0.0203793 0)
(0.00923829 -0.016645 0)
(0.00863719 -0.00149917 0)
(0.0103363 0.0119699 0)
(0.0110669 0.0152748 0)
(0.00953864 0.0099373 0)
(0.00630475 0.0042793 0)
(0.00397211 -0.00292785 0)
(-0.0136387 0.00863115 0)
(-0.0103068 0.0193498 0)
(-0.00622819 0.0253508 0)
(0.00337512 0.0268859 0)
(0.0124859 0.021437 0)
(0.0185684 0.0120665 0)
(0.0202198 0.00338966 0)
(0.0196172 -0.000533437 0)
(0.019428 -0.00347466 0)
(0.0202767 -0.0069106 0)
(0.0203341 -0.0101145 0)
(0.017943 -0.0131341 0)
(0.0123765 -0.0166488 0)
(0.00122985 -0.0126767 0)
(-0.000989454 -2.04828e-05 0)
(0.000203239 0.0109575 0)
(0.00348057 0.0134362 0)
(0.00555661 0.0100922 0)
(0.00450264 0.00628705 0)
(-0.00888765 0.00454136 0)
(-0.0159309 0.0107759 0)
(-0.0067014 0.0191982 0)
(0.000297611 0.0188772 0)
(0.0149155 0.0195253 0)
(0.0272933 0.0170274 0)
(0.0344689 0.0120794 0)
(0.0380139 0.00274263 0)
(0.0394956 -0.00115038 0)
(0.0375325 -0.00469644 0)
(0.0336605 -0.00789011 0)
(0.0272675 -0.00745306 0)
(0.0182291 -0.00851846 0)
(0.00840918 -0.0096273 0)
(-0.00567802 -0.00768639 0)
(-0.0103707 0.000115514 0)
(-0.00766278 0.00937482 0)
(-0.00279742 0.010951 0)
(0.00248972 0.00920635 0)
(0.00550589 0.00628876 0)
(-0.0147969 0.00550667 0)
(-0.0122085 0.00139329 0)
(-0.0022006 0.00931803 0)
(0.00427296 -0.000202673 0)
(0.0239755 -0.000694548 0)
(0.0384128 0.00316941 0)
(0.0424395 0.00800463 0)
(0.0425804 -0.00133707 0)
(0.0421498 0.00256977 0)
(0.0364029 0.00214633 0)
(0.0311169 0.00144599 0)
(0.0218757 0.00625794 0)
(0.0105202 0.00356807 0)
(0.00341033 0.0020882 0)
(-0.00439775 0.00253463 0)
(-0.00812275 0.00267016 0)
(-0.00856039 0.00639847 0)
(-0.00463786 0.00211899 0)
(0.00263841 0.000611031 0)
(0.00590565 0.0042303 0)
(-0.0130258 0.00161084 0)
(-0.00858187 -0.000839449 0)
(0.00324059 -0.000116293 0)
(-0.00115822 4.37186e-05 0)
(0.000591473 -2.82897e-05 0)
(0.000639305 -2.74136e-05 0)
(0.0011861 -1.4141e-06 0)
(0.00116683 2.19106e-05 0)
(0.000754493 4.89598e-05 0)
(-0.000111547 6.02981e-05 0)
(-0.0012031 4.61741e-05 0)
(-0.00224579 1.54267e-05 0)
(-0.00328882 4.29649e-06 0)
(-0.00475921 3.19292e-05 0)
(-0.00677695 6.83177e-05 0)
(-0.00882277 8.10649e-05 0)
(-0.0103237 6.6569e-05 0)
(-0.011158 4.11505e-05 0)
(-0.0115129 1.80838e-05 0)
(-0.011605 2.4661e-06 0)
(-0.0212997 0.00460517 0)
(-0.0111105 -0.00416593 0)
(0.00315857 -0.000805116 0)
(-0.00332601 0.000315289 0)
(0.00020053 -0.000277481 0)
(0.000382861 -0.00015815 0)
(0.00157091 -9.60787e-05 0)
(0.00174349 6.20377e-05 0)
(0.00117751 0.000239838 0)
(-0.000400357 0.000385721 0)
(-0.00280716 0.000439854 0)
(-0.00575934 0.000434946 0)
(-0.00944332 0.000527066 0)
(-0.0143652 0.000746782 0)
(-0.0199778 0.000864944 0)
(-0.0247132 0.000733515 0)
(-0.0276438 0.000464957 0)
(-0.0290481 0.000228659 0)
(-0.0295818 8.2771e-05 0)
(-0.0297134 1.08056e-05 0)
(-0.0230059 0.00826366 0)
(-0.010871 -0.00730462 0)
(-0.000520456 -0.00112443 0)
(-0.00506705 0.000358136 0)
(-0.000875216 -0.000631935 0)
(-0.000416301 -0.000350923 0)
(0.00105096 -0.000255191 0)
(0.00131713 9.04565e-05 0)
(0.000648366 0.000484645 0)
(-0.00139161 0.000863859 0)
(-0.00478453 0.00112065 0)
(-0.00950525 0.00131664 0)
(-0.0159342 0.00168918 0)
(-0.0239785 0.00212563 0)
(-0.031821 0.00212626 0)
(-0.0373952 0.00158689 0)
(-0.040354 0.000905613 0)
(-0.0416323 0.000412064 0)
(-0.0420952 0.000142148 0)
(-0.0422078 1.81763e-05 0)
(-0.0225611 0.0120581 0)
(-0.0113489 -0.00977312 0)
(-0.00474533 -0.0012722 0)
(-0.00644201 5.05395e-05 0)
(-0.00236355 -0.00103834 0)
(-0.00153288 -0.000601773 0)
(-4.3479e-05 -0.000430646 0)
(0.000217416 0.000131329 0)
(-0.000618465 0.000787554 0)
(-0.00307643 0.00148316 0)
(-0.0073318 0.0020684 0)
(-0.0137022 0.00263597 0)
(-0.0225468 0.00338198 0)
(-0.0326514 0.00389786 0)
(-0.0411272 0.00351556 0)
(-0.0462387 0.00239853 0)
(-0.0486003 0.00128059 0)
(-0.0495506 0.000560069 0)
(-0.0498846 0.000189158 0)
(-0.0499644 2.37488e-05 0)
(-0.021488 0.0156846 0)
(-0.0122041 -0.0115817 0)
(-0.0082875 -0.00144093 0)
(-0.00768327 -0.000497672 0)
(-0.00416892 -0.00144514 0)
(-0.00298614 -0.000889432 0)
(-0.00162426 -0.00058975 0)
(-0.00142576 0.000195782 0)
(-0.00246772 0.00115133 0)
(-0.00531061 0.00222922 0)
(-0.0103426 0.00325655 0)
(-0.0181655 0.0043253 0)
(-0.0287681 0.00542543 0)
(-0.0397195 0.00580022 0)
(-0.0477051 0.00481665 0)
(-0.0518561 0.00306659 0)
(-0.0535715 0.00156292 0)
(-0.0542245 0.000666767 0)
(-0.0544414 0.000221884 0)
(-0.0544921 2.73532e-05 0)
(-0.0202883 0.0191289 0)
(-0.0129988 -0.0128187 0)
(-0.0110341 -0.00167448 0)
(-0.00900923 -0.00113417 0)
(-0.00618476 -0.00182637 0)
(-0.00476869 -0.0011861 0)
(-0.0036024 -0.000725541 0)
(-0.00349957 0.000292494 0)
(-0.00474547 0.00157759 0)
(-0.00792075 0.00308695 0)
(-0.0136279 0.00465116 0)
(-0.0226007 0.00628523 0)
(-0.0341965 0.00763469 0)
(-0.0450444 0.00764882 0)
(-0.0520294 0.00593777 0)
(-0.0552384 0.00358115 0)
(-0.0564481 0.00176257 0)
(-0.0568625 0.000735957 0)
(-0.0569802 0.000241005 0)
(-0.0570075 2.91486e-05 0)
(-0.0191305 0.022443 0)
(-0.0136215 -0.0135694 0)
(-0.0131935 -0.00194215 0)
(-0.0104776 -0.00175473 0)
(-0.00830372 -0.0021724 0)
(-0.00681216 -0.00146825 0)
(-0.00586256 -0.000831658 0)
(-0.00587269 0.000421224 0)
(-0.00729293 0.0020558 0)
(-0.0107336 0.00403804 0)
(-0.0169888 0.00620656 0)
(-0.0267459 0.00840564 0)
(-0.0386535 0.00986029 0)
(-0.048827 0.00934458 0)
(-0.0547234 0.00686727 0)
(-0.0571696 0.00396807 0)
(-0.0579803 0.00189524 0)
(-0.0581788 0.000771968 0)
(-0.0582051 0.000247993 0)
(-0.0582122 2.95108e-05 0)
(-0.0180694 0.0256545 0)
(-0.0140561 -0.0139251 0)
(-0.0149478 -0.00220014 0)
(-0.0120229 -0.0023021 0)
(-0.0104423 -0.00247645 0)
(-0.00901719 -0.00171903 0)
(-0.00828425 -0.000906527 0)
(-0.00840855 0.000578782 0)
(-0.00995658 0.00257338 0)
(-0.0135915 0.0050612 0)
(-0.0202506 0.00787049 0)
(-0.030428 0.0105871 0)
(-0.0421393 0.0120024 0)
(-0.051376 0.0108516 0)
(-0.056275 0.00762598 0)
(-0.0580983 0.00425082 0)
(-0.0585391 0.00196773 0)
(-0.0585183 0.000775972 0)
(-0.0584541 0.000243555 0)
(-0.0584419 2.8698e-05 0)
(-0.0171178 0.0287752 0)
(-0.0142965 -0.0139645 0)
(-0.0163842 -0.00240529 0)
(-0.0135445 -0.002747 0)
(-0.0125326 -0.00272951 0)
(-0.0112755 -0.0019278 0)
(-0.01075 -0.000951009 0)
(-0.0109734 0.000759742 0)
(-0.0125977 0.00311756 0)
(-0.0163617 0.00613413 0)
(-0.023281 0.00959239 0)
(-0.0335646 0.0127525 0)
(-0.0447474 0.0140049 0)
(-0.0529686 0.0121669 0)
(-0.0569807 0.00823536 0)
(-0.0582378 0.00443887 0)
(-0.0582977 0.00197945 0)
(-0.0580496 0.00074726 0)
(-0.0578938 0.000227831 0)
(-0.0578625 2.68548e-05 0)
(-0.0162708 0.0318084 0)
(-0.0143394 -0.0137506 0)
(-0.0175306 -0.00252603 0)
(-0.0149532 -0.00307616 0)
(-0.0145076 -0.00292209 0)
(-0.0134785 -0.00208942 0)
(-0.0131444 -0.000968302 0)
(-0.0134411 0.000956029 0)
(-0.0150987 0.00367696 0)
(-0.0189425 0.00723652 0)
(-0.0259952 0.0113293 0)
(-0.0361408 0.0148479 0)
(-0.0465988 0.0158403 0)
(-0.0538042 0.013298 0)
(-0.0569996 0.00870709 0)
(-0.0576997 0.00453287 0)
(-0.0573715 0.00192847 0)
(-0.0568972 0.000685344 0)
(-0.0566499 0.000200799 0)
(-0.0565996 2.4086e-05 0)
(-0.0155152 0.0347511 0)
(-0.0141899 -0.0133355 0)
(-0.0183944 -0.00254429 0)
(-0.0161808 -0.00328553 0)
(-0.0162979 -0.00304716 0)
(-0.0155229 -0.00220312 0)
(-0.0153581 -0.0009631 0)
(-0.0157019 0.00116054 0)
(-0.0173695 0.00424374 0)
(-0.0212653 0.0083524 0)
(-0.0283513 0.0130482 0)
(-0.0381825 0.0168382 0)
(-0.0478059 0.0174965 0)
(-0.0540138 0.0142512 0)
(-0.0564267 0.00904589 0)
(-0.0565814 0.00453344 0)
(-0.0558898 0.00181616 0)
(-0.0552061 0.000591007 0)
(-0.0548698 0.000162406 0)
(-0.0548005 2.03607e-05 0)
(-0.0148345 0.0375974 0)
(-0.0138635 -0.0127631 0)
(-0.018981 -0.00245405 0)
(-0.0171759 -0.00337575 0)
(-0.0178384 -0.00310185 0)
(-0.0173186 -0.00227133 0)
(-0.017299 -0.000940248 0)
(-0.0176739 0.00136894 0)
(-0.0193523 0.00481483 0)
(-0.0232943 0.00947103 0)
(-0.0303404 0.0147256 0)
(-0.0397349 0.0187012 0)
(-0.0484618 0.0189676 0)
(-0.0536873 0.015031 0)
(-0.0553449 0.00925661 0)
(-0.0550051 0.00444757 0)
(-0.0540182 0.00164961 0)
(-0.0531604 0.000467067 0)
(-0.0527399 0.000112887 0)
(-0.0526508 1.55961e-05 0)
(-0.0142111 0.0403383 0)
(-0.0133891 -0.0120696 0)
(-0.0193021 -0.00225919 0)
(-0.0179052 -0.00335222 0)
(-0.0190793 -0.00308767 0)
(-0.0188007 -0.00229807 0)
(-0.0189065 -0.000902875 0)
(-0.0193119 0.00158133 0)
(-0.0210232 0.00539179 0)
(-0.0250215 0.0105864 0)
(-0.0319769 0.0163451 0)
(-0.04085 0.0204227 0)
(-0.0486432 0.0202508 0)
(-0.0529008 0.0156419 0)
(-0.0538524 0.00934988 0)
(-0.0531217 0.00429165 0)
(-0.0519474 0.00144211 0)
(-0.0509679 0.000318446 0)
(-0.0504708 5.22635e-05 0)
(-0.0503588 9.67459e-06 0)
(-0.0136276 0.0429669 0)
(-0.0128114 -0.0112852 0)
(-0.0193816 -0.00197159 0)
(-0.0183552 -0.00322472 0)
(-0.0199942 -0.00300904 0)
(-0.0199377 -0.00228726 0)
(-0.0201597 -0.000851494 0)
(-0.0206107 0.00180159 0)
(-0.0223897 0.00597934 0)
(-0.0264618 0.0116956 0)
(-0.0332894 0.0178957 0)
(-0.0415814 0.0219934 0)
(-0.0484188 0.0213452 0)
(-0.0517348 0.0160922 0)
(-0.0520677 0.00934485 0)
(-0.0510926 0.00409046 0)
(-0.0498597 0.00121201 0)
(-0.0488222 0.000151953 0)
(-0.0482597 -1.91792e-05 0)
(-0.0481202 1.94438e-06 0)
(-0.0130687 0.045476 0)
(-0.0122022 -0.010439 0)
(-0.0192582 -0.00161063 0)
(-0.0185337 -0.00300693 0)
(-0.0205833 -0.00287169 0)
(-0.0207336 -0.00224129 0)
(-0.0210761 -0.00078372 0)
(-0.0216001 0.00203601 0)
(-0.0234844 0.00658329 0)
(-0.0276455 0.0127971 0)
(-0.0343152 0.019369 0)
(-0.041983 0.0234071 0)
(-0.0478586 0.0222532 0)
(-0.0502843 0.0163961 0)
(-0.0501227 0.00926759 0)
(-0.0490612 0.00387239 0)
(-0.0478887 0.000979051 0)
(-0.0468591 -2.37648e-05 0)
(-0.0462487 -0.000100386 0)
(-0.0460766 -8.34318e-06 0)
(-0.0125203 0.0478741 0)
(-0.0116774 -0.00955388 0)
(-0.0189848 -0.00120319 0)
(-0.0184682 -0.00271531 0)
(-0.0208712 -0.00268114 0)
(-0.0212213 -0.00216015 0)
(-0.0217033 -0.000694702 0)
(-0.0223341 0.00229163 0)
(-0.0243558 0.0072087 0)
(-0.0286122 0.0138893 0)
(-0.0350954 0.0207591 0)
(-0.0421102 0.0246611 0)
(-0.0470394 0.0229822 0)
(-0.0486594 0.0165737 0)
(-0.0481478 0.00914634 0)
(-0.0471289 0.00366245 0)
(-0.0460967 0.000760811 0)
(-0.0451342 -0.000199059 0)
(-0.0445009 -0.000189586 0)
(-0.0442936 -2.19872e-05 0)
(-0.0119796 0.0501526 0)
(-0.0114254 -0.00862302 0)
(-0.0186233 -0.000787872 0)
(-0.018203 -0.00236864 0)
(-0.0209004 -0.00244159 0)
(-0.0214526 -0.00204105 0)
(-0.0221048 -0.000577501 0)
(-0.0228785 0.00257519 0)
(-0.0250592 0.00785855 0)
(-0.0294049 0.0149691 0)
(-0.0356732 0.0220608 0)
(-0.0420209 0.0257563 0)
(-0.0460477 0.0235451 0)
(-0.0469792 0.0166496 0)
(-0.0462584 0.00900546 0)
(-0.0453538 0.00347615 0)
(-0.0444919 0.000569215 0)
(-0.0436427 -0.000364527 0)
(-0.0430159 -0.000283958 0)
(-0.0427735 -3.96155e-05 0)
(-0.0114231 0.0524402 0)
(-0.0117188 -0.00758604 0)
(-0.0182488 -0.000419891 0)
(-0.0177939 -0.0019885 0)
(-0.0207227 -0.00215701 0)
(-0.021486 -0.00188049 0)
(-0.0223473 -0.000425057 0)
(-0.0232983 0.00289172 0)
(-0.0256476 0.00853331 0)
(-0.0300653 0.0160329 0)
(-0.0360911 0.0232721 0)
(-0.0417761 0.0266995 0)
(-0.044976 0.0239615 0)
(-0.0453624 0.0166496 0)
(-0.0445517 0.00886135 0)
(-0.0437783 0.00331818 0)
(-0.0430797 0.000410493 0)
(-0.0423714 -0.000512758 0)
(-0.0417759 -0.000380619 0)
(-0.0415003 -6.15782e-05 0)
(-0.0110403 0.0544358 0)
(-0.0128646 -0.00643738 0)
(-0.0179893 -0.000177734 0)
(-0.0172983 -0.00160148 0)
(-0.0203909 -0.00183572 0)
(-0.0213762 -0.00167801 0)
(-0.0224908 -0.000232543 0)
(-0.0236505 0.00324452 0)
(-0.0261664 0.00923086 0)
(-0.0306294 0.0170741 0)
(-0.0363898 0.0243876 0)
(-0.0414389 0.0274975 0)
(-0.0439197 0.0242549 0)
(-0.0439183 0.0166001 0)
(-0.0431184 0.00872345 0)
(-0.0424745 0.0031867 0)
(-0.0419153 0.00028409 0)
(-0.0413395 -0.000642355 0)
(-0.0407871 -0.000476704 0)
(-0.040485 -8.77638e-05 0)
(-0.00984815 0.0575766 0)
(-0.0148293 -0.00544165 0)
(-0.0180965 -0.00012037 0)
(-0.0167534 -0.00122936 0)
(-0.0199406 -0.00149007 0)
(-0.0211611 -0.00142826 0)
(-0.022583 6.05765e-06 0)
(-0.0239806 0.0036357 0)
(-0.026652 0.00994509 0)
(-0.0311292 0.0180962 0)
(-0.0366077 0.0254352 0)
(-0.0410553 0.0281938 0)
(-0.0429381 0.0244634 0)
(-0.0427353 0.0165225 0)
(-0.0420783 0.00859945 0)
(-0.0415837 0.00307994 0)
(-0.041118 0.000179573 0)
(-0.0405897 -0.00074925 0)
(-0.0400788 -0.00056712 0)
(-0.0397741 -0.000118675 0)
(-0.0214584 0.0535323 0)
(-0.0169634 -0.00432549 0)
(-0.0202399 -0.00141673 0)
(-0.0153767 -0.000384493 0)
(-0.0186943 -0.000495068 0)
(-0.0205131 -0.000490233 0)
(-0.0227619 0.000843891 0)
(-0.0248405 0.00478509 0)
(-0.0278604 0.0117998 0)
(-0.032216 0.0205068 0)
(-0.0369886 0.0276336 0)
(-0.0403923 0.0294656 0)
(-0.0416313 0.024812 0)
(-0.0415803 0.0164958 0)
(-0.0412973 0.00854731 0)
(-0.0409146 0.00301288 0)
(-0.0405367 7.84596e-05 0)
(-0.0401697 -0.000907297 0)
(-0.0395261 -0.00083604 0)
(-0.0390015 -0.000248385 0)
(0.000961011 0.0501066 0)
(-0.00405267 -9.45051e-05 0)
(-0.0257791 -0.00540858 0)
(-0.0148543 -0.00102263 0)
(-0.0186422 0.00108066 0)
(-0.0205425 0.00178016 0)
(-0.0237037 0.00305907 0)
(-0.0264783 0.0071476 0)
(-0.0296055 0.0147898 0)
(-0.0335677 0.0238995 0)
(-0.0376652 0.0304904 0)
(-0.0406479 0.0311246 0)
(-0.0424598 0.0255002 0)
(-0.0439953 0.0167409 0)
(-0.045476 0.00853426 0)
(-0.0464066 0.00284849 0)
(-0.0464893 -0.000172008 0)
(-0.0457071 -0.00142589 0)
(-0.0442893 -0.00157242 0)
(-0.0431376 -0.000623391 0)
(0.0374325 0.058357 0)
(0.0278448 0.0256911 0)
(-0.0143123 -0.000339387 0)
(-0.0165267 -0.00187135 0)
(-0.0187583 0.00300973 0)
(-0.0215122 0.00439237 0)
(-0.0250178 0.00576594 0)
(-0.0281363 0.00972674 0)
(-0.0309442 0.0175385 0)
(-0.0342185 0.0268217 0)
(-0.0378767 0.0331156 0)
(-0.0411977 0.0332371 0)
(-0.0443311 0.0273601 0)
(-0.0476537 0.0184867 0)
(-0.050556 0.00993327 0)
(-0.0520315 0.00352198 0)
(-0.0516106 -0.000529913 0)
(-0.0494908 -0.0027016 0)
(-0.0463532 -0.0031295 0)
(-0.0438185 -0.00150561 0)
(0.0590071 0.0619271 0)
(0.0554877 0.0472213 0)
(0.0227469 0.0246897 0)
(-0.0106354 0.00521454 0)
(-0.0198359 0.00558082 0)
(-0.0233312 0.0076512 0)
(-0.026767 0.00863832 0)
(-0.0295025 0.0121748 0)
(-0.0316613 0.0197042 0)
(-0.0337678 0.0291777 0)
(-0.0367605 0.0357441 0)
(-0.0403581 0.0361071 0)
(-0.0444759 0.0304122 0)
(-0.0486573 0.021303 0)
(-0.0515514 0.0118302 0)
(-0.0519637 0.00389238 0)
(-0.0496595 -0.00181758 0)
(-0.0450494 -0.0051002 0)
(-0.0385236 -0.00584496 0)
(-0.0322547 -0.00340968 0)
(0.0645317 0.0575723 0)
(0.0682644 0.0573404 0)
(0.0539327 0.0489878 0)
(0.0192514 0.029756 0)
(-0.0128969 0.0141905 0)
(-0.0253583 0.0106828 0)
(-0.0296601 0.0111605 0)
(-0.0310509 0.0140264 0)
(-0.0315901 0.0209155 0)
(-0.0320884 0.0305749 0)
(-0.0337446 0.0380459 0)
(-0.0371169 0.0393035 0)
(-0.0417896 0.0339685 0)
(-0.0466881 0.0242198 0)
(-0.0499774 0.0130771 0)
(-0.0500535 0.00282739 0)
(-0.0462278 -0.00528353 0)
(-0.0383124 -0.0104888 0)
(-0.0259302 -0.0121019 0)
(-0.00955344 -0.00883387 0)
(0.0639068 0.0532532 0)
(0.0688287 0.0577808 0)
(0.0691882 0.0623416 0)
(0.0510516 0.0559203 0)
(0.016872 0.0384759 0)
(-0.0142026 0.0216603 0)
(-0.0304651 0.0130021 0)
(-0.0336636 0.0138716 0)
(-0.0312654 0.02082 0)
(-0.029309 0.0304471 0)
(-0.0288088 0.0393759 0)
(-0.0311042 0.0423958 0)
(-0.035964 0.0380073 0)
(-0.0420573 0.0278298 0)
(-0.0472155 0.0147473 0)
(-0.0490975 0.00127295 0)
(-0.0461589 -0.0110235 0)
(-0.0375333 -0.0206241 0)
(-0.0218566 -0.025128 0)
(0.00249192 -0.0224908 0)
(0.0617406 0.0514061 0)
(0.0647409 0.0544578 0)
(0.071034 0.0637295 0)
(0.0706456 0.0708019 0)
(0.0524797 0.0647749 0)
(0.0209875 0.0474551 0)
(-0.0106094 0.0274664 0)
(-0.0304797 0.014505 0)
(-0.0325288 0.0169853 0)
(-0.0260044 0.0283643 0)
(-0.0224813 0.0389226 0)
(-0.0224054 0.0447331 0)
(-0.0263763 0.0425149 0)
(-0.0331052 0.0329186 0)
(-0.0401157 0.0184643 0)
(-0.0444563 0.00174445 0)
(-0.0439876 -0.0156323 0)
(-0.0377603 -0.0316537 0)
(-0.0239397 -0.0419348 0)
(-0.000951636 -0.0336219 0)
(0.0566258 0.0490333 0)
(0.0596912 0.0510997 0)
(0.0657389 0.0582171 0)
(0.0751211 0.0712526 0)
(0.0760083 0.0786049 0)
(0.0602564 0.0724543 0)
(0.0313406 0.0548401 0)
(-0.000962692 0.0326225 0)
(-0.0238151 0.0171799 0)
(-0.0248075 0.021617 0)
(-0.0159607 0.035773 0)
(-0.0121247 0.045166 0)
(-0.0133627 0.046399 0)
(-0.0189832 0.0387782 0)
(-0.0263832 0.023972 0)
(-0.0321999 0.00468706 0)
(-0.0344364 -0.0169487 0)
(-0.0326627 -0.0387844 0)
(-0.0242651 -0.0549398 0)
(-0.00219805 -0.0447998 0)
(0.047371 0.0439762 0)
(0.0530928 0.0476715 0)
(0.0580406 0.0514328 0)
(0.0688508 0.0626231 0)
(0.0814214 0.0769939 0)
(0.0841717 0.0838653 0)
(0.0707988 0.0777812 0)
(0.0436424 0.0601877 0)
(0.0110816 0.0370899 0)
(-0.012501 0.0213406 0)
(-0.0120153 0.0278216 0)
(-0.00282061 0.042101 0)
(0.00062728 0.048087 0)
(-0.0017181 0.0437452 0)
(-0.0078714 0.0299029 0)
(-0.0141845 0.00959911 0)
(-0.0183407 -0.0144216 0)
(-0.0211797 -0.0401992 0)
(-0.0205462 -0.062883 0)
(-0.00381422 -0.0559785 0)
(0.0347494 0.0362857 0)
(0.0438703 0.0428066 0)
(0.0496355 0.045557 0)
(0.0582547 0.052137 0)
(0.0731032 0.0660016 0)
(0.0873491 0.0807439 0)
(0.0907595 0.0872897 0)
(0.0784047 0.0812152 0)
(0.0525994 0.0634561 0)
(0.0216416 0.0402881 0)
(0.000944501 0.0267797 0)
(0.00316229 0.0345818 0)
(0.0111898 0.0452244 0)
(0.0140277 0.045936 0)
(0.0112693 0.035035 0)
(0.00542882 0.0156507 0)
(-0.000292243 -0.00912644 0)
(-0.00612212 -0.0363848 0)
(-0.0124616 -0.064211 0)
(-0.00331938 -0.0652086 0)
(0.0200467 0.0268083 0)
(0.0322094 0.0357164 0)
(0.040514 0.0398975 0)
(0.0475691 0.04364 0)
(0.0590826 0.053361 0)
(0.0754991 0.0694189 0)
(0.0890991 0.0843749 0)
(0.091462 0.0900462 0)
(0.0796904 0.0827711 0)
(0.0566156 0.0640052 0)
(0.0298166 0.0421263 0)
(0.0144593 0.032712 0)
(0.017226 0.0387323 0)
(0.0236829 0.0435163 0)
(0.0254962 0.037322 0)
(0.0218701 0.0208098 0)
(0.0153857 -0.00286435 0)
(0.00763817 -0.0296927 0)
(-0.00245745 -0.0594941 0)
(-0.00346749 -0.0694198 0)
(0.00418029 0.0161049 0)
(0.0189749 0.0261919 0)
(0.0306041 0.0332315 0)
(0.0379767 0.0373766 0)
(0.0451785 0.0436852 0)
(0.0573997 0.0570105 0)
(0.0728694 0.0746739 0)
(0.0841572 0.0881973 0)
(0.0857022 0.090744 0)
(0.0764503 0.0806541 0)
(0.057743 0.0616881 0)
(0.0360542 0.0436012 0)
(0.0253326 0.0370061 0)
(0.027684 0.0387751 0)
(0.0319637 0.03605 0)
(0.0314095 0.0238769 0)
(0.0262171 0.00359058 0)
(0.0172071 -0.0222583 0)
(0.00689885 -0.051498 0)
(-0.00205865 -0.0689324 0)
(-0.00955699 0.0040758 0)
(0.00527933 0.0142687 0)
(0.0200773 0.0249574 0)
(0.0292163 0.0322362 0)
(0.0338552 0.0380047 0)
(0.0400201 0.0479254 0)
(0.0514821 0.0639087 0)
(0.0648809 0.0799978 0)
(0.074815 0.088502 0)
(0.0781977 0.0863393 0)
(0.0726201 0.0751179 0)
(0.0568865 0.0589847 0)
(0.0389846 0.0447706 0)
(0.031298 0.0378166 0)
(0.0327219 0.0335891 0)
(0.0339332 0.0247658 0)
(0.0309413 0.00877284 0)
(0.0225644 -0.0146039 0)
(0.0131368 -0.0431377 0)
(-0.000153457 -0.0642501 0)
(-0.0110049 -0.00638472 0)
(-0.00334256 0.000149797 0)
(0.0104114 0.0145664 0)
(0.0209422 0.02682 0)
(0.0254308 0.035082 0)
(0.0274629 0.0432868 0)
(0.0331373 0.0557047 0)
(0.0437729 0.0699795 0)
(0.0561715 0.0797595 0)
(0.0670314 0.0822973 0)
(0.07262 0.0790757 0)
(0.0675489 0.0706602 0)
(0.0519599 0.0572934 0)
(0.0371654 0.0435656 0)
(0.0320171 0.0335263 0)
(0.0320087 0.0247492 0)
(0.0307236 0.0120133 0)
(0.0241349 -0.00831368 0)
(0.0185894 -0.0358712 0)
(0.0105252 -0.0603185 0)
(0.000440908 -0.00581971 0)
(0.000568235 -0.00477692 0)
(0.00455328 0.00518543 0)
(0.0135853 0.020573 0)
(0.0189425 0.0327114 0)
(0.0201898 0.0416333 0)
(0.0220739 0.0511718 0)
(0.0283955 0.0616967 0)
(0.0386968 0.0693591 0)
(0.0508169 0.0728428 0)
(0.062002 0.0750767 0)
(0.0661409 0.0755621 0)
(0.0577775 0.0685723 0)
(0.0424574 0.0534854 0)
(0.0320662 0.0374931 0)
(0.0289132 0.025689 0)
(0.027965 0.014215 0)
(0.022775 -0.00332063 0)
(0.0194403 -0.0299963 0)
(0.0083506 -0.0594374 0)
(0.0066863 -0.00452414 0)
(0.00456075 -0.00374439 0)
(0.00322319 0.00275072 0)
(0.00770138 0.0157976 0)
(0.0131375 0.0297528 0)
(0.0157287 0.0404625 0)
(0.0170691 0.049054 0)
(0.0204434 0.0565502 0)
(0.0269324 0.0612254 0)
(0.0357976 0.0632314 0)
(0.0466411 0.0673924 0)
(0.0555523 0.0746978 0)
(0.0545911 0.0754978 0)
(0.0435297 0.063101 0)
(0.0323452 0.0437182 0)
(0.0269378 0.0278655 0)
(0.0256175 0.0156994 0)
(0.020983 -0.000123416 0)
(0.0202985 -0.0243662 0)
(0.00468321 -0.0539281 0)
(0.00325645 -0.00340844 0)
(0.00112788 -0.00232896 0)
(-0.000345011 0.00267957 0)
(0.00184662 0.0130327 0)
(0.0072211 0.0265525 0)
(0.0115744 0.0384014 0)
(0.0143428 0.0474232 0)
(0.0169253 0.0538092 0)
(0.0203948 0.0566303 0)
(0.0245378 0.0562902 0)
(0.0308955 0.0593471 0)
(0.0396214 0.0706012 0)
(0.0435507 0.0780521 0)
(0.0387889 0.0700177 0)
(0.0316781 0.0503141 0)
(0.0276125 0.0317885 0)
(0.0267409 0.0183324 0)
(0.0227256 0.0040335 0)
(0.0241889 -0.0187125 0)
(0.00156429 -0.0455243 0)
(-0.00460983 -0.00158884 0)
(-0.00566313 -0.000431368 0)
(-0.00568891 0.00288898 0)
(-0.00356136 0.0105134 0)
(0.00171147 0.0225216 0)
(0.00744439 0.0347601 0)
(0.011963 0.0447018 0)
(0.0149356 0.0517749 0)
(0.0162825 0.055228 0)
(0.015109 0.0566404 0)
(0.0144638 0.0566077 0)
(0.0196479 0.0665222 0)
(0.0254579 0.075478 0)
(0.0273843 0.0694049 0)
(0.0286105 0.0501657 0)
(0.03111 0.0310347 0)
(0.0335551 0.0172572 0)
(0.0305791 0.00442002 0)
(0.0330419 -0.0140911 0)
(0.00887498 -0.0350835 0)
(-0.0110734 -0.00317076 0)
(-0.0126679 -0.00201566 0)
(-0.0121575 0.0010451 0)
(-0.00807324 0.00758617 0)
(-0.00197044 0.0184007 0)
(0.00465965 0.0309363 0)
(0.0105716 0.0418804 0)
(0.0145958 0.0505432 0)
(0.0158782 0.0539452 0)
(0.0112895 0.0525962 0)
(0.000968938 0.0543977 0)
(-0.00187317 0.067205 0)
(0.00314062 0.0764257 0)
(0.0111657 0.0700669 0)
(0.0231482 0.0517014 0)
(0.0368631 0.0340627 0)
(0.0467612 0.0233952 0)
(0.0458521 0.0127119 0)
(0.0467816 -0.00251278 0)
(0.00654179 -0.0180562 0)
(-0.00651752 0.000188454 0)
(-0.00948642 0.00235592 0)
(-0.0113817 -0.000321677 0)
(-0.00788148 0.000230952 0)
(-0.00165781 0.00998627 0)
(0.00450227 0.022549 0)
(0.0103161 0.0349807 0)
(0.0129773 0.0481421 0)
(0.0142752 0.0651189 0)
(-0.0167427 0.0883786 0)
(-0.0524728 0.0719278 0)
(-0.0524372 0.0626497 0)
(-0.0405748 0.0576305 0)
(-0.0200347 0.0374513 0)
(0.00904026 0.0141721 0)
(0.0373013 0.004025 0)
(0.0545327 0.00876962 0)
(0.054612 0.0138499 0)
(0.0519334 0.00539851 0)
(0.0209744 0.0112208 0)
)
;

boundaryField
{
    left_open
    {
        type            pressureInletOutletVelocity;
        value           nonuniform List<vector> 
40
(
(-0.00433645 -3.40502e-06 0)
(-0.00676065 -2.11692e-05 0)
(-0.00457707 -3.71951e-05 0)
(0.000925202 0 0)
(0.00873676 0 0)
(0.0180046 0 0)
(0.0280462 0 0)
(0.0383441 0 0)
(0.0485264 0 0)
(0.0583328 0 0)
(0.0675795 0 0)
(0.0761271 0 0)
(0.0838557 0 0)
(0.090646 0 0)
(0.0963652 0 0)
(0.100857 0 0)
(0.103937 0 0)
(0.105395 0 0)
(0.105011 0 0)
(0.102597 0 0)
(0.0912549 0 0)
(0.0442677 0 0)
(0.0188046 0 0)
(0.0126253 0 0)
(0.0069046 0 0)
(0.00267557 0 0)
(0.00150149 0 0)
(0.00187687 0 0)
(0.00345592 0 0)
(0.00478235 0 0)
(0.00164408 0 0)
(0.00264108 0 0)
(0.00247405 0 0)
(0.00339232 0 0)
(0.00310297 0 0)
(0.00175917 0 0)
(-0.00774111 -0.00918602 0)
(0.00397211 0 0)
(-0.00888765 0.00454136 0)
(-0.0147969 0.00550667 0)
)
;
    }
    right_open
    {
        type            pressureInletOutletVelocity;
        value           nonuniform List<vector> 
40
(
(-0.011605 0 0)
(-0.0297134 0 0)
(-0.0422078 0 0)
(-0.0499644 0 0)
(-0.0544921 0 0)
(-0.0570075 0 0)
(-0.0582122 0 0)
(-0.0584419 0 0)
(-0.0578625 0 0)
(-0.0565996 0 0)
(-0.0548005 0 0)
(-0.0526508 0 0)
(-0.0503588 0 0)
(-0.0481202 0 0)
(-0.0460766 0 0)
(-0.0442936 0 0)
(-0.0427735 0 0)
(-0.0415003 0 0)
(-0.040485 0 0)
(-0.0397741 0 0)
(-0.0390015 0 0)
(-0.0431376 0 0)
(-0.0438185 0 0)
(-0.0322547 0 0)
(-0.00955344 0 0)
(0.00249192 -0.0224908 0)
(-0.000951636 0 0)
(-0.00219805 0 0)
(-0.00381422 0 0)
(-0.00331938 0 0)
(-0.00346749 0 0)
(-0.00205865 -0.0689324 0)
(-0.000153457 0 0)
(0.0105252 -0.0603185 0)
(0.0083506 -0.0594374 0)
(0.00468321 -0.0539281 0)
(0.00156429 -0.0455243 0)
(0.00887498 -0.0350835 0)
(0.00654179 -0.0180562 0)
(0.0209744 0.0112208 0)
)
;
    }
    base_side
    {
        type            noSlip;
    }
    top
    {
        type            pressureInletOutletVelocity;
        value           nonuniform List<vector> 
65
(
(-0.0147969 0.00550667 0)
(0 0.00139329 0)
(-0.0022006 0.00931803 0)
(0 -0.000202673 0)
(0 -0.000694548 0)
(0.0384128 0.00316941 0)
(0.0424395 0.00800463 0)
(0 -0.00133707 0)
(0.0421498 0.00256977 0)
(0.0364029 0.00214633 0)
(0 0.00144599 0)
(0.0218757 0.00625794 0)
(0.0105202 0.00356807 0)
(0.00341033 0.0020882 0)
(-0.00439775 0.00253463 0)
(-0.00812275 0.00267016 0)
(-0.00856039 0.00639847 0)
(0 0.00211899 0)
(0 0.000611031 0)
(0.00590565 0.0042303 0)
(0.00514155 0.00463991 0)
(0.00479208 0.00312353 0)
(0.0042118 0.00487866 0)
(0.00315202 0.00388985 0)
(0 0.00152514 0)
(0 0.000465569 0)
(0.0025312 0.00679541 0)
(0.000150668 0.00548937 0)
(0 -0.00131657 0)
(0 -0.000458485 0)
(0 -0.000265429 0)
(0 -0.0011311 0)
(0 4.68773e-05 0)
(0.00130229 0.00352277 0)
(0.000506179 0.00558721 0)
(0 -0.000605576 0)
(0 0.000270408 0)
(0.00121318 0.00294726 0)
(0.00101518 0.00477864 0)
(-0.000518028 0.00699406 0)
(-0.00299502 0.00664919 0)
(-0.00447957 0.00495786 0)
(-0.00501321 0.00249558 0)
(0 0.000563712 0)
(-0.00540247 0.00267617 0)
(0 0.000188454 0)
(-0.00948642 0.00235592 0)
(0 -0.000321677 0)
(-0.00788148 0.000230952 0)
(-0.00165781 0.00998627 0)
(0.00450227 0.022549 0)
(0.0103161 0.0349807 0)
(0.0129773 0.0481421 0)
(0.0142752 0.0651189 0)
(-0.0167427 0.0883786 0)
(-0.0524728 0.0719278 0)
(-0.0524372 0.0626497 0)
(-0.0405748 0.0576305 0)
(-0.0200347 0.0374513 0)
(0.00904026 0.0141721 0)
(0.0373013 0.004025 0)
(0.0545327 0.00876962 0)
(0.054612 0.0138499 0)
(0.0519334 0.00539851 0)
(0.0209744 0.0112208 0)
)
;
    }
    front
    {
        type            empty;
    }
    back
    {
        type            empty;
    }
    air_to_aluminum
    {
        type            noSlip;
    }
}


// ************************************************************************* //
