/*--------------------------------*- C++ -*----------------------------------*\
| =========                 |                                                 |
| \\      /  F ield         | OpenFOAM: The Open Source CFD Toolbox           |
|  \\    /   O peration     | Version:                                        |
|   \\  /    A nd           | Website:  www.openfoam.com                      |
|    \\/     M anipulation  |                                                 |
\*---------------------------------------------------------------------------*/
FoamFile
{
    version     2.0;
    format      ascii;
    class       volScalarField;
    location    "1825.5/air";
    object      T;
}
// * * * * * * * * * * * * * * * * * * * * * * * * * * * * * * * * * * * * * //

dimensions      [0 0 0 1 0 0 0];


internalField   nonuniform List<scalar> 
2228
(
306.642
306.707
306.761
306.808
306.578
306.641
306.705
306.766
306.535
306.595
306.663
306.732
306.5
306.559
306.63
306.702
306.471
306.529
306.601
306.675
306.444
306.501
306.573
306.65
306.418
306.471
306.545
306.625
306.391
306.437
306.512
306.6
306.361
306.39
306.47
306.574
306.322
306.319
306.408
306.542
306.267
306.199
306.307
306.498
306.183
306
306.141
306.435
306.058
305.686
305.88
306.346
305.883
305.233
305.487
306.228
305.647
304.609
304.886
306.041
305.174
303.711
303.915
305.558
306.808
306.761
306.707
306.641
306.766
306.705
306.641
306.577
306.732
306.663
306.595
306.534
306.702
306.63
306.56
306.5
306.675
306.602
306.53
306.471
306.65
306.575
306.503
306.444
306.626
306.548
306.475
306.419
306.603
306.519
306.445
306.394
306.579
306.485
306.408
306.368
306.551
306.437
306.355
306.337
306.518
306.368
306.278
306.298
306.474
306.266
306.165
306.246
306.416
306.116
305.985
306.173
306.332
305.865
305.639
306.042
306.185
305.39
304.927
305.756
305.792
304.507
303.687
305.024
296.018
296.947
297.924
298.866
293.174
293.095
293.142
293.298
293.11
293.038
292.948
292.858
293.138
293.13
293.112
293.081
293.163
293.161
293.159
293.157
293.202
293.197
293.194
293.19
293.22
293.219
293.217
293.214
293.201
293.204
293.206
293.209
293.173
293.177
293.181
293.185
293.163
293.164
293.167
293.17
293.182
293.176
293.172
293.169
293.268
293.254
293.24
293.227
293.431
293.415
293.399
293.383
293.571
293.572
293.57
293.566
293.584
293.597
293.607
293.613
293.587
293.601
293.614
293.622
293.612
293.62
293.628
293.63
293.649
293.649
293.644
293.631
293.678
293.669
293.652
293.627
293.522
293.515
293.497
293.479
299.668
300.061
300.286
300.757
293.595
293.947
294.281
294.592
292.789
292.753
292.755
292.786
293.036
292.98
292.919
292.857
293.151
293.139
293.119
293.09
293.188
293.186
293.183
293.178
293.212
293.209
293.207
293.206
293.21
293.211
293.211
293.212
293.19
293.193
293.197
293.2
293.173
293.176
293.18
293.183
293.168
293.169
293.17
293.172
293.215
293.205
293.196
293.189
293.365
293.347
293.329
293.31
293.56
293.551
293.539
293.525
293.616
293.616
293.612
293.606
293.626
293.623
293.613
293.598
293.625
293.611
293.59
293.563
293.608
293.576
293.542
293.508
293.591
293.549
293.506
293.469
293.456
293.431
293.409
293.392
301.032
301.154
301.204
294.804
294.945
295.074
292.824
292.86
292.902
292.812
292.781
292.754
293.063
293.04
293.014
293.172
293.166
293.158
293.205
293.204
293.202
293.212
293.212
293.212
293.202
293.203
293.204
293.186
293.187
293.189
293.173
293.174
293.176
293.185
293.182
293.18
293.296
293.285
293.275
293.511
293.5
293.488
293.599
293.594
293.588
293.584
293.573
293.561
293.542
293.526
293.512
293.486
293.472
293.46
293.448
293.438
293.43
293.382
293.378
293.375
301.194
301.178
301.155
295.153
295.191
295.227
292.933
292.95
292.968
292.738
292.73
292.723
292.996
292.987
292.977
293.152
293.148
293.144
293.201
293.201
293.2
293.212
293.212
293.212
293.205
293.206
293.206
293.19
293.191
293.192
293.176
293.177
293.177
293.179
293.179
293.178
293.268
293.264
293.261
293.48
293.475
293.47
293.584
293.582
293.58
293.554
293.55
293.546
293.503
293.499
293.494
293.453
293.45
293.447
293.426
293.424
293.422
293.374
293.373
293.372
301.101
301
300.915
295.292
295.372
295.437
293.005
293.061
293.118
292.71
292.696
292.686
292.957
292.928
292.898
293.136
293.121
293.104
293.198
293.195
293.19
293.212
293.212
293.212
293.207
293.208
293.209
293.193
293.195
293.196
293.178
293.18
293.181
293.178
293.177
293.177
293.255
293.245
293.237
293.461
293.447
293.431
293.575
293.569
293.563
293.539
293.529
293.521
293.486
293.475
293.466
293.441
293.433
293.425
293.419
293.414
293.409
293.371
293.369
293.366
300.986
300.49
299.807
299.843
295.526
295.564
295.474
295.325
293.197
293.298
293.385
293.446
292.681
292.687
292.708
292.741
292.857
292.808
292.765
292.73
293.077
293.038
292.993
292.945
293.182
293.166
293.145
293.117
293.211
293.208
293.203
293.194
293.211
293.212
293.214
293.214
293.199
293.202
293.205
293.209
293.183
293.187
293.19
293.194
293.177
293.178
293.179
293.181
293.226
293.214
293.204
293.197
293.409
293.38
293.351
293.322
293.556
293.546
293.537
293.525
293.51
293.499
293.49
293.484
293.454
293.44
293.429
293.419
293.415
293.402
293.389
293.375
293.401
293.389
293.377
293.365
293.363
293.358
293.352
293.345
300.785
302.785
303.46
299.941
295.451
296.943
299.554
299.155
293.485
293.736
295.087
296.993
292.774
292.777
292.913
293.898
292.706
292.676
292.6
292.616
292.897
292.85
292.792
292.642
293.083
293.044
293.005
292.918
293.18
293.161
293.139
293.107
293.212
293.207
293.199
293.193
293.212
293.214
293.215
293.217
293.198
293.202
293.207
293.211
293.184
293.187
293.192
293.197
293.193
293.191
293.192
293.195
293.294
293.269
293.25
293.235
293.51
293.491
293.466
293.436
293.479
293.475
293.468
293.459
293.41
293.401
293.392
293.382
293.361
293.348
293.334
293.32
293.353
293.342
293.331
293.32
293.339
293.333
293.328
293.323
293.15
293.15
293.15
293.152
293.152
293.138
293.087
292.99
292.887
292.813
292.773
292.753
292.742
292.733
292.72
292.707
292.71
292.741
292.902
294.534
293.15
293.15
293.15
293.152
293.152
293.135
293.076
292.974
292.871
292.803
292.768
292.751
292.741
292.731
292.717
292.71
292.721
292.772
293.004
294.522
293.15
293.15
293.15
293.152
293.152
293.135
293.072
292.964
292.861
292.797
292.766
292.749
292.739
292.729
292.72
292.724
292.744
292.8
293.056
294.554
293.15
293.15
293.15
293.151
293.152
293.139
293.08
292.971
292.864
292.8
292.768
292.75
292.739
292.73
292.731
292.749
292.777
292.819
293.052
294.602
293.15
293.15
293.15
293.15
293.151
293.144
293.099
292.995
292.884
292.814
292.777
292.754
292.741
292.737
292.75
292.786
292.822
292.847
293.038
294.654
293.15
293.15
293.15
293.15
293.15
293.148
293.12
293.032
292.919
292.84
292.793
292.76
292.745
292.747
292.774
292.826
292.871
292.887
293.026
294.708
293.15
293.15
293.15
293.15
293.15
293.15
293.136
293.074
292.966
292.876
292.817
292.772
292.753
292.761
292.798
292.859
292.908
292.93
293.019
294.764
293.15
293.15
293.15
293.15
293.15
293.15
293.145
293.109
293.02
292.923
292.851
292.791
292.763
292.775
292.817
292.878
292.923
292.969
293.016
294.822
293.15
293.15
293.15
293.15
293.15
293.15
293.149
293.132
293.07
292.978
292.895
292.819
292.775
292.787
292.83
292.883
292.92
292.998
293.018
294.883
293.15
293.15
293.15
293.15
293.15
293.15
293.15
293.144
293.108
293.033
292.949
292.859
292.792
292.796
292.837
292.881
292.91
293.014
293.023
294.948
293.15
293.15
293.15
293.15
293.15
293.15
293.15
293.149
293.132
293.08
293.005
292.913
292.82
292.804
292.839
292.876
292.903
293.019
293.032
295.015
293.15
293.15
293.15
293.15
293.15
293.15
293.15
293.15
293.144
293.114
293.055
292.973
292.864
292.815
292.839
292.87
292.904
293.026
293.038
295.083
293.15
293.15
293.15
293.15
293.15
293.15
293.15
293.15
293.149
293.135
293.095
293.029
292.925
292.841
292.844
292.868
292.912
293.037
293.042
295.152
293.15
293.15
293.15
293.15
293.15
293.15
293.15
293.15
293.15
293.145
293.123
293.076
292.991
292.89
292.862
292.877
292.928
293.051
293.045
295.221
293.15
293.15
293.15
293.15
293.15
293.15
293.15
293.15
293.15
293.149
293.139
293.11
293.049
292.954
292.902
292.903
292.954
293.069
293.046
295.287
293.15
293.15
293.15
293.15
293.15
293.15
293.15
293.15
293.15
293.15
293.146
293.132
293.094
293.02
292.96
292.948
292.988
293.088
293.045
295.349
293.15
293.15
293.15
293.15
293.15
293.15
293.15
293.15
293.15
293.15
293.149
293.143
293.123
293.075
293.022
293.002
293.028
293.109
293.042
295.405
293.15
293.15
293.15
293.15
293.15
293.15
293.15
293.15
293.15
293.15
293.15
293.148
293.139
293.112
293.075
293.055
293.066
293.129
293.036
295.452
293.15
293.15
293.15
293.15
293.15
293.15
293.15
293.15
293.15
293.15
293.15
293.15
293.147
293.134
293.112
293.097
293.097
293.145
293.028
295.475
293.15
293.15
293.15
293.15
293.15
293.15
293.15
293.15
293.15
293.15
293.15
293.15
293.149
293.145
293.133
293.123
293.118
293.158
293.019
295.554
293.15
293.15
293.15
293.15
293.15
293.15
293.15
293.15
293.15
293.15
293.15
293.15
293.15
293.15
293.148
293.147
293.141
293.169
293.017
294.307
293.15
293.15
293.15
293.15
293.151
293.15
293.149
293.147
293.146
293.146
293.146
293.147
293.147
293.148
293.148
293.149
293.147
293.159
293.1
293.405
293.149
293.148
293.155
293.175
293.196
293.209
293.206
293.194
293.18
293.168
293.159
293.154
293.151
293.149
293.148
293.148
293.148
293.151
293.14
293.171
293.146
293.17
293.225
293.281
293.327
293.353
293.349
293.319
293.279
293.243
293.215
293.195
293.182
293.173
293.168
293.164
293.162
293.16
293.158
293.147
293.157
293.279
293.403
293.476
293.504
293.51
293.494
293.448
293.386
293.33
293.287
293.257
293.236
293.221
293.212
293.205
293.2
293.194
293.188
293.172
293.206
293.435
293.6
293.669
293.666
293.639
293.601
293.533
293.445
293.376
293.334
293.308
293.29
293.277
293.267
293.258
293.25
293.241
293.23
293.213
293.276
293.579
293.739
293.789
293.77
293.723
293.665
293.568
293.458
293.387
293.345
293.309
293.279
293.255
293.236
293.222
293.214
293.213
293.218
293.221
293.367
293.699
293.813
293.832
293.812
293.765
293.689
293.563
293.439
293.35
293.278
293.228
293.205
293.195
293.191
293.187
293.181
293.176
293.178
293.192
293.461
293.779
293.825
293.826
293.822
293.778
293.68
293.53
293.386
293.275
293.211
293.196
293.2
293.209
293.216
293.213
293.2
293.183
293.169
293.167
293.526
293.813
293.81
293.817
293.82
293.766
293.641
293.469
293.316
293.224
293.204
293.215
293.236
293.257
293.271
293.272
293.257
293.228
293.194
293.167
293.563
293.823
293.811
293.817
293.81
293.733
293.579
293.396
293.264
293.221
293.231
293.256
293.29
293.318
293.332
293.341
293.342
293.316
293.266
293.209
293.587
293.833
293.819
293.817
293.787
293.679
293.504
293.333
293.251
293.253
293.281
293.326
293.386
293.434
293.424
293.398
293.41
293.419
293.386
293.317
293.599
293.841
293.825
293.81
293.75
293.612
293.43
293.299
293.283
293.319
293.366
293.436
293.521
293.594
293.604
293.527
293.44
293.468
293.494
293.471
293.617
293.845
293.824
293.791
293.702
293.544
293.376
293.305
293.35
293.412
293.478
293.552
293.614
293.624
293.627
293.635
293.569
293.493
293.498
293.556
293.644
293.846
293.817
293.766
293.655
293.49
293.351
293.334
293.399
293.469
293.531
293.579
293.609
293.597
293.601
293.629
293.632
293.565
293.519
293.547
293.669
293.843
293.805
293.742
293.621
293.465
293.349
293.343
293.391
293.446
293.493
293.529
293.561
293.558
293.582
293.637
293.664
293.624
293.567
293.565
293.676
293.836
293.794
293.728
293.615
293.477
293.382
293.356
293.374
293.412
293.455
293.496
293.531
293.526
293.575
293.683
293.711
293.673
293.617
293.602
293.669
293.825
293.784
293.727
293.637
293.536
293.467
293.436
293.433
293.449
293.477
293.503
293.518
293.498
293.575
293.753
293.757
293.705
293.658
293.648
293.689
293.824
293.788
293.747
293.689
293.63
293.591
293.567
293.551
293.538
293.527
293.511
293.491
293.457
293.547
293.76
293.768
293.735
293.706
293.692
293.574
293.701
293.686
293.682
293.665
293.629
293.576
293.537
293.509
293.489
293.462
293.437
293.414
293.393
293.425
293.512
293.535
293.552
293.536
293.532
294.299
292.436
292.851
292.877
292.89
292.892
292.898
292.908
292.926
292.952
292.989
293.036
293.086
293.126
293.147
293.152
293.151
293.15
293.15
293.15
294.225
292.521
292.873
292.884
292.899
292.899
292.904
292.913
292.93
292.959
293.001
293.053
293.103
293.136
293.15
293.152
293.151
293.15
293.15
293.15
294.217
292.65
292.906
292.901
292.915
292.912
292.916
292.923
292.939
292.971
293.021
293.078
293.123
293.145
293.151
293.151
293.15
293.15
293.15
293.15
294.245
292.754
292.942
292.925
292.938
292.931
292.932
292.936
292.952
292.988
293.046
293.103
293.138
293.149
293.151
293.15
293.15
293.15
293.15
293.15
294.286
292.826
292.978
292.956
292.965
292.954
292.952
292.952
292.968
293.009
293.071
293.123
293.146
293.151
293.15
293.15
293.15
293.15
293.15
293.15
294.33
292.878
293.014
292.99
292.994
292.981
292.974
292.971
292.986
293.032
293.095
293.137
293.15
293.15
293.15
293.15
293.15
293.15
293.15
293.15
294.373
292.919
293.049
293.024
293.023
293.008
292.998
292.992
293.007
293.055
293.114
293.146
293.151
293.15
293.15
293.15
293.15
293.15
293.15
293.15
294.415
292.952
293.081
293.056
293.052
293.037
293.023
293.014
293.029
293.078
293.129
293.151
293.151
293.15
293.15
293.15
293.15
293.15
293.15
293.15
294.454
292.981
293.109
293.086
293.081
293.065
293.048
293.036
293.051
293.097
293.14
293.153
293.15
293.149
293.15
293.15
293.15
293.15
293.15
293.15
294.492
293.006
293.134
293.113
293.108
293.093
293.073
293.059
293.072
293.114
293.148
293.153
293.149
293.149
293.15
293.15
293.15
293.15
293.15
293.15
294.528
293.029
293.156
293.137
293.134
293.119
293.098
293.081
293.092
293.128
293.152
293.152
293.149
293.149
293.15
293.15
293.15
293.15
293.15
293.15
294.562
293.049
293.175
293.16
293.158
293.145
293.122
293.102
293.11
293.139
293.155
293.152
293.148
293.149
293.15
293.15
293.15
293.15
293.15
293.15
294.596
293.068
293.191
293.18
293.181
293.169
293.144
293.122
293.126
293.148
293.156
293.151
293.148
293.149
293.15
293.15
293.15
293.15
293.15
293.15
294.63
293.086
293.206
293.198
293.202
293.191
293.165
293.141
293.14
293.154
293.157
293.151
293.149
293.149
293.149
293.15
293.15
293.15
293.15
293.15
294.664
293.104
293.219
293.215
293.221
293.211
293.185
293.158
293.152
293.16
293.158
293.151
293.15
293.15
293.149
293.149
293.15
293.15
293.15
293.15
294.698
293.12
293.232
293.23
293.238
293.23
293.204
293.173
293.162
293.164
293.16
293.153
293.152
293.151
293.149
293.149
293.15
293.15
293.15
293.15
294.733
293.137
293.244
293.244
293.253
293.247
293.221
293.187
293.171
293.168
293.162
293.157
293.156
293.153
293.149
293.148
293.15
293.15
293.15
293.15
294.769
293.153
293.257
293.257
293.267
293.263
293.236
293.201
293.18
293.172
293.165
293.162
293.162
293.155
293.148
293.148
293.15
293.15
293.15
293.15
294.799
293.171
293.271
293.27
293.281
293.277
293.251
293.213
293.188
293.177
293.171
293.171
293.169
293.159
293.149
293.147
293.15
293.15
293.15
293.15
294.868
293.19
293.288
293.283
293.294
293.291
293.265
293.225
293.195
293.182
293.178
293.182
293.178
293.162
293.148
293.147
293.149
293.15
293.15
293.15
294.327
293.244
293.336
293.32
293.326
293.322
293.296
293.251
293.216
293.205
293.213
293.221
293.203
293.168
293.148
293.147
293.15
293.15
293.15
293.15
294.539
293.369
293.425
293.394
293.383
293.37
293.342
293.298
293.263
293.262
293.278
293.261
293.202
293.154
293.145
293.148
293.149
293.149
293.15
293.15
295.612
293.456
293.494
293.465
293.442
293.417
293.391
293.352
293.325
293.329
293.324
293.259
293.173
293.138
293.141
293.148
293.152
293.154
293.151
293.15
295.584
294.416
293.578
293.527
293.485
293.467
293.442
293.414
293.395
293.389
293.344
293.237
293.154
293.148
293.191
293.259
293.318
293.301
293.216
293.15
294.566
295.137
294.3
293.796
293.54
293.508
293.494
293.478
293.462
293.437
293.358
293.247
293.212
293.293
293.455
293.629
293.695
293.601
293.392
293.179
293.512
294.984
295.03
294.528
293.886
293.526
293.536
293.537
293.524
293.484
293.396
293.325
293.377
293.559
293.789
293.94
293.93
293.79
293.512
293.192
292.971
294.275
295.129
295.157
294.576
293.761
293.55
293.584
293.582
293.54
293.47
293.457
293.582
293.795
293.982
294.059
294.045
293.947
293.685
293.262
292.892
293.558
294.644
295.244
295.075
294.267
293.625
293.602
293.637
293.61
293.567
293.605
293.757
293.941
294.056
294.092
294.103
294.056
293.868
293.424
292.999
293.122
293.941
294.793
295.095
294.648
293.902
293.609
293.667
293.686
293.674
293.737
293.884
294.02
294.084
294.106
294.126
294.084
293.956
293.571
293.118
292.984
293.344
294.066
294.648
294.677
294.194
293.736
293.66
293.735
293.774
293.847
293.975
294.078
294.121
294.147
294.144
294.075
293.977
293.669
293.19
293.029
293.032
293.395
293.959
294.341
294.286
293.957
293.722
293.732
293.825
293.927
294.043
294.131
294.17
294.181
294.123
294.044
293.966
293.743
293.213
293.125
292.997
293.03
293.343
293.803
294.101
294.088
293.897
293.771
293.815
293.936
294.057
294.135
294.156
294.115
294.033
293.985
293.946
293.774
293.203
293.191
293.094
292.983
293.021
293.313
293.722
294
294.039
293.923
293.847
293.899
293.992
294.045
294.027
293.954
293.912
293.92
293.932
293.798
293.214
293.203
293.174
293.08
292.984
293.042
293.332
293.718
293.996
294.065
293.992
293.937
293.945
293.945
293.898
293.845
293.843
293.876
293.922
293.818
293.343
293.226
293.198
293.16
293.068
292.993
293.08
293.379
293.76
294.041
294.131
294.095
294.044
294.001
293.944
293.877
293.841
293.851
293.92
293.863
293.404
293.282
293.206
293.184
293.139
293.048
293
293.125
293.448
293.835
294.116
294.23
294.245
294.227
294.161
294.016
293.886
293.845
293.923
293.92
293.337
293.249
293.189
293.176
293.167
293.108
293.021
293.013
293.199
293.562
293.948
294.226
294.386
294.463
294.407
294.183
293.956
293.861
293.931
293.979
293.279
293.214
293.17
293.163
293.172
293.144
293.065
293.005
293.08
293.358
293.752
294.126
294.423
294.604
294.545
294.262
293.996
293.885
293.943
293.984
293.289
293.238
293.187
293.16
293.164
293.156
293.096
293.029
293.069
293.292
293.67
294.096
294.476
294.659
294.496
294.165
293.947
293.89
293.943
293.973
293.312
293.291
293.259
293.22
293.185
293.168
293.126
293.065
293.186
293.503
293.856
294.181
294.381
294.337
294.101
293.912
293.856
293.867
293.902
293.846
)
;

boundaryField
{
    left_open
    {
        type            inletOutlet;
        inletValue      uniform 293.15;
        value           nonuniform List<scalar> 
40
(
293.15
293.15
293.15
293.15
293.15
293.15
293.15
293.15
293.15
293.15
293.15
293.15
293.15
293.15
293.15
293.15
293.15
293.15
293.15
293.15
293.15
293.15
293.15
293.15
293.15
293.15
293.15
293.15
293.15
293.15
293.15
293.584
293.15
293.613
293.15
293.15
293.673
293.666
293.15
293.15
)
;
    }
    right_open
    {
        type            inletOutlet;
        inletValue      uniform 293.15;
        value           nonuniform List<scalar> 
40
(
293.15
293.15
293.15
293.15
293.15
293.15
293.15
293.15
293.15
293.15
293.15
293.15
293.15
293.15
293.15
293.15
293.15
293.15
293.15
293.15
293.15
293.15
293.15
293.15
293.15
293.15
293.15
293.15
293.15
293.15
293.738
293.77
293.794
293.15
293.15
293.913
293.977
293.15
293.976
293.842
)
;
    }
    base_side
    {
        type            zeroGradient;
    }
    top
    {
        type            inletOutlet;
        inletValue      uniform 293.15;
        value           nonuniform List<scalar> 
65
(
293.575
293.697
293.682
293.679
293.15
293.625
293.15
293.534
293.15
293.15
293.461
293.15
293.413
293.392
293.425
293.15
293.15
293.548
293.532
293.528
293.15
293.511
293.491
293.473
293.45
293.426
293.404
293.388
293.38
293.377
293.374
293.373
293.372
293.371
293.37
293.368
293.365
293.362
293.357
293.35
293.344
293.338
293.332
293.327
293.322
293.312
293.29
293.259
293.22
293.185
293.168
293.126
293.067
293.191
293.516
293.874
294.195
294.376
294.299
294.058
293.893
293.854
293.87
293.904
293.842
)
;
    }
    front
    {
        type            empty;
    }
    back
    {
        type            empty;
    }
    air_to_aluminum
    {
        type            compressible::turbulentTemperatureCoupledBaffleMixed;
        refValue        nonuniform List<scalar> 
129
(
306.632
306.625
306.61
306.588
306.703
306.755
306.8
306.837
306.837
306.8
306.754
306.703
306.632
306.625
306.61
306.588
306.562
306.587
306.532
306.545
306.503
306.509
306.474
306.477
306.446
306.449
306.421
306.422
306.398
306.399
306.376
306.378
306.357
306.359
306.341
306.342
306.326
306.327
306.314
306.315
306.304
306.305
306.297
306.298
306.292
306.292
306.289
306.289
306.289
306.289
306.289
306.289
306.826
306.795
306.765
306.736
306.71
306.686
306.664
306.644
306.627
306.611
306.598
306.586
306.577
306.57
306.565
306.563
306.563
306.563
306.563
306.563
306.563
306.563
306.826
306.795
306.765
306.736
306.71
306.686
306.664
306.644
306.627
306.611
306.598
306.586
306.577
306.57
306.565
306.563
306.563
306.563
306.563
306.587
306.545
306.509
306.477
306.448
306.422
306.399
306.377
306.359
306.342
306.328
306.316
306.306
306.299
306.294
306.291
306.561
306.532
306.502
306.473
306.446
306.421
306.397
306.376
306.357
306.341
306.327
306.315
306.305
306.298
306.293
306.291
306.291
306.291
306.29
306.29
)
;
        refGradient     uniform 0;
        valueFraction   nonuniform List<scalar> 
129
(
0.999971
0.999971
0.999971
0.999971
0.999855
0.999855
0.999855
0.999855
0.999855
0.999855
0.999855
0.999855
0.999971
0.999971
0.999971
0.999971
0.999971
0.999855
0.999971
0.999855
0.999971
0.999855
0.999971
0.999855
0.999971
0.999855
0.999971
0.999855
0.999971
0.999855
0.999971
0.999855
0.999971
0.999855
0.999971
0.999855
0.999971
0.999855
0.999971
0.999855
0.999971
0.999855
0.999971
0.999855
0.999971
0.999855
0.999964
0.999971
0.999964
0.999964
0.999855
0.999964
0.999918
0.999918
0.999918
0.999918
0.999918
0.999918
0.999918
0.999918
0.999918
0.999918
0.999918
0.999918
0.999918
0.999918
0.999918
0.999918
0.999964
0.999964
0.999964
0.999964
0.999964
0.999964
0.999918
0.999918
0.999918
0.999918
0.999918
0.999918
0.999918
0.999918
0.999918
0.999918
0.999918
0.999918
0.999918
0.999918
0.999918
0.999964
0.999964
0.999918
0.999964
0.999855
0.999855
0.999855
0.999855
0.999855
0.999855
0.999855
0.999855
0.999855
0.999855
0.999855
0.999855
0.999855
0.999855
0.999855
0.999855
0.999971
0.999971
0.999971
0.999971
0.999971
0.999971
0.999971
0.999971
0.999971
0.999971
0.999971
0.999971
0.999971
0.999971
0.999971
0.999964
0.999964
0.999964
0.999964
0.999971
)
;
        value           nonuniform List<scalar> 
129
(
306.632
306.624
306.61
306.588
306.703
306.755
306.8
306.837
306.837
306.8
306.754
306.703
306.632
306.624
306.609
306.588
306.561
306.587
306.532
306.545
306.502
306.509
306.473
306.477
306.446
306.449
306.421
306.422
306.397
306.399
306.376
306.378
306.357
306.359
306.341
306.342
306.326
306.327
306.314
306.315
306.304
306.305
306.297
306.298
306.291
306.292
306.288
306.288
306.289
306.289
306.289
306.289
306.826
306.795
306.765
306.736
306.71
306.686
306.664
306.644
306.627
306.611
306.598
306.586
306.577
306.57
306.565
306.563
306.562
306.563
306.563
306.563
306.563
306.563
306.826
306.795
306.765
306.736
306.71
306.686
306.664
306.644
306.627
306.611
306.598
306.586
306.577
306.57
306.565
306.563
306.563
306.563
306.563
306.587
306.545
306.509
306.477
306.448
306.422
306.399
306.377
306.359
306.342
306.328
306.316
306.306
306.299
306.293
306.291
306.561
306.532
306.502
306.473
306.446
306.42
306.397
306.376
306.357
306.341
306.326
306.314
306.305
306.297
306.292
306.291
306.291
306.29
306.29
306.29
)
;
        Tnbr            T;
        thicknessLayers 0();
        kappaLayers     0();
        kappaMethod     fluidThermo;
        kappa           none;
        alphaAni        none;
        alpha           none;
    }
}


// ************************************************************************* //
