/*--------------------------------*- C++ -*----------------------------------*\
| =========                 |                                                 |
| \\      /  F ield         | OpenFOAM: The Open Source CFD Toolbox           |
|  \\    /   O peration     | Version:                                        |
|   \\  /    A nd           | Website:  www.openfoam.com                      |
|    \\/     M anipulation  |                                                 |
\*---------------------------------------------------------------------------*/
FoamFile
{
    version     2.0;
    format      ascii;
    class       volScalarField;
    location    "1919.0/air";
    object      T;
}
// * * * * * * * * * * * * * * * * * * * * * * * * * * * * * * * * * * * * * //

dimensions      [0 0 0 1 0 0 0];


internalField   nonuniform List<scalar> 
2228
(
307.305
307.37
307.425
307.471
307.241
307.304
307.368
307.43
307.198
307.258
307.327
307.396
307.163
307.223
307.294
307.366
307.134
307.193
307.265
307.339
307.107
307.166
307.239
307.314
307.082
307.139
307.212
307.29
307.058
307.109
307.183
307.267
307.03
307.069
307.147
307.242
306.995
307.006
307.091
307.213
306.94
306.882
306.988
307.169
306.848
306.642
306.787
307.096
306.705
306.243
306.437
306.975
306.498
305.737
305.982
306.814
306.181
305.26
305.626
306.684
305.703
304.946
305.46
306.464
307.471
307.425
307.37
307.305
307.43
307.368
307.304
307.24
307.396
307.327
307.258
307.197
307.366
307.294
307.223
307.163
307.339
307.265
307.192
307.133
307.314
307.237
307.164
307.106
307.289
307.209
307.135
307.08
307.265
307.176
307.1
307.054
307.238
307.134
307.054
307.024
307.206
307.072
306.983
306.985
307.163
306.972
306.864
306.93
307.1
306.806
306.664
306.846
307.008
306.53
306.337
306.716
306.877
306.069
305.831
306.526
306.643
305.271
305.084
306.269
306.004
303.937
303.993
305.76
297.898
300.626
303.373
304.286
295.387
299.123
301.459
301.4
297.672
299.229
299.23
297.878
297.238
296.908
295.899
294.576
294.546
293.959
293.333
292.844
292.903
292.78
292.733
292.766
292.963
292.998
293.043
293.087
293.175
293.184
293.191
293.196
293.247
293.25
293.253
293.257
293.38
293.381
293.382
293.384
293.51
293.51
293.509
293.508
293.589
293.593
293.595
293.595
293.643
293.644
293.645
293.645
293.7
293.699
293.693
293.685
293.703
293.716
293.724
293.725
293.694
293.709
293.726
293.742
293.725
293.725
293.731
293.745
293.78
293.768
293.76
293.759
293.843
293.828
293.815
293.805
293.763
293.756
293.751
293.745
304.281
303.745
302.485
301.307
299.985
297.654
295.501
294.427
295.914
294.118
293.168
292.872
293.403
292.757
292.591
292.609
292.618
292.623
292.714
292.809
292.848
292.935
293.005
293.056
293.122
293.147
293.162
293.172
293.198
293.2
293.201
293.201
293.26
293.264
293.268
293.273
293.388
293.392
293.397
293.402
293.508
293.508
293.51
293.513
293.595
293.593
293.592
293.591
293.646
293.647
293.646
293.644
293.682
293.681
293.682
293.683
293.721
293.714
293.711
293.713
293.751
293.75
293.743
293.74
293.761
293.774
293.778
293.774
293.766
293.778
293.79
293.798
293.8
293.802
293.809
293.819
293.754
293.761
293.757
293.767
300.71
300.42
300.209
294.115
293.98
293.89
292.795
292.759
292.737
292.653
292.688
292.724
292.873
292.915
292.953
293.088
293.107
293.123
293.177
293.179
293.181
293.202
293.203
293.203
293.277
293.28
293.282
293.406
293.409
293.412
293.515
293.517
293.519
293.591
293.591
293.592
293.643
293.642
293.641
293.681
293.68
293.679
293.714
293.714
293.713
293.743
293.745
293.745
293.77
293.769
293.771
293.801
293.801
293.8
293.826
293.83
293.834
293.774
293.779
293.785
300.107
300.058
300.013
293.849
293.83
293.813
292.728
292.724
292.721
292.748
292.76
292.773
292.977
292.988
293
293.132
293.136
293.14
293.182
293.182
293.182
293.204
293.204
293.205
293.284
293.285
293.287
293.414
293.415
293.416
293.521
293.522
293.522
293.593
293.593
293.594
293.642
293.642
293.642
293.679
293.679
293.679
293.712
293.712
293.711
293.745
293.744
293.744
293.774
293.775
293.778
293.8
293.801
293.801
293.835
293.836
293.837
293.788
293.789
293.789
299.935
299.851
299.776
293.781
293.747
293.715
292.716
292.712
292.711
292.797
292.832
292.867
293.02
293.047
293.071
293.147
293.155
293.161
293.183
293.183
293.182
293.205
293.206
293.208
293.289
293.292
293.295
293.418
293.421
293.424
293.524
293.526
293.529
293.595
293.597
293.599
293.643
293.645
293.648
293.679
293.681
293.685
293.711
293.712
293.714
293.743
293.742
293.741
293.782
293.789
293.794
293.802
293.804
293.808
293.838
293.84
293.842
293.79
293.789
293.789
299.655
299.45
299.465
299.246
293.664
293.585
293.463
293.278
292.712
292.725
292.752
292.8
292.913
292.97
293.022
293.068
293.098
293.125
293.142
293.151
293.166
293.169
293.168
293.166
293.181
293.18
293.179
293.178
293.21
293.213
293.216
293.219
293.3
293.306
293.311
293.317
293.428
293.434
293.439
293.445
293.533
293.537
293.542
293.546
293.603
293.608
293.614
293.62
293.654
293.663
293.674
293.684
293.692
293.705
293.721
293.737
293.719
293.732
293.749
293.77
293.743
293.751
293.764
293.782
293.8
293.804
293.808
293.813
293.816
293.827
293.838
293.848
293.845
293.849
293.855
293.861
293.779
293.786
293.786
293.788
298.601
297.854
297.009
296.157
293.092
293.011
293.032
293.193
292.872
292.966
293.067
293.154
293.105
293.13
293.144
293.149
293.153
293.151
293.149
293.147
293.163
293.161
293.161
293.16
293.178
293.179
293.18
293.182
293.223
293.226
293.23
293.233
293.323
293.328
293.332
293.336
293.45
293.454
293.458
293.461
293.551
293.555
293.558
293.559
293.626
293.631
293.635
293.636
293.694
293.701
293.706
293.708
293.752
293.765
293.775
293.781
293.791
293.812
293.83
293.845
293.803
293.826
293.85
293.872
293.822
293.835
293.85
293.867
293.857
293.866
293.875
293.884
293.867
293.874
293.881
293.887
293.785
293.794
293.801
293.802
292.893
292.881
292.88
292.88
292.883
292.89
292.902
292.919
292.936
292.953
292.965
292.973
292.977
292.978
292.978
292.982
292.977
292.95
292.479
294.413
292.902
292.888
292.888
292.888
292.893
292.903
292.917
292.935
292.953
292.969
292.981
292.988
292.99
292.989
292.988
292.993
292.99
292.983
292.558
294.32
292.921
292.902
292.902
292.904
292.912
292.926
292.944
292.964
292.984
292.999
293.009
293.013
293.013
293.009
293.007
293.014
293.012
293.029
292.66
294.29
292.945
292.922
292.923
292.927
292.939
292.956
292.978
293
293.019
293.034
293.042
293.044
293.041
293.035
293.03
293.039
293.038
293.065
292.714
294.296
292.972
292.944
292.947
292.954
292.968
292.989
293.012
293.033
293.052
293.065
293.072
293.074
293.07
293.062
293.056
293.065
293.059
293.084
292.727
294.318
292.998
292.965
292.971
292.98
292.996
293.018
293.04
293.06
293.076
293.088
293.096
293.098
293.094
293.087
293.081
293.087
293.067
293.081
292.727
294.346
293.026
292.984
292.992
293.003
293.02
293.041
293.061
293.079
293.094
293.105
293.112
293.115
293.113
293.107
293.102
293.103
293.06
293.059
292.73
294.379
293.054
293.002
293.009
293.021
293.038
293.057
293.076
293.092
293.106
293.116
293.123
293.127
293.127
293.123
293.119
293.112
293.045
293.03
292.743
294.414
293.085
293.019
293.024
293.035
293.052
293.07
293.087
293.103
293.116
293.126
293.133
293.136
293.137
293.135
293.132
293.115
293.026
293.004
292.764
294.452
293.118
293.038
293.037
293.048
293.063
293.081
293.098
293.113
293.126
293.136
293.142
293.144
293.145
293.144
293.14
293.11
293.01
292.988
292.79
294.491
293.151
293.061
293.05
293.059
293.075
293.092
293.109
293.124
293.137
293.146
293.151
293.152
293.151
293.151
293.145
293.101
292.999
292.985
292.818
294.529
293.181
293.088
293.065
293.072
293.087
293.104
293.121
293.136
293.148
293.157
293.16
293.16
293.158
293.157
293.146
293.088
292.991
292.99
292.845
294.565
293.206
293.118
293.084
293.086
293.101
293.118
293.134
293.148
293.16
293.168
293.17
293.168
293.164
293.162
293.144
293.074
292.988
292.999
292.87
294.6
293.224
293.151
293.106
293.102
293.115
293.132
293.147
293.16
293.171
293.178
293.179
293.176
293.17
293.165
293.14
293.062
292.988
293.011
292.894
294.632
293.239
293.185
293.131
293.12
293.131
293.146
293.159
293.172
293.182
293.188
293.188
293.183
293.176
293.167
293.134
293.053
292.991
293.023
292.916
294.662
293.251
293.216
293.158
293.14
293.147
293.159
293.171
293.183
293.193
293.197
293.195
293.189
293.18
293.167
293.127
293.048
292.997
293.036
292.936
294.69
293.263
293.246
293.186
293.16
293.163
293.173
293.182
293.193
293.202
293.205
293.201
293.193
293.182
293.166
293.12
293.046
293.006
293.05
292.955
294.715
293.274
293.275
293.214
293.18
293.178
293.185
293.193
293.203
293.21
293.211
293.204
293.194
293.182
293.162
293.114
293.048
293.017
293.066
292.973
294.738
293.284
293.302
293.24
293.2
293.193
293.196
293.202
293.211
293.217
293.214
293.204
293.191
293.18
293.158
293.11
293.052
293.031
293.085
292.992
294.749
293.295
293.327
293.265
293.218
293.206
293.206
293.211
293.219
293.222
293.216
293.202
293.188
293.177
293.154
293.108
293.06
293.049
293.108
293.013
294.806
293.32
293.379
293.321
293.259
293.235
293.227
293.228
293.231
293.23
293.227
293.224
293.212
293.188
293.156
293.118
293.093
293.105
293.176
293.081
294.148
293.357
293.444
293.396
293.315
293.274
293.258
293.249
293.244
293.244
293.27
293.33
293.359
293.323
293.263
293.215
293.207
293.244
293.304
293.207
293.819
293.387
293.496
293.456
293.364
293.311
293.286
293.266
293.258
293.281
293.398
293.61
293.737
293.707
293.585
293.471
293.435
293.429
293.471
294.062
295.289
293.408
293.552
293.517
293.422
293.354
293.321
293.293
293.29
293.356
293.631
294.031
294.239
294.213
294.016
293.8
293.608
293.672
294.183
294.951
296.117
293.431
293.628
293.602
293.496
293.409
293.37
293.341
293.342
293.464
293.913
294.389
294.515
294.426
294.165
293.888
293.794
293.967
294.125
294.239
294.591
293.465
293.719
293.734
293.604
293.48
293.42
293.401
293.403
293.585
294.128
294.467
294.363
294.202
294.064
293.932
293.881
293.734
293.353
293.045
293.025
293.502
293.808
293.884
293.76
293.584
293.476
293.449
293.457
293.677
294.212
294.388
294.155
294.027
293.982
293.876
293.658
293.294
292.971
292.9
292.933
293.536
293.871
293.987
293.921
293.726
293.555
293.49
293.495
293.712
294.215
294.339
294.072
293.93
293.85
293.65
293.347
293.102
293.07
293.135
293.161
293.576
293.901
294.024
294.022
293.868
293.663
293.539
293.52
293.689
294.161
294.342
294.056
293.833
293.669
293.424
293.197
293.136
293.192
293.233
293.243
293.62
293.911
294.018
294.041
293.961
293.776
293.608
293.547
293.624
294.018
294.339
294.108
293.768
293.523
293.295
293.176
293.214
293.296
293.345
293.374
293.675
293.92
294.003
294.028
293.997
293.868
293.694
293.589
293.583
293.806
294.212
294.22
293.869
293.552
293.345
293.282
293.334
293.399
293.447
293.494
293.719
293.926
293.997
294.022
294
293.923
293.778
293.648
293.592
293.633
293.91
294.153
294.029
293.768
293.585
293.519
293.524
293.543
293.546
293.571
293.763
293.934
293.996
294.015
293.991
293.943
293.845
293.717
293.636
293.581
293.629
293.826
293.907
293.793
293.653
293.579
293.576
293.605
293.644
293.646
293.782
293.936
293.988
293.991
293.974
293.939
293.882
293.783
293.693
293.62
293.532
293.535
293.596
293.582
293.527
293.51
293.533
293.569
293.628
293.681
293.794
293.929
293.97
293.956
293.941
293.921
293.893
293.831
293.75
293.686
293.587
293.484
293.449
293.45
293.465
293.501
293.543
293.582
293.612
293.664
293.791
293.913
293.952
293.93
293.916
293.908
293.893
293.859
293.798
293.745
293.679
293.588
293.527
293.52
293.547
293.586
293.62
293.647
293.661
293.673
293.776
293.883
293.935
293.921
293.91
293.909
293.897
293.875
293.836
293.794
293.756
293.707
293.67
293.665
293.683
293.712
293.737
293.751
293.753
293.736
293.752
293.831
293.908
293.915
293.902
293.903
293.896
293.879
293.854
293.824
293.799
293.772
293.755
293.766
293.823
293.88
293.922
293.925
293.886
293.821
293.717
293.747
293.84
293.891
293.899
293.899
293.894
293.883
293.87
293.857
293.851
293.862
293.922
294.031
294.068
294.062
294.053
294.021
293.963
293.888
293.655
293.645
293.684
293.748
293.765
293.784
293.807
293.829
293.833
293.824
293.823
293.815
293.832
293.792
293.765
293.766
293.774
293.789
293.793
293.76
294.482
292.733
292.629
292.632
292.663
292.759
292.898
292.984
293.004
293.003
293.008
293.031
293.079
293.128
293.148
293.15
293.15
293.15
293.15
293.15
294.455
292.844
292.688
292.663
292.671
292.741
292.874
292.976
293.004
293.005
293.01
293.033
293.082
293.13
293.148
293.15
293.15
293.15
293.15
293.15
294.473
292.918
292.782
292.737
292.708
292.736
292.849
292.964
293.005
293.009
293.014
293.04
293.09
293.135
293.149
293.15
293.15
293.15
293.15
293.15
294.507
292.942
292.878
292.835
292.769
292.754
292.836
292.953
293.006
293.014
293.022
293.052
293.104
293.141
293.15
293.15
293.15
293.15
293.15
293.15
294.545
292.954
292.969
292.934
292.841
292.787
292.837
292.948
293.008
293.02
293.033
293.07
293.119
293.146
293.15
293.15
293.15
293.15
293.15
293.15
294.585
292.968
293.045
293.015
292.908
292.826
292.85
292.95
293.011
293.027
293.047
293.09
293.132
293.149
293.15
293.15
293.15
293.15
293.15
293.15
294.628
292.983
293.097
293.066
292.959
292.864
292.871
292.959
293.017
293.037
293.066
293.11
293.141
293.15
293.15
293.15
293.15
293.15
293.15
293.15
294.675
293.001
293.122
293.089
292.994
292.898
292.897
292.974
293.025
293.049
293.086
293.126
293.147
293.15
293.15
293.15
293.15
293.15
293.15
293.15
294.724
293.019
293.127
293.095
293.016
292.927
292.925
292.992
293.035
293.065
293.105
293.138
293.149
293.15
293.15
293.15
293.15
293.15
293.15
293.15
294.777
293.034
293.128
293.094
293.031
292.953
292.954
293.01
293.047
293.083
293.121
293.145
293.15
293.15
293.15
293.15
293.15
293.15
293.15
293.15
294.833
293.045
293.128
293.091
293.042
292.976
292.981
293.026
293.061
293.1
293.134
293.148
293.15
293.15
293.15
293.15
293.15
293.15
293.15
293.15
294.892
293.055
293.127
293.088
293.051
292.999
293.005
293.041
293.077
293.116
293.142
293.15
293.15
293.15
293.15
293.15
293.15
293.15
293.15
293.15
294.952
293.062
293.128
293.087
293.057
293.018
293.026
293.056
293.094
293.129
293.147
293.15
293.15
293.15
293.15
293.15
293.15
293.15
293.15
293.15
295.015
293.068
293.128
293.086
293.063
293.035
293.042
293.071
293.109
293.138
293.149
293.15
293.15
293.15
293.15
293.15
293.15
293.15
293.15
293.15
295.081
293.071
293.129
293.087
293.068
293.048
293.057
293.087
293.123
293.144
293.15
293.15
293.15
293.15
293.15
293.15
293.15
293.15
293.15
293.15
295.148
293.073
293.131
293.088
293.072
293.059
293.071
293.102
293.133
293.148
293.15
293.15
293.15
293.15
293.15
293.15
293.15
293.15
293.15
293.15
295.217
293.072
293.133
293.09
293.076
293.069
293.084
293.115
293.141
293.15
293.15
293.15
293.15
293.15
293.15
293.15
293.15
293.15
293.15
293.15
295.289
293.069
293.135
293.093
293.08
293.079
293.098
293.127
293.145
293.15
293.15
293.15
293.15
293.15
293.15
293.15
293.15
293.15
293.15
293.15
295.351
293.064
293.138
293.098
293.087
293.091
293.111
293.136
293.148
293.15
293.15
293.15
293.15
293.15
293.15
293.15
293.15
293.15
293.15
293.15
295.483
293.058
293.141
293.104
293.095
293.102
293.123
293.142
293.15
293.15
293.15
293.15
293.15
293.15
293.15
293.15
293.15
293.15
293.15
293.15
294.478
293.057
293.146
293.12
293.12
293.127
293.14
293.148
293.15
293.15
293.15
293.15
293.15
293.15
293.15
293.15
293.15
293.15
293.15
293.15
293.596
293.109
293.15
293.14
293.142
293.146
293.149
293.15
293.149
293.149
293.148
293.148
293.147
293.148
293.151
293.155
293.157
293.154
293.149
293.149
293.219
293.14
293.15
293.148
293.149
293.149
293.149
293.148
293.147
293.147
293.148
293.152
293.163
293.186
293.224
293.268
293.285
293.25
293.183
293.144
293.149
293.148
293.15
293.15
293.15
293.149
293.15
293.151
293.154
293.159
293.167
293.183
293.219
293.291
293.406
293.525
293.57
293.494
293.331
293.165
293.147
293.15
293.149
293.15
293.152
293.154
293.159
293.168
293.18
293.196
293.213
293.239
293.297
293.419
293.602
293.77
293.826
293.743
293.547
293.253
293.16
293.157
293.151
293.151
293.154
293.16
293.169
293.185
293.206
293.234
293.265
293.299
293.364
293.513
293.735
293.923
293.974
293.9
293.72
293.367
293.182
293.177
293.165
293.157
293.157
293.162
293.172
293.187
293.209
293.239
293.281
293.337
293.409
293.563
293.801
293.994
294.035
293.974
293.833
293.466
293.237
293.235
293.217
293.197
293.182
293.178
293.181
293.19
293.205
293.228
293.269
293.342
293.435
293.589
293.828
294.022
294.047
294.001
293.909
293.551
293.342
293.343
293.322
293.29
293.258
293.235
293.221
293.216
293.217
293.23
293.264
293.34
293.457
293.619
293.855
294.035
294.038
294
293.945
293.603
293.464
293.46
293.435
293.394
293.348
293.306
293.274
293.252
293.244
293.254
293.292
293.372
293.504
293.682
293.903
294.041
294.02
293.99
293.958
293.652
293.558
293.542
293.505
293.454
293.401
293.354
293.32
293.303
293.306
293.332
293.385
293.474
293.609
293.786
293.962
294.033
294.002
293.982
293.954
293.685
293.628
293.601
293.555
293.508
293.469
293.444
293.435
293.443
293.467
293.505
293.563
293.646
293.763
293.899
293.999
294.012
293.988
293.967
293.941
293.705
293.702
293.679
293.65
293.631
293.627
293.635
293.65
293.67
293.695
293.727
293.77
293.828
293.9
293.969
294.002
293.987
293.971
293.943
293.92
293.74
293.789
293.789
293.79
293.804
293.824
293.842
293.855
293.863
293.873
293.886
293.906
293.931
293.959
293.978
293.977
293.964
293.947
293.919
293.897
293.755
293.875
293.91
293.938
293.967
293.992
294.014
294.033
294.046
294.046
294.04
294.032
294.025
294.017
294.006
293.995
293.986
293.969
293.925
293.885
293.764
293.928
294.004
294.062
294.11
294.146
294.166
294.164
294.146
294.145
294.174
294.206
294.225
294.229
294.221
294.199
294.152
294.077
293.972
293.891
293.773
293.919
294.008
294.087
294.151
294.198
294.228
294.238
294.224
294.199
294.183
294.187
294.189
294.166
294.134
294.143
294.173
294.138
294.013
293.902
293.773
293.918
293.982
294.043
294.089
294.118
294.13
294.133
294.133
294.131
294.13
294.139
294.136
294.07
293.982
293.967
294.03
294.064
293.99
293.899
293.761
293.908
293.948
293.989
294.022
294.047
294.069
294.093
294.118
294.132
294.124
294.098
294.025
293.892
293.793
293.819
293.931
293.98
293.934
293.887
293.768
293.81
293.813
293.81
293.817
293.826
293.807
293.79
293.778
293.792
293.774
293.75
293.686
293.609
293.616
293.703
293.746
293.754
293.749
293.737
293.656
)
;

boundaryField
{
    left_open
    {
        type            inletOutlet;
        inletValue      uniform 293.15;
        value           nonuniform List<scalar> 
40
(
292.892
292.902
292.92
292.945
292.971
292.998
293.025
293.053
293.084
293.116
293.149
293.179
293.204
293.223
293.238
293.25
293.262
293.15
293.15
293.15
293.319
293.15
293.386
293.15
293.43
293.15
293.5
293.15
293.573
293.15
293.672
293.15
293.759
293.15
293.15
293.79
293.775
293.751
293.717
293.655
)
;
    }
    right_open
    {
        type            inletOutlet;
        inletValue      uniform 293.15;
        value           nonuniform List<scalar> 
40
(
293.15
293.15
293.15
293.15
293.15
293.15
293.15
293.15
293.15
293.15
293.15
293.15
293.15
293.15
293.15
293.15
293.15
293.15
293.15
293.15
293.15
293.15
293.15
293.15
293.15
293.15
293.15
293.15
293.15
293.15
293.682
293.15
293.737
293.752
293.15
293.772
293.771
293.758
293.766
293.654
)
;
    }
    base_side
    {
        type            zeroGradient;
    }
    top
    {
        type            inletOutlet;
        inletValue      uniform 293.15;
        value           nonuniform List<scalar> 
65
(
293.655
293.645
293.679
293.745
293.15
293.781
293.802
293.15
293.833
293.15
293.15
293.813
293.15
293.789
293.764
293.15
293.77
293.15
293.79
293.756
293.76
293.754
293.75
293.15
293.753
293.76
293.15
293.15
293.15
293.15
293.785
293.786
293.787
293.787
293.788
293.787
293.788
293.15
293.786
293.784
293.15
293.15
293.795
293.8
293.799
293.808
293.81
293.805
293.15
293.822
293.799
293.785
293.15
293.789
293.15
293.15
293.15
293.606
293.618
293.15
293.743
293.751
293.746
293.15
293.654
)
;
    }
    front
    {
        type            empty;
    }
    back
    {
        type            empty;
    }
    air_to_aluminum
    {
        type            compressible::turbulentTemperatureCoupledBaffleMixed;
        refValue        nonuniform List<scalar> 
129
(
307.295
307.288
307.273
307.251
307.367
307.418
307.463
307.5
307.5
307.463
307.418
307.367
307.295
307.288
307.273
307.251
307.224
307.25
307.195
307.208
307.165
307.172
307.136
307.14
307.109
307.111
307.083
307.085
307.06
307.061
307.039
307.04
307.02
307.021
307.003
307.005
306.989
306.99
306.977
306.978
306.967
306.968
306.96
306.961
306.955
306.955
306.952
306.952
306.952
306.953
306.953
306.953
307.489
307.458
307.429
307.4
307.374
307.35
307.328
307.309
307.291
307.275
307.262
307.251
307.242
307.235
307.23
307.227
307.227
307.227
307.227
307.227
307.227
307.227
307.489
307.458
307.429
307.4
307.374
307.35
307.328
307.309
307.291
307.275
307.262
307.251
307.242
307.235
307.23
307.227
307.227
307.227
307.227
307.25
307.208
307.172
307.14
307.111
307.085
307.061
307.04
307.021
307.004
306.989
306.977
306.967
306.96
306.954
306.951
307.224
307.195
307.165
307.136
307.109
307.083
307.06
307.039
307.02
307.003
306.988
306.976
306.966
306.959
306.953
306.951
306.951
306.951
306.95
306.95
)
;
        refGradient     uniform 0;
        valueFraction   nonuniform List<scalar> 
129
(
0.999971
0.999971
0.999971
0.999971
0.999855
0.999855
0.999855
0.999855
0.999855
0.999855
0.999855
0.999855
0.999971
0.999971
0.999971
0.999971
0.999971
0.999855
0.999971
0.999855
0.999971
0.999855
0.999971
0.999855
0.999971
0.999855
0.999971
0.999855
0.999971
0.999855
0.999971
0.999855
0.999971
0.999855
0.999971
0.999855
0.999971
0.999855
0.999971
0.999855
0.999971
0.999855
0.999971
0.999855
0.999971
0.999855
0.999964
0.999971
0.999964
0.999964
0.999855
0.999964
0.999918
0.999918
0.999918
0.999918
0.999918
0.999918
0.999918
0.999918
0.999918
0.999918
0.999918
0.999918
0.999918
0.999918
0.999918
0.999918
0.999964
0.999964
0.999964
0.999964
0.999964
0.999964
0.999918
0.999918
0.999918
0.999918
0.999918
0.999918
0.999918
0.999918
0.999918
0.999918
0.999918
0.999918
0.999918
0.999918
0.999918
0.999964
0.999964
0.999918
0.999964
0.999855
0.999855
0.999855
0.999855
0.999855
0.999855
0.999855
0.999855
0.999855
0.999855
0.999855
0.999855
0.999855
0.999855
0.999855
0.999855
0.999971
0.999971
0.999971
0.999971
0.999971
0.999971
0.999971
0.999971
0.999971
0.999971
0.999971
0.999971
0.999971
0.999971
0.999971
0.999964
0.999964
0.999964
0.999964
0.999971
)
;
        value           nonuniform List<scalar> 
129
(
307.295
307.287
307.273
307.251
307.367
307.418
307.463
307.5
307.5
307.463
307.418
307.367
307.295
307.287
307.272
307.251
307.224
307.25
307.195
307.208
307.165
307.172
307.136
307.14
307.108
307.111
307.083
307.085
307.06
307.061
307.039
307.04
307.02
307.021
307.003
307.005
306.989
306.99
306.977
306.978
306.967
306.968
306.96
306.961
306.954
306.955
306.952
306.952
306.952
306.953
306.952
306.953
307.489
307.458
307.429
307.4
307.374
307.35
307.328
307.309
307.291
307.275
307.262
307.251
307.242
307.235
307.23
307.227
307.227
307.227
307.227
307.227
307.227
307.227
307.489
307.458
307.429
307.4
307.374
307.35
307.328
307.309
307.291
307.275
307.262
307.251
307.242
307.235
307.23
307.227
307.227
307.227
307.227
307.25
307.208
307.172
307.14
307.111
307.085
307.061
307.04
307.021
307.004
306.989
306.977
306.967
306.959
306.954
306.951
307.224
307.195
307.165
307.136
307.108
307.083
307.059
307.038
307.019
307.002
306.988
306.976
306.966
306.958
306.953
306.951
306.951
306.95
306.95
306.95
)
;
        Tnbr            T;
        thicknessLayers 0();
        kappaLayers     0();
        kappaMethod     fluidThermo;
        kappa           none;
        alphaAni        none;
        alpha           none;
    }
}


// ************************************************************************* //
