/*--------------------------------*- C++ -*----------------------------------*\
| =========                 |                                                 |
| \\      /  F ield         | OpenFOAM: The Open Source CFD Toolbox           |
|  \\    /   O peration     | Version:                                        |
|   \\  /    A nd           | Website:  www.openfoam.com                      |
|    \\/     M anipulation  |                                                 |
\*---------------------------------------------------------------------------*/
FoamFile
{
    version     2.0;
    format      ascii;
    class       volScalarField;
    location    "1932.5/aluminum";
    object      T;
}
// * * * * * * * * * * * * * * * * * * * * * * * * * * * * * * * * * * * * * //

dimensions      [0 0 0 1 0 0 0];


internalField   nonuniform List<scalar> 
372
(
307.391
307.402
307.422
307.452
307.384
307.394
307.414
307.444
307.369
307.378
307.398
307.429
307.347
307.355
307.372
307.402
307.491
307.539
307.595
307.664
307.485
307.532
307.584
307.642
307.474
307.522
307.57
307.616
307.463
307.514
307.559
307.596
307.738
307.806
307.898
307.693
307.731
307.766
307.647
307.667
307.682
307.612
307.622
307.628
307.99
308.006
307.99
307.78
307.782
307.78
307.686
307.687
307.686
307.63
307.63
307.63
307.898
307.806
307.738
307.766
307.731
307.693
307.682
307.667
307.647
307.628
307.622
307.612
307.664
307.595
307.538
307.491
307.642
307.584
307.532
307.485
307.616
307.57
307.522
307.474
307.596
307.559
307.514
307.462
307.451
307.421
307.401
307.391
307.444
307.414
307.394
307.384
307.429
307.398
307.378
307.369
307.402
307.372
307.355
307.347
307.32
307.326
307.335
307.346
307.291
307.294
307.299
307.304
307.261
307.263
307.266
307.268
307.232
307.233
307.235
307.236
307.205
307.206
307.207
307.207
307.179
307.18
307.181
307.181
307.156
307.157
307.157
307.157
307.135
307.135
307.136
307.136
307.116
307.116
307.117
307.117
307.099
307.1
307.1
307.1
307.085
307.085
307.086
307.086
307.073
307.073
307.073
307.074
307.063
307.063
307.064
307.064
307.055
307.056
307.056
307.056
307.05
307.051
307.051
307.051
307.047
307.048
307.048
307.048
307.585
307.587
307.589
307.555
307.555
307.555
307.525
307.525
307.525
307.497
307.497
307.497
307.47
307.47
307.47
307.446
307.446
307.446
307.424
307.424
307.424
307.405
307.405
307.405
307.387
307.387
307.387
307.371
307.371
307.371
307.358
307.358
307.358
307.346
307.346
307.346
307.337
307.337
307.337
307.33
307.33
307.33
307.325
307.325
307.325
307.322
307.323
307.323
307.59
307.59
307.59
307.556
307.556
307.556
307.525
307.525
307.525
307.497
307.497
307.497
307.47
307.47
307.47
307.446
307.446
307.446
307.424
307.424
307.424
307.405
307.405
307.405
307.387
307.387
307.387
307.371
307.371
307.371
307.358
307.358
307.358
307.346
307.346
307.346
307.337
307.337
307.337
307.33
307.33
307.33
307.325
307.325
307.325
307.323
307.323
307.323
307.589
307.587
307.585
307.555
307.555
307.555
307.525
307.525
307.525
307.497
307.497
307.497
307.47
307.47
307.47
307.446
307.446
307.446
307.424
307.424
307.424
307.405
307.405
307.405
307.387
307.387
307.387
307.371
307.371
307.371
307.358
307.358
307.358
307.346
307.346
307.346
307.337
307.337
307.337
307.33
307.33
307.33
307.325
307.325
307.325
307.323
307.323
307.323
307.346
307.335
307.326
307.32
307.304
307.299
307.294
307.291
307.268
307.265
307.263
307.261
307.236
307.235
307.233
307.232
307.207
307.206
307.205
307.204
307.181
307.18
307.18
307.179
307.157
307.157
307.156
307.156
307.135
307.135
307.135
307.134
307.116
307.116
307.116
307.115
307.1
307.099
307.099
307.099
307.085
307.085
307.085
307.084
307.073
307.073
307.072
307.072
307.063
307.063
307.062
307.062
307.055
307.055
307.055
307.054
307.05
307.05
307.05
307.049
307.047
307.047
307.047
307.046
)
;

boundaryField
{
    base_hotspot
    {
        type            fixedGradient;
        gradient        uniform 203.252;
    }
    base_adiabatic
    {
        type            zeroGradient;
    }
    front
    {
        type            empty;
    }
    back
    {
        type            empty;
    }
    aluminum_to_air
    {
        type            compressible::turbulentTemperatureCoupledBaffleMixed;
        refValue        nonuniform List<scalar> 
129
(
294.331
294.273
294.282
294.322
307.4
307.466
307.52
307.567
307.567
307.52
307.466
307.4
294.49
294.471
294.5
294.545
294.371
307.4
294.42
307.336
294.468
307.293
294.515
307.258
294.561
307.226
294.606
307.195
294.651
307.159
294.696
307.114
294.741
307.054
294.786
306.976
294.831
306.883
294.875
306.767
294.919
306.614
294.963
306.395
294.997
305.871
299.5
295.079
302.413
300.922
303.838
298.888
307.567
307.525
307.491
307.461
307.432
307.404
307.373
307.335
307.284
307.215
307.128
307.014
306.84
306.546
306.096
305.687
303.257
302.914
302.85
302.963
303.04
303.124
307.567
307.525
307.491
307.462
307.434
307.409
307.384
307.358
307.33
307.296
307.25
307.185
307.099
306.99
306.84
303.276
303.35
306.487
303.214
307.4
307.336
307.293
307.258
307.229
307.201
307.174
307.147
307.115
307.073
307.014
306.929
306.808
306.646
306.424
305.929
294.593
294.642
294.692
294.745
294.799
294.852
294.905
294.955
295.002
295.044
295.081
295.112
295.135
295.151
295.147
299.804
298.589
297.334
296.159
295.201
)
;
        refGradient     uniform 0;
        valueFraction   nonuniform List<scalar> 
129
(
2.89995e-05
2.89995e-05
2.89995e-05
2.89995e-05
0.000144981
0.000144981
0.000144981
0.000144981
0.000144981
0.000144981
0.000144981
0.000144981
2.89995e-05
2.89995e-05
2.89995e-05
2.89995e-05
2.89995e-05
0.000144981
2.89995e-05
0.000144981
2.89995e-05
0.000144981
2.89995e-05
0.000144981
2.89995e-05
0.000144981
2.89995e-05
0.000144981
2.89995e-05
0.000144981
2.89995e-05
0.000144981
2.89995e-05
0.000144981
2.89995e-05
0.000144981
2.89995e-05
0.000144981
2.89995e-05
0.000144981
2.89995e-05
0.000144981
2.89995e-05
0.000144981
2.89995e-05
0.000144981
3.62491e-05
2.89995e-05
3.62491e-05
3.62491e-05
0.000144981
3.62491e-05
8.21599e-05
8.21599e-05
8.21599e-05
8.21599e-05
8.21599e-05
8.21599e-05
8.21599e-05
8.21599e-05
8.21599e-05
8.21599e-05
8.21599e-05
8.21599e-05
8.21599e-05
8.21599e-05
8.21599e-05
8.21599e-05
3.62491e-05
3.62491e-05
3.62491e-05
3.62491e-05
3.62491e-05
3.62491e-05
8.21599e-05
8.21599e-05
8.21599e-05
8.21599e-05
8.21599e-05
8.21599e-05
8.21599e-05
8.21599e-05
8.21599e-05
8.21599e-05
8.21599e-05
8.21599e-05
8.21599e-05
8.21599e-05
8.21599e-05
3.62491e-05
3.62491e-05
8.21599e-05
3.62491e-05
0.000144981
0.000144981
0.000144981
0.000144981
0.000144981
0.000144981
0.000144981
0.000144981
0.000144981
0.000144981
0.000144981
0.000144981
0.000144981
0.000144981
0.000144981
0.000144981
2.89995e-05
2.89995e-05
2.89995e-05
2.89995e-05
2.89995e-05
2.89995e-05
2.89995e-05
2.89995e-05
2.89995e-05
2.89995e-05
2.89995e-05
2.89995e-05
2.89995e-05
2.89995e-05
2.89995e-05
3.62491e-05
3.62491e-05
3.62491e-05
3.62491e-05
2.89995e-05
)
;
        value           nonuniform List<scalar> 
129
(
307.39
307.383
307.368
307.347
307.462
307.513
307.559
307.596
307.596
307.559
307.513
307.462
307.39
307.383
307.368
307.346
307.32
307.346
307.29
307.303
307.26
307.267
307.231
307.236
307.204
307.207
307.179
307.181
307.155
307.157
307.134
307.136
307.115
307.117
307.098
307.1
307.084
307.085
307.072
307.073
307.062
307.063
307.055
307.056
307.05
307.05
307.047
307.047
307.047
307.047
307.047
307.047
307.585
307.554
307.524
307.496
307.47
307.446
307.424
307.404
307.387
307.371
307.357
307.346
307.337
307.33
307.325
307.322
307.322
307.322
307.322
307.322
307.322
307.322
307.585
307.554
307.524
307.496
307.47
307.446
307.424
307.404
307.387
307.371
307.357
307.346
307.337
307.33
307.325
307.322
307.322
307.322
307.322
307.346
307.303
307.267
307.235
307.206
307.18
307.157
307.135
307.116
307.099
307.085
307.072
307.063
307.055
307.049
307.046
307.32
307.29
307.26
307.231
307.204
307.178
307.155
307.134
307.115
307.098
307.083
307.071
307.061
307.054
307.048
307.046
307.046
307.046
307.045
307.045
)
;
        Tnbr            T;
        thicknessLayers 0();
        kappaLayers     0();
        kappaMethod     solidThermo;
        kappa           none;
        alphaAni        none;
        alpha           none;
    }
}


// ************************************************************************* //
