/*--------------------------------*- C++ -*----------------------------------*\
| =========                 |                                                 |
| \\      /  F ield         | OpenFOAM: The Open Source CFD Toolbox           |
|  \\    /   O peration     | Version:                                        |
|   \\  /    A nd           | Website:  www.openfoam.com                      |
|    \\/     M anipulation  |                                                 |
\*---------------------------------------------------------------------------*/
FoamFile
{
    version     2.0;
    format      ascii;
    class       volVectorField;
    location    "1560/air";
    object      U;
}
// * * * * * * * * * * * * * * * * * * * * * * * * * * * * * * * * * * * * * //

dimensions      [0 1 -1 0 0 0 0];


internalField   nonuniform List<vector> 
726
(
(-0.0119916 -0.00246727 0)
(-0.0070231 0.000514921 0)
(-0.00734348 -0.00121562 0)
(-0.00424175 -0.000158011 0)
(-0.00024187 0.00215084 0)
(-0.000200871 0.00820153 0)
(0.0109395 0.0118456 0)
(0.000818508 0.0307585 0)
(0.0268483 0.00978015 0)
(0.0260212 0.0554132 0)
(-0.0262927 0.0567429 0)
(-0.026909 0.0108579 0)
(0.00103 0.028587 0)
(-0.00550236 0.0140123 0)
(0.00372992 0.0121728 0)
(0.00240019 0.00750512 0)
(0.0048186 0.00708466 0)
(0.0043153 0.00685656 0)
(0.00125751 0.00680177 0)
(0.00114841 0.0025773 0)
(-0.0120527 -0.00276533 0)
(-0.00705559 0.000318831 0)
(-0.00755971 -0.00137895 0)
(-0.0043901 -0.000501451 0)
(-0.000358762 0.00190952 0)
(-0.000281902 0.00765205 0)
(0.0115247 0.0116496 0)
(0.000492174 0.0302003 0)
(0.0296334 0.00785479 0)
(0.0284836 0.0596036 0)
(-0.0119682 -0.00305555 0)
(-0.00698382 0.000128169 0)
(-0.00769884 -0.00151976 0)
(-0.00449389 -0.000842085 0)
(-0.000441139 0.0016878 0)
(-0.000307569 0.00709466 0)
(0.0120551 0.011531 0)
(0.000253562 0.0294954 0)
(0.0314394 0.00601047 0)
(0.0308504 0.064304 0)
(-0.0117341 -0.00334759 0)
(-0.00680296 -4.75943e-05 0)
(-0.00776266 -0.00165381 0)
(-0.00455075 -0.00118724 0)
(-0.000485373 0.0014565 0)
(-0.000270582 0.00651113 0)
(0.0125159 0.0114077 0)
(0.000154487 0.028759 0)
(0.0319778 0.00410039 0)
(0.0328891 0.069041 0)
(-0.0113408 -0.00363947 0)
(-0.00650067 -0.000203858 0)
(-0.00774998 -0.00177594 0)
(-0.00456414 -0.00153393 0)
(-0.000490597 0.0012181 0)
(-0.000163475 0.00589883 0)
(0.0129036 0.0112873 0)
(0.000268692 0.0280379 0)
(0.0312832 0.00216128 0)
(0.0344587 0.0737703 0)
(-0.0107821 -0.00392876 0)
(-0.00606139 -0.000340677 0)
(-0.00765579 -0.00187874 0)
(-0.00453008 -0.00187834 0)
(-0.000451036 0.000972786 0)
(3.5763e-05 0.00526799 0)
(0.0132198 0.0111686 0)
(0.000659824 0.0273585 0)
(0.0297327 0.000278171 0)
(0.0354872 0.0784713 0)
(-0.0100557 -0.00421395 0)
(-0.00546179 -0.000461281 0)
(-0.00746792 -0.00196304 0)
(-0.00444036 -0.00222997 0)
(-0.000351912 0.000709989 0)
(0.000356652 0.00460605 0)
(0.013474 0.0110328 0)
(0.00140208 0.0267256 0)
(0.0280846 -0.00145503 0)
(0.035958 0.0830146 0)
(-0.00916419 -0.00449257 0)
(-0.00467276 -0.000524961 0)
(-0.00717345 -0.00203117 0)
(-0.00428772 -0.00255097 0)
(-0.000196688 0.00046358 0)
(0.000818635 0.00399058 0)
(0.0136627 0.0109016 0)
(0.0026195 0.0261193 0)
(0.027437 -0.00322137 0)
(0.0360602 0.0876511 0)
(-0.000105177 6.61101e-05 0)
(-5.09814e-05 -0.000101601 0)
(0.000170213 -9.09785e-05 0)
(0.000117758 8.1519e-05 0)
(-0.000144627 0.000196475 0)
(2.94824e-05 -0.000288204 0)
(0.000410181 -0.000194128 0)
(0.000188069 0.000333135 0)
(-0.000119672 0.000307169 0)
(0.000343762 -0.000648564 0)
(0.000924665 -0.000293869 0)
(0.000316024 0.000792501 0)
(-6.75509e-05 0.000420259 0)
(0.00114851 -0.00121542 0)
(0.00207237 -0.000204167 0)
(0.000626187 0.00176035 0)
(-5.02589e-05 -1.58723e-05 0)
(0.00287694 -0.00270202 0)
(0.00438036 9.10258e-05 0)
(0.00135994 0.00378259 0)
(0.000867453 -0.00460308 0)
(0.00679335 -0.00803424 0)
(0.00877629 -0.000277089 0)
(0.00314127 0.00729092 0)
(0.00734058 -0.0145486 0)
(0.0161726 -0.0156692 0)
(0.0169917 -0.000585562 0)
(0.00717056 0.0127969 0)
(-0.000115137 6.56473e-05 0)
(-0.000130006 -0.000114204 0)
(0.000116396 -0.000100895 0)
(0.000127769 9.2959e-05 0)
(-0.000214757 0.000306698 0)
(-0.000376184 -0.000244539 0)
(4.28085e-05 -0.000291599 0)
(0.000150839 0.000285535 0)
(-0.000356633 0.000743488 0)
(-0.000876671 -0.000419158 0)
(-0.000233676 -0.000662451 0)
(0.000129187 0.000458767 0)
(-0.000674121 0.00167067 0)
(-0.00193628 -0.000445364 0)
(-0.000914468 -0.00123707 0)
(8.68546e-05 0.000660801 0)
(-0.00139422 0.00361228 0)
(-0.00416407 -0.000315589 0)
(-0.00248216 -0.00267614 0)
(0.000102701 0.00046192 0)
(-0.00331098 0.00736577 0)
(-0.00865787 -0.000833057 0)
(-0.00627584 -0.00787139 0)
(-0.000692326 -0.0036581 0)
(-0.00848135 0.0130324 0)
(-0.0174908 -0.00172088 0)
(-0.0159497 -0.0158139 0)
(-0.00685614 -0.0136204 0)
(-0.028783 0.0609825 0)
(-0.0296403 0.00881551 0)
(0.00147935 0.027705 0)
(-0.0058223 0.0137708 0)
(0.00394479 0.0117792 0)
(0.00264323 0.00740622 0)
(0.00508466 0.0069914 0)
(0.00447543 0.00703066 0)
(0.00103324 0.00699593 0)
(0.000667182 0.00256162 0)
(-0.0311905 0.0657114 0)
(-0.0312918 0.00686525 0)
(0.00189096 0.0267062 0)
(-0.00609448 0.0135957 0)
(0.00414023 0.0113919 0)
(0.00287292 0.00734523 0)
(0.00531912 0.00691657 0)
(0.00457508 0.0072502 0)
(0.000712758 0.00722287 0)
(0.000166561 0.00257014 0)
(-0.0332661 0.0704638 0)
(-0.0314533 0.00480611 0)
(0.00218998 0.0256596 0)
(-0.00630886 0.0134195 0)
(0.00433921 0.0109744 0)
(0.00311596 0.00726744 0)
(0.00553918 0.00684586 0)
(0.00462412 0.00748951 0)
(0.000318577 0.00747228 0)
(-0.000278542 0.00257396 0)
(-0.0348531 0.0751934 0)
(-0.0300139 0.002698 0)
(0.00230726 0.0246455 0)
(-0.00646419 0.0132408 0)
(0.00453136 0.0105304 0)
(0.00336367 0.00718513 0)
(0.00574211 0.00678237 0)
(0.004615 0.00775768 0)
(-0.000144161 0.00774695 0)
(-0.000713925 0.00257895 0)
(-0.0358591 0.0798636 0)
(-0.0272253 0.000653336 0)
(0.00217373 0.0237137 0)
(-0.0065752 0.0130595 0)
(0.00470709 0.0100642 0)
(0.00360745 0.00710413 0)
(0.00591376 0.00673558 0)
(0.00452405 0.00806113 0)
(-0.000683138 0.00804587 0)
(-0.0011665 0.00257524 0)
(-0.0362567 0.0842705 0)
(-0.0237945 -0.00123645 0)
(0.00174597 0.0228914 0)
(-0.00664506 0.012875 0)
(0.00483871 0.0095781 0)
(0.003826 0.00701293 0)
(0.00603331 0.00669124 0)
(0.00431407 0.00838771 0)
(-0.0013085 0.00835107 0)
(-0.0015924 0.00256045 0)
(-0.0361092 0.0887024 0)
(-0.0209249 -0.00330083 0)
(0.000934759 0.0221973 0)
(-0.00669226 0.0126537 0)
(0.00486676 0.00909233 0)
(0.0039685 0.00694475 0)
(0.00605218 0.00670489 0)
(0.00391651 0.00877724 0)
(-0.0020466 0.00869704 0)
(-0.00198655 0.00251592 0)
(-0.00462853 -0.00621848 0)
(0.000545446 -0.000141519 0)
(-0.00478703 -0.00215678 0)
(-0.00307888 -0.00412757 0)
(0.000852923 -0.00115484 0)
(0.00413762 0.00115109 0)
(0.0140818 0.00954227 0)
(0.0138865 0.0231068 0)
(0.0316009 -0.0118312 0)
(0.0537091 0.08482 0)
(0.000137278 -0.0106389 0)
(0.00944922 0.00175089 0)
(0.0028095 0.000722681 0)
(0.000452385 -0.00627667 0)
(0.00268378 -0.00688466 0)
(0.00794424 -0.00428651 0)
(0.00977085 0.00131091 0)
(0.0252571 0.00909452 0)
(0.0229841 -0.0155786 0)
(0.0176007 0.0718175 0)
(0.00158885 -0.0186315 0)
(0.0160389 0.00105723 0)
(0.012196 0.00569578 0)
(0.00625174 -0.00398005 0)
(0.00545934 -0.00917701 0)
(0.00784961 -0.00692808 0)
(0.00609932 -0.00401182 0)
(0.0169162 -0.00501166 0)
(0.0129846 -0.00995476 0)
(0.0135247 0.0740055 0)
(0.000899718 -0.0316281 0)
(0.0190231 -0.00401875 0)
(0.0204028 0.00861329 0)
(0.0155076 0.0002556 0)
(0.0138764 -0.00713263 0)
(0.0123964 -0.00589347 0)
(0.00594295 -0.00348659 0)
(0.00742454 -0.00492551 0)
(-0.00583915 -0.00632591 0)
(0.0119652 0.0827336 0)
(0.00707911 -0.0439705 0)
(0.018127 -0.0118011 0)
(0.0237302 0.00630068 0)
(0.0260764 0.00288001 0)
(0.0289068 -0.00208191 0)
(0.0257933 0.000787833 0)
(0.0144407 0.00578652 0)
(0.00717726 0.00400026 0)
(-0.0136571 -0.00912053 0)
(0.00417444 0.0872223 0)
(0.00468582 -0.0483327 0)
(0.00857913 -0.0186838 0)
(0.0200458 -0.00399223 0)
(0.0335749 -0.00611989 0)
(0.0413799 -0.00351218 0)
(0.0396904 0.00737395 0)
(0.0292534 0.016902 0)
(0.0191774 0.0156067 0)
(0.00258422 -0.00364516 0)
(0.0145232 0.0608453 0)
(0.0137982 -0.0431923 0)
(-0.00377682 -0.0189819 0)
(0.0107521 -0.023366 0)
(0.0199416 -0.0233614 0)
(0.0237567 -0.00969689 0)
(0.0217862 0.010497 0)
(0.0176118 0.0234471 0)
(0.015984 0.0216359 0)
(0.00810875 0.00276344 0)
(0.0132645 0.0563666 0)
(-0.0256152 -0.0363972 0)
(-0.0332447 -0.02087 0)
(-0.0291764 -0.0299691 0)
(-0.0407523 -0.0188453 0)
(-0.0446881 0.00290179 0)
(-0.0395992 0.0238631 0)
(-0.0251911 0.027726 0)
(-0.00546142 0.0192492 0)
(0.00770601 0.0018111 0)
(0.000805858 0.0482076 0)
(-0.0186285 -0.0293943 0)
(-0.066375 -0.0028556 0)
(-0.0821766 -0.0171147 0)
(-0.0996592 -0.0167306 0)
(-0.109276 -0.00759823 0)
(-0.111235 0.00565856 0)
(-0.0950191 -0.00759834 0)
(-0.0710066 -0.0246606 0)
(-0.0711288 -0.0135165 0)
(-0.0678331 0.109601 0)
(-0.00394215 0.00358833 0)
(-0.0508491 0.0424097 0)
(-0.0666378 -0.0107894 0)
(-0.0660853 0.00469285 0)
(-0.078955 0.0180184 0)
(-0.113361 0.0395934 0)
(-0.129153 -0.0146142 0)
(-0.114178 -0.0325733 0)
(-0.132434 -0.0144874 0)
(-0.155449 0.0609843 0)
(0.0652846 0.093881 0)
(0.0147472 0.0421517 0)
(0.0088788 0.0133869 0)
(-0.00222247 0.0816873 0)
(0.00123373 0.130116 0)
(0.0230278 0.112202 0)
(0.0155001 0.131503 0)
(-0.0127352 0.193751 0)
(-0.054961 0.292634 0)
(-0.117139 0.0758785 0)
(0.0636219 0.0678596 0)
(0.0593635 0.0635528 0)
(0.0486502 0.0952103 0)
(0.0241242 0.141413 0)
(0.017112 0.0445819 0)
(0.0223868 0.103242 0)
(0.0203046 0.2177 0)
(0.00330826 0.332744 0)
(0.00429889 0.0432683 0)
(-0.00139612 0.167179 0)
(-0.0104738 0.332138 0)
(-0.0259515 0.418679 0)
(-0.00911439 0.138147 0)
(-0.0143792 0.266982 0)
(-0.0196009 0.40652 0)
(-0.0282151 0.432905 0)
(-0.00125623 0.171324 0)
(0.000715571 0.269996 0)
(0.00583959 0.395067 0)
(0.00760118 0.44888 0)
(0.0224857 0.13953 0)
(0.0227574 0.206274 0)
(0.02541 0.317742 0)
(0.0301028 0.4174 0)
(0.0102048 0.172671 0)
(0.000975449 0.252467 0)
(-0.004508 0.357107 0)
(-0.00432107 0.435927 0)
(-0.0223548 0.25409 0)
(-0.0329715 0.334309 0)
(-0.0397177 0.398114 0)
(-0.0411445 0.408404 0)
(-0.0501836 0.345698 0)
(-0.0424978 0.407195 0)
(-0.0329864 0.445008 0)
(-0.0218938 0.439943 0)
(-0.0964831 0.0756856 0)
(-0.0685377 0.0717014 0)
(-0.0371155 0.0977387 0)
(-0.00582288 0.0999141 0)
(-0.0127543 0.150404 0)
(-0.0203835 0.341797 0)
(-0.0350181 0.353147 0)
(-0.0335143 0.310836 0)
(0.00179903 0.371839 0)
(0.0284562 0.422864 0)
(-0.00397701 0.436956 0)
(-0.040268 0.355016 0)
(-0.011599 0.39576 0)
(0.0241854 0.0871778 0)
(-0.044036 0.124215 0)
(-0.0599557 0.0747926 0)
(-0.0644536 0.052251 0)
(-0.0662646 0.0646209 0)
(-0.0314903 0.251774 0)
(-0.0268945 0.13297 0)
(-0.0180209 0.0540499 0)
(-0.0115475 0.025685 0)
(-0.0302761 0.203996 0)
(-0.0215476 0.0594116 0)
(-0.0171908 -0.0119711 0)
(-0.0163962 -0.0197799 0)
(-0.031876 0.14742 0)
(-0.0324378 0.0402751 0)
(-0.0364487 0.0152645 0)
(-0.0401041 0.0203728 0)
(-0.00723548 0.227946 0)
(-0.0180335 0.110291 0)
(-0.0271448 0.0529853 0)
(-0.032922 0.031047 0)
(0.0179753 0.345359 0)
(0.00814164 0.239724 0)
(0.000464433 0.152016 0)
(-0.0055588 0.0920969 0)
(-0.00512536 0.374485 0)
(-0.00144322 0.281325 0)
(0.00214781 0.197295 0)
(0.00355822 0.137057 0)
(-0.0370001 0.265314 0)
(-0.0329962 0.171072 0)
(-0.0308613 0.10625 0)
(-0.0308124 0.0716139 0)
(-0.00167012 0.331367 0)
(0.00536354 0.261279 0)
(0.00986099 0.203661 0)
(0.0128036 0.161673 0)
(0.0498876 0.0610299 0)
(0.0733554 0.0265418 0)
(0.0935871 -0.00061508 0)
(0.102507 0.0351574 0)
(-0.0670045 0.0923751 0)
(-0.00879682 0.0312497 0)
(-0.0164868 -0.000477647 0)
(-0.0415069 0.0276359 0)
(-0.0342468 0.0243673 0)
(-0.00925218 0.0592706 0)
(0.00316302 0.104069 0)
(-0.0324953 0.0529645 0)
(0.0154802 0.133138 0)
(0.104111 0.0358112 0)
(-0.050722 0.0830604 0)
(-0.0151339 -0.0150564 0)
(-0.00682082 0.019073 0)
(-0.00667439 0.0111128 0)
(0.00438295 0.0066298 0)
(0.00444993 0.00654524 0)
(0.00564103 0.00712366 0)
(0.000440267 0.0115985 0)
(-0.00661639 0.0112862 0)
(-0.00359693 0.00186953 0)
(-0.0013343 0.0555432 0)
(-0.00301818 -0.0131224 0)
(-0.012094 0.0137131 0)
(-0.00349629 0.00469116 0)
(0.00212008 0.00160859 0)
(0.00476202 0.00426204 0)
(0.00217118 0.0110575 0)
(-0.00796494 0.0193603 0)
(-0.0130532 0.0139072 0)
(-0.00142019 -0.00375324 0)
(-0.00870372 0.0428044 0)
(-0.0108508 -0.0042229 0)
(-0.00840063 0.00606421 0)
(-0.000769097 -0.00119687 0)
(0.001238 -0.00186735 0)
(0.00248083 0.00533049 0)
(-0.00465368 0.0191403 0)
(-0.0161898 0.026878 0)
(-0.0176251 0.0118136 0)
(0.000596421 -0.0164719 0)
(-0.0328863 0.0265903 0)
(-0.0173782 -0.00718231 0)
(-0.0104381 -0.00196841 0)
(-0.00412111 -0.00509349 0)
(-0.00317754 -0.00258683 0)
(-0.00379617 0.0100314 0)
(-0.0119002 0.0280206 0)
(-0.0220231 0.0324479 0)
(-0.0213003 0.00643779 0)
(-0.00614783 -0.0299839 0)
(-0.0330096 0.00786377 0)
(-0.0218584 -0.014556 0)
(-0.0186635 -0.00634542 0)
(-0.0147157 -0.00779652 0)
(-0.0127905 -0.00224718 0)
(-0.0113372 0.0142198 0)
(-0.0152328 0.033586 0)
(-0.0210849 0.0342855 0)
(-0.0172591 -0.00280882 0)
(0.000820912 -0.0445278 0)
(-0.0169322 0.00546592 0)
(-0.0324513 -0.0104957 0)
(-0.0352924 -0.00553928 0)
(-0.031919 -0.0097512 0)
(-0.0251113 -0.00412258 0)
(-0.0166466 0.0136159 0)
(-0.0117947 0.0333814 0)
(-0.0110135 0.0356248 0)
(-0.00729571 -0.00588681 0)
(0.00103022 -0.062397 0)
(-0.011637 0.0429179 0)
(-0.0437447 0.0131913 0)
(-0.0462704 -0.00429182 0)
(-0.0390041 -0.0196868 0)
(-0.0303343 -0.016594 0)
(-0.0176094 0.0020385 0)
(-0.0050726 0.0246439 0)
(0.00144287 0.0336234 0)
(0.00767981 0.00497163 0)
(-0.0152157 -0.0570699 0)
(-0.0338557 0.0235325 0)
(-0.0317559 0.00221431 0)
(-0.0049901 -0.0168592 0)
(0.0104367 -0.028185 0)
(0.00577218 -0.0211212 0)
(0.0016502 -0.0053875 0)
(0.00787611 0.013911 0)
(0.0144264 0.0216881 0)
(0.0364278 0.00189516 0)
(0.0292912 -0.0449032 0)
(0.0330576 0.0567826 0)
(0.0859384 0.00642323 0)
(0.115786 -0.0396226 0)
(0.121764 -0.0277591 0)
(0.0971146 -0.0148508 0)
(0.0699099 -0.00182831 0)
(0.0537808 0.0092078 0)
(0.0460426 0.00926624 0)
(0.0590178 -0.00363487 0)
(0.0119857 -0.0333653 0)
(0.148913 -0.0604524 0)
(0.150005 -0.0130143 0)
(0.154794 -0.0594004 0)
(0.129037 0.00251085 0)
(0.0983821 0.0175853 0)
(0.0851316 0.0295962 0)
(0.0684393 0.0295659 0)
(0.059906 0.0205995 0)
(0.0658845 0.0154279 0)
(0.0348988 0.00955017 0)
(-0.000140948 0.00244265 0)
(-0.000126219 0.00312789 0)
(-9.29005e-05 0.00362284 0)
(-5.82597e-05 0.00507179 0)
(-1.73918e-05 0.00756056 0)
(-1.49863e-05 0.0129476 0)
(1.42037e-06 0.0194164 0)
(1.97035e-05 0.0287784 0)
(3.18226e-05 0.0320261 0)
(3.39e-05 0.0209893 0)
(-0.00052929 0.00243334 0)
(-0.000500313 0.00310493 0)
(-0.000382773 0.0035746 0)
(-0.000248177 0.00503479 0)
(-4.38502e-05 0.00751918 0)
(-1.72031e-05 0.0129451 0)
(6.58145e-05 0.0193798 0)
(0.000134355 0.028773 0)
(0.000212441 0.0319842 0)
(0.000223715 0.0210534 0)
(-0.00102527 0.00241926 0)
(-0.000981871 0.00306709 0)
(-0.000772662 0.00346737 0)
(-0.000520146 0.00493638 0)
(-7.27091e-05 0.00740599 0)
(2.63967e-05 0.0129236 0)
(0.000261016 0.0192865 0)
(0.000369213 0.0287718 0)
(0.000558943 0.0318766 0)
(0.000584108 0.0212804 0)
(-0.00166892 0.00239015 0)
(-0.00156162 0.00301325 0)
(-0.00124843 0.00329013 0)
(-0.00085933 0.00475878 0)
(-0.000114126 0.00718543 0)
(7.96981e-05 0.0128521 0)
(0.000607433 0.0190844 0)
(0.000735468 0.0287869 0)
(0.00110852 0.0316545 0)
(0.00116828 0.0217871 0)
(-0.00254668 0.00231769 0)
(-0.00225297 0.00292812 0)
(-0.00181641 0.00302547 0)
(-0.00124754 0.00448894 0)
(-0.000148678 0.00683941 0)
(0.000109405 0.0126993 0)
(0.00109981 0.018713 0)
(0.00119632 0.0288363 0)
(0.00188871 0.031233 0)
(0.00205301 0.0227213 0)
(-0.00375666 0.00214959 0)
(-0.00306764 0.0027816 0)
(-0.00249901 0.00264574 0)
(-0.00167657 0.00410441 0)
(-0.000148013 0.0063606 0)
(0.000112606 0.0124439 0)
(0.00176264 0.0181217 0)
(0.00167146 0.0289528 0)
(0.00293903 0.030468 0)
(0.00336642 0.024292 0)
(-0.00537213 0.00179966 0)
(-0.00398994 0.00253115 0)
(-0.00331467 0.00211815 0)
(-0.00214233 0.00356994 0)
(-9.65761e-05 0.00573879 0)
(0.000102026 0.0120624 0)
(0.00268281 0.0172703 0)
(0.00204931 0.0291821 0)
(0.00435284 0.02913 0)
(0.00530599 0.0267955 0)
(-0.00738098 0.00115772 0)
(-0.00496328 0.00213452 0)
(-0.00426376 0.00141282 0)
(-0.00263418 0.00284647 0)
(-1.07338e-06 0.00496286 0)
(8.57767e-05 0.0115142 0)
(0.0040273 0.0161397 0)
(0.00220653 0.0295915 0)
(0.00642002 0.0267979 0)
(0.00823467 0.0307481 0)
(-0.00956524 0.000115541 0)
(-0.00589414 0.00158426 0)
(-0.00533329 0.000503749 0)
(-0.00314425 0.00190334 0)
(9.97805e-05 0.00401685 0)
(6.0663e-05 0.0106911 0)
(0.00604992 0.0147128 0)
(0.00200822 0.0302011 0)
(0.00966666 0.0230983 0)
(0.012322 0.0368408 0)
(-0.0114405 -0.00148564 0)
(-0.00670371 0.00103675 0)
(-0.00654231 -0.000575516 0)
(-0.00373035 0.000852103 0)
(7.18558e-05 0.00296741 0)
(-1.81378e-06 0.00952985 0)
(0.00904298 0.0128419 0)
(0.00149542 0.0309055 0)
(0.0182611 0.0155952 0)
(0.0199406 0.0470327 0)
(-3.45049e-05 0.0225624 0)
(-2.97546e-05 0.0344561 0)
(-1.70695e-05 0.0312711 0)
(1.7404e-07 0.021756 0)
(3.25964e-05 0.0153417 0)
(4.6736e-05 0.00989829 0)
(6.15025e-05 0.0075101 0)
(5.11177e-05 0.00562204 0)
(3.36634e-05 0.00475382 0)
(-9.9864e-06 0.00293847 0)
(-0.000219803 0.0226275 0)
(-0.000194054 0.0344063 0)
(-0.000107351 0.0312575 0)
(5.26491e-06 0.0216976 0)
(0.000176641 0.015326 0)
(0.000205346 0.00987007 0)
(0.000245842 0.00751867 0)
(0.000174091 0.00563761 0)
(0.000103185 0.00479452 0)
(-6.77616e-05 0.00296763 0)
(-0.000559156 0.0228486 0)
(-0.000489645 0.0342861 0)
(-0.000260091 0.0312302 0)
(1.21896e-06 0.0215472 0)
(0.000379052 0.0152997 0)
(0.000390326 0.00982242 0)
(0.000467449 0.00755368 0)
(0.000321869 0.00567936 0)
(0.000199092 0.00488554 0)
(-0.000128627 0.00303676 0)
(-0.00110591 0.0233195 0)
(-0.000945502 0.0340238 0)
(-0.00046996 0.0311622 0)
(-4.15599e-05 0.0212533 0)
(0.000611184 0.015252 0)
(0.000569517 0.0097488 0)
(0.00072788 0.00760738 0)
(0.000523056 0.005742 0)
(0.000357469 0.00502298 0)
(-9.8171e-05 0.00312823 0)
(-0.00195108 0.0241818 0)
(-0.00161404 0.0335302 0)
(-0.000726982 0.0310532 0)
(-0.00016864 0.0207831 0)
(0.000858388 0.0151769 0)
(0.000731189 0.00963764 0)
(0.00104621 0.00766193 0)
(0.000807061 0.0058166 0)
(0.000598782 0.00518552 0)
(0.000147369 0.0032613 0)
(-0.00323912 0.0256475 0)
(-0.00258426 0.0326569 0)
(-0.00100111 0.0309137 0)
(-0.000434161 0.0201066 0)
(0.00113008 0.0150585 0)
(0.000878845 0.00946962 0)
(0.00144261 0.00769519 0)
(0.00118996 0.00589805 0)
(0.000895912 0.00535872 0)
(0.000557538 0.00346908 0)
(-0.00518265 0.0280342 0)
(-0.00400893 0.0311771 0)
(-0.001219 0.0307583 0)
(-0.000900205 0.0191917 0)
(0.00145712 0.0148591 0)
(0.00102493 0.00922322 0)
(0.00193322 0.00768657 0)
(0.00168161 0.00598803 0)
(0.00122157 0.00554405 0)
(0.00111948 0.00352614 0)
(-0.00815423 0.0319003 0)
(-0.00623171 0.0286644 0)
(-0.00125539 0.0305815 0)
(-0.00164976 0.0180295 0)
(0.00188222 0.0145222 0)
(0.00119295 0.00888328 0)
(0.00252623 0.00762077 0)
(0.00228841 0.0060969 0)
(0.00155097 0.00574745 0)
(0.00192027 0.00345089 0)
(-0.0123653 0.0379619 0)
(-0.00980357 0.0247815 0)
(-0.000902141 0.0303312 0)
(-0.00278799 0.0166241 0)
(0.0024393 0.0139402 0)
(0.0014242 0.00842574 0)
(0.00322707 0.00747987 0)
(0.00299426 0.00624679 0)
(0.0017681 0.00597961 0)
(0.00262747 0.00319027 0)
(-0.0201494 0.0484139 0)
(-0.0184999 0.0169786 0)
(4.62333e-05 0.0297792 0)
(-0.00445713 0.0150893 0)
(0.00314538 0.0131544 0)
(0.00182039 0.00792485 0)
(0.00406956 0.00733133 0)
(0.00376597 0.00654572 0)
(0.00163231 0.00638087 0)
(0.00234202 0.00274526 0)
)
;

boundaryField
{
    left_open
    {
        type            pressureInletOutletVelocity;
        value           nonuniform List<vector> 
28
(
(-0.000140948 0.00244265 0)
(-0.00052929 0.00243334 0)
(-0.00102527 0.00241926 0)
(-0.00166892 0.00239015 0)
(-0.00254668 0.00231769 0)
(-0.00375666 0.00214959 0)
(-0.00537213 0.00179966 0)
(-0.00738098 0.00115772 0)
(-0.00956524 0.000115541 0)
(-0.0114405 -0.00148564 0)
(-0.0119916 -0.00246727 0)
(-0.0120527 -0.00276533 0)
(-0.0119682 -0.00305555 0)
(-0.0117341 -0.00334759 0)
(-0.0113408 -0.00363947 0)
(-0.0107821 -0.00392876 0)
(-0.0100557 -0.00421395 0)
(-0.00916419 -0.00449257 0)
(-0.00462853 -0.00621848 0)
(0.000137278 -0.0106389 0)
(0.00158885 0 0)
(0.000899718 -0.0316281 0)
(0.00707911 0 0)
(0.00468582 -0.0483327 0)
(0.0137982 0 0)
(-0.0256152 -0.0363972 0)
(-0.0186285 -0.0293943 0)
(-0.00394215 0.00358833 0)
)
;
    }
    right_open
    {
        type            pressureInletOutletVelocity;
        value           nonuniform List<vector> 
28
(
(-9.9864e-06 0 0)
(-6.77616e-05 0 0)
(-0.000128627 0 0)
(-9.8171e-05 0 0)
(0.000147369 0.0032613 0)
(0.000557538 0.00346908 0)
(0.00111948 0.00352614 0)
(0.00192027 0.00345089 0)
(0.00262747 0.00319027 0)
(0.00234202 0.00274526 0)
(0.00114841 0.0025773 0)
(0.000667182 0.00256162 0)
(0.000166561 0.00257014 0)
(-0.000278542 0 0)
(-0.000713925 0 0)
(-0.0011665 0 0)
(-0.0015924 0 0)
(-0.00198655 0 0)
(-0.00359693 0 0)
(-0.00142019 0 0)
(0.000596421 -0.0164719 0)
(-0.00614783 0 0)
(0.000820912 -0.0445278 0)
(0.00103022 -0.062397 0)
(-0.0152157 0 0)
(0.0292912 -0.0449032 0)
(0.0119857 0 0)
(0.0348988 0.00955017 0)
)
;
    }
    lower_side
    {
        type            noSlip;
    }
    bottom
    {
        type            pressureInletOutletVelocity;
        value           nonuniform List<vector> 
20
(
(0 0.00244265 0)
(0 0.00312789 0)
(0 0.00362284 0)
(0 0.00507179 0)
(0 0.00756056 0)
(0 0.0129476 0)
(0 0.0194164 0)
(0 0.0287784 0)
(0 0.0320261 0)
(0 0.0209893 0)
(0 0.0225624 0)
(0 0.0344561 0)
(0 0.0312711 0)
(0 0.021756 0)
(0 0.0153417 0)
(0 0.00989829 0)
(0 0.0075101 0)
(0 0.00562204 0)
(0 0.00475382 0)
(0 0.00293847 0)
)
;
    }
    top
    {
        type            pressureInletOutletVelocity;
        value           nonuniform List<vector> 
31
(
(0 0.00358833 0)
(-0.0508491 0.0424097 0)
(0 -0.0107894 0)
(-0.0660853 0.00469285 0)
(-0.078955 0.0180184 0)
(-0.113361 0.0395934 0)
(0 -0.0146142 0)
(0 -0.0325733 0)
(0 -0.0144874 0)
(-0.155449 0.0609843 0)
(-0.117139 0.0758785 0)
(-0.0964831 0.0756856 0)
(-0.0685377 0.0717014 0)
(-0.0371155 0.0977387 0)
(-0.00582288 0.0999141 0)
(0.0241854 0.0871778 0)
(0.0498876 0.0610299 0)
(0 0.0265418 0)
(0 -0.00061508 0)
(0.102507 0.0351574 0)
(0.104111 0.0358112 0)
(0 -0.0604524 0)
(0.150005 -0.0130143 0)
(0 -0.0594004 0)
(0.129037 0.00251085 0)
(0.0983821 0.0175853 0)
(0.0851316 0.0295962 0)
(0.0684393 0.0295659 0)
(0.059906 0.0205995 0)
(0.0658845 0.0154279 0)
(0.0348988 0.00955017 0)
)
;
    }
    front
    {
        type            empty;
    }
    back
    {
        type            empty;
    }
    air_to_aluminum
    {
        type            noSlip;
    }
}


// ************************************************************************* //
