/*--------------------------------*- C++ -*----------------------------------*\
| =========                 |                                                 |
| \\      /  F ield         | OpenFOAM: The Open Source CFD Toolbox           |
|  \\    /   O peration     | Version:                                        |
|   \\  /    A nd           | Website:  www.openfoam.com                      |
|    \\/     M anipulation  |                                                 |
\*---------------------------------------------------------------------------*/
FoamFile
{
    version     2.0;
    format      ascii;
    class       volScalarField;
    location    "1816.5/aluminum";
    object      T;
}
// * * * * * * * * * * * * * * * * * * * * * * * * * * * * * * * * * * * * * //

dimensions      [0 0 0 1 0 0 0];


internalField   nonuniform List<scalar> 
372
(
306.569
306.579
306.599
306.629
306.561
306.571
306.591
306.622
306.546
306.556
306.575
306.606
306.525
306.533
306.55
306.579
306.668
306.716
306.772
306.841
306.662
306.709
306.761
306.819
306.651
306.699
306.747
306.793
306.64
306.691
306.736
306.773
306.915
306.983
307.075
306.87
306.908
306.943
306.824
306.844
306.859
306.789
306.798
306.805
307.167
307.183
307.167
306.957
306.959
306.957
306.863
306.864
306.863
306.807
306.807
306.807
307.075
306.983
306.915
306.943
306.908
306.87
306.859
306.844
306.824
306.805
306.798
306.789
306.841
306.772
306.716
306.668
306.819
306.761
306.709
306.662
306.793
306.747
306.699
306.651
306.773
306.736
306.691
306.64
306.629
306.599
306.579
306.569
306.621
306.591
306.571
306.561
306.606
306.575
306.556
306.546
306.579
306.549
306.533
306.525
306.498
306.503
306.513
306.524
306.469
306.472
306.477
306.481
306.439
306.441
306.443
306.445
306.41
306.411
306.413
306.414
306.383
306.384
306.384
306.385
306.357
306.358
306.358
306.359
306.334
306.334
306.335
306.335
306.313
306.313
306.314
306.314
306.294
306.294
306.295
306.295
306.277
306.278
306.278
306.278
306.263
306.263
306.264
306.264
306.251
306.251
306.251
306.252
306.241
306.241
306.242
306.242
306.233
306.234
306.234
306.234
306.228
306.229
306.229
306.229
306.225
306.226
306.226
306.226
306.762
306.764
306.766
306.731
306.731
306.732
306.701
306.701
306.701
306.673
306.673
306.673
306.647
306.647
306.647
306.622
306.622
306.622
306.6
306.6
306.6
306.581
306.581
306.581
306.563
306.563
306.563
306.547
306.547
306.547
306.534
306.534
306.534
306.522
306.522
306.522
306.513
306.513
306.513
306.506
306.506
306.506
306.501
306.501
306.501
306.498
306.499
306.499
306.766
306.766
306.766
306.732
306.732
306.732
306.701
306.701
306.701
306.673
306.673
306.673
306.647
306.647
306.647
306.622
306.622
306.622
306.6
306.6
306.6
306.581
306.581
306.581
306.563
306.563
306.563
306.547
306.547
306.547
306.534
306.534
306.534
306.522
306.522
306.522
306.513
306.513
306.513
306.506
306.506
306.506
306.501
306.501
306.501
306.499
306.499
306.499
306.766
306.764
306.762
306.732
306.731
306.731
306.701
306.701
306.701
306.673
306.673
306.673
306.647
306.647
306.647
306.622
306.622
306.622
306.6
306.6
306.6
306.581
306.581
306.581
306.563
306.563
306.563
306.547
306.547
306.547
306.534
306.534
306.534
306.522
306.522
306.522
306.513
306.513
306.513
306.506
306.506
306.506
306.501
306.501
306.501
306.499
306.499
306.499
306.524
306.513
306.503
306.498
306.481
306.477
306.472
306.468
306.445
306.443
306.441
306.439
306.413
306.412
306.411
306.41
306.385
306.384
306.383
306.382
306.358
306.358
306.358
306.357
306.335
306.335
306.334
306.333
306.313
306.313
306.313
306.312
306.295
306.294
306.294
306.293
306.278
306.278
306.277
306.277
306.263
306.263
306.263
306.263
306.251
306.251
306.251
306.251
306.242
306.242
306.241
306.241
306.234
306.234
306.234
306.233
306.229
306.229
306.229
306.228
306.226
306.226
306.226
306.225
)
;

boundaryField
{
    base_hotspot
    {
        type            fixedGradient;
        gradient        uniform 203.252;
    }
    base_adiabatic
    {
        type            zeroGradient;
    }
    front
    {
        type            empty;
    }
    back
    {
        type            empty;
    }
    aluminum_to_air
    {
        type            compressible::turbulentTemperatureCoupledBaffleMixed;
        refValue        nonuniform List<scalar> 
129
(
294.503
294.5
294.542
294.599
306.578
306.643
306.697
306.744
306.743
306.696
306.641
306.577
294.235
294.175
294.18
294.217
294.66
306.578
294.721
306.514
294.783
306.47
294.846
306.436
294.913
306.407
294.982
306.379
295.055
306.353
295.129
306.326
295.205
306.296
295.28
306.258
295.355
306.204
295.425
306.123
295.488
306.002
295.542
305.826
295.569
305.586
296.091
295.65
296.986
297.883
305.098
298.694
306.744
306.702
306.668
306.638
306.611
306.585
306.561
306.536
306.509
306.477
306.434
306.372
306.282
306.156
305.956
305.451
300.319
300.486
300.66
300.796
300.871
300.951
306.743
306.7
306.664
306.632
306.603
306.574
306.547
306.52
306.491
306.459
306.417
306.352
306.248
306.102
305.964
301.113
301.397
305.815
301.744
306.577
306.511
306.466
306.43
306.397
306.367
306.338
306.309
306.279
306.243
306.194
306.119
306.006
305.822
305.482
304.874
294.263
294.309
294.354
294.395
294.433
294.469
294.503
294.536
294.57
294.604
294.639
294.675
294.711
294.747
294.773
302.418
302.645
301.39
298.472
294.845
)
;
        refGradient     uniform 0;
        valueFraction   nonuniform List<scalar> 
129
(
2.89995e-05
2.89995e-05
2.89995e-05
2.89995e-05
0.000144981
0.000144981
0.000144981
0.000144981
0.000144981
0.000144981
0.000144981
0.000144981
2.89995e-05
2.89995e-05
2.89995e-05
2.89995e-05
2.89995e-05
0.000144981
2.89995e-05
0.000144981
2.89995e-05
0.000144981
2.89995e-05
0.000144981
2.89995e-05
0.000144981
2.89995e-05
0.000144981
2.89995e-05
0.000144981
2.89995e-05
0.000144981
2.89995e-05
0.000144981
2.89995e-05
0.000144981
2.89995e-05
0.000144981
2.89995e-05
0.000144981
2.89995e-05
0.000144981
2.89995e-05
0.000144981
2.89995e-05
0.000144981
3.62491e-05
2.89995e-05
3.62491e-05
3.62491e-05
0.000144981
3.62491e-05
8.21599e-05
8.21599e-05
8.21599e-05
8.21599e-05
8.21599e-05
8.21599e-05
8.21599e-05
8.21599e-05
8.21599e-05
8.21599e-05
8.21599e-05
8.21599e-05
8.21599e-05
8.21599e-05
8.21599e-05
8.21599e-05
3.62491e-05
3.62491e-05
3.62491e-05
3.62491e-05
3.62491e-05
3.62491e-05
8.21599e-05
8.21599e-05
8.21599e-05
8.21599e-05
8.21599e-05
8.21599e-05
8.21599e-05
8.21599e-05
8.21599e-05
8.21599e-05
8.21599e-05
8.21599e-05
8.21599e-05
8.21599e-05
8.21599e-05
3.62491e-05
3.62491e-05
8.21599e-05
3.62491e-05
0.000144981
0.000144981
0.000144981
0.000144981
0.000144981
0.000144981
0.000144981
0.000144981
0.000144981
0.000144981
0.000144981
0.000144981
0.000144981
0.000144981
0.000144981
0.000144981
2.89995e-05
2.89995e-05
2.89995e-05
2.89995e-05
2.89995e-05
2.89995e-05
2.89995e-05
2.89995e-05
2.89995e-05
2.89995e-05
2.89995e-05
2.89995e-05
2.89995e-05
2.89995e-05
2.89995e-05
3.62491e-05
3.62491e-05
3.62491e-05
3.62491e-05
2.89995e-05
)
;
        value           nonuniform List<scalar> 
129
(
306.568
306.56
306.546
306.524
306.639
306.691
306.736
306.773
306.773
306.736
306.691
306.639
306.568
306.56
306.546
306.524
306.497
306.524
306.468
306.481
306.438
306.445
306.409
306.413
306.382
306.385
306.357
306.358
306.333
306.335
306.312
306.314
306.293
306.295
306.277
306.278
306.262
306.263
306.25
306.251
306.24
306.241
306.233
306.234
306.227
306.228
306.224
306.224
306.225
306.225
306.225
306.225
306.762
306.731
306.701
306.672
306.646
306.622
306.6
306.58
306.562
306.547
306.533
306.522
306.513
306.506
306.501
306.498
306.498
306.498
306.498
306.498
306.498
306.498
306.762
306.731
306.701
306.672
306.646
306.622
306.6
306.58
306.562
306.547
306.533
306.522
306.513
306.506
306.501
306.498
306.498
306.498
306.498
306.523
306.481
306.445
306.413
306.384
306.358
306.334
306.313
306.294
306.277
306.263
306.251
306.241
306.234
306.228
306.226
306.497
306.468
306.438
306.409
306.382
306.356
306.333
306.312
306.293
306.276
306.262
306.25
306.24
306.233
306.228
306.226
306.226
306.225
306.225
306.225
)
;
        Tnbr            T;
        thicknessLayers 0();
        kappaLayers     0();
        kappaMethod     solidThermo;
        kappa           none;
        alphaAni        none;
        alpha           none;
    }
}


// ************************************************************************* //
